53 24
48 32
33 4
37 8
38 25
36 4
54 16
54 23
38 7
54 27
21 8
38 28
38 17
19 11
50 6
54 25
38 0
15 2
28 1
17 2
12 10
1 40
39 2
38 15
37 5
36 19
12 18
54 7
30 27
27 2
36 28
49 5
49 43
2 3
54 19
34 25
39 29
39 1
36 22
48 31
50 4
8 6
33 22
50 3
39 8
38 5
12 16
39 15
12 20
8 7
36 26
53 23
48 37
12 6
39 20
39 7
28 8
33 8
38 4
25 2
36 23
33 16
14 3
16 8
6 11
43 35
27 6
12 8
39 24
49 47
18 1
49 37
30 21
28 22
30 0
15 19
33 5
8 22
17 1
12 29
49 34
33 7
0 1
54 24
33 18
12 3
12 15
36 21
54 21
42 18
36 8
54 1
54 29
0 2
38 21
33 2
54 13
42 17
16 1
30 5
53 16
4 5
7 22
50 19
49 9
16 9
30 26
48 43
39 16
18 3
39 0
15 3
16 2
36 13
44 45
34 35
36 27
21 7
38 22
21 2
8 11
4 8
38 1
4 3
30 19
54 15
39 4
39 23
36 24
53 14
54 5
30 8
36 17
54 10
44 11
38 3
23 2
43 2
39 10
33 25
53 18
17 3
36 1
7 6
48 5
38 23
15 1
53 2
49 32
30 28
53 19
33 24
36 18
2 11
24 3
12 17
8 1
36 25
53 0
34 1
54 2
12 0
30 23
33 1
50 8
6 22
38 10
46 5
50 52
38 14
16 5
38 16
15 13
33 27
24 2
30 7
50 13
54 6
53 7
30 13
33 19
50 51
27 1
39 26
12 22
33 23
48 49
53 22
38 13
39 14
53 26
16 7
36 15
4 7
37 9
33 14
36 14
12 23
4 6
39 21
27 3
33 21
32 2
12 13
54 22
38 29
53 25
18 2
28 7
36 3
50 21
33 20
9 7
30 15
36 0
54 3
33 3
21 6
33 10
1 3
12 7
33 0
53 27
30 24
24 1
6 7
49 8
12 5
30 14
41 11
12 19
4 9
34 3
36 29
3 11
16 3
53 29
12 26
33 13
35 2
30 1
30 3
39 5
33 6
25 1
33 28
34 2
30 6
6 8
30 17
36 7
4 1
30 4
53 4
37 1
30 20
32 1
12 25
53 20
30 2
12 2
36 2
14 1
42 0
49 16
30 25
53 21
36 5
4 2
53 17
38 27
33 26
16 40
53 8
39 3
53 13
53 1
23 45
38 8
28 19
33 17
16 22
33 15
53 3
54 17
49 31
28 2
54 18
12 4
49 1
30 29
38 19
39 17
54 14
26 11
50 1
39 13
54 0
53 6
12 21
47 46
50 2
2 40
36 6
38 18
36 20
30 10
30 18
21 22
24 35
48 34
48 9
50 7
29 5
31 13
28 11
38 24
39 22
1 2
12 27
15 11
10 11
32 3
12 24
1 11
39 27
36 16
5 7
0 3
22 11
12 28
53 15
3 40
53 10
28 3
25 35
53 28
54 28
38 26
33 29
49 46
30 16
38 2
36 10
7 11
54 20
12 1
53 5
25 3
28 6
54 26
29 9
39 6
39 25
16 6
54 8
38 6
39 28
38 20
39 19
12 14
54 4
39 18
30 22
