42 30
10 27
36 29
123 97
74 67
67 11
42 34
48 3
78 31
111 13
24 1
21 5
134 74
114 12
45 17
41 16
105 43
90 2
28 4
97 72
9 40
35 15
13 33
134 122
28 40
112 74
124 63
73 2
31 9
2 25
100 75
43 22
9 26
2 23
134 43
31 14
23 21
73 20
35 28
116 106
42 2
24 18
127 11
127 93
117 43
5 14
43 11
78 11
134 60
60 76
23 2
35 17
21 26
105 70
33 21
132 50
63 68
97 76
54 11
12 8
6 32
18 8
24 8
106 13
44 33
12 32
48 29
130 114
67 33
44 4
122 108
106 6
67 16
5 26
20 19
8 39
74 21
19 34
30 6
23 32
69 3
5 12
106 15
117 89
129 91
122 77
101 78
80 78
7 19
111 23
5 31
108 54
87 76
26 25
68 74
90 20
27 9
2 33
25 32
89 3
28 32
24 32
73 5
76 19
134 76
20 5
8 17
80 2
78 18
67 3
7 27
54 36
16 34
23 11
48 25
106 33
60 12
111 3
22 18
42 29
36 23
41 39
54 32
37 25
42 1
107 5
64 2
42 9
58 9
129 69
135 134
80 70
33 39
92 2
87 13
68 76
53 15
20 11
7 17
79 2
105 31
53 21
28 17
47 38
76 23
48 28
118 120
44 16
45 39
77 31
92 5
2 31
33 29
78 16
72 54
28 38
35 33
118 46
93 21
116 105
74 1
75 10
67 22
117 60
27 26
25 1
60 3
54 31
3 16
86 69
16 39
22 9
108 77
118 122
134 64
7 25
106 18
131 95
24 27
27 4
114 36
80 75
76 31
124 122
66 70
20 34
14 4
19 8
48 34
111 35
30 26
111 76
97 2
100 73
111 36
2 13
12 33
13 8
2 10
53 17
89 54
86 75
72 69
76 20
20 9
21 18
97 77
18 26
35 30
23 22
2 28
2 3
24 11
124 75
114 32
66 5
132 117
45 3
53 36
68 70
42 6
40 38
101 68
12 22
125 97
94 77
23 33
31 33
63 75
93 3
131 114
53 8
21 4
68 36
23 30
69 24
122 76
24 3
127 46
86 76
9 16
43 15
76 5
117 82
35 11
89 70
77 74
26 16
105 3
89 20
118 84
30 29
97 69
15 5
60 30
85 17
42 10
36 6
129 90
3 4
69 36
73 67
31 2
112 20
20 8
68 3
87 43
131 45
16 29
63 69
49 5
42 35
93 8
41 33
20 26
60 33
3 6
79 73
127 106
125 88
78 20
114 2
134 115
27 34
71 72
90 23
122 74
45 1
106 34
69 30
98 4
131 105
128 46
74 18
123 124
124 74
30 9
83 75
66 69
124 70
100 11
122 73
31 29
74 24
122 82
127 99
125 120
44 3
60 54
80 10
93 4
78 43
18 40
43 5
133 131
2 11
27 16
43 14
107 43
0 2
13 28
127 63
26 39
124 64
93 28
43 34
33 27
53 43
71 5
20 1
134 73
43 33
79 67
78 35
79 20
128 101
40 17
92 32
123 85
10 19
124 68
73 69
8 28
129 71
75 74
24 29
114 3
115 74
84 73
78 1
31 8
41 17
76 54
66 76
115 5
48 27
76 67
86 77
54 34
122 112
11 3
67 14
42 32
90 75
22 33
29 8
78 34
128 56
127 121
105 67
31 32
80 72
14 21
43 13
123 118
102 73
96 5
128 59
99 16
87 10
94 3
50 2
53 9
36 5
50 3
75 3
13 12
48 5
109 2
86 2
25 39
23 4
23 9
11 2
1 18
3 22
23 35
68 13
24 6
122 115
90 77
15 17
27 38
33 25
34 26
111 30
117 64
3 13
44 17
24 22
75 23
70 36
87 5
21 3
114 23
19 25
57 22
21 29
42 22
74 15
83 77
43 1
128 97
93 1
131 55
48 16
130 85
29 28
60 4
30 18
99 2
68 77
80 71
36 19
76 12
75 69
0 1
117 76
111 67
10 3
41 28
75 67
124 72
102 76
123 45
67 24
108 2
6 40
15 27
12 34
126 47
76 78
93 12
105 54
131 92
105 76
17 39
107 76
105 30
53 16
130 79
114 67
13 11
23 12
108 70
101 70
93 26
105 10
54 9
8 4
73 74
10 34
77 23
94 2
131 106
125 59
36 18
11 18
129 111
129 78
41 25
108 75
123 126
24 30
117 115
29 38
70 74
42 11
52 5
129 68
123 59
83 2
30 3
54 18
72 3
112 14
131 104
115 43
24 16
114 21
128 63
13 35
30 40
87 67
80 69
90 31
8 1
85 25
60 23
126 121
11 25
75 2
16 17
10 22
60 2
66 20
128 57
29 6
106 1
31 24
24 2
87 20
10 18
131 101
23 28
128 65
2 19
19 28
124 91
25 40
10 28
131 93
43 9
79 5
52 3
6 39
131 102
48 6
90 54
122 69
2 30
37 33
135 50
74 22
94 78
78 19
134 90
98 3
23 27
71 74
75 36
73 77
54 30
5 13
42 23
19 22
77 69
128 11
128 120
65 32
54 2
122 63
127 57
36 33
30 27
84 78
128 114
12 21
118 59
23 39
128 83
124 89
45 4
0 6
77 70
5 3
7 13
60 13
63 72
79 69
6 9
44 39
11 22
23 15
53 20
74 43
7 28
42 28
89 23
2 20
35 22
133 134
122 91
130 66
42 18
74 33
106 74
77 36
65 6
30 32
78 15
7 18
20 27
37 27
83 69
41 1
128 91
50 32
33 3
105 24
67 6
53 1
12 18
41 32
87 68
114 43
76 43
102 74
54 26
67 30
74 10
5 16
9 38
24 12
106 54
39 38
63 70
80 20
122 43
63 73
112 2
78 24
93 19
90 43
116 11
5 30
86 43
14 17
59 33
124 95
131 98
5 32
74 30
64 5
118 117
43 23
128 93
68 69
19 29
24 4
76 1
57 27
36 27
21 28
135 131
97 68
124 94
33 32
131 97
129 115
123 125
57 33
36 9
66 54
103 2
67 12
3 23
71 67
16 40
70 43
22 28
39 34
60 43
56 25
82 5
25 4
134 117
32 34
101 75
101 72
66 71
2 36
111 12
29 40
12 4
5 22
20 21
14 2
127 109
69 10
70 5
14 3
2 24
66 73
3 24
84 2
9 1
22 34
14 9
12 6
36 28
24 21
79 70
12 3
68 35
33 40
68 72
127 105
35 1
19 16
129 70
107 67
27 25
112 67
5 1
36 35
7 21
114 31
30 11
59 60
27 17
36 12
129 73
78 4
76 30
9 28
100 69
135 107
124 108
114 14
17 40
93 33
126 59
13 31
66 77
133 117
54 12
129 122
5 29
4 6
87 78
62 3
50 5
92 3
19 39
19 26
39 17
10 14
67 54
13 4
128 121
114 6
31 17
105 35
97 74
122 75
94 35
44 24
130 44
22 4
31 40
15 4
21 27
65 34
3 14
107 54
70 78
128 64
100 72
72 13
19 3
94 10
71 75
36 14
117 63
128 103
111 74
131 42
54 13
68 31
127 103
78 23
25 17
127 88
115 76
25 16
48 1
23 8
4 40
10 26
116 107
72 5
131 129
67 10
30 16
107 78
83 71
4 34
114 10
15 34
20 16
4 1
24 25
20 17
34 40
96 3
72 35
41 4
106 24
29 9
13 16
10 9
15 26
42 16
74 11
43 21
27 6
14 11
78 22
66 78
30 1
106 31
42 4
128 102
3 26
34 28
44 1
3 1
75 78
10 29
124 61
7 23
3 15
108 5
84 75
33 4
30 17
35 34
79 71
7 12
78 3
22 26
23 26
72 23
124 115
90 74
102 72
31 15
106 12
86 72
42 5
135 53
129 95
70 69
2 17
73 70
117 122
58 28
112 23
35 3
35 29
69 35
20 24
5 10
54 3
93 18
107 69
10 2
43 4
21 6
7 33
74 35
13 1
30 25
25 28
131 7
36 8
77 13
73 75
2 14
16 25
85 39
13 2
65 4
24 28
22 3
99 17
89 76
34 39
128 62
100 76
111 31
18 16
49 2
44 6
86 36
129 72
97 73
42 27
74 31
13 9
131 100
122 90
60 10
110 2
89 36
134 68
15 6
35 26
21 16
84 72
11 32
36 34
76 21
85 32
130 101
1 6
73 78
84 74
43 2
83 74
7 32
53 14
107 71
115 11
43 29
7 8
5 36
65 3
66 2
118 83
48 21
27 1
117 10
54 23
7 31
10 30
8 34
93 24
106 2
20 33
9 25
114 13
76 24
31 11
11 40
86 3
107 77
27 8
93 17
67 29
42 14
15 28
95 2
89 43
43 31
74 36
1 40
13 34
34 25
11 34
127 104
127 119
20 28
7 10
7 2
117 61
43 25
60 22
36 24
80 68
77 35
93 39
11 6
99 34
12 28
90 67
22 5
93 25
20 13
36 17
135 58
127 120
53 27
2 32
71 2
58 17
36 21
22 29
78 30
124 82
127 65
132 56
19 32
54 20
24 34
134 75
6 34
44 11
114 11
106 21
7 15
6 25
35 32
13 27
133 123
134 63
127 98
42 31
22 40
42 3
95 3
106 78
114 20
35 21
54 21
71 68
5 24
14 30
128 98
23 25
11 39
65 1
24 17
11 15
43 6
89 74
129 60
10 13
89 35
32 27
94 43
35 4
135 105
55 5
19 4
42 19
9 32
93 15
60 31
41 22
1 26
106 16
6 26
53 10
86 67
10 35
128 106
21 1
127 56
15 25
134 70
90 69
24 14
42 36
101 11
76 2
75 76
113 25
25 38
124 78
94 23
72 10
129 10
122 72
131 82
105 36
53 33
128 100
90 35
125 84
130 45
28 34
7 1
45 32
29 16
85 16
30 34
51 2
13 17
39 40
7 14
73 10
12 16
53 30
42 43
79 77
58 25
117 108
48 4
24 9
60 14
20 6
5 15
41 40
76 13
128 95
32 26
90 78
51 3
2 4
43 10
106 10
42 15
33 26
2 5
20 29
4 17
7 16
93 30
12 40
22 6
105 14
122 94
69 15
3 25
97 78
69 78
99 4
80 77
2 18
50 6
21 34
26 6
6 29
43 28
54 22
9 8
114 24
14 18
1 16
54 6
75 5
60 24
53 24
128 85
33 5
107 70
116 117
125 83
31 3
9 17
9 39
115 2
131 49
112 10
30 19
4 28
2 9
19 17
13 6
77 5
86 10
15 3
73 76
14 28
10 20
94 70
94 67
60 19
31 35
31 22
59 64
3 30
14 16
1 27
83 73
88 38
42 21
8 32
105 13
124 90
13 26
132 57
35 14
67 21
114 15
44 34
27 39
14 15
68 54
36 30
68 23
18 39
113 34
135 11
29 34
115 24
128 119
53 22
74 34
18 6
82 2
36 26
69 2
117 68
67 5
29 25
130 0
108 68
43 3
122 64
10 1
0 3
83 72
85 4
112 11
15 39
77 54
105 78
4 9
128 7
60 20
36 16
41 34
87 69
41 27
79 76
75 54
22 1
105 5
44 8
0 5
126 117
2 29
13 39
130 80
129 75
56 34
71 76
123 114
85 1
20 18
122 68
131 64
67 27
69 31
131 96
112 78
15 29
58 8
99 32
43 19
54 1
48 40
0 4
59 62
53 23
129 64
26 38
77 14
43 30
114 18
114 35
129 76
35 2
78 10
98 1
132 106
72 70
89 72
28 39
14 6
23 6
67 36
15 8
23 16
124 112
33 28
130 113
131 83
74 12
35 18
7 6
67 1
22 39
124 73
68 2
21 8
67 4
111 2
33 9
10 6
54 10
72 67
3 33
80 67
5 35
30 33
20 30
108 71
90 36
20 23
132 22
134 91
53 6
13 3
98 2
86 20
133 105
67 20
114 1
86 70
26 4
10 11
20 32
125 117
93 6
66 68
78 13
82 3
106 27
21 17
123 44
61 2
14 25
133 106
58 34
112 30
124 71
43 35
14 8
85 28
106 14
87 77
117 75
43 8
45 27
90 70
44 27
74 54
58 4
78 67
31 1
122 70
2 6
90 72
117 72
13 24
115 10
106 19
58 26
94 68
71 54
53 13
106 36
42 24
112 31
43 26
70 23
66 10
76 14
72 31
31 12
74 3
5 21
71 77
123 105
43 24
135 106
83 76
128 55
30 8
93 22
5 6
70 20
128 52
66 72
78 33
65 5
128 82
105 74
117 94
10 33
29 4
77 2
42 26
14 26
134 69
123 102
116 65
17 25
30 28
72 77
4 33
16 26
122 95
27 29
128 129
89 69
18 17
106 22
134 111
62 2
86 74
71 20
58 38
124 62
83 68
102 11
71 69
53 3
3 32
36 22
132 105
53 54
54 27
69 13
100 74
112 36
90 76
45 8
106 43
19 12
15 22
124 77
32 29
76 36
134 77
99 1
131 52
23 19
131 61
14 34
78 12
128 104
29 17
128 88
75 77
128 117
22 17
42 20
111 20
89 67
41 29
84 69
13 30
7 11
54 15
41 21
60 1
5 34
70 13
50 16
20 12
15 1
72 76
89 10
73 43
14 27
14 22
80 76
76 4
54 17
127 55
97 54
13 29
112 3
7 5
79 54
78 21
134 112
79 68
24 40
44 5
54 8
79 72
53 4
24 19
135 10
111 19
23 18
90 3
87 72
19 1
11 19
70 35
128 84
10 5
7 26
2 43
2 15
98 34
117 73
90 10
29 26
23 5
79 75
31 26
57 25
70 2
114 22
65 16
32 25
128 45
84 71
43 18
12 26
41 26
3 35
18 34
45 16
13 23
112 24
129 94
123 101
122 117
7 35
53 29
77 43
19 33
81 38
66 74
130 107
41 18
45 34
131 44
130 121
126 88
12 39
67 9
49 3
78 2
133 59
117 78
8 40
51 5
70 76
64 3
68 10
94 36
23 17
43 36
112 69
91 2
53 19
101 77
132 107
14 19
77 3
106 20
129 77
78 5
94 5
5 9
32 17
10 24
128 49
129 63
1 32
15 12
112 35
74 27
83 70
50 34
19 6
134 71
71 73
66 43
130 37
114 54
24 26
67 8
80 73
13 25
54 33
18 38
85 34
5 18
73 72
4 18
105 23
3 9
18 4
22 25
69 23
73 23
30 4
111 24
105 2
15 33
77 10
23 24
102 78
73 36
77 76
54 5
12 1
63 76
60 15
86 13
20 14
116 59
44 25
125 119
1 25
28 6
122 60
67 23
93 40
86 73
46 38
42 8
129 62
43 20
74 13
67 43
11 29
74 23
111 4
128 51
134 72
43 32
87 3
75 70
123 84
92 4
130 100
118 47
1 34
129 61
32 40
4 21
42 17
105 69
8 25
87 73
126 122
1 39
69 19
124 10
122 62
94 20
48 17
93 29
122 10
44 22
28 16
71 78
127 117
101 76
130 86
94 76
20 2
11 33
41 6
54 24
66 67
58 32
69 11
112 70
41 8
127 110
21 40
2 16
59 61
111 11
7 30
35 12
117 71
133 50
71 43
124 60
9 4
99 6
33 6
54 4
53 31
76 3
111 54
106 30
31 4
14 1
131 103
22 32
89 13
129 112
116 56
76 74
15 16
117 62
106 4
135 41
28 1
48 26
55 2
128 92
20 31
123 100
42 13
35 8
100 78
131 59
1 28
106 67
127 49
80 74
54 35
94 69
3 21
42 12
72 43
34 17
108 43
118 121
83 54
8 6
7 4
77 78
6 27
24 5
107 73
69 54
50 4
129 117
5 19
106 32
70 11
79 74
94 74
31 19
11 16
4 32
74 5
125 46
108 69
3 29
70 67
102 77
31 34
134 82
20 4
73 13
3 19
53 2
77 67
35 39
20 15
72 78
87 75
68 43
41 9
89 5
14 12
89 2
131 117
67 35
90 13
5 28
99 5
7 20
92 6
36 4
11 9
69 5
4 22
69 67
134 89
71 10
7 36
126 97
79 43
98 32
11 17
19 15
96 2
37 22
95 5
111 5
61 5
60 11
3 27
67 34
93 34
112 54
92 1
112 13
68 20
90 5
93 27
7 34
87 70
42 25
67 32
2 27
126 83
41 5
74 78
30 15
122 61
29 1
42 33
125 121
43 16
114 30
13 32
116 57
84 77
44 32
13 5
70 54
5 27
117 91
107 10
126 119
71 3
3 17
122 111
122 89
111 10
76 10
19 40
60 5
122 71
115 3
9 6
35 25
124 69
104 2
23 3
105 20
84 76
33 8
87 36
53 5
131 91
53 12
68 67
86 5
102 69
101 73
97 75
10 25
129 108
131 99
2 12
22 21
3 34
74 16
134 95
31 28
22 8
13 19
30 22
18 25
60 78
50 1
59 11
74 19
70 31
97 67
69 74
89 31
72 75
58 40
45 28
74 14
31 21
19 18
125 122
127 81
130 120
84 70
11 4
117 74
134 62
54 19
25 6
108 67
53 35
102 68
12 5
87 54
12 17
89 75
94 31
93 5
6 28
48 18
54 29
100 68
45 25
131 85
85 38
80 54
14 39
30 5
18 32
13 18
4 39
24 15
36 3
115 78
131 63
41 3
130 102
75 35
83 67
94 54
5 25
33 16
62 5
74 2
21 39
129 43
67 18
3 12
15 40
53 32
31 18
126 46
74 20
24 39
116 50
117 77
14 33
79 78
106 23
33 34
128 50
60 74
101 69
110 3
127 128
48 39
18 28
32 16
78 14
17 28
15 21
13 14
70 10
107 2
6 16
30 21
131 51
10 31
86 78
117 69
5 23
4 27
48 8
85 8
36 32
7 22
128 47
29 32
2 35
128 99
10 32
5 33
11 21
36 1
76 22
70 14
22 16
68 75
69 43
118 88
98 5
9 34
75 13
123 117
11 28
76 35
59 63
75 43
98 6
33 17
128 105
39 16
108 73
7 24
11 27
71 70
23 1
4 16
114 33
80 43
132 11
53 34
10 15
10 12
10 16
118 119
110 5
11 5
70 3
31 16
127 59
8 38
35 24
12 29
108 78
10 21
23 34
35 27
3 18
43 12
114 19
76 15
8 16
11 26
127 92
58 1
35 16
72 20
7 3
107 74
12 9
99 3
35 6
10 23
107 75
13 22
114 4
35 9
23 14
87 2
93 32
11 8
48 9
111 78
58 6
72 36
60 36
89 77
54 14
73 68
102 75
20 36
12 27
125 47
126 120
67 19
59 25
5 20
54 43
31 5
54 16
30 2
31 25
118 97
117 70
114 5
4 26
36 25
117 90
29 39
45 6
67 2
126 84
43 27
68 5
85 6
4 29
131 11
2 26
60 21
117 111
74 4
66 75
26 1
48 32
105 11
4 25
10 8
67 17
131 65
20 3
129 82
112 43
93 11
27 32
98 17
129 74
58 39
14 29
21 32
124 111
84 54
134 61
87 74
67 13
17 26
25 34
78 29
7 29
31 27
43 17
86 68
2 1
78 27
128 61
69 20
45 38
73 54
100 77
18 1
18 3
108 10
19 5
108 74
94 75
31 30
35 19
80 5
26 32
15 32
78 36
134 78
84 68
6 17
14 32
24 33
100 70
11 1
65 2
69 76
20 35
60 35
31 39
18 9
6 18
1 21
7 9
134 94
22 27
111 14
124 117
19 9
135 48
128 96
108 76
20 22
57 34
14 40
33 1
123 106
128 44
129 89
5 17
3 28
26 28
13 15
76 33
18 29
32 28
55 3
8 26
36 11
53 18
93 9
18 27
106 5
61 3
131 84
35 5
60 67
76 11
84 67
20 25
86 54
27 40
127 47
2 34
53 11
111 15
30 39
2 21
97 71
1 29
21 25
21 9
44 2
10 17
117 112
108 72
23 40
70 30
106 11
67 15
26 40
33 18
36 39
5 4
32 39
36 15
68 78
52 2
127 123
134 10
15 18
123 83
70 24
23 29
93 2
98 16
13 21
17 9
112 76
26 17
109 5
106 3
106 35
131 62
73 3
131 50
122 78
72 74
130 87
12 25
3 11
93 14
93 16
124 43
44 28
107 68
77 20
101 74
89 78
72 2
128 42
75 20
19 27
117 95
78 54
83 78
75 31
124 76
79 10
77 24
102 70
135 117
16 28
10 4
27 28
35 40
94 13
134 108
112 5
10 36
5 11
19 21
2 22
58 16
36 2
37 34
26 34
1 17
94 72
69 14
14 5
16 9
23 31
15 9
97 70
111 43
115 4
107 72
31 6
