38 18
30 14
28 2
37 5
34 8
14 19
24 17
28 9
23 6
33 8
0 16
30 7
33 15
22 7
1 9
38 12
0 14
30 16
7 13
26 10
28 5
37 13
36 20
26 1
31 4
1 4
31 17
6 27
23 1
30 9
5 9
32 20
6 13
26 14
1 19
34 19
6 9
29 15
32 9
26 15
17 20
24 9
0 18
28 13
0 13
25 11
39 10
37 6
8 9
25 8
36 7
8 20
38 3
29 3
25 17
24 3
30 6
3 4
24 10
1 20
4 9
24 14
11 3
30 1
24 11
29 18
24 4
33 3
36 1
34 15
17 21
33 14
0 1
23 10
31 10
29 13
31 8
36 8
11 19
39 9
36 27
38 2
33 10
36 15
7 9
23 17
25 7
22 12
31 9
29 9
36 17
33 1
12 8
31 16
15 13
25 10
8 11
24 7
29 10
23 11
10 3
22 11
1 12
26 2
12 11
23 2
23 13
22 10
33 2
4 13
25 13
26 18
33 4
6 20
30 13
36 10
28 16
28 14
39 1
12 20
8 16
17 11
15 4
36 12
14 15
38 9
22 17
17 19
38 16
29 6
28 18
23 14
8 4
33 11
26 12
39 15
24 16
11 1
30 17
38 13
31 1
38 5
29 12
36 4
22 4
33 7
28 10
24 12
28 3
30 3
17 9
37 18
26 3
22 8
30 8
26 13
22 1
22 5
37 16
29 11
23 16
29 2
39 11
38 8
22 13
36 32
31 2
25 2
6 4
26 8
0 8
25 1
24 13
0 17
11 4
38 11
15 3
39 16
3 13
32 27
6 15
25 12
0 7
37 8
22 18
38 6
25 18
0 6
8 12
25 5
34 35
28 11
14 9
22 9
38 1
26 16
15 1
28 1
0 12
37 1
36 11
38 7
25 9
11 21
30 11
33 9
1 21
22 6
28 4
23 5
23 9
37 9
12 19
15 5
37 4
37 2
28 6
25 6
28 7
15 9
33 5
12 9
23 8
26 5
26 7
26 17
23 12
12 3
30 18
36 9
39 2
33 13
12 1
31 13
22 3
31 18
6 5
17 3
1 16
29 7
7 15
29 5
9 4
22 16
13 9
22 14
5 13
33 6
32 13
19 3
30 5
30 15
37 10
31 7
7 20
0 5
23 7
37 12
8 19
15 14
29 1
33 18
29 4
39 13
39 18
25 4
37 15
24 1
22 15
1 11
8 1
37 3
14 3
29 8
36 3
31 5
0 15
39 17
24 2
37 7
26 11
35 13
39 4
39 8
0 11
12 4
34 14
11 12
4 3
12 15
24 5
39 12
31 15
8 3
36 19
31 12
22 2
38 17
38 15
1 3
0 10
39 14
15 32
24 6
28 12
37 17
10 21
29 14
23 15
37 11
25 15
24 15
0 3
38 4
0 2
26 6
30 10
0 9
7 4
38 10
33 17
8 15
11 16
25 16
25 14
39 5
30 12
36 6
28 15
31 6
39 3
29 17
37 14
11 9
32 4
23 18
33 12
28 17
30 2
39 7
33 16
25 3
20 27
28 8
23 3
31 3
26 9
11 20
35 10
13 3
29 16
30 4
24 8
34 36
17 1
38 14
0 4
32 5
7 5
7 27
31 11
31 14
24 18
39 6
17 12
26 4
23 4
