28 12
44 24
63 45
95 38
9 4
45 43
12 7
76 44
27 10
64 46
53 1
10 1
45 24
25 26
68 8
44 21
47 19
102 25
63 49
82 39
10 4
56 44
50 24
22 18
14 13
60 28
65 49
35 8
75 23
25 12
26 21
55 45
101 80
30 22
86 36
22 8
55 50
97 41
24 2
17 15
65 50
28 24
77 43
84 87
23 15
97 53
86 80
27 19
4 16
30 20
37 1
8 15
76 43
59 50
61 28
24 15
38 21
3 18
11 8
15 1
83 56
65 25
42 25
58 47
58 50
50 27
76 25
11 2
22 7
3 17
38 13
25 17
54 44
58 27
24 8
76 21
26 7
26 8
30 17
25 20
94 98
35 15
38 10
40 50
50 46
75 19
69 45
38 25
60 26
20 2
18 15
43 29
78 59
67 8
5 18
47 12
21 15
26 6
80 39
82 14
28 27
84 40
23 1
38 27
95 61
95 29
47 29
82 40
37 12
75 21
84 89
51 46
19 1
21 6
19 15
27 24
82 26
72 25
24 14
2 15
90 0
58 25
14 1
23 6
60 22
77 46
28 21
9 8
80 4
43 27
77 26
28 20
94 69
94 32
103 35
37 24
3 12
35 2
59 45
73 1
65 45
17 2
26 2
23 4
36 41
46 29
24 17
37 19
29 24
37 17
26 4
4 31
49 25
38 8
44 19
51 47
83 80
49 47
4 15
62 50
95 88
82 76
38 26
44 28
19 7
72 17
84 26
21 20
28 11
34 16
82 4
81 80
13 2
95 47
17 14
54 50
38 2
58 48
45 11
75 14
94 87
78 36
14 18
84 88
84 48
43 23
38 23
17 18
38 6
55 43
37 22
74 28
84 38
21 23
97 71
21 1
7 15
46 43
82 25
48 45
94 73
22 19
97 99
84 74
86 56
102 61
96 57
11 16
56 29
42 26
95 55
95 60
43 14
1 20
84 14
25 10
80 45
81 66
72 12
10 7
46 28
75 17
43 17
95 48
77 21
11 15
82 29
66 45
12 20
28 8
25 13
13 4
29 6
25 18
6 16
63 48
25 21
22 23
5 8
61 45
35 1
97 80
47 13
94 91
49 45
21 14
29 8
80 88
80 26
42 29
27 17
26 22
22 13
95 25
63 25
80 63
25 7
34 31
65 43
48 44
5 2
85 82
94 57
75 27
3 2
10 6
12 13
97 39
80 62
46 5
47 27
48 43
52 2
49 43
54 49
51 49
74 43
85 80
28 10
80 43
24 12
84 60
19 16
6 8
84 75
76 46
37 23
78 72
40 49
82 49
70 2
17 10
97 32
21 24
25 6
75 28
62 49
84 50
97 89
74 50
18 9
28 23
43 12
57 2
21 11
62 48
10 14
56 47
11 1
47 24
94 39
37 28
43 18
60 43
22 1
64 43
45 47
5 17
6 13
26 15
3 11
30 5
71 1
50 29
101 36
96 59
102 46
11 7
29 5
28 18
25 29
25 19
95 43
84 29
103 59
38 12
100 32
38 1
21 2
58 28
26 11
9 16
50 25
51 44
56 25
62 43
60 45
94 70
38 24
49 27
11 18
82 80
43 20
94 64
102 80
14 8
45 27
103 102
84 55
45 12
95 14
80 14
80 25
30 24
38 17
5 4
38 22
20 16
37 25
37 47
96 69
46 27
84 76
47 9
47 17
82 87
102 4
101 72
5 11
95 26
24 1
3 8
102 55
85 66
102 60
63 47
90 92
102 44
37 5
36 37
76 47
102 87
67 2
45 25
47 6
29 20
43 6
14 16
37 29
84 82
97 64
26 14
97 95
76 26
60 46
44 43
19 8
24 11
3 4
27 5
45 19
54 48
38 11
47 18
49 46
72 28
67 1
29 19
57 31
25 24
62 45
60 25
44 23
63 44
95 89
24 5
58 26
84 65
11 20
94 56
30 4
44 26
82 61
103 30
73 2
38 7
26 9
22 11
1 4
27 13
17 4
44 22
47 43
22 4
78 32
90 67
75 22
12 15
94 71
12 6
11 9
64 50
47 1
80 76
11 14
33 1
58 43
80 82
10 20
83 84
51 28
38 28
51 45
21 4
20 18
62 47
1 8
6 2
44 27
14 6
6 4
58 44
64 47
75 10
95 80
47 22
37 6
48 29
21 18
9 2
102 62
82 48
26 13
23 9
25 27
29 18
38 9
48 27
43 1
74 46
38 14
1 18
97 69
76 49
95 63
103 4
72 19
43 7
13 18
7 1
75 47
80 38
80 87
3 5
28 17
95 75
97 66
69 49
42 45
48 21
90 40
16 31
58 21
80 46
29 17
69 44
102 89
10 9
23 2
23 7
18 16
97 72
75 6
14 7
22 12
69 47
72 29
5 20
0 1
61 21
55 46
84 47
42 28
17 1
17 13
102 63
42 48
23 11
43 9
23 10
55 47
26 20
69 43
65 48
72 45
24 9
96 73
28 5
95 62
45 14
22 15
97 40
78 33
74 48
25 8
90 72
11 10
44 11
12 9
27 2
42 43
59 29
102 38
73 8
26 12
38 5
84 37
3 19
52 1
30 2
90 80
22 10
17 11
46 25
94 52
25 5
54 45
56 50
90 79
64 49
83 36
23 12
59 26
57 1
28 1
80 41
95 76
97 67
82 55
28 22
50 47
68 1
100 80
14 2
66 43
84 4
90 94
14 15
65 28
30 12
66 49
33 2
61 26
6 18
82 37
25 11
58 29
63 28
80 55
51 50
37 21
94 33
100 59
46 47
57 16
59 28
29 21
60 44
23 18
47 26
63 29
2 16
59 47
83 81
19 18
95 46
80 77
43 28
95 74
55 28
84 43
28 7
76 29
44 45
3 1
94 79
21 10
25 23
3 6
77 45
97 79
43 13
103 80
80 61
7 9
29 28
21 13
45 28
82 44
25 28
28 2
72 5
80 50
56 45
45 10
95 87
48 46
82 88
25 22
82 89
27 22
55 44
19 9
24 13
37 10
61 24
80 37
95 37
50 26
59 49
102 50
15 31
10 8
10 15
59 21
10 16
60 23
77 29
34 8
11 12
37 13
102 29
7 2
94 80
28 6
80 65
34 1
74 45
46 22
84 39
102 82
51 27
75 43
83 72
43 5
21 7
90 68
80 54
102 75
61 47
19 14
47 11
54 29
1 2
29 13
25 9
66 47
49 29
6 1
14 4
29 26
72 11
27 18
75 13
12 18
3 14
82 62
26 19
90 91
29 9
28 15
27 12
102 76
90 93
55 29
50 45
97 88
3 7
18 2
21 22
84 61
3 16
23 19
95 4
94 40
35 16
66 46
50 23
21 8
18 8
29 10
25 14
103 32
45 5
3 9
74 29
101 83
97 87
74 47
47 28
74 25
84 45
13 9
14 20
49 44
73 16
81 82
29 14
48 26
96 42
6 20
83 57
77 47
11 4
27 9
29 7
48 49
74 44
103 97
83 69
56 46
1 15
21 17
38 4
29 11
30 15
43 24
20 1
61 23
94 41
76 48
102 14
29 27
48 25
58 46
53 2
24 4
28 13
25 1
102 39
56 28
30 18
54 46
3 10
63 26
59 44
101 102
40 43
24 7
17 8
102 26
64 44
1 7
13 20
23 13
82 77
12 8
23 20
27 15
27 7
54 25
4 1
83 64
72 22
49 22
77 44
84 49
95 40
66 44
43 4
69 50
48 28
49 28
7 16
75 26
35 31
65 44
84 46
49 24
86 66
18 1
19 4
55 27
36 39
94 36
94 95
26 27
102 77
43 11
8 31
9 1
70 8
4 8
55 25
62 46
80 47
84 54
17 12
84 63
25 2
47 5
3 13
82 47
58 45
10 2
46 21
51 26
69 46
17 9
72 27
66 48
65 46
14 9
102 54
12 14
100 72
66 25
21 19
43 21
84 41
101 32
19 10
72 43
95 39
5 6
72 47
24 19
42 44
34 15
22 5
45 29
13 8
76 50
22 17
60 47
37 20
102 37
75 11
27 8
24 20
54 47
11 6
64 45
52 8
5 14
54 43
70 1
25 15
24 10
90 70
83 73
82 46
102 47
26 17
30 11
55 48
26 23
43 22
103 33
11 13
24 6
38 18
30 7
74 49
20 7
43 26
45 26
13 7
82 75
22 9
27 6
42 49
94 89
37 26
10 18
95 49
5 9
63 43
4 2
82 74
101 97
82 38
29 4
15 8
75 12
28 26
10 13
103 72
66 50
77 50
59 22
75 29
95 41
47 7
21 5
82 60
45 6
45 23
43 25
7 4
26 24
102 43
42 50
1 16
60 29
90 83
82 45
47 14
82 54
100 33
21 12
25 4
69 48
102 49
17 16
58 49
22 16
85 56
72 21
97 57
49 21
27 20
12 2
19 6
13 16
42 46
85 36
75 5
17 20
80 29
95 44
81 56
29 15
54 28
47 10
5 1
50 44
72 23
12 1
44 17
28 9
97 73
80 74
37 43
82 50
97 36
72 26
30 9
22 14
80 40
82 65
27 4
46 44
36 19
19 17
78 79
12 4
95 65
72 24
44 25
60 24
18 4
68 2
95 54
13 1
29 2
51 48
30 1
29 12
38 29
55 26
64 48
36 18
17 7
20 9
19 13
45 22
43 10
57 8
60 27
17 6
102 88
26 10
5 16
53 8
80 89
61 27
36 21
56 43
51 43
47 4
48 50
50 21
45 17
95 45
30 6
23 5
47 20
59 27
96 58
62 44
80 48
36 38
29 1
82 41
33 8
40 47
97 33
28 19
76 45
73 31
38 19
101 33
44 5
29 23
55 49
61 46
97 52
5 10
45 21
102 41
97 56
96 51
49 26
8 16
19 20
102 40
9 15
6 9
65 29
18 7
94 72
102 74
5 15
19 2
103 34
13 15
44 47
22 20
84 77
47 25
80 75
20 8
80 49
36 20
83 86
19 11
103 3
46 45
47 21
75 25
59 25
22 6
26 18
86 82
2 8
0 2
56 48
84 80
66 29
3 20
36 40
96 64
75 1
63 50
42 47
61 29
56 49
7 8
84 44
2 31
94 53
80 60
30 23
20 4
32 1
51 29
59 43
90 36
102 45
23 16
22 2
63 46
94 99
48 47
61 25
30 14
37 27
78 80
23 14
50 43
37 14
95 50
61 44
28 4
27 23
83 85
5 7
84 62
61 43
46 19
49 50
34 2
30 8
20 15
27 14
82 63
82 43
30 10
1 9
29 22
80 44
97 98
51 25
23 8
12 16
50 22
65 47
95 82
3 15
72 10
37 11
24 18
30 19
6 7
30 13
28 14
26 5
50 28
46 26
94 88
15 2
5 13
47 23
24 23
97 70
102 48
5 19
97 91
22 24
44 29
24 16
61 22
46 24
60 21
84 25
46 23
66 28
102 65
94 67
83 66
94 66
81 36
27 11
19 12
59 46
6 15
43 19
27 21
95 77
38 20
26 1
27 1
75 24
21 9
23 17
15 16
77 25
