id met_invertebrate met_primary_producer met_heterotrophic_bacteria met_dead_organic_material met_heterotrophic_fungi mov_walking mov_sessile mov_other mov_other_nonliving log_mass mass_missing
0 1 0 0 0 0 1 0 0 0 -4.1911141326401875 0
1 1 0 0 0 0 1 0 0 0 -2.4444896022018225 0
2 1 0 0 0 0 1 0 0 0 -2.291458092196252 0
3 1 0 0 0 0 1 0 0 0 -2.874855890668581 0
4 1 0 0 0 0 1 0 0 0 -2.3305910624808894 0
5 1 0 0 0 0 1 0 0 0 -2.7924520693142263 0
6 1 0 0 0 0 1 0 0 0 -2.5040423775145166 0
7 1 0 0 0 0 1 0 0 0 -2.386275273783264 0
8 1 0 0 0 0 1 0 0 0 -2.1759224164714857 0
9 1 0 0 0 0 1 0 0 0 -2.3778559465780105 0
10 1 0 0 0 0 1 0 0 0 -2.7074039382755846 0
11 1 0 0 0 0 1 0 0 0 -2.729734231071674 0
12 1 0 0 0 0 1 0 0 0 -2.7256850939003687 0
13 1 0 0 0 0 1 0 0 0 -2.4428837187113905 0
14 1 0 0 0 0 1 0 0 0 -2.554049744336224 0
15 1 0 0 0 0 1 0 0 0 -1.8732891946438535 0
16 1 0 0 0 0 1 0 0 0 -1.0520596599077772 0
17 1 0 0 0 0 1 0 0 0 -2.7397527822103913 0
18 1 0 0 0 0 1 0 0 0 -2.3975497533263126 0
19 1 0 0 0 0 1 0 0 0 -2.75226873006445 0
20 1 0 0 0 0 1 0 0 0 -2.4149849611605334 0
21 1 0 0 0 0 1 0 0 0 -3.1610313373891867 0
22 1 0 0 0 0 1 0 0 0 -2.96781091166405 0
23 1 0 0 0 0 1 0 0 0 -2.878591512309745 0
24 1 0 0 0 0 1 0 0 0 -2.9341447842582076 0
25 1 0 0 0 0 1 0 0 0 -3.756389060622321 0
26 1 0 0 0 0 1 0 0 0 -3.3392957529293206 0
27 1 0 0 0 0 1 0 0 0 -3.2840843592981983 0
28 1 0 0 0 0 1 0 0 0 -3.6570426765624062 0
29 1 0 0 0 0 1 0 0 0 -3.702594070417639 0
30 1 0 0 0 0 1 0 0 0 -3.0576600246982197 0
31 1 0 0 0 0 1 0 0 0 -0.36935706617370134 0
32 1 0 0 0 0 1 0 0 0 -4.361510743045363 0
33 1 0 0 0 0 1 0 0 0 -4.145693958198919 0
34 1 0 0 0 0 1 0 0 0 -2.1343792085380304 0
35 1 0 0 0 0 1 0 0 0 -1.961657668750236 0
36 1 0 0 0 0 1 0 0 0 -2.1599692674017805 1
37 1 0 0 0 0 1 0 0 0 -4.403402904373539 0
38 1 0 0 0 0 1 0 0 0 -3.9477756114382627 0
39 1 0 0 0 0 1 0 0 0 -5.046240308266771 0
40 1 0 0 0 0 1 0 0 0 -6.133122185662502 0
41 1 0 0 0 0 1 0 0 0 -5.209714835966758 0
42 1 0 0 0 0 1 0 0 0 -5.323306390375134 0
43 1 0 0 0 0 1 0 0 0 -4.276544327964815 0
44 1 0 0 0 0 1 0 0 0 -4.728158393463501 0
45 1 0 0 0 0 1 0 0 0 -4.481486060122112 0
46 1 0 0 0 0 1 0 0 0 -4.747146969020107 0
47 1 0 0 0 0 1 0 0 0 -4.316052869248488 0
48 1 0 0 0 0 1 0 0 0 -4.987162775294828 0
49 1 0 0 0 0 1 0 0 0 -4.913640169325252 0
50 1 0 0 0 0 1 0 0 0 -4.872895201635193 0
51 1 0 0 0 0 1 0 0 0 -5.170696227168975 0
52 1 0 0 0 0 1 0 0 0 -3.616890487197704 0
53 1 0 0 0 0 1 0 0 0 -4.019996628416254 0
54 1 0 0 0 0 1 0 0 0 -5.36251027048749 0
55 1 0 0 0 0 1 0 0 0 -5.196542884351586 0
56 1 0 0 0 0 1 0 0 0 -5.485452247339714 0
57 1 0 0 0 0 1 0 0 0 -2.2097148359667584 0
58 1 0 0 0 0 1 0 0 0 -5.046240308266771 0
59 1 0 0 0 0 1 0 0 0 -4.954677021213342 0
60 1 0 0 0 0 1 0 0 0 -4.835647144215563 0
61 1 0 0 0 0 1 0 0 0 -4.835647144215563 0
62 1 0 0 0 0 1 0 0 0 -5.844663962534938 0
63 1 0 0 0 0 1 0 0 0 -5.297569463554475 0
64 1 0 0 0 0 1 0 0 0 -5.411168274405793 0
65 1 0 0 0 0 1 0 0 0 -5.568636235841013 0
66 1 0 0 0 0 1 0 0 0 -5.617982957425132 0
67 1 0 0 0 0 1 0 0 0 -4.167491087293763 0
68 1 0 0 0 0 1 0 0 0 -3.9544540623693325 0
69 1 0 0 0 0 1 0 0 0 -5.0589857562944305 0
70 1 0 0 0 0 1 0 0 0 -3.760082685412345 0
71 1 0 0 0 0 1 0 0 0 -4.372634143407267 0
72 1 0 0 0 0 1 0 0 0 -4.632644078973981 0
73 1 0 0 0 0 1 0 0 0 -2.0187862031517048 0
74 1 0 0 0 0 1 0 0 0 -5.447331783887806 0
75 1 0 0 0 0 1 0 0 0 -4.431798275933005 0
76 1 0 0 0 0 1 0 0 0 -5.101823516502323 0
77 1 0 0 0 0 1 0 0 0 -4.872895201635193 0
78 0 1 0 0 0 0 1 0 0 -15.022276394711152 1
79 1 0 0 0 0 1 0 0 0 -5.148130399270234 0
80 1 0 0 0 0 1 0 0 0 -4.220403508742176 0
81 1 0 0 0 0 0 0 1 0 -7.552841968657781 0
82 1 0 0 0 0 1 0 0 0 -5.448550002027125 0
83 0 0 1 0 0 0 0 1 0 -15.022276394711152 0
84 1 0 0 0 0 1 0 0 0 -6.069560405233299 0
85 1 0 0 0 0 0 0 1 0 -8.580044251510243 0
86 1 0 0 0 0 0 0 1 0 -6.440093374963888 0
87 1 0 0 0 0 1 0 0 0 -4.931814138253839 0
88 1 0 0 0 0 1 0 0 0 -5.416801226031377 0
89 1 0 0 0 0 1 0 0 0 -4.966576244513051 0
90 0 0 0 1 0 0 0 0 1 -15.022276394711152 1
91 1 0 0 0 0 1 0 0 0 -5.321481620959886 0
92 1 0 0 0 0 1 0 0 0 -4.869666231504994 0
93 1 0 0 0 0 1 0 0 0 -5.278189384787454 0
94 0 0 0 0 1 0 0 1 0 -15.022276394711152 1
95 1 0 0 0 0 1 0 0 0 -6.2716462179787715 0
96 0 0 0 1 0 0 0 0 1 -15.022276394711152 1
97 0 0 0 0 1 0 0 1 0 -15.022276394711152 1
98 1 0 0 0 0 1 0 0 0 -4.931814138253839 0
99 1 0 0 0 0 1 0 0 0 -4.562249437179612 0
100 0 1 0 0 0 0 1 0 0 -15.022276394711152 1
101 0 1 0 0 0 0 1 0 0 -15.022276394711152 1
102 1 0 0 0 0 1 0 0 0 -6.628932137728264 0
103 0 1 0 0 0 0 1 0 0 -15.022276394711152 1
