42 23
37 15
47 2
47 6
46 29
6 11
21 8
46 25
59 5
59 39
48 28
31 2
9 10
46 0
47 34
24 5
57 58
20 14
62 27
62 14
53 14
39 6
62 36
8 7
61 12
59 14
57 59
62 23
4 45
47 22
17 18
15 6
48 14
46 4
15 14
48 24
0 1
8 11
20 6
28 2
42 21
21 1
6 8
48 29
47 1
47 29
46 16
62 6
37 34
27 6
46 22
17 25
19 8
48 21
43 0
62 34
50 8
17 21
59 54
42 6
43 3
43 8
57 51
31 11
43 31
37 25
41 60
42 12
17 3
61 23
15 5
22 15
47 5
46 7
61 32
57 38
47 24
46 33
37 19
43 25
43 36
43 12
46 30
47 8
46 20
50 3
39 4
59 22
22 3
41 18
61 24
27 5
41 28
17 14
48 6
43 15
48 22
17 23
46 36
35 15
44 1
34 7
5 15
62 2
37 1
47 20
43 1
34 25
62 5
28 11
38 3
47 19
42 25
0 4
47 27
42 27
46 26
39 41
0 7
23 1
22 13
21 11
12 6
43 26
42 3
0 3
24 6
45 11
15 3
51 52
17 12
42 5
37 21
62 33
21 18
42 8
41 2
44 3
17 2
43 32
17 32
42 36
32 11
37 5
47 32
43 4
25 11
61 33
17 28
37 20
46 2
59 53
19 6
37 24
61 1
44 2
48 30
17 20
47 4
47 7
46 5
43 34
37 35
34 11
0 5
44 4
42 26
57 14
24 2
1 4
62 35
41 27
37 28
46 3
62 4
17 34
43 7
17 31
47 12
37 0
62 25
44 6
2 4
61 20
24 3
15 2
43 21
21 25
26 6
42 4
46 21
37 16
46 1
61 2
42 33
37 22
34 15
44 28
27 15
37 3
10 11
37 12
42 30
62 8
41 6
37 7
27 8
47 18
57 39
61 6
56 25
37 2
28 1
17 0
43 22
24 7
46 18
39 3
42 20
59 58
31 52
37 27
23 4
20 13
41 3
49 24
59 15
4 7
42 2
62 31
43 27
30 52
5 11
3 8
17 22
42 24
17 6
17 16
37 26
17 33
46 27
24 4
17 7
37 32
47 16
44 15
48 2
59 51
41 4
61 35
31 8
48 23
46 35
56 6
47 25
48 8
48 35
62 21
12 15
34 4
47 21
24 8
37 23
61 19
61 29
48 19
46 24
46 8
48 7
37 8
41 15
16 11
0 8
47 26
39 40
61 0
46 32
46 15
12 14
23 6
48 12
46 23
42 34
21 2
62 28
62 18
57 55
59 55
42 31
61 25
59 13
59 6
62 26
33 8
22 6
62 24
61 14
43 28
49 23
48 31
37 30
6 3
59 38
17 30
61 26
47 31
27 18
17 15
59 1
62 12
9 4
57 44
61 7
43 19
57 20
48 36
37 36
59 27
3 6
42 14
4 11
44 5
61 22
34 8
57 50
21 5
53 1
48 33
34 5
23 3
48 18
62 1
17 29
47 14
48 3
41 8
46 34
57 13
22 41
46 19
41 11
46 31
50 40
17 35
62 29
15 28
3 11
0 2
59 44
61 4
43 33
61 16
61 8
17 1
48 32
37 6
43 24
51 2
17 8
47 35
17 36
48 25
37 18
17 19
37 14
23 2
47 15
61 5
35 14
59 7
62 0
59 2
24 1
38 8
34 2
43 18
17 27
47 0
48 1
47 30
13 28
53 13
61 15
61 3
36 14
34 14
17 4
61 28
43 6
47 3
17 24
34 6
8 4
46 28
40 8
23 5
41 7
59 9
42 16
55 3
37 31
15 11
5 28
37 4
46 6
62 19
35 13
43 30
42 22
44 8
62 30
14 11
42 29
48 15
42 32
62 7
44 7
36 13
34 28
61 36
15 1
51 1
61 31
54 53
17 26
43 5
6 45
43 35
62 20
12 13
47 36
59 50
44 13
42 7
61 34
48 0
62 3
43 14
43 2
50 1
42 28
50 2
37 29
20 15
37 33
61 21
42 35
59 41
61 30
48 34
33 6
49 0
31 4
51 11
48 5
62 32
41 1
42 18
12 5
61 18
59 28
6 7
48 26
62 15
43 29
47 28
41 5
43 16
48 27
42 15
62 22
22 5
3 18
47 33
6 4
42 0
46 12
43 20
39 8
0 6
44 14
23 8
43 23
17 5
38 6
61 27
47 23
59 4
42 19
41 25
27 28
42 1
8 45
23 7
48 20
62 16
46 14
48 16
34 1
48 4
59 8
35 6
53 2
14 28
31 1
