26 19
28 17
27 6
29 4
3 1
19 16
31 1
27 11
35 11
11 9
21 11
29 20
21 8
10 19
22 7
31 0
25 6
23 1
25 15
27 16
22 8
3 16
34 10
21 16
11 12
24 15
35 14
24 6
31 20
35 5
30 31
2 18
30 14
18 15
27 18
26 13
26 10
15 1
21 17
23 15
23 16
33 10
22 6
33 16
25 20
23 7
10 15
29 8
26 17
10 17
27 9
23 11
34 13
32 6
2 16
2 6
26 5
31 9
25 12
35 17
31 15
30 6
34 14
15 16
32 10
26 11
26 12
36 11
27 15
32 17
21 1
32 18
23 10
36 15
2 11
32 15
34 8
14 15
26 7
32 20
26 4
34 20
3 18
33 3
9 15
31 19
25 3
34 19
35 10
33 8
36 8
24 5
27 1
18 1
21 10
31 16
26 9
32 11
34 9
0 1
30 17
22 12
2 5
36 9
24 3
22 5
25 9
6 16
14 1
32 7
17 15
27 14
35 6
34 4
24 12
35 7
25 11
36 14
23 12
23 14
2 12
23 8
33 17
22 9
32 4
27 13
36 16
34 5
36 20
7 15
2 19
21 5
2 20
30 10
36 12
24 16
4 1
35 15
6 3
2 10
33 13
30 9
2 7
23 13
19 1
25 7
34 12
18 19
21 20
33 9
21 7
21 18
21 4
24 18
29 7
2 15
22 15
22 16
35 19
34 15
25 10
33 18
26 16
26 3
8 1
22 13
36 3
3 19
24 13
29 3
6 19
23 17
35 9
22 3
29 11
31 18
24 1
33 11
30 0
33 20
32 9
20 18
32 3
7 1
2 14
20 19
36 1
17 19
34 6
10 18
33 1
9 16
35 16
20 1
34 1
20 15
27 20
31 10
20 3
33 19
35 4
25 18
24 8
14 16
31 12
22 20
5 1
29 1
24 20
6 1
35 3
36 4
33 7
24 17
10 1
29 10
24 4
22 4
33 15
25 4
23 9
23 4
25 8
22 10
20 16
29 16
31 3
2 8
29 6
24 10
23 3
32 16
35 12
22 17
36 7
27 19
33 6
36 5
27 4
24 7
29 15
36 18
34 7
13 17
22 14
2 4
25 17
27 8
33 12
21 6
33 4
32 12
35 13
21 12
31 28
21 9
21 14
25 5
30 12
22 1
21 3
27 5
28 11
26 15
3 15
33 5
26 1
27 7
2 17
26 18
25 16
23 20
36 13
29 14
26 6
29 18
13 1
32 5
29 19
29 13
36 6
25 14
34 3
32 19
17 1
36 17
32 13
24 19
32 8
35 20
19 18
24 11
23 5
32 1
35 8
24 9
27 3
35 1
34 18
10 3
29 12
34 17
27 12
29 5
18 16
27 17
29 9
2 3
2 9
22 19
21 19
29 17
16 1
21 13
35 18
25 1
25 19
36 19
6 15
33 14
22 11
23 18
28 1
34 11
2 1
26 14
25 13
27 10
6 14
23 6
30 3
2 13
21 15
24 14
34 16
22 18
26 20
19 15
26 8
23 19
36 10
32 14
