8 9
29 7
2 9
17 9
12 8
14 6
0 4
20 22
25 8
26 9
8 2
25 9
25 10
19 9
14 4
25 7
20 7
17 2
26 5
29 9
18 2
29 4
24 23
17 6
20 23
28 8
19 7
18 9
14 9
27 5
26 7
18 1
13 5
5 2
26 8
11 5
0 5
6 9
27 8
11 1
15 2
20 6
16 9
29 5
12 9
26 10
20 21
17 5
11 4
11 2
5 9
28 3
27 3
18 7
25 5
17 3
27 2
15 9
26 1
4 9
27 9
20 9
6 1
24 22
26 2
17 4
16 6
12 3
28 9
18 10
11 3
16 1
13 1
11 9
14 1
24 30
7 3
0 3
24 5
16 7
29 2
14 2
7 6
27 4
19 3
14 7
18 3
29 1
19 4
12 4
25 3
26 4
12 7
6 2
27 1
27 7
0 2
28 6
18 6
14 5
20 15
19 6
17 8
17 7
11 6
0 8
16 8
4 2
24 3
14 10
18 5
19 8
18 4
6 8
12 2
16 4
29 10
28 1
12 6
24 2
29 6
0 10
19 1
28 5
28 2
18 8
19 5
25 6
12 5
28 4
17 10
14 8
6 3
2 1
13 6
13 8
13 10
11 10
19 10
0 1
25 1
29 3
29 8
16 5
13 2
16 10
25 2
27 6
25 4
12 10
0 9
14 3
16 2
13 4
12 1
26 3
13 3
24 15
11 7
24 4
26 6
8 6
11 8
16 3
19 2
27 10
20 24
7 8
13 7
0 6
0 7
17 1
24 9
24 6
28 10
28 7
9 2
13 9
7 9
