0 5
20 2
15 3
0 4
9 4
16 17
14 1
14 4
0 3
8 12
8 7
8 9
8 4
8 6
3 1
17 1
6 1
13 10
20 9
17 9
17 0
14 3
19 12
18 3
15 12
15 4
13 7
15 9
11 4
20 4
15 11
7 1
13 0
8 5
17 11
7 4
6 3
8 0
2 5
17 3
1 3
18 4
17 10
8 11
19 9
8 10
13 6
19 6
11 1
20 3
10 3
15 5
19 5
18 1
10 1
17 18
15 10
17 7
8 3
20 10
20 12
3 5
19 7
13 3
7 3
19 3
18 2
17 4
11 5
13 12
18 0
13 9
18 5
4 5
20 7
0 2
19 2
20 11
15 2
3 2
20 5
15 7
9 1
13 11
11 2
11 3
13 5
9 3
12 3
15 0
8 2
19 11
0 1
15 6
13 2
19 0
1 2
12 1
6 7
19 10
14 2
13 4
19 4
20 6
20 0
12 2
