10 6
1 15
0 4
1 16
0 7
19 5
19 9
10 1
27 3
25 1
13 9
0 1
24 5
2 15
24 9
27 5
23 5
22 6
14 6
13 5
23 9
5 3
13 4
12 5
21 5
10 7
2 17
22 7
0 3
28 7
10 8
1 3
11 5
12 2
14 15
19 8
28 9
6 15
6 3
27 8
6 17
20 7
11 4
0 8
24 3
21 9
21 8
27 9
7 3
18 4
0 9
24 4
10 3
20 8
19 6
5 15
28 3
18 5
22 4
9 16
11 2
21 6
29 15
10 5
21 4
19 3
19 2
0 6
13 6
14 7
2 16
10 2
25 3
27 1
19 7
20 9
8 15
4 3
18 2
25 5
8 16
21 3
23 6
6 16
13 2
28 8
23 4
13 8
4 15
18 6
12 9
12 8
0 2
19 4
18 1
26 15
13 7
11 3
28 4
12 6
11 8
20 2
0 5
12 7
18 9
14 3
4 17
25 8
14 1
22 2
25 6
23 2
28 1
25 2
2 3
22 9
27 6
21 2
4 16
18 7
23 8
19 1
12 4
14 9
28 6
20 3
9 15
27 4
27 2
24 7
10 9
12 1
21 7
9 3
5 16
11 1
24 8
25 4
13 1
25 7
24 2
1 17
12 3
28 2
18 8
20 6
5 17
11 6
20 1
14 5
22 8
24 6
22 1
23 1
21 1
20 5
11 7
24 1
14 4
27 7
23 7
10 4
22 5
9 17
11 9
20 4
28 5
25 9
18 3
