154 54
209 140
224 11
143 9
1 6
0 12
50 58
169 186
179 9
64 7
20 116
82 109
110 6
155 6
37 85
186 9
57 32
59 110
167 12
146 59
239 38
153 50
100 7
84 24
20 95
204 32
185 11
239 81
120 141
129 2
0 3
56 7
166 159
47 5
37 36
21 16
78 8
41 9
213 35
109 4
81 9
88 162
160 4
78 11
235 94
228 68
82 163
182 1
154 103
210 72
120 134
19 12
167 16
83 2
212 106
223 12
154 79
145 8
17 27
207 43
64 19
190 12
238 27
152 68
190 110
18 4
5 7
105 159
146 47
183 7
129 204
120 125
93 3
13 7
55 114
226 109
226 8
196 6
172 9
159 6
120 15
100 22
77 1
133 4
61 4
195 7
43 27
144 110
60 218
199 4
148 6
50 43
226 3
111 2
31 6
64 1
167 26
128 31
207 6
105 99
210 219
87 1
50 68
148 115
177 8
92 6
229 113
149 6
8 6
210 54
150 27
113 116
245 30
118 53
79 77
212 86
77 19
154 16
183 8
47 80
29 1
50 25
40 7
56 8
50 29
182 3
193 9
151 115
82 89
30 19
47 54
126 55
197 11
133 6
185 8
127 93
79 67
215 53
58 27
237 68
178 3
211 43
131 158
214 15
25 16
83 23
154 89
108 31
244 93
84 11
60 24
209 45
207 154
161 10
80 6
120 121
228 69
76 10
86 9
114 111
190 16
211 25
233 3
79 171
233 11
105 55
118 164
175 3
106 4
25 110
91 7
138 3
49 6
82 40
149 7
12 176
222 4
143 7
75 6
167 1
91 68
120 127
211 20
206 1
162 95
47 62
211 177
183 4
202 4
164 3
135 28
50 49
120 153
50 180
228 18
91 94
94 176
163 2
62 12
224 115
190 2
28 3
210 232
92 4
77 68
135 11
55 11
229 114
190 4
82 58
55 93
93 6
216 87
71 4
81 6
135 33
79 59
236 4
63 168
19 94
194 9
234 3
37 58
153 87
129 6
197 3
217 79
0 8
156 4
63 95
50 1
82 70
141 19
91 4
100 4
152 16
210 81
211 0
100 16
207 216
213 147
82 168
109 175
144 6
179 16
207 85
108 12
220 6
59 27
53 4
47 51
242 32
204 8
120 85
72 12
88 194
191 110
134 12
211 90
134 4
149 110
89 3
150 16
167 23
189 27
120 133
80 220
148 4
82 111
204 4
50 167
206 95
56 33
71 53
217 104
48 3
222 8
185 10
71 8
47 99
204 10
5 12
234 1
49 12
21 110
63 2
195 16
36 12
143 4
63 33
208 59
235 218
120 130
184 3
194 12
71 10
227 7
101 2
91 16
209 85
121 9
235 10
17 10
226 10
222 1
59 32
210 83
128 95
238 175
148 8
210 58
118 81
233 6
154 22
96 1
99 6
35 3
246 16
211 42
104 4
105 170
66 3
100 28
57 8
79 50
217 43
242 3
215 145
82 85
119 93
119 176
165 6
47 21
211 27
166 167
212 165
61 7
108 68
166 161
238 114
0 10
211 206
154 156
202 32
59 33
200 3
176 6
47 188
233 4
137 174
210 87
79 163
78 4
194 7
233 175
205 114
8 4
70 11
120 39
82 5
53 6
20 4
47 163
51 12
21 8
212 88
237 103
154 48
108 113
128 12
211 216
57 24
192 11
58 4
166 134
79 1
242 8
88 72
123 19
113 3
82 49
109 6
5 4
82 55
72 3
169 7
153 88
145 32
211 55
192 1
129 3
220 3
82 25
58 3
136 7
130 110
143 2
194 93
165 8
118 59
211 238
96 12
143 24
192 4
181 12
72 4
142 32
84 6
135 8
243 6
81 27
211 125
239 171
135 12
50 13
137 7
79 119
224 10
146 60
245 121
210 179
170 174
214 103
158 3
37 69
206 184
233 93
215 140
82 56
201 4
88 92
105 176
163 95
211 66
211 38
47 69
105 47
82 193
82 43
238 31
97 2
212 206
97 16
203 102
245 87
229 112
210 164
35 4
200 1
239 82
197 2
172 3
211 226
57 114
196 4
203 4
218 16
212 70
87 4
17 2
120 139
58 5
211 127
101 4
212 87
9 4
166 156
120 146
82 176
47 202
120 132
165 7
47 6
79 29
28 175
144 11
96 4
121 4
240 91
183 12
197 8
228 6
131 106
9 33
141 192
100 94
118 13
25 11
98 3
143 188
50 65
211 60
212 155
71 9
177 5
194 1
187 7
147 32
61 12
88 192
213 145
211 74
201 22
85 2
190 6
79 226
35 6
239 217
234 6
167 113
221 3
211 67
207 131
218 3
47 103
212 179
82 66
50 107
194 8
177 2
100 92
20 27
53 32
28 31
134 11
128 3
207 211
237 82
82 75
90 4
81 20
55 12
162 3
154 53
82 203
167 7
143 110
191 111
211 134
47 170
216 47
82 26
10 3
209 84
136 19
73 4
50 47
118 179
142 3
199 8
213 103
117 47
86 1
215 67
2 176
37 51
178 4
166 178
226 114
57 110
76 8
207 171
232 22
205 33
153 129
166 86
102 8
210 60
116 31
88 82
27 4
80 23
143 16
93 31
210 16
13 4
141 193
229 1
124 10
77 2
246 11
147 20
142 16
217 41
137 114
72 8
68 33
214 79
152 50
47 206
88 198
191 5
46 4
154 38
5 32
226 16
211 200
88 155
4 31
76 4
220 221
135 10
154 165
5 10
211 49
135 2
82 53
211 83
211 73
88 99
72 115
47 38
47 193
211 222
211 61
98 4
95 33
50 62
191 12
198 7
50 160
82 46
37 72
38 8
211 237
216 70
54 27
8 176
96 6
142 110
75 11
23 4
154 169
239 85
139 6
146 69
227 31
163 4
131 86
79 161
185 6
198 12
63 4
191 7
231 1
118 38
137 175
161 4
53 24
101 12
146 53
69 6
113 4
214 140
68 16
141 1
47 204
177 11
108 7
76 11
187 11
79 58
29 10
21 12
234 31
217 50
91 12
173 175
193 32
82 51
79 80
82 54
97 4
113 6
54 8
165 1
215 138
207 41
50 124
70 7
58 24
20 9
57 33
102 10
156 6
90 95
37 46
91 2
91 11
206 12
80 8
20 174
152 82
51 11
50 119
86 2
223 7
73 19
42 4
120 119
244 7
244 68
53 114
38 3
154 51
100 96
13 1
222 10
215 41
50 206
199 3
45 5
240 47
88 115
44 3
157 116
46 10
210 71
37 49
207 123
115 6
224 8
70 12
19 8
217 138
73 109
81 24
227 10
76 2
183 3
166 65
105 163
181 7
242 10
37 47
185 2
122 4
30 26
60 32
237 8
82 62
232 1
149 20
169 110
151 9
147 115
47 3
30 2
77 8
166 82
58 32
82 20
141 2
238 92
88 161
51 6
120 30
154 107
54 224
226 2
236 22
179 2
40 1
213 44
136 55
131 105
215 87
143 3
63 114
50 155
211 195
47 85
199 110
147 11
19 1
88 197
205 3
190 9
47 191
161 11
184 4
125 53
63 110
71 11
25 4
216 138
148 16
29 3
145 3
47 61
196 224
233 27
46 8
45 11
143 1
136 4
227 12
57 5
37 62
50 67
167 18
111 4
179 11
90 10
206 7
245 85
47 160
82 16
211 232
203 32
141 11
208 51
41 8
2 4
193 11
101 11
88 104
118 7
29 7
115 9
37 73
143 11
136 24
26 23
166 16
95 176
210 36
10 4
149 27
166 50
233 114
165 2
245 71
151 24
97 3
143 21
210 77
211 234
226 1
47 159
217 85
242 12
16 9
246 8
79 45
5 9
159 68
108 8
167 82
82 35
50 54
47 81
105 81
30 12
124 11
96 3
163 7
54 23
50 39
166 23
215 50
54 5
238 95
229 109
245 35
127 4
137 193
134 1
123 184
154 164
143 10
143 12
120 145
32 4
233 1
106 3
207 125
50 55
12 4
47 72
237 81
79 179
49 1
17 26
144 21
120 107
123 4
50 90
120 17
148 21
143 218
217 35
56 6
87 10
187 3
183 11
79 0
25 10
232 11
128 2
179 4
151 3
229 68
190 1
207 17
233 12
242 1
79 47
123 40
73 12
166 34
47 68
142 27
88 51
145 218
18 33
239 79
85 11
163 6
136 20
81 8
50 80
89 1
153 71
47 48
0 2
27 3
77 12
189 24
209 87
226 33
123 5
0 7
154 159
154 65
28 27
154 166
75 12
48 4
47 115
227 33
82 87
205 8
161 1
218 4
147 1
29 19
56 2
65 6
46 6
9 6
3 31
246 4
209 118
54 114
110 16
146 80
145 115
80 19
43 4
184 12
239 244
47 65
166 57
116 175
210 82
51 7
155 4
10 31
229 31
207 141
210 200
235 11
227 3
211 36
163 16
231 95
144 24
213 50
193 1
62 16
162 7
235 12
47 67
38 12
25 8
82 200
16 33
5 6
215 129
22 3
36 4
145 16
215 144
217 15
154 8
105 7
224 110
82 114
51 1
211 139
144 20
211 129
11 176
211 227
82 32
120 140
144 2
147 7
87 2
100 10
29 6
166 84
41 21
168 3
166 104
239 108
166 43
207 29
82 199
182 95
47 179
82 167
44 4
228 2
52 4
212 72
205 7
103 43
41 24
146 163
21 4
98 114
150 3
50 168
103 66
120 35
38 10
115 3
211 175
124 6
211 39
216 85
116 6
213 14
155 95
235 8
215 103
154 1
91 97
54 33
210 61
228 7
78 1
220 23
154 123
234 95
37 42
47 101
116 114
117 107
71 20
30 7
28 4
126 19
154 56
224 4
212 80
198 110
219 184
215 107
82 67
56 12
37 76
82 84
13 6
206 4
120 86
167 95
97 8
232 2
79 167
37 43
241 53
105 83
197 12
50 165
88 5
141 8
147 9
47 40
145 188
85 16
211 15
200 12
50 6
179 8
82 191
183 110
181 4
50 57
147 16
79 190
166 160
171 118
47 59
198 3
228 10
46 12
188 6
129 7
150 172
154 119
145 6
50 156
82 15
150 115
174 6
68 4
73 110
149 24
105 86
120 152
86 24
145 21
227 8
47 194
55 2
211 194
232 8
82 88
172 6
74 3
111 33
12 6
212 82
50 16
150 21
173 114
27 6
182 32
97 6
30 18
84 2
171 60
71 220
26 3
240 208
11 4
142 188
200 8
130 4
141 195
231 2
235 95
144 12
15 4
167 110
229 4
110 4
105 60
74 4
36 2
242 11
129 12
151 4
145 27
88 202
212 38
145 23
15 6
161 6
41 115
120 84
173 6
151 16
129 1
151 6
47 184
192 32
245 209
46 1
147 110
21 3
47 20
165 3
154 72
54 110
118 165
57 221
207 10
50 106
142 24
215 35
127 28
205 10
100 2
89 11
157 4
37 53
50 20
78 10
167 188
47 36
230 3
120 151
72 1
130 3
102 2
91 28
56 24
199 11
17 24
224 6
145 9
50 81
224 1
198 6
108 111
60 6
190 23
1 10
167 57
159 218
24 3
209 129
167 92
225 6
211 30
87 16
5 3
79 126
166 163
127 6
53 110
212 105
141 7
166 26
164 69
82 113
94 31
50 83
53 3
237 38
25 7
30 16
236 1
153 61
88 50
161 3
5 8
211 171
97 10
166 165
209 50
63 227
144 9
74 12
231 6
71 7
54 12
184 7
225 3
237 61
19 4
83 12
146 1
207 122
210 38
88 22
229 147
82 59
82 57
183 6
208 50
73 11
37 61
93 176
215 151
154 83
90 2
82 36
239 214
105 69
21 1
13 2
111 7
120 13
168 33
24 4
82 129
156 116
79 113
181 10
79 64
168 16
213 15
47 113
79 177
228 11
135 7
240 239
30 20
80 110
50 98
191 11
17 6
226 27
56 27
245 70
37 87
88 32
50 64
82 81
82 179
152 8
130 204
124 8
180 19
2 31
58 33
117 55
219 4
210 155
45 7
195 10
55 7
47 186
112 31
169 68
73 1
17 16
154 7
116 4
17 23
163 10
182 16
153 68
144 16
29 11
207 169
189 110
120 104
82 19
154 41
237 57
54 116
101 10
197 1
135 3
211 217
152 186
79 69
211 231
82 194
29 18
100 98
166 162
210 109
79 51
50 79
50 159
159 4
79 89
79 56
45 10
187 1
228 1
79 165
17 9
231 12
172 33
146 49
215 81
76 1
154 43
135 4
73 7
213 79
211 52
77 10
229 16
154 163
199 10
211 212
120 81
73 8
137 195
166 107
131 66
165 4
25 3
171 79
37 50
77 4
207 212
226 218
52 19
198 4
30 25
61 95
177 1
79 241
82 196
82 242
154 158
185 1
154 155
140 206
194 4
207 166
228 94
146 158
25 2
212 69
145 110
50 85
207 146
142 218
167 62
79 137
47 185
103 104
184 2
85 12
123 80
146 55
99 3
42 3
108 16
144 4
117 108
83 8
28 95
29 22
37 75
124 7
229 32
209 71
151 32
37 45
132 6
211 146
2 6
96 8
50 8
50 164
73 111
82 206
70 6
47 201
169 50
80 1
211 192
167 168
64 4
206 8
34 3
56 110
176 31
245 45
91 92
206 11
21 9
56 11
211 181
244 174
233 10
5 11
34 6
190 3
30 22
47 203
88 179
158 116
25 111
198 10
19 115
188 3
166 155
105 64
183 16
50 60
143 27
212 201
89 10
153 72
147 218
128 1
164 4
118 67
77 7
37 38
165 69
211 136
177 6
128 4
240 154
63 12
190 10
214 41
77 5
47 198
112 6
47 16
50 99
211 62
207 174
16 4
2 3
205 2
231 11
82 161
207 100
82 187
5 2
187 4
17 21
154 80
154 50
135 6
151 173
79 72
236 8
45 4
155 32
223 2
37 67
105 160
211 161
91 98
42 116
47 49
86 19
59 24
30 11
246 3
137 194
138 6
245 139
233 8
105 67
50 104
91 95
166 99
245 14
82 99
86 11
37 39
240 79
239 243
111 16
83 119
200 10
229 11
211 209
242 7
120 124
49 4
117 119
160 3
120 105
226 12
134 116
118 61
179 3
211 86
37 89
78 5
242 4
212 79
60 110
79 25
64 2
32 16
211 229
69 3
74 6
230 31
98 31
88 48
157 6
62 3
129 10
166 85
36 21
82 104
89 4
22 31
102 4
14 3
47 13
49 7
207 82
101 7
38 6
37 82
50 14
149 115
79 85
39 6
105 104
152 110
17 11
29 16
105 155
118 155
88 68
37 60
105 66
214 50
135 1
244 1
73 10
105 41
37 54
214 139
154 162
167 60
118 180
199 2
82 33
118 72
62 6
41 12
19 10
212 51
179 111
35 9
33 4
159 3
82 7
32 33
142 8
105 156
120 122
191 8
217 177
184 11
134 110
169 33
119 6
170 27
227 93
79 66
170 6
47 107
27 31
118 66
34 4
231 7
85 10
170 4
95 6
47 196
211 239
139 4
60 4
38 2
219 19
190 7
47 205
209 137
166 53
50 170
55 1
88 23
79 39
47 53
211 123
51 3
47 189
82 68
82 235
211 214
215 43
124 3
141 10
82 232
211 79
204 12
153 49
173 4
246 2
82 201
29 2
234 7
55 10
47 73
108 93
37 59
182 11
38 7
208 83
160 6
154 15
174 31
79 94
211 103
17 19
69 4
211 47
105 42
189 6
214 58
64 12
128 11
63 24
29 4
17 25
105 65
91 10
246 111
26 4
74 10
82 184
120 144
168 6
235 31
167 115
153 54
37 15
245 43
213 177
146 61
245 129
61 69
54 19
181 1
232 4
220 4
192 8
154 82
19 7
150 9
106 6
60 27
70 4
55 110
53 33
120 123
191 4
235 6
29 24
28 6
94 4
206 10
148 32
214 138
23 16
118 57
37 86
184 1
152 23
184 6
245 134
131 44
211 137
244 110
210 73
79 44
204 2
37 74
229 95
160 68
19 2
108 109
147 24
57 10
242 2
148 20
98 6
212 164
37 80
226 95
118 172
207 209
207 71
190 8
154 39
229 9
216 107
59 6
50 190
96 27
82 162
50 11
79 106
214 86
50 162
71 2
88 57
211 46
96 2
33 31
94 33
187 6
47 111
183 2
187 10
57 7
134 6
50 56
37 48
36 11
84 3
173 3
150 110
177 12
160 27
127 94
82 202
47 58
180 4
118 50
50 88
71 23
47 83
130 6
72 6
79 22
207 70
63 0
144 10
50 152
63 26
150 20
118 124
47 174
239 37
239 88
181 2
244 168
206 9
233 174
154 160
50 157
52 23
154 59
103 86
74 8
186 3
50 70
47 86
244 114
195 8
181 19
84 4
67 3
168 173
204 7
41 32
166 68
87 9
108 9
228 8
38 1
47 26
24 9
147 173
211 56
237 50
38 11
207 137
181 11
63 92
47 195
145 4
56 5
41 3
121 6
60 33
104 116
76 7
208 22
57 27
234 12
41 172
85 9
216 79
214 35
128 8
209 43
195 12
82 172
210 180
169 82
185 3
211 183
197 7
79 157
108 10
47 10
199 6
79 54
143 6
235 27
82 158
111 10
22 176
8 3
120 103
37 52
25 6
212 59
152 7
211 213
136 11
81 4
194 10
108 24
157 3
210 88
79 156
214 84
226 31
79 169
162 16
19 110
45 8
53 27
111 3
79 232
19 6
147 3
154 49
96 11
10 6
109 27
72 10
245 138
211 236
245 145
120 135
212 123
82 69
80 94
62 4
211 228
59 114
146 38
195 2
100 97
0 11
82 185
141 194
90 12
82 205
40 6
244 16
17 20
0 6
109 31
50 53
88 69
213 140
215 139
47 156
156 3
86 10
244 62
182 6
79 36
211 154
181 8
63 98
50 32
204 11
245 147
79 103
91 93
82 18
212 55
47 22
96 31
182 8
26 6
148 110
86 12
192 7
82 95
144 115
166 158
177 4
33 6
207 217
153 206
142 4
222 12
151 218
37 77
224 7
57 12
246 1
47 25
47 192
80 20
133 3
197 110
153 38
105 129
82 64
171 41
37 63
47 199
189 33
170 114
55 101
245 84
212 53
163 8
20 6
56 3
224 2
79 15
88 158
181 95
182 7
61 11
111 8
118 167
82 60
47 23
185 4
70 8
105 103
235 4
246 10
211 50
71 6
47 39
24 6
11 6
154 90
179 10
162 6
47 124
81 218
180 21
17 3
149 11
47 75
15 3
117 0
82 86
43 7
97 111
87 11
196 33
148 9
82 61
166 47
59 5
144 218
79 68
198 1
235 3
50 82
67 4
137 55
120 43
74 9
105 72
213 138
142 21
56 32
111 1
88 56
91 20
79 231
85 19
88 16
177 10
108 4
245 151
55 6
30 1
188 16
232 7
50 59
239 117
50 163
33 174
127 1
192 10
30 24
210 75
15 16
210 86
84 8
63 94
127 31
240 212
124 2
73 9
126 20
95 31
150 24
120 50
57 11
234 2
63 31
211 41
72 7
111 11
198 11
5 33
210 98
40 4
82 74
211 72
192 2
215 44
18 9
78 12
79 129
175 6
46 7
105 189
132 3
231 8
88 101
17 7
37 90
49 11
233 31
183 10
29 21
159 23
100 31
37 78
211 199
235 93
240 166
120 126
179 110
205 32
105 157
237 53
147 21
71 1
231 10
227 4
103 88
55 32
242 6
55 33
120 83
126 4
191 1
131 103
134 3
100 19
211 179
210 50
108 114
212 57
152 107
124 12
225 4
162 12
215 47
118 55
120 142
169 8
64 10
195 4
13 8
128 33
205 9
161 8
94 3
218 33
212 162
229 12
82 45
59 3
210 56
65 3
195 9
84 12
85 7
233 2
120 143
97 11
211 76
165 95
37 81
79 227
88 203
221 9
108 27
81 3
153 77
245 44
78 19
210 90
159 27
47 8
50 110
75 7
153 46
236 11
238 4
63 196
87 8
170 31
88 205
0 1
175 95
26 32
115 4
54 24
1 31
197 6
212 157
25 9
105 43
167 27
179 7
57 19
148 3
154 67
118 69
210 190
79 60
117 118
37 64
17 8
215 118
190 11
69 23
211 110
210 206
148 218
189 5
63 62
11 3
147 4
154 168
50 66
229 7
82 198
80 2
146 22
21 6
89 12
115 33
173 27
105 162
50 51
199 9
154 68
154 61
50 103
194 2
214 46
56 114
127 3
4 176
153 60
165 12
237 7
63 93
138 4
79 43
183 95
37 83
178 68
47 84
244 8
154 58
82 72
60 5
217 14
230 6
207 126
224 16
211 118
54 16
207 37
182 10
207 87
179 6
95 4
119 4
120 87
47 57
49 3
79 46
37 55
77 11
191 2
232 12
70 2
79 61
11 31
88 168
47 165
59 23
37 79
153 80
87 7
211 84
24 33
175 4
82 28
235 33
111 12
191 19
84 16
245 86
154 84
230 4
229 110
79 187
209 35
124 4
50 71
158 6
146 57
82 204
17 1
169 104
153 59
245 137
37 71
54 218
51 8
105 106
126 192
212 104
82 1
47 134
90 7
154 152
0 9
210 89
19 3
245 13
79 206
57 3
163 12
164 6
202 3
72 11
120 150
91 1
45 2
154 170
127 12
163 23
136 193
96 95
171 53
195 11
227 1
210 178
137 6
63 1
149 10
151 20
216 104
12 3
79 88
131 121
199 1
120 148
212 163
83 11
60 114
68 6
82 80
237 89
87 19
80 3
88 195
181 16
238 6
226 11
127 10
33 3
60 3
82 96
108 2
102 12
41 6
80 10
5 1
114 9
182 9
102 11
193 12
129 4
20 114
39 4
120 82
148 173
82 48
73 3
194 32
136 10
50 23
83 21
62 10
200 11
50 35
210 68
239 47
211 63
167 111
30 21
212 83
17 22
49 2
166 98
125 1
187 8
85 8
185 16
47 157
246 6
188 115
216 50
154 87
204 93
179 1
149 173
187 2
79 38
173 174
101 8
87 12
47 43
82 38
120 137
199 16
207 52
137 19
127 114
193 4
137 31
54 32
47 119
205 1
149 9
226 6
179 19
184 10
234 11
207 79
215 70
37 84
211 113
177 7
105 53
49 8
212 60
147 172
118 157
163 69
166 164
118 163
127 11
187 12
211 138
237 72
207 208
238 174
144 32
22 6
75 2
88 38
145 24
14 4
56 10
96 7
218 6
142 115
47 158
81 32
161 7
205 4
147 12
229 8
212 58
227 2
23 6
141 12
142 20
120 149
196 16
226 7
137 3
104 6
66 4
70 1
16 6
154 81
185 27
88 58
144 188
18 3
4 3
134 8
154 88
82 115
79 86
82 155
47 78
211 77
65 4
142 6
86 20
223 4
107 6
154 98
166 38
162 11
237 60
13 11
215 14
82 190
100 8
245 104
244 113
131 164
223 11
18 32
150 173
86 7
57 4
63 218
107 186
88 165
105 107
89 8
47 60
136 194
54 225
226 20
0 4
160 218
136 1
59 4
216 147
211 166
120 41
127 33
50 196
81 110
63 20
229 20
73 6
216 81
189 114
166 54
47 55
154 99
211 208
118 162
92 3
117 50
211 100
139 3
120 147
37 88
211 85
48 6
54 4
227 6
223 1
211 70
3 6
151 110
235 2
148 24
212 66
90 11
191 9
50 158
231 3
114 6
103 99
21 2
225 110
67 6
240 100
244 31
85 1
108 94
84 10
7 6
108 110
120 79
47 176
191 10
162 1
197 4
16 3
127 109
109 114
210 84
244 20
215 79
167 225
100 68
142 9
231 93
95 3
36 1
51 2
237 54
63 128
47 167
212 64
76 6
184 8
120 129
217 66
159 186
246 12
178 6
47 162
209 79
120 138
236 2
36 8
82 10
81 21
89 6
120 131
167 68
211 54
165 11
99 4
200 4
163 3
81 16
125 115
8 31
149 4
154 157
45 6
30 6
188 4
114 16
79 49
97 27
204 1
166 83
137 192
216 105
215 150
110 3
47 64
147 27
240 217
162 2
82 50
239 216
84 9
120 42
212 41
127 2
128 6
213 121
131 57
244 3
79 235
109 3
182 12
149 12
71 3
146 157
47 190
120 29
126 193
54 3
244 56
41 2
100 93
46 2
108 32
215 130
150 4
53 5
189 4
120 71
70 10
185 7
194 11
88 107
22 186
82 21
117 65
20 31
136 12
208 53
237 65
118 68
193 10
154 104
205 11
149 8
211 75
37 70
146 56
90 1
127 218
207 176
41 10
129 11
191 16
63 10
239 134
207 86
82 11
71 12
74 11
84 7
79 162
103 107
51 4
79 158
137 27
193 7
47 110
57 6
150 6
56 93
246 27
209 139
70 3
55 3
234 4
54 1
224 3
47 155
202 6
75 8
226 93
238 3
47 200
229 2
240 171
212 158
215 121
211 168
49 10
105 59
21 11
88 40
160 186
50 141
79 62
83 10
234 8
168 4
120 106
163 1
179 12
235 110
160 23
55 24
34 9
170 3
216 139
47 82
19 9
100 11
163 11
29 25
47 106
41 4
82 12
154 60
148 27
90 8
149 218
136 195
196 3
207 84
80 16
63 16
146 51
89 95
120 34
19 11
108 95
96 10
63 32
146 164
80 7
47 7
210 80
238 7
105 206
82 192
110 33
239 166
118 104
223 8
229 10
86 8
217 129
50 7
175 27
86 4
210 62
149 2
183 1
37 57
81 115
47 32
164 95
105 197
151 172
54 7
29 26
84 19
23 33
42 6
55 4
199 12
37 65
79 71
217 83
195 1
40 3
239 212
63 7
231 115
211 44
82 71
1 3
211 82
33 176
140 43
37 68
127 27
79 78
154 167
79 83
22 10
207 215
50 172
224 32
131 58
88 80
151 21
88 164
50 61
149 21
37 56
118 83
144 3
56 1
72 20
36 10
79 73
79 53
145 20
111 6
50 0
61 8
47 66
75 1
75 3
116 174
88 60
73 16
30 4
82 83
211 91
61 10
47 12
162 8
120 128
211 71
149 16
206 2
244 94
120 44
216 103
141 55
72 2
29 8
116 3
57 9
199 111
58 114
132 4
108 112
58 110
47 172
114 3
210 195
82 178
78 2
73 2
41 7
239 140
4 6
209 41
108 11
167 8
131 88
26 22
109 174
215 105
128 7
167 32
103 105
232 10
207 135
165 10
0 5
65 95
162 10
14 6
63 96
162 69
149 1
41 11
86 16
217 106
56 4
89 2
134 7
200 2
154 66
44 6
237 58
80 12
79 76
82 78
172 4
211 109
62 2
29 12
216 41
149 172
223 10
147 6
74 2
137 1
119 3
245 15
88 20
211 37
154 12
166 15
144 27
211 223
210 113
45 1
12 31
43 1
66 6
229 230
20 175
57 1
147 2
46 11
207 91
30 10
41 16
47 56
17 28
13 10
166 157
101 1
167 33
212 103
211 131
211 80
84 1
25 12
214 130
89 7
82 23
245 216
37 44
207 136
120 0
120 68
222 11
50 89
214 0
215 15
47 187
47 161
171 140
211 153
170 175
207 213
114 4
148 172
18 6
50 87
74 33
50 34
245 213
47 168
126 195
118 25
19 32
116 27
85 4
79 127
200 6
32 3
108 1
182 2
150 218
185 12
244 230
236 7
128 93
166 170
214 13
82 22
193 8
47 164
192 12
82 195
210 201
193 2
129 8
78 7
161 2
212 47
213 139
210 25
229 93
105 164
105 158
5 110
153 36
198 2
240 117
224 12
61 173
212 137
244 9
245 41
127 7
88 184
88 53
17 12
213 41
169 196
29 20
146 104
199 7
190 111
97 12
231 4
63 8
153 82
91 31
98 175
9 3
80 11
54 2
54 10
246 7
209 138
158 4
84 32
57 16
105 57
226 4
205 12
108 20
136 2
100 20
79 82
234 10
82 244
210 57
23 3
211 235
91 19
120 136
47 180
82 41
50 72
151 27
198 8
222 7
120 52
61 2
50 38
245 81
118 8
216 134
147 10
228 26
234 27
123 23
189 3
229 111
154 105
128 10
55 27
21 7
21 33
54 11
221 4
182 4
58 6
70 16
207 30
75 4
228 12
32 6
167 61
120 118
217 84
47 178
50 161
83 4
83 7
239 213
20 3
162 4
45 12
54 6
189 32
46 5
120 67
236 12
37 40
129 5
79 57
121 3
22 93
63 233
155 3
94 6
41 1
154 161
57 23
211 117
57 2
126 194
127 95
173 31
91 8
236 10
107 174
134 2
103 106
50 178
222 2
168 27
21 32
161 12
181 9
50 179
82 9
120 37
50 5
164 184
146 72
214 44
154 71
207 103
206 19
239 162
120 66
68 3
208 67
150 32
239 209
217 103
37 41
13 12
71 21
195 32
57 93
211 78
61 1
200 24
143 115
216 44
81 188
244 6
47 18
120 47
82 14
230 27
154 57
79 55
79 104
105 165
210 161
211 182
207 210
79 198
25 1
102 1
149 32
212 99
76 12
192 9
166 66
83 1
207 50
80 4
200 7
79 155
120 70
75 10
55 5
47 197
64 8
95 174
131 59
13 3
17 4
217 139
47 50
143 20
235 7
63 27
166 67
235 1
38 4
131 68
17 18
82 73
143 32
94 174
136 8
228 4
171 129
229 24
215 68
37 66
82 134
141 4
210 78
91 22
245 177
216 86
146 67
175 31
30 8
221 6
217 67
52 184
21 10
63 234
62 11
47 104
227 11
51 10
214 177
79 87
134 10
137 4
100 12
50 84
10 176
62 7
186 6
102 7
88 21
209 121
136 192
149 3
19 21
207 214
207 47
112 3
79 84
47 31
127 8
104 3
36 7
62 1
55 8
114 27
154 47
63 11
219 23
244 88
197 10
211 108
91 96
211 233
167 56
207 83
79 164
98 174
105 88
166 56
