133 87
61 60
134 43
6 9
35 30
124 96
9 27
40 7
12 26
90 61
5 49
86 13
113 9
47 7
5 64
12 39
35 44
30 18
43 17
46 27
44 24
28 20
43 44
72 49
132 100
43 47
93 31
7 20
87 5
93 59
90 32
40 27
90 31
91 45
75 3
10 48
111 33
8 25
127 114
32 3
55 4
8 21
129 74
103 15
69 6
83 10
33 19
42 7
34 15
5 27
63 4
38 26
12 42
109 22
86 6
128 99
55 22
50 42
4 22
13 31
28 5
42 41
62 37
56 23
45 39
36 49
94 64
90 10
125 52
56 20
20 15
12 27
12 37
18 1
114 65
12 23
129 124
115 67
127 67
10 33
69 36
56 22
114 64
2 5
118 42
5 15
61 37
111 5
72 19
88 1
106 67
11 48
127 121
56 19
132 133
109 46
71 6
143 96
45 23
94 69
37 38
4 7
33 21
88 18
49 8
4 6
140 99
143 86
60 4
34 47
9 8
89 64
43 26
120 6
114 11
28 23
115 45
142 143
34 5
39 25
46 44
64 33
62 67
48 41
67 32
64 24
94 4
15 19
37 3
65 59
13 59
134 94
54 0
69 5
10 36
10 34
128 87
48 9
46 49
51 17
32 4
109 42
48 44
144 111
33 8
46 21
40 19
47 38
72 25
120 23
135 106
7 47
124 61
140 79
71 26
47 29
4 20
46 35
17 0
108 11
110 26
31 34
61 40
72 22
24 0
69 10
36 29
39 38
34 38
95 49
88 17
114 45
55 8
124 116
55 23
68 4
69 8
64 4
35 29
45 3
7 38
75 23
36 10
116 32
27 21
129 97
20 8
56 6
68 34
67 34
4 39
9 44
44 17
42 23
44 4
62 64
100 10
86 10
12 46
140 51
24 22
103 3
120 3
109 8
134 86
60 48
110 20
62 32
118 35
112 65
32 25
105 26
40 24
120 43
42 47
64 15
63 34
4 21
66 67
129 80
115 60
75 21
22 1
101 6
143 115
127 69
4 8
140 93
46 30
48 37
113 5
40 4
93 5
102 11
105 29
141 124
7 17
10 32
5 8
140 78
61 34
125 124
40 36
23 1
140 105
43 36
105 8
55 18
110 22
88 4
8 18
65 31
60 43
56 41
31 9
64 18
113 12
5 36
115 32
41 27
140 87
32 26
35 27
28 49
85 4
46 25
93 43
111 24
26 21
32 9
37 25
61 10
15 24
119 7
122 111
87 68
140 108
132 80
94 67
72 10
113 23
115 10
59 6
133 81
48 29
67 10
64 7
101 23
7 30
8 26
5 40
112 11
60 33
10 8
43 9
135 137
134 116
64 35
105 6
61 5
24 27
130 54
115 12
16 18
66 45
60 31
119 21
133 101
88 7
96 61
46 15
68 32
50 30
82 67
45 8
99 65
133 53
5 25
110 64
110 40
118 15
98 10
130 124
64 19
30 7
46 38
110 3
31 44
118 29
42 5
87 13
10 44
38 18
144 124
89 12
8 15
110 24
109 27
35 15
48 20
12 30
42 44
7 33
135 91
3 15
48 4
67 48
131 93
17 26
96 10
39 8
48 12
124 78
132 124
107 30
140 70
10 15
100 26
40 22
111 23
35 36
90 5
66 40
127 37
34 7
62 60
75 15
115 31
44 9
48 18
65 66
5 26
66 5
8 29
71 22
85 7
104 1
11 39
28 30
25 27
61 67
135 90
19 27
24 23
56 15
29 10
110 37
35 12
41 18
82 64
32 12
144 29
101 25
6 21
55 6
63 32
111 60
127 78
116 69
118 43
49 25
89 61
119 49
67 36
119 5
56 46
91 61
15 1
39 22
86 4
42 39
40 31
18 26
11 30
63 35
124 66
40 3
60 47
13 48
122 77
72 12
134 62
12 47
103 8
56 36
55 17
18 9
60 49
28 9
36 0
66 43
114 10
134 69
116 59
10 31
45 27
27 0
36 4
118 34
133 73
129 114
28 36
140 88
26 24
132 57
65 12
133 51
131 124
104 26
49 23
59 9
110 33
93 13
28 8
30 17
56 33
30 8
45 31
117 67
9 49
29 49
144 143
28 6
43 34
59 35
27 19
59 4
49 1
40 35
110 34
48 15
43 29
82 60
32 42
28 41
105 17
58 11
56 34
64 27
47 10
57 13
112 5
135 126
45 15
32 41
12 44
61 64
115 59
127 63
129 117
39 18
135 89
133 86
48 6
95 9
11 32
121 11
72 27
64 39
90 11
42 29
119 8
76 7
5 24
117 4
45 6
29 15
36 6
10 30
63 40
19 21
50 27
45 12
105 21
141 73
111 43
18 8
31 10
68 62
46 41
3 0
48 39
8 49
14 15
4 34
63 7
17 27
10 20
20 23
140 58
45 19
67 69
91 62
42 8
140 106
143 61
100 11
51 25
31 8
7 18
47 21
24 3
11 4
117 43
117 32
68 48
39 36
67 43
24 6
28 12
17 22
37 29
116 35
39 6
37 21
65 32
141 111
117 69
59 46
18 17
46 20
6 17
41 4
111 6
115 39
28 10
77 80
5 4
102 25
62 34
71 18
4 26
47 9
110 11
58 65
70 5
67 33
101 11
90 67
93 48
76 23
40 23
119 9
142 128
72 30
37 8
15 21
119 4
117 64
63 11
115 4
114 60
82 10
31 47
100 6
40 46
38 9
121 9
87 67
66 31
65 62
111 41
9 26
144 76
50 17
21 26
124 117
95 26
117 46
45 22
40 15
3 24
89 48
43 37
11 41
118 24
134 78
30 26
71 47
57 11
60 44
93 69
58 62
6 22
32 39
91 48
6 49
109 6
46 33
124 69
117 40
35 20
63 45
28 42
111 49
124 86
61 35
60 26
43 6
127 124
144 140
67 30
29 6
109 44
109 12
101 8
31 6
118 32
27 18
75 8
133 52
18 7
104 27
7 39
45 4
82 63
128 58
34 29
127 80
67 31
135 139
140 71
110 46
124 29
101 12
60 22
34 19
76 18
120 8
20 7
40 39
3 21
86 12
63 31
17 3
116 34
76 27
121 10
134 80
62 5
143 79
116 12
47 26
82 69
69 42
133 110
64 36
59 30
140 30
40 41
56 4
116 41
77 81
106 30
26 22
112 59
93 35
143 68
67 47
68 7
43 10
6 0
109 29
104 21
43 7
129 78
110 25
29 17
57 10
67 46
46 36
40 38
95 25
69 64
90 45
9 38
49 9
37 44
71 25
34 22
67 40
35 17
62 48
20 18
133 92
124 114
42 37
118 18
89 31
61 32
128 85
94 32
12 22
17 1
50 37
56 10
29 4
56 30
40 48
118 8
39 9
11 45
50 21
45 49
28 19
91 11
47 23
17 21
127 68
48 42
42 26
59 32
66 61
18 21
6 38
45 10
49 27
67 37
124 127
26 20
38 4
34 37
37 47
100 4
45 35
69 23
45 29
19 17
12 6
38 7
6 15
120 5
18 6
12 4
32 15
31 49
58 45
66 63
43 12
41 19
60 35
111 37
23 21
42 20
42 27
143 80
34 26
49 24
35 47
129 120
36 8
128 118
36 19
69 59
37 30
120 10
41 23
93 67
130 99
133 50
60 39
118 27
119 38
109 19
116 42
67 5
129 66
67 8
95 44
109 39
47 6
35 21
45 40
93 40
45 32
67 4
93 61
115 5
83 9
46 37
3 26
81 5
32 37
125 58
28 44
51 8
140 98
140 86
64 3
109 18
82 12
56 27
38 24
43 49
11 42
19 25
144 75
91 12
6 47
93 68
2 6
64 22
129 115
124 81
20 9
21 0
47 49
135 112
115 36
41 39
60 5
11 10
55 0
56 42
4 18
9 23
23 26
128 51
59 5
110 44
140 80
41 22
5 20
59 22
128 119
32 44
112 60
24 26
134 114
56 39
43 23
50 25
36 25
106 63
75 25
30 10
118 25
110 32
76 21
141 112
97 10
18 25
4 47
40 43
43 46
85 6
96 43
59 48
61 31
63 10
143 116
36 17
36 27
117 34
37 33
120 30
63 43
42 33
127 61
10 35
109 5
98 12
15 22
20 21
67 29
114 59
95 41
16 17
133 107
111 47
101 27
72 41
59 37
34 6
74 5
69 34
71 29
21 15
94 61
41 33
50 5
105 23
31 4
27 20
131 87
69 47
133 108
59 10
43 18
26 18
12 64
35 38
94 46
71 10
5 29
36 33
26 17
119 24
102 7
109 15
95 22
80 66
37 4
7 41
72 23
59 29
105 9
91 43
25 24
43 27
35 4
129 43
133 124
41 7
103 5
48 27
93 45
100 8
88 21
110 42
64 49
56 37
122 110
45 44
40 18
130 87
23 24
105 27
102 13
110 41
50 22
134 63
142 111
25 26
108 13
18 27
64 31
58 10
20 17
65 64
71 4
105 10
83 7
88 6
20 1
119 29
9 17
124 74
41 37
4 9
28 46
35 19
39 33
60 8
43 24
25 21
64 46
134 127
102 6
36 23
140 74
19 7
72 33
32 18
40 29
95 23
39 19
27 17
60 6
97 5
141 138
69 37
36 44
46 26
69 60
50 7
43 32
62 69
94 31
8 17
17 23
125 87
37 22
59 39
28 35
41 44
12 40
131 126
43 31
39 29
42 9
111 15
117 59
78 10
95 7
93 10
99 12
133 102
12 29
11 31
119 33
5 38
98 5
110 43
9 19
25 1
99 60
5 45
46 3
132 102
39 15
96 45
12 7
28 26
29 26
109 24
121 37
17 9
125 127
33 27
107 61
5 47
47 17
30 38
19 1
64 44
36 20
66 32
109 37
64 20
6 39
109 34
58 59
40 9
6 26
128 77
9 22
140 101
132 126
61 63
118 48
59 36
2 12
101 5
85 12
122 124
135 93
41 17
64 9
34 36
124 121
7 25
132 103
7 23
64 43
111 7
45 9
48 22
133 105
86 5
58 66
62 10
34 18
31 38
127 66
90 13
37 26
8 24
59 24
103 23
143 124
99 11
132 77
9 47
111 30
118 12
62 43
58 64
37 23
129 69
76 26
55 26
99 61
44 22
114 62
33 49
63 48
76 4
69 19
127 29
131 54
33 0
115 33
43 22
35 5
12 32
12 24
6 29
89 62
143 117
47 19
89 13
43 41
95 20
29 18
50 3
94 11
114 68
115 64
32 34
92 0
28 4
141 75
69 4
6 23
48 19
7 19
143 120
49 6
28 47
38 25
135 2
4 44
79 12
40 49
69 15
28 39
30 9
69 7
59 64
93 46
5 43
29 0
67 60
22 24
130 127
107 63
105 7
72 21
7 15
39 17
35 3
102 8
6 3
29 20
69 40
94 59
23 0
34 24
71 21
132 95
128 93
70 13
68 5
7 21
47 15
100 25
133 85
2 10
111 48
72 20
42 3
87 66
133 103
31 33
83 27
115 69
12 49
110 30
110 49
48 23
38 20
5 18
45 11
68 60
95 36
5 6
124 63
127 94
61 46
125 53
67 3
96 31
66 60
118 37
128 111
45 17
4 19
15 17
32 47
19 6
85 5
93 12
12 60
110 31
43 33
110 5
27 22
12 36
91 69
67 64
127 65
6 19
70 11
56 17
10 17
4 25
9 21
28 31
88 27
53 1
31 20
33 29
133 70
33 15
64 47
60 27
44 0
32 10
28 45
42 17
70 10
51 23
95 47
17 15
115 7
10 29
87 65
143 74
11 12
28 17
96 12
83 6
95 34
61 59
116 67
117 11
131 127
41 49
140 103
67 7
124 62
12 59
28 25
36 26
127 74
19 24
28 43
107 68
15 18
83 8
45 47
120 27
61 11
33 18
103 7
87 62
128 129
82 5
132 53
29 3
50 15
59 11
60 42
50 29
135 14
72 7
47 4
74 11
91 60
90 40
97 12
10 27
82 66
96 64
111 26
25 23
130 53
135 16
65 69
60 36
6 27
56 25
111 20
22 0
100 12
133 111
85 10
115 30
48 24
28 7
124 120
10 3
30 20
25 15
49 21
121 5
29 38
81 12
11 64
38 44
143 66
87 11
118 47
88 15
119 44
48 36
115 48
140 102
44 27
113 15
6 20
46 17
11 7
130 126
46 47
122 30
35 42
56 44
28 22
26 1
48 35
94 5
29 1
37 0
50 8
10 22
69 44
9 15
100 15
128 110
62 11
31 22
91 67
117 63
59 44
111 11
22 18
58 43
64 38
135 92
59 12
72 9
60 9
127 81
2 7
110 12
45 18
113 26
3 29
134 68
40 6
46 5
124 79
30 21
35 18
44 6
133 28
140 113
16 15
140 119
10 7
63 69
78 5
29 23
59 15
58 5
110 29
35 10
65 5
63 46
18 22
40 37
66 69
45 7
4 29
33 20
62 4
11 43
60 19
135 105
96 4
118 11
73 15
61 69
4 27
45 42
84 17
18 15
91 13
37 24
25 17
118 6
141 84
46 10
66 11
59 42
60 41
62 6
119 10
113 27
60 24
97 11
93 32
4 15
24 1
144 56
29 19
56 7
59 23
111 35
110 60
69 43
89 45
72 3
75 26
35 33
72 4
63 60
135 119
13 45
95 37
10 39
63 67
19 22
44 25
43 5
120 29
33 4
95 39
29 24
111 29
41 47
48 49
32 24
62 46
36 3
48 38
65 45
56 18
117 60
39 27
124 65
5 48
69 29
41 9
15 26
19 4
5 3
111 46
8 38
82 62
50 47
51 4
130 77
109 7
10 6
35 25
68 35
95 15
21 1
99 59
95 27
58 13
30 6
115 41
60 37
38 27
71 0
90 59
135 118
28 24
27 15
33 38
133 79
64 5
49 44
93 11
59 49
34 4
41 8
63 41
118 46
105 15
121 7
142 110
129 67
24 7
115 37
37 36
106 61
128 105
110 48
36 24
56 35
55 15
99 62
133 74
71 8
133 113
11 35
65 40
113 25
48 7
38 23
124 115
50 9
103 27
118 36
5 30
102 9
76 15
4 41
59 3
55 1
2 8
119 30
111 32
103 11
67 42
47 44
40 34
50 26
72 8
30 29
133 71
128 131
34 10
36 18
34 33
32 38
91 64
71 9
0 1
56 5
91 40
46 7
82 11
121 69
39 20
128 130
34 27
144 55
49 19
119 18
134 81
65 10
58 61
18 23
64 29
119 41
107 69
111 31
113 4
96 13
111 44
72 47
11 36
48 21
103 6
110 35
55 21
130 92
127 117
120 42
68 61
122 112
60 25
109 23
41 36
111 22
119 15
44 23
140 50
34 17
30 24
115 9
31 24
45 48
120 4
71 17
74 10
49 0
115 46
31 35
94 10
6 30
116 13
143 69
28 38
42 6
69 45
118 17
91 68
140 107
72 17
27 26
113 22
140 85
20 25
35 34
56 38
111 12
34 8
111 8
39 7
59 31
116 45
36 38
115 6
127 86
68 67
33 23
118 7
76 17
134 67
82 13
17 8
8 44
66 12
52 1
82 40
10 24
46 18
104 15
66 59
144 104
79 13
125 77
31 37
117 48
11 5
68 12
37 7
3 22
31 17
127 79
37 39
99 5
19 9
82 65
64 48
105 18
116 7
3 17
89 67
114 67
7 26
96 59
129 94
37 19
5 46
10 26
63 59
109 10
25 22
81 10
129 68
96 68
21 22
133 54
56 8
43 4
42 36
2 3
143 43
20 0
58 12
7 24
50 18
105 4
10 47
62 45
64 17
5 42
33 25
111 27
96 69
128 71
58 67
144 109
91 32
117 7
108 5
5 22
65 13
11 60
69 30
35 37
114 66
134 37
19 26
95 8
13 12
111 10
46 29
32 6
28 15
90 60
130 93
12 41
60 38
113 3
50 6
64 45
76 8
46 24
132 101
41 25
13 10
76 24
107 67
141 30
83 22
95 19
62 40
31 36
134 120
57 7
117 62
88 22
111 39
118 38
37 15
122 73
104 9
117 61
33 10
33 3
110 7
109 36
19 18
45 43
20 6
113 10
51 15
60 7
13 32
100 7
4 35
7 49
44 26
43 30
113 7
143 97
110 4
60 46
43 19
111 36
38 21
131 77
5 34
69 25
37 20
69 39
140 81
143 121
72 39
40 42
71 3
10 42
64 23
114 12
109 35
23 15
103 9
31 12
5 19
41 38
134 121
67 35
133 95
44 7
7 36
4 36
29 25
60 15
12 3
19 15
8 0
87 60
45 34
35 6
72 42
37 10
51 7
144 110
18 0
117 42
45 5
141 109
33 7
9 29
42 19
135 138
5 44
64 32
39 4
83 15
102 27
127 116
51 9
64 30
44 8
5 37
42 21
44 19
42 18
89 32
67 45
2 4
28 29
40 32
41 10
99 68
4 23
51 3
35 24
133 134
105 3
19 3
118 23
90 68
45 33
127 120
60 64
11 9
111 18
12 9
129 37
106 62
90 64
59 26
134 97
110 47
90 12
134 79
92 1
60 40
80 63
32 30
51 18
142 140
88 8
64 40
35 22
40 25
41 3
109 17
141 104
8 27
42 34
7 6
118 33
10 23
38 19
134 61
89 63
37 9
42 30
20 4
63 64
55 27
94 43
99 63
101 4
103 25
46 19
32 27
4 33
4 37
96 11
66 13
59 41
64 26
68 40
119 39
68 63
118 3
112 61
143 37
49 17
30 36
55 3
38 3
119 37
30 25
95 3
29 44
41 30
128 124
142 124
133 93
118 19
79 4
19 20
72 24
63 37
10 9
78 12
98 11
80 11
96 67
102 5
42 38
112 64
84 15
110 8
100 5
50 12
88 23
11 40
103 4
116 6
140 110
39 3
4 30
5 9
129 127
61 42
140 100
45 24
32 19
54 1
127 96
33 22
13 64
15 0
42 10
46 8
134 74
129 61
58 32
110 39
8 19
131 58
59 33
7 37
3 19
119 36
23 17
64 6
42 4
118 49
29 7
75 9
59 20
73 18
31 5
132 110
83 23
124 94
3 23
120 9
104 23
6 8
124 80
79 11
87 64
109 33
25 19
89 10
104 8
98 13
28 11
102 10
45 38
57 12
10 49
3 18
83 26
114 63
56 3
109 41
47 27
143 29
20 27
43 48
12 25
119 17
37 6
96 48
48 17
65 43
144 112
111 3
25 20
140 95
44 20
57 5
119 6
62 31
30 23
59 47
7 8
119 20
68 64
27 1
96 46
51 27
48 10
118 20
69 46
74 13
94 63
95 10
99 13
104 22
48 47
43 38
61 43
45 36
100 23
5 41
10 43
7 22
48 33
119 27
44 3
23 20
62 41
135 83
61 45
9 20
65 61
135 51
90 62
22 17
76 6
115 42
95 33
111 42
133 100
65 68
7 44
91 10
121 4
133 99
9 18
45 25
63 42
45 41
129 81
111 64
40 44
23 19
77 79
62 35
110 6
24 8
58 68
20 22
71 27
106 68
46 4
3 44
65 60
132 30
131 53
89 68
55 7
133 98
80 13
31 41
29 9
110 9
32 22
87 59
5 10
127 62
112 45
72 44
86 7
130 58
66 64
34 20
96 32
72 26
56 29
134 117
56 26
90 63
128 125
9 3
110 10
50 11
45 37
94 40
36 15
72 5
51 0
49 7
140 124
68 13
127 43
35 49
48 8
80 67
4 42
60 20
49 22
118 4
116 5
115 40
9 24
135 50
10 46
96 40
112 12
5 31
79 10
62 7
129 96
99 66
76 20
143 62
114 5
55 24
64 8
41 20
6 24
34 23
105 0
93 60
39 21
101 10
49 15
5 35
31 19
4 24
56 9
20 3
103 26
95 17
35 41
13 11
100 9
46 34
82 59
132 73
3 27
141 139
39 26
80 61
19 23
40 26
47 0
107 62
64 10
118 30
135 84
109 3
116 31
12 5
71 15
6 18
68 11
10 38
31 30
81 11
134 65
37 18
13 5
34 21
143 127
120 37
89 69
30 15
103 12
109 9
114 61
131 92
11 37
56 49
72 18
133 58
68 69
37 17
128 50
110 15
69 38
43 42
41 29
60 30
89 43
140 77
125 99
31 7
108 12
95 12
85 11
29 27
58 60
129 86
67 6
35 8
63 62
113 11
75 0
12 48
27 49
116 37
120 15
43 39
129 29
33 44
140 111
125 92
34 41
63 5
33 24
62 12
140 97
48 5
6 33
18 3
30 49
111 59
134 66
95 30
2 11
7 3
129 116
31 26
30 5
114 13
59 25
78 11
50 4
76 25
76 1
118 5
144 30
112 10
118 22
140 134
129 79
67 12
57 4
135 82
69 3
44 18
112 62
64 25
19 0
74 12
34 9
111 25
34 3
122 123
28 3
32 20
46 42
111 40
30 47
67 39
119 3
118 39
31 15
113 8
116 48
62 59
41 5
90 69
46 39
24 21
36 47
133 57
111 45
120 69
42 15
143 94
135 71
42 24
135 136
47 8
118 31
43 3
40 8
116 11
60 3
47 22
62 30
85 13
68 43
38 6
4 17
41 26
113 6
116 64
121 12
17 25
135 88
38 1
47 3
94 45
112 66
82 68
50 10
12 38
10 25
72 37
112 13
49 3
39 10
119 23
32 48
5 23
73 47
142 77
5 33
125 93
121 42
3 38
39 24
39 47
59 19
59 18
20 26
94 62
50 23
101 9
109 26
11 46
10 18
76 9
133 106
110 19
39 0
46 9
25 0
128 106
32 5
94 12
46 12
77 47
48 26
76 22
61 41
46 22
72 36
87 61
88 0
117 31
86 11
117 35
30 3
30 27
93 4
69 32
42 49
10 4
109 38
101 26
73 17
32 17
43 35
45 30
140 28
58 63
42 22
89 40
33 26
48 25
111 4
3 49
101 7
88 26
34 25
109 4
119 47
6 25
32 31
81 13
96 63
91 5
59 38
26 0
38 15
132 52
88 9
109 25
95 24
41 15
95 21
133 119
77 17
34 49
95 5
55 9
22 21
55 20
64 41
40 5
143 65
35 9
127 97
134 29
11 47
64 12
67 41
116 43
4 3
62 42
70 12
69 48
6 44
36 7
37 27
30 19
18 24
60 18
110 38
130 52
69 31
32 7
61 12
40 30
40 10
33 9
118 26
10 19
24 9
78 13
93 62
68 45
65 63
28 48
61 48
101 15
71 7
110 45
7 29
37 5
114 69
116 4
61 7
118 44
47 18
8 1
8 22
134 96
97 13
30 0
42 25
12 15
36 21
72 15
115 34
47 24
43 8
56 12
51 1
132 111
30 39
143 114
63 12
29 8
28 37
30 44
31 27
125 54
75 27
10 41
95 29
118 41
67 59
34 39
43 25
128 107
28 18
120 47
105 25
96 62
48 34
72 38
61 4
8 23
95 38
72 6
59 7
89 59
13 43
72 29
129 121
143 63
59 27
117 10
95 6
69 41
60 11
43 15
65 11
94 48
59 43
29 21
76 3
124 43
28 33
69 49
143 78
104 0
117 5
100 27
68 10
38 22
96 60
38 49
40 17
109 30
39 44
109 20
60 29
3 8
33 47
125 126
134 115
64 34
133 80
32 33
120 12
12 18
111 19
60 34
132 92
32 29
39 49
68 31
83 25
28 32
12 20
121 30
69 35
65 67
131 52
76 0
27 24
133 126
115 35
79 5
99 67
88 3
119 25
103 10
91 63
133 77
104 3
111 9
132 54
40 47
49 20
33 6
124 97
119 22
121 67
133 118
64 37
95 4
36 22
31 29
11 6
87 69
11 59
45 46
110 27
36 9
31 18
87 63
68 42
43 20
118 10
35 26
12 43
61 62
75 22
110 18
41 21
132 128
133 88
132 108
23 18
71 23
9 25
82 45
5 39
56 21
124 67
111 34
5 32
64 42
26 19
105 22
89 5
115 43
68 46
133 97
95 35
73 29
51 26
116 10
94 68
135 107
12 35
31 39
40 20
102 12
34 30
58 69
140 57
56 24
111 38
93 64
69 33
41 6
109 47
12 8
48 30
102 3
69 9
24 17
117 12
120 7
129 62
45 26
35 23
25 18
34 44
9 0
128 88
83 4
48 3
64 11
112 68
25 49
37 49
38 17
91 31
94 13
109 21
10 37
95 18
94 60
101 3
12 19
5 7
13 60
49 18
38 8
124 37
19 8
32 36
83 3
119 19
116 60
115 11
60 12
12 31
7 27
129 63
67 9
11 34
24 15
134 124
121 6
104 25
29 22
4 38
117 41
60 32
38 0
45 20
23 22
57 6
49 4
49 26
118 9
31 3
100 3
41 24
10 40
133 30
119 26
4 49
99 69
95 42
32 8
3 25
56 47
47 20
35 39
12 10
59 8
59 34
88 25
116 40
28 40
72 34
82 61
80 62
30 22
33 17
112 67
6 36
68 59
32 23
12 33
60 23
117 45
51 6
51 21
90 48
133 78
89 11
66 68
2 9
121 43
44 21
31 25
75 1
58 40
129 65
27 23
40 12
140 118
60 45
51 22
143 67
106 69
110 36
102 23
44 1
112 63
93 63
60 10
2 13
44 15
141 110
24 25
32 49
116 30
12 34
110 23
7 9
30 4
12 45
46 6
13 40
91 59
55 25
66 10
32 35
90 43
112 69
31 23
77 30
109 49
102 4
131 99
46 23
35 7
124 68
96 5
87 12
28 27
116 46
143 81
31 42
40 33
66 62
47 25
28 34
118 40
20 24
77 78
127 115
110 59
39 23
89 60
