68 82
147 17
56 34
142 70
47 15
66 6
203 49
19 4
22 6
13 6
142 73
22 26
87 47
99 21
114 9
7 11
181 25
179 19
53 54
187 72
3 17
78 6
74 30
57 82
76 1
198 109
72 9
72 4
8 1
204 4
198 194
98 13
205 6
18 21
45 16
36 1
85 20
46 14
116 6
129 38
197 8
154 23
206 4
154 17
198 85
109 17
106 13
174 3
42 2
140 13
205 2
128 12
120 135
198 79
150 6
147 4
104 1
74 25
48 34
62 6
133 3
136 21
184 25
2 1
179 9
85 16
161 96
198 0
166 7
162 24
178 38
179 7
177 6
116 8
114 8
141 21
59 6
199 3
107 12
204 21
7 14
191 1
108 1
199 49
86 70
149 2
164 27
20 14
28 30
191 20
157 7
87 49
99 13
199 13
171 12
117 118
175 6
77 3
198 93
144 13
166 38
209 1
198 167
139 12
147 27
139 19
93 49
168 25
120 58
196 6
148 27
48 45
64 6
120 65
154 9
87 8
165 31
166 13
200 8
8 11
21 4
88 2
137 6
95 15
183 13
176 9
59 1
98 3
93 21
93 45
116 23
28 23
109 13
44 40
33 31
150 36
10 17
181 23
10 38
210 1
163 1
92 2
138 6
106 2
41 24
187 6
112 14
35 40
67 8
192 27
120 88
41 20
85 1
18 13
146 20
67 27
181 46
187 70
122 79
164 17
67 14
208 2
87 43
87 40
174 7
153 8
51 1
148 83
162 9
170 5
78 20
139 38
197 50
182 45
167 45
174 12
119 15
137 12
173 1
166 12
78 38
72 27
114 21
73 45
138 11
177 11
201 14
178 1
161 20
116 27
169 38
146 21
198 203
120 121
11 38
92 29
198 186
13 11
139 36
178 21
34 33
89 14
62 1
14 6
107 1
183 6
190 21
192 71
117 1
131 1
91 14
10 6
70 1
97 11
197 17
155 70
41 29
203 27
134 27
200 17
135 34
195 13
170 15
146 18
33 29
202 34
15 1
103 83
71 45
145 71
112 24
101 97
178 15
158 1
93 8
168 2
170 18
136 52
89 9
108 27
98 38
154 11
105 36
102 76
108 38
149 25
47 8
199 2
162 3
16 70
203 1
108 21
133 8
74 2
80 33
43 4
18 14
175 21
106 21
198 184
198 119
172 13
130 82
111 8
120 95
131 72
150 11
34 70
207 4
102 17
29 9
163 49
91 48
102 90
126 33
90 1
166 20
77 21
136 2
195 4
164 25
26 20
7 15
113 25
95 17
76 38
35 21
150 43
22 24
107 8
49 4
122 64
198 80
19 17
120 59
88 9
7 6
119 12
120 41
199 11
3 1
131 34
115 25
177 26
59 82
150 47
193 52
181 40
192 45
28 13
195 1
35 38
198 205
140 2
195 16
88 12
12 9
161 13
76 15
135 72
146 9
14 11
39 29
178 27
208 20
154 21
51 16
168 14
179 12
133 17
161 21
204 1
92 4
109 27
122 58
0 15
175 11
72 24
105 40
164 6
89 46
67 2
194 6
99 20
147 14
183 21
13 4
106 38
210 20
175 15
202 1
198 117
204 27
200 24
49 14
100 15
158 38
125 2
203 36
185 9
18 15
202 72
122 152
96 17
75 49
66 32
175 8
172 2
137 2
72 26
149 8
44 43
35 15
154 25
133 13
113 20
90 6
172 7
197 25
27 6
120 124
185 26
154 2
188 9
104 2
113 2
67 17
168 21
20 9
185 8
182 72
33 38
4 15
54 29
185 45
131 70
126 34
85 9
116 12
116 14
161 76
53 60
152 1
192 70
111 24
164 13
188 17
105 15
178 6
77 1
198 206
153 25
139 43
198 197
143 13
49 38
93 17
126 6
33 32
92 14
138 4
74 4
87 36
48 27
100 2
199 1
18 40
119 21
207 27
78 36
66 1
105 20
198 188
134 72
38 17
165 2
167 1
145 70
182 1
28 6
89 40
210 13
18 17
40 11
12 6
72 23
198 162
128 3
88 6
116 24
122 59
192 72
105 3
113 9
172 6
111 4
85 11
161 6
199 45
170 2
68 1
111 20
143 6
129 21
207 26
155 72
93 12
150 23
29 6
206 3
167 6
142 32
161 38
167 43
139 26
78 7
200 21
167 48
200 2
183 20
105 38
44 47
184 3
90 8
177 45
48 72
43 14
36 38
92 1
163 70
189 45
188 19
77 6
203 19
199 20
167 50
85 21
2 11
198 156
153 27
97 14
126 39
154 3
115 20
101 13
43 1
85 6
23 4
185 49
67 25
41 34
137 20
194 26
198 179
51 8
143 1
203 46
23 8
185 17
140 3
164 24
103 71
120 134
8 6
160 6
147 11
2 8
204 20
116 4
77 38
17 11
127 6
193 16
198 87
21 38
180 6
97 15
67 11
146 19
98 20
158 97
159 13
168 32
149 6
79 43
72 13
51 12
175 13
170 20
39 32
149 3
168 29
109 90
144 6
78 19
41 9
129 17
95 21
178 20
197 23
40 9
120 127
87 48
181 50
107 21
198 113
89 23
51 9
107 18
46 11
154 20
79 6
9 15
107 4
21 17
34 45
31 29
83 34
175 9
207 14
132 6
138 9
169 12
186 17
133 23
44 19
168 13
51 38
175 14
29 14
82 1
187 71
185 168
188 4
194 24
78 12
175 3
84 49
28 2
196 1
149 27
189 48
86 73
198 100
166 2
180 3
187 34
194 8
162 25
183 1
0 7
77 20
142 45
104 21
128 21
181 47
34 1
120 80
48 49
202 73
193 17
22 1
75 73
44 26
120 129
56 32
204 12
189 38
89 4
165 40
35 13
14 8
197 27
39 6
206 13
168 1
185 50
87 12
35 9
60 6
73 27
167 38
201 23
123 34
92 34
142 34
38 8
207 21
22 14
147 2
103 6
93 7
143 7
88 1
106 12
177 43
56 71
114 24
73 49
193 14
82 97
96 9
26 3
184 17
120 114
185 4
188 47
20 1
162 23
89 25
186 11
51 17
100 3
95 90
199 8
9 17
130 6
198 24
203 47
139 46
198 128
29 11
208 13
41 17
169 1
107 15
167 92
187 45
150 27
53 59
94 6
33 16
89 27
91 4
41 33
123 45
29 38
111 2
41 31
41 11
197 43
50 4
89 17
110 3
51 6
58 82
185 40
14 38
120 109
177 38
103 49
21 14
13 8
87 25
146 2
194 14
160 161
76 9
150 9
153 12
165 4
91 23
150 49
164 23
79 20
92 26
180 12
161 17
179 3
153 1
88 21
151 6
140 1
82 96
33 39
115 24
111 26
179 11
79 12
122 54
176 11
87 27
155 45
92 13
195 8
39 17
165 6
112 3
93 15
172 12
118 1
72 8
194 25
85 19
138 15
21 8
147 26
112 21
77 7
198 86
84 72
82 3
167 14
34 71
200 1
106 3
50 8
204 25
135 27
35 12
153 14
91 26
76 11
79 38
195 9
97 1
99 7
188 14
22 4
87 45
94 3
181 17
33 1
181 19
197 45
144 12
142 49
182 70
145 83
141 3
195 2
87 19
178 36
53 57
89 26
122 63
9 4
47 1
101 6
135 207
102 27
120 35
108 96
37 6
102 15
46 6
33 12
150 40
35 29
146 3
41 2
16 49
201 11
165 37
176 6
109 96
198 95
153 9
175 4
93 4
147 24
96 11
15 9
116 9
166 21
36 11
145 45
167 12
73 71
85 8
53 69
164 12
35 37
16 27
19 8
179 20
198 89
48 73
168 11
165 20
93 10
56 33
95 27
179 21
43 11
78 43
142 31
13 1
169 2
75 72
199 10
175 12
210 12
192 73
142 27
66 81
69 1
177 1
208 6
7 9
109 1
174 20
91 9
155 73
92 12
12 15
194 11
115 6
18 6
149 9
117 3
165 38
205 15
197 46
114 2
10 1
75 34
128 15
204 8
197 11
82 76
177 4
145 6
115 13
179 17
162 4
199 9
93 19
199 19
22 9
41 13
155 49
134 70
22 27
157 2
183 118
39 52
89 43
165 1
40 1
146 12
95 12
146 7
171 21
84 1
198 201
201 38
129 2
207 8
71 27
96 15
42 13
206 27
92 17
205 13
74 24
25 13
146 17
28 21
13 15
78 13
37 9
159 6
148 73
120 69
79 7
85 17
114 25
165 13
48 6
28 11
110 2
105 4
178 14
185 19
28 4
98 2
98 1
109 38
189 4
199 12
122 68
87 6
33 34
120 133
179 15
166 1
174 21
198 170
107 100
153 2
137 38
73 1
79 19
178 9
122 150
45 9
204 9
9 6
17 4
102 6
137 96
97 4
122 61
42 15
36 9
13 38
63 1
109 21
201 16
146 4
186 8
151 49
67 1
28 1
170 16
139 27
33 15
53 55
91 25
113 8
84 73
141 20
33 9
53 67
64 1
102 12
98 6
164 4
140 20
46 17
20 4
60 82
14 4
57 6
105 2
101 76
180 13
82 6
25 3
190 38
178 13
36 6
105 21
195 17
34 32
35 3
195 21
142 72
204 2
181 4
92 23
178 2
138 17
195 14
209 21
144 7
115 11
180 1
177 27
198 152
195 19
201 9
11 4
137 17
66 33
93 18
187 49
159 12
22 17
184 4
41 4
207 2
172 3
119 3
7 4
116 20
200 9
149 23
79 36
12 11
195 20
202 50
122 148
120 57
70 49
129 6
164 1
90 17
167 27
39 4
170 9
176 1
72 1
142 1
205 20
45 17
100 20
184 20
191 6
176 15
207 6
175 17
201 1
162 20
110 38
196 70
87 23
118 6
37 38
19 1
87 46
41 32
104 20
0 10
171 1
206 25
147 23
198 105
70 73
51 15
10 15
47 38
146 15
200 27
3 4
71 73
144 21
133 20
100 6
44 8
29 17
102 2
8 14
164 2
114 27
35 27
11 14
75 83
108 20
150 12
206 6
157 20
34 30
74 9
7 17
76 8
0 16
120 39
190 6
115 14
189 8
139 48
35 41
203 17
54 71
169 20
168 30
206 24
139 9
8 15
168 27
115 2
33 14
137 1
159 38
175 5
53 63
195 12
139 11
188 36
129 97
37 11
182 83
77 12
43 9
137 13
28 33
192 6
112 13
47 9
83 1
184 14
139 23
183 15
112 12
125 13
154 27
72 21
39 31
112 11
123 27
97 8
177 9
35 20
100 1
58 6
120 62
28 8
91 1
152 6
90 15
78 3
43 8
189 46
122 65
16 45
179 10
195 11
3 6
188 40
10 9
198 22
107 6
18 38
198 103
91 11
111 17
26 1
76 6
203 26
170 4
198 112
181 8
23 6
104 6
110 96
82 21
209 3
170 1
40 17
174 6
45 12
28 17
71 72
79 3
145 73
12 14
44 36
176 38
15 11
165 9
137 3
35 24
16 73
178 37
130 1
145 27
105 7
185 47
0 13
88 25
86 45
47 6
176 8
42 20
53 58
39 38
189 36
134 73
53 56
115 3
21 1
189 23
0 8
115 8
174 2
162 6
198 195
99 2
19 38
29 4
165 17
11 9
106 6
198 199
88 4
106 7
198 202
72 11
187 73
203 11
148 71
193 1
106 1
70 71
101 90
150 48
181 26
162 12
198 101
35 2
39 15
16 34
30 32
107 101
115 9
124 1
198 110
87 1
67 9
101 27
155 83
46 15
105 24
96 4
87 50
125 20
138 1
110 17
91 36
41 14
147 1
163 6
192 83
10 8
159 3
72 14
165 19
25 2
50 38
54 31
85 5
102 3
209 38
109 97
53 62
184 1
107 16
73 34
11 17
209 20
208 3
161 12
82 2
40 6
34 31
51 4
93 13
177 40
19 11
36 8
165 21
198 161
99 1
169 6
180 7
51 14
38 15
23 17
53 68
202 49
207 3
189 50
181 49
94 7
197 4
114 12
100 96
184 27
82 27
111 1
195 83
44 9
164 3
49 6
131 49
91 27
53 66
45 4
56 30
10 11
36 4
154 14
66 29
147 21
181 1
190 3
146 6
166 6
184 2
28 24
19 15
170 12
128 17
71 70
41 27
120 63
203 12
112 2
119 2
23 11
15 8
87 4
34 6
105 37
194 13
90 14
207 9
191 21
80 29
159 21
65 6
101 17
67 23
192 1
116 17
145 49
191 38
188 6
188 46
18 11
114 3
126 29
33 52
114 11
156 49
102 38
177 48
45 15
49 9
42 6
94 13
168 20
20 17
112 20
198 204
67 13
95 6
133 2
148 70
189 25
53 61
133 21
37 4
157 3
120 60
10 4
190 13
50 52
35 4
149 11
119 52
161 3
149 21
122 66
15 38
20 6
181 168
141 2
74 20
22 2
170 13
116 1
120 130
16 1
18 36
193 6
85 18
48 71
80 81
90 9
74 34
115 21
23 1
210 3
158 20
91 40
165 24
155 6
169 3
178 31
113 17
74 12
48 83
197 6
200 4
24 6
190 20
141 7
4 17
88 26
82 90
167 168
0 17
0 6
82 38
12 17
107 95
35 31
186 4
184 24
13 17
150 38
175 16
168 31
109 12
91 12
186 16
182 27
136 13
72 17
198 50
137 97
133 12
200 23
189 1
94 21
197 48
133 27
188 25
50 1
147 9
112 4
67 26
102 96
179 13
201 52
15 6
113 14
2 4
167 40
171 6
128 27
198 107
204 26
175 20
83 71
135 73
67 21
180 20
150 50
203 6
113 27
70 27
164 11
7 1
167 17
92 11
117 20
153 20
122 56
157 12
155 71
200 11
89 45
108 15
122 60
15 14
170 14
56 75
49 11
47 17
193 11
74 8
41 6
200 20
179 14
136 20
74 26
11 8
193 4
120 18
101 20
31 39
210 7
44 1
89 19
199 18
88 27
128 76
92 31
122 151
129 96
89 12
203 8
88 23
185 23
95 38
89 50
193 9
83 70
41 21
109 2
22 8
49 52
129 20
31 32
23 9
139 49
104 38
13 14
184 11
107 9
172 20
188 27
103 73
103 45
150 46
74 32
22 3
72 25
105 9
85 2
171 13
87 14
176 16
103 70
197 36
173 161
197 26
105 14
28 3
17 6
105 27
100 76
125 1
202 71
55 6
126 1
115 17
148 1
176 12
161 15
149 26
140 6
198 153
2 9
111 9
20 15
137 76
74 14
30 52
44 17
115 23
75 70
25 1
35 32
3 38
0 3
11 15
91 45
48 70
29 15
85 3
136 3
200 14
133 9
195 3
141 1
82 12
86 27
128 96
111 12
198 192
206 9
142 6
154 4
150 8
203 38
125 3
7 38
33 17
99 12
29 8
147 13
122 62
131 45
164 21
37 15
144 38
50 12
162 14
175 18
76 4
12 4
92 25
201 17
186 1
198 102
147 20
198 163
131 6
179 8
198 51
120 123
85 15
181 45
179 4
105 31
89 47
65 82
146 11
175 2
39 33
91 47
51 52
170 11
2 14
93 5
148 72
113 26
9 11
73 6
16 72
91 46
159 7
129 76
209 6
107 108
184 13
158 6
119 13
131 83
95 2
155 34
88 11
128 97
198 136
18 9
28 12
41 23
138 52
122 69
38 4
172 38
154 12
190 1
116 25
162 27
186 12
102 13
99 3
129 1
177 8
105 12
31 1
182 34
40 38
189 49
95 13
204 11
129 15
24 1
198 111
33 6
55 1
13 9
73 70
115 26
168 26
199 6
45 8
159 1
133 6
206 20
139 4
128 13
87 11
206 23
204 14
139 40
197 1
28 9
117 13
158 21
92 3
26 7
128 90
162 13
178 11
101 12
148 34
198 175
27 1
108 97
158 90
5 1
103 72
44 45
97 9
116 11
99 6
16 6
92 20
114 14
28 14
198 129
43 6
88 24
50 17
25 6
177 25
164 26
202 6
111 23
89 8
36 15
88 13
135 70
26 12
128 1
145 72
199 7
114 6
117 12
35 14
165 27
3 11
119 20
0 11
55 82
67 4
0 14
89 36
93 2
139 8
88 14
17 1
53 65
156 50
144 3
17 9
137 21
44 48
26 13
122 55
108 76
150 19
101 2
197 40
198 181
22 13
184 6
173 6
0 9
206 12
107 14
39 8
31 12
184 9
206 11
78 2
129 27
71 6
191 3
69 82
125 6
19 14
146 8
56 1
125 21
177 12
207 13
109 3
140 21
210 2
113 3
177 14
56 31
41 26
147 25
167 23
128 38
39 12
85 12
108 6
140 7
88 20
4 11
185 11
149 4
155 27
25 38
12 1
111 21
179 16
181 12
150 25
21 15
18 4
111 6
39 16
194 3
189 26
150 26
84 6
39 14
181 92
26 21
206 17
17 14
0 19
49 12
149 14
178 19
74 21
47 4
97 17
97 6
128 6
47 14
117 21
203 43
89 48
197 38
35 11
163 45
194 2
45 6
177 50
120 136
177 46
67 24
122 28
97 38
189 9
38 1
167 36
140 12
88 8
114 4
120 128
91 19
2 38
203 23
110 12
210 21
167 49
141 38
167 19
151 45
198 78
23 38
21 6
184 12
28 29
44 11
91 38
167 25
75 27
50 11
71 34
44 4
79 2
168 8
40 14
200 12
198 189
185 46
112 25
139 25
75 45
116 21
115 1
107 5
137 15
193 12
54 33
0 12
162 8
34 39
138 16
182 49
125 43
168 24
199 5
188 48
123 71
42 1
102 1
171 7
165 14
126 30
198 200
114 1
158 12
107 19
165 12
184 23
168 6
204 13
194 20
35 19
188 43
135 6
189 27
96 1
31 36
134 1
136 6
105 6
104 3
101 96
166 3
92 30
96 14
10 14
188 11
75 6
127 1
74 33
110 15
133 11
142 71
42 12
94 1
198 114
124 40
195 5
200 3
198 137
113 1
98 21
199 4
165 11
70 72
87 17
50 14
18 20
113 24
9 14
196 49
95 20
93 9
151 50
161 27
158 3
133 24
51 11
185 27
149 13
143 2
91 8
70 45
120 42
3 14
110 90
22 12
154 8
123 73
105 1
110 27
79 13
197 14
146 1
207 11
170 19
120 68
196 50
83 45
123 6
115 12
175 19
107 2
154 26
74 23
92 27
45 52
77 13
43 17
101 21
18 7
84 45
144 1
162 11
22 25
46 9
178 12
207 12
204 6
74 11
18 37
108 90
3 8
143 12
112 8
138 8
183 12
105 19
167 46
154 1
194 9
149 20
182 6
120 132
122 57
170 21
46 1
64 82
4 14
18 31
122 74
145 34
39 1
139 6
181 11
96 6
56 39
179 5
184 21
203 45
203 14
172 21
148 49
169 13
108 12
116 3
46 4
181 43
202 45
123 70
204 17
2 17
143 21
185 48
170 6
83 6
18 12
120 64
82 15
3 9
195 7
195 6
114 26
45 11
179 6
72 12
181 36
44 6
141 13
37 14
159 20
168 4
154 13
107 3
181 48
197 49
100 12
19 6
34 72
149 24
85 80
70 6
116 26
17 38
92 6
100 21
178 7
3 15
92 8
8 4
54 10
171 38
203 4
139 1
122 116
184 8
72 20
150 14
41 25
83 27
198 127
92 32
15 4
35 17
42 21
197 9
72 2
105 11
181 14
136 118
46 38
177 19
188 38
109 15
28 26
120 54
47 11
45 14
50 16
95 1
37 17
164 14
209 2
175 10
136 1
43 15
147 12
88 17
143 20
200 25
71 1
89 49
110 76
54 75
205 12
18 3
0 5
99 38
90 4
191 13
153 3
192 34
105 13
200 26
108 17
74 3
198 154
181 38
82 17
207 25
158 27
206 21
93 3
135 45
74 13
67 3
5 12
194 4
188 50
158 13
95 97
86 49
193 38
148 6
161 2
120 117
71 83
34 49
186 15
181 6
90 38
188 1
74 31
174 1
75 1
197 12
103 27
25 20
78 1
179 1
178 17
75 71
5 6
41 1
132 1
14 15
41 3
107 10
145 1
202 27
113 4
38 14
205 3
156 70
120 137
185 12
36 17
56 6
188 8
4 9
101 38
113 6
198 160
157 6
93 14
138 38
30 142
101 1
51 23
67 20
165 36
36 14
94 12
0 4
83 73
92 33
195 18
194 1
84 27
189 40
25 7
40 8
129 12
105 17
207 1
167 26
206 14
56 10
146 14
195 10
86 1
148 45
112 1
128 20
168 23
156 45
170 10
39 11
114 23
198 108
20 8
112 6
151 1
189 12
56 29
185 1
88 3
79 1
31 30
205 21
203 9
163 50
95 76
162 26
93 11
158 17
101 3
208 1
102 21
141 6
185 6
176 17
199 17
35 7
44 46
9 38
16 71
190 2
67 6
176 4
107 110
16 83
48 1
181 9
49 1
2 6
197 47
204 3
61 1
137 27
28 25
108 3
185 92
203 40
23 14
189 43
181 27
194 17
57 1
183 2
169 7
189 19
135 71
159 2
60 1
178 24
161 1
199 21
168 34
198 196
122 154
100 27
125 12
61 82
199 16
63 6
162 17
44 14
129 90
153 26
4 1
169 21
85 4
85 14
206 8
86 72
20 38
189 47
114 13
20 11
186 52
107 13
92 9
112 26
49 17
108 2
201 8
106 20
18 19
207 23
19 9
153 11
116 13
186 14
107 109
103 34
46 8
177 49
168 12
178 40
104 13
122 153
175 1
180 38
109 76
174 38
44 49
160 1
107 102
134 34
203 50
92 24
184 26
65 1
153 24
198 139
49 15
168 9
66 164
154 6
177 47
35 1
162 21
198 193
31 19
144 20
61 6
165 15
139 17
139 47
180 2
82 13
122 130
96 38
198 115
119 6
22 21
85 13
87 38
210 6
33 30
199 14
171 3
158 15
120 131
0 1
122 149
151 70
102 20
157 21
83 49
158 76
28 20
177 36
44 23
86 6
50 6
107 20
206 1
14 17
44 38
125 15
209 13
41 12
45 1
185 25
131 27
14 1
12 38
18 27
71 49
69 6
44 12
172 1
126 31
171 2
117 6
192 49
119 1
31 6
197 19
70 34
94 2
158 96
108 13
157 13
198 185
91 17
28 31
202 70
91 50
78 21
149 12
28 34
22 11
50 15
93 6
86 83
93 16
25 21
175 7
111 27
103 1
76 17
135 49
198 146
178 3
117 2
188 26
144 2
120 119
194 27
164 20
115 27
114 17
112 9
167 11
121 6
54 39
120 24
50 9
18 2
123 72
84 34
194 23
49 16
26 6
131 73
43 38
2 15
100 13
76 14
8 9
153 4
162 2
157 38
150 4
135 1
138 12
93 1
31 52
210 38
146 16
179 18
198 183
198 173
133 4
113 11
58 1
4 6
9 1
133 26
116 2
150 45
14 9
201 4
0 18
161 90
111 11
195 15
112 23
109 6
176 14
113 13
200 6
138 14
23 15
208 38
67 12
37 8
113 23
62 82
143 38
100 90
168 33
147 8
72 3
0 2
68 9
93 20
178 4
194 12
109 20
165 3
162 1
39 9
167 8
49 8
35 36
143 3
21 11
77 2
128 2
85 10
188 12
44 25
4 8
207 20
186 38
206 26
39 30
0 20
29 1
149 17
164 8
110 97
74 27
111 25
115 4
38 6
33 4
187 1
111 3
139 14
156 1
82 20
153 21
95 3
94 38
167 4
147 6
129 13
84 70
153 6
124 6
134 6
170 7
185 36
120 122
161 97
91 43
206 2
110 6
208 21
54 30
100 17
8 17
170 8
122 147
101 15
201 12
207 24
188 23
123 1
85 7
86 71
33 11
188 45
73 72
146 5
147 3
167 47
84 71
92 21
35 39
194 21
186 23
136 15
41 30
149 1
96 8
107 7
112 17
201 15
189 11
112 27
35 6
156 6
90 11
54 32
153 13
89 11
54 6
120 55
113 12
182 73
185 14
205 1
41 8
180 21
171 20
191 2
146 13
117 15
89 38
110 21
11 6
198 177
126 32
89 1
28 27
91 49
207 17
198 145
170 3
150 1
186 6
136 12
196 45
189 6
164 9
185 38
199 15
110 20
54 34
186 9
198 1
153 23
91 6
193 15
21 9
129 3
179 2
25 12
53 64
114 20
83 72
113 21
155 1
141 12
33 8
120 126
34 27
177 17
22 23
200 13
74 6
183 3
189 14
122 155
120 125
44 50
201 6
100 38
34 73
131 71
40 4
204 24
165 7
198 67
44 27
34 29
120 56
176 52
150 17
89 6
203 25
111 14
182 71
74 17
38 11
28 32
123 49
26 2
168 17
15 17
54 1
203 48
174 13
187 27
11 1
37 1
133 1
40 15
95 96
111 13
107 17
18 24
26 38
9 8
22 20
74 29
45 38
133 14
157 1
12 8
140 38
117 52
87 26
198 176
198 66
72 6
17 8
18 1
168 3
87 9
134 45
154 24
39 34
121 1
170 17
4 38
8 38
110 13
110 1
42 43
204 23
42 3
177 23
193 8
183 52
100 97
153 17
139 45
198 91
35 33
134 49
38 9
158 2
79 21
185 43
119 118
167 9
107 11
188 49
189 17
146 10
66 52
187 83
102 97
86 34
0 21
94 20
17 15
7 8
74 1
137 90
68 6
139 50
63 82
198 44
