34 13
53 21
20 1
51 8
55 12
32 29
36 12
33 12
50 5
50 18
30 24
29 8
24 10
54 10
31 15
9 28
34 16
44 50
0 3
18 3
6 8
30 16
40 1
55 22
8 2
33 29
44 14
32 21
36 16
36 18
30 7
54 25
51 6
9 0
31 13
32 23
53 23
54 19
55 6
48 8
14 3
44 20
50 43
9 13
44 49
31 4
19 2
34 25
2 3
13 2
54 13
30 19
32 24
36 20
32 7
30 22
29 3
31 28
9 21
37 13
50 17
31 11
34 19
31 27
18 2
53 26
34 22
30 20
34 17
36 22
44 29
33 2
54 4
34 24
30 21
13 7
33 22
41 7
14 8
32 4
33 10
51 3
42 8
38 18
44 47
38 7
9 18
3 2
53 0
33 19
30 15
53 14
31 24
36 19
17 8
55 14
38 29
50 8
32 10
16 7
50 49
32 6
33 6
28 8
17 3
30 25
50 40
38 21
30 0
31 16
38 19
16 4
30 23
54 0
37 4
31 17
53 19
38 10
36 26
33 26
53 29
36 13
30 13
38 16
38 14
6 2
36 2
30 27
36 10
38 6
9 10
14 2
51 22
37 2
37 21
32 27
36 3
55 28
32 28
17 2
32 12
34 23
32 18
37 25
28 3
3 35
30 26
36 29
9 17
34 20
55 21
31 18
37 6
37 22
53 25
53 13
32 20
33 20
30 4
51 13
36 27
32 2
34 12
0 2
40 8
9 23
36 15
37 14
30 11
31 7
53 2
38 28
38 20
24 2
53 24
36 4
19 4
33 4
53 4
34 1
37 15
44 15
31 3
31 1
51 52
40 4
18 8
36 11
9 25
37 17
55 24
36 24
9 20
22 3
39 0
30 28
30 3
26 8
9 4
31 22
30 6
30 2
33 25
54 3
34 28
37 23
55 13
37 7
36 14
31 23
50 15
33 18
50 14
34 10
14 7
37 11
30 12
12 3
54 14
0 1
55 16
54 11
38 23
9 7
3 4
9 16
32 13
45 14
36 21
33 3
54 2
54 18
36 1
33 24
32 22
27 2
34 7
9 2
38 4
41 1
55 23
44 46
26 3
30 18
38 17
53 11
50 42
36 28
54 27
24 3
36 6
32 26
33 28
55 29
13 8
54 22
54 12
51 4
53 7
24 7
37 20
38 3
34 27
54 6
43 42
32 14
55 26
31 14
37 19
55 10
55 25
45 4
34 4
44 40
33 21
53 3
50 51
54 29
9 6
34 15
54 15
55 27
37 12
9 15
20 3
33 7
31 20
33 11
19 3
36 23
50 48
33 16
53 28
28 2
31 19
55 11
37 28
54 28
30 10
38 15
54 23
55 1
34 18
36 25
38 11
38 22
36 7
33 0
41 10
37 29
44 22
16 10
16 1
9 11
0 4
40 7
36 17
13 3
55 3
27 8
16 3
5 2
21 8
38 27
37 1
31 29
9 19
18 1
50 41
2 35
34 6
38 25
32 3
33 27
6 3
18 7
31 10
39 19
53 18
38 24
51 2
24 1
9 24
30 1
53 17
53 12
38 12
55 2
37 16
31 12
32 15
37 10
25 8
37 3
32 17
31 21
32 25
31 0
9 22
18 17
34 3
33 17
53 16
53 15
30 17
34 21
18 35
53 10
50 20
37 0
31 25
32 19
55 20
55 7
54 1
34 11
53 1
54 24
24 4
55 4
42 7
25 4
28 7
2 4
1 4
20 2
34 26
34 2
38 0
38 1
9 12
38 2
15 8
55 19
38 13
51 14
34 14
30 14
36 0
50 22
32 0
53 27
55 18
33 23
55 15
54 21
9 26
37 24
33 13
17 7
31 2
53 20
54 26
40 3
55 0
37 27
33 15
32 11
31 26
34 0
27 3
50 47
53 22
6 7
53 6
54 17
9 27
44 48
54 7
9 1
55 17
37 18
12 8
44 45
38 26
31 6
22 4
54 16
37 26
41 4
33 1
9 29
33 14
54 20
32 16
34 29
9 3
9 14
32 1
30 29
