8 43
95 1
15 27
50 34
10 25
92 9
79 30
65 20
73 2
98 19
74 34
89 7
6 25
77 30
98 35
0 4
81 3
50 11
80 45
85 2
16 40
100 9
72 30
80 15
31 8
85 18
98 10
100 48
0 14
75 1
83 4
65 8
39 27
82 36
50 13
62 22
4 45
78 9
49 38
81 36
72 16
76 1
54 40
89 39
26 27
73 17
56 34
11 26
59 35
89 42
54 39
48 27
19 44
90 3
78 1
7 26
92 8
80 42
58 30
66 35
60 1
15 41
91 3
31 20
73 23
78 21
77 7
59 21
92 34
72 10
77 12
87 50
8 40
89 4
46 5
57 1
21 27
62 7
88 27
54 44
80 27
67 8
71 4
19 45
60 13
46 8
15 6
23 24
64 4
80 24
98 3
72 1
89 36
57 12
51 23
99 9
94 53
33 7
57 18
31 18
77 13
55 20
0 20
73 22
17 41
72 8
51 30
52 26
10 44
97 7
90 30
92 15
66 52
66 36
63 9
11 42
66 2
98 12
51 20
81 35
91 14
8 26
98 21
77 11
94 18
56 15
74 1
100 53
55 22
55 2
99 35
50 7
73 20
2 28
11 41
89 43
67 21
13 27
94 35
68 10
95 11
92 11
12 27
67 36
98 34
22 28
82 45
69 1
16 27
82 25
1 27
55 11
90 9
51 1
65 21
3 26
69 7
96 7
74 41
81 14
19 27
79 4
78 3
41 40
61 9
91 16
87 80
96 1
87 74
0 22
14 27
96 8
35 41
84 13
5 45
74 36
10 6
57 19
60 8
90 2
14 42
14 45
51 12
82 6
47 4
75 6
94 5
60 12
14 25
100 1
37 7
89 1
63 1
71 9
67 52
73 48
99 36
71 5
77 1
98 36
60 6
56 13
10 26
77 22
39 26
13 42
58 21
67 19
47 22
81 17
92 6
1 25
92 5
92 4
29 30
14 24
56 36
55 9
81 6
15 44
15 26
76 36
73 15
26 25
94 30
7 25
50 42
72 17
57 22
80 6
95 30
89 25
11 6
34 25
92 36
57 20
83 2
37 18
50 22
85 4
98 2
85 1
69 3
41 44
62 5
26 44
91 48
95 3
61 21
3 45
81 12
33 21
85 3
77 15
89 34
51 10
27 25
56 3
72 22
91 19
55 3
57 4
41 26
33 11
99 52
4 43
98 16
13 25
80 17
91 52
66 16
89 41
72 19
50 21
30 26
94 1
39 41
80 41
47 9
58 3
55 4
7 44
85 23
36 27
100 35
87 81
51 34
35 26
71 7
55 5
66 12
62 18
18 26
92 17
58 10
79 6
84 11
81 18
56 9
50 15
80 44
17 27
78 7
59 8
58 7
75 2
50 14
68 7
97 5
96 20
46 20
4 25
76 8
92 16
72 5
65 19
56 19
58 1
57 13
93 48
80 28
58 16
50 3
73 16
99 8
69 6
80 10
77 21
48 28
91 23
94 2
73 35
81 27
99 13
74 13
81 42
7 40
33 19
58 4
58 17
12 44
78 34
81 34
16 25
78 20
19 42
83 5
26 43
33 8
74 9
4 44
99 23
56 20
96 21
80 1
56 11
100 18
0 12
94 23
80 36
7 41
94 14
56 7
55 17
9 26
72 7
95 9
58 9
33 9
95 5
85 48
20 28
100 16
80 16
65 34
58 36
50 18
30 39
81 2
66 34
66 8
91 7
47 1
95 10
99 2
50 36
99 5
94 21
85 5
90 6
33 13
5 42
76 35
33 30
87 86
55 6
29 4
67 35
81 8
81 26
50 28
60 14
82 4
76 19
31 5
70 7
10 27
78 4
56 4
33 35
83 6
80 34
74 14
92 14
65 7
91 35
95 6
11 44
85 16
61 5
99 1
60 7
100 3
32 6
46 1
81 13
92 23
33 1
33 18
66 1
76 20
65 22
89 30
4 40
76 22
8 41
80 13
34 27
95 19
85 22
58 20
82 27
100 13
10 42
58 19
67 17
98 52
94 13
5 43
74 27
67 1
81 41
47 7
73 12
80 38
63 5
58 11
35 39
78 35
58 6
41 27
79 2
95 20
61 7
50 1
89 27
97 8
74 15
80 14
80 9
3 25
37 9
78 19
0 13
56 1
31 1
49 40
94 12
60 11
89 35
67 22
51 53
54 38
94 17
63 20
67 18
60 16
48 25
33 10
61 4
39 25
51 4
49 2
0 21
33 15
68 9
39 42
84 2
66 23
61 6
70 8
72 11
73 1
87 88
67 3
50 12
76 6
15 24
57 16
51 11
56 5
84 21
92 1
67 48
58 12
7 42
95 2
91 12
13 40
91 21
81 38
30 27
51 52
67 30
74 2
51 35
51 13
55 12
80 39
100 11
100 4
99 18
79 7
57 8
66 15
0 16
72 12
92 19
81 1
51 5
72 20
61 8
75 3
11 40
50 45
62 4
39 40
79 9
48 26
67 7
99 4
78 22
7 45
91 1
73 10
37 6
50 35
11 1
95 4
93 2
2 27
100 8
41 42
10 43
0 17
82 38
59 9
14 44
83 8
32 1
48 24
80 21
69 5
74 5
62 8
91 18
74 7
96 4
26 45
79 1
90 7
89 8
81 15
47 36
94 11
98 17
59 6
73 13
63 6
37 1
98 11
34 26
66 22
100 19
66 20
36 25
49 1
19 24
70 1
84 9
33 20
12 9
12 25
60 10
66 11
37 2
51 6
85 21
3 42
83 7
13 41
80 7
84 6
56 6
58 8
31 3
96 34
80 12
92 2
46 21
13 45
99 10
67 20
80 20
29 18
0 19
39 45
92 13
100 7
91 10
84 15
13 9
31 4
95 14
54 42
63 8
100 17
30 25
66 17
94 9
98 5
82 34
58 18
95 12
60 21
29 7
77 5
85 13
36 41
33 12
18 41
34 8
50 17
62 21
9 39
74 30
77 17
92 12
90 5
50 44
87 82
65 36
98 6
83 9
74 10
77 14
81 4
60 5
19 25
57 3
81 43
8 42
33 17
82 1
89 44
37 30
32 4
72 21
13 44
50 10
91 15
15 43
89 28
82 44
51 16
95 22
66 13
72 4
91 20
68 6
78 18
70 4
72 14
49 41
94 20
84 4
33 34
66 4
98 30
46 9
56 35
61 2
50 39
100 23
94 16
100 12
70 6
66 7
12 42
51 8
80 22
5 44
72 34
12 26
6 28
56 16
4 28
56 2
93 23
9 27
58 2
36 26
50 9
98 48
92 48
100 6
94 3
56 8
66 9
16 41
74 12
76 30
11 27
49 39
31 21
68 4
84 8
54 26
39 44
95 8
41 43
82 43
69 8
84 5
64 1
90 4
16 9
58 22
96 36
58 13
89 38
67 12
79 21
67 2
35 27
55 16
59 36
96 18
29 9
50 27
33 5
82 35
97 18
97 9
46 4
19 43
66 18
15 45
50 8
96 35
0 3
57 35
91 5
96 5
100 30
58 35
51 22
67 15
2 25
77 18
51 14
94 8
11 43
98 8
84 7
100 20
56 53
12 40
97 1
72 3
49 43
61 1
81 9
54 27
98 13
62 6
96 9
51 36
94 19
15 9
60 48
21 25
81 45
91 17
4 42
33 16
95 34
50 43
69 4
80 30
32 2
49 26
19 28
98 14
57 53
4 41
46 22
100 14
58 53
47 21
85 52
60 19
74 6
12 24
31 22
94 7
98 20
99 16
94 22
66 10
75 5
91 22
11 9
74 26
61 18
84 22
99 30
9 42
91 2
79 3
79 19
92 30
58 34
79 8
26 41
99 17
16 24
74 39
12 41
8 45
3 43
19 40
60 36
82 42
0 18
31 9
79 20
60 53
99 15
82 28
34 41
100 36
77 9
19 9
94 4
84 14
70 5
81 40
67 6
80 40
99 34
98 22
73 14
0 11
95 21
26 40
10 40
51 2
46 2
59 5
50 30
99 11
50 16
76 14
51 17
66 21
66 5
29 2
54 45
93 30
62 20
68 19
97 3
78 8
78 2
100 22
5 40
41 45
77 16
47 8
69 2
99 3
55 14
5 25
67 13
87 54
63 3
55 30
99 6
93 7
84 18
0 15
88 39
74 24
38 39
85 17
14 43
85 20
99 19
23 27
74 4
100 2
9 43
73 4
56 30
5 28
3 44
19 39
73 5
51 3
72 9
93 52
78 5
77 2
67 16
47 6
15 40
50 41
66 48
91 6
89 26
83 18
35 25
34 39
46 3
60 3
87 89
49 45
60 18
0 5
69 9
73 36
57 15
57 2
16 42
20 27
73 9
50 2
56 21
73 11
33 36
92 3
3 28
7 43
91 4
50 20
73 7
60 4
93 3
82 26
0 8
47 30
65 30
82 7
10 41
6 27
21 28
9 44
9 25
59 1
28 25
51 19
55 19
0 10
7 27
73 52
74 8
61 20
82 41
93 8
19 6
91 53
56 22
55 7
94 15
98 1
33 14
79 5
93 4
81 24
72 36
81 7
47 2
7 39
75 4
99 22
9 40
91 30
74 18
99 7
78 30
74 11
72 18
57 21
59 22
57 11
67 9
41 25
77 8
91 8
84 30
32 3
10 24
23 26
74 38
89 6
96 3
83 1
92 7
79 22
63 2
31 2
59 2
80 35
89 45
55 13
86 26
96 2
94 48
60 52
93 1
22 27
85 11
60 22
49 28
67 10
77 52
0 1
78 6
93 5
100 21
46 7
84 12
60 20
100 5
82 30
99 53
11 45
57 6
46 6
100 34
72 6
5 26
70 2
73 18
51 7
56 17
57 9
0 7
51 48
57 30
66 19
85 15
92 20
51 21
96 30
72 13
91 13
74 3
51 15
33 3
11 39
86 41
29 5
91 9
0 2
3 27
4 27
67 23
89 9
100 52
57 7
62 1
77 4
56 18
12 45
26 42
46 36
60 23
81 11
59 4
84 3
80 43
31 7
93 9
76 34
100 10
97 4
74 16
86 39
29 1
83 30
12 6
66 14
80 8
97 30
17 24
55 15
17 26
98 4
50 6
12 43
57 36
67 5
39 43
70 9
73 30
63 21
67 34
56 14
71 3
17 25
83 3
82 8
94 36
71 1
59 3
73 34
49 42
16 43
9 45
9 8
96 6
11 24
89 40
16 26
92 10
60 30
92 53
62 2
23 25
71 8
63 22
10 45
14 40
91 36
46 34
46 30
95 36
19 8
68 1
81 5
57 10
3 40
81 10
22 25
16 44
11 25
70 3
1 28
9 41
99 12
49 27
94 34
57 34
92 18
98 15
46 35
80 5
55 36
29 6
81 39
92 52
92 35
0 9
99 48
76 7
82 9
59 34
63 7
50 26
84 20
77 20
51 9
80 18
58 5
59 30
55 1
55 8
55 35
85 12
15 25
81 16
92 22
54 41
94 6
67 14
58 14
98 18
31 30
95 13
71 2
96 22
3 41
66 6
62 3
65 6
20 25
8 44
67 11
99 21
84 1
47 34
55 21
92 21
60 34
4 26
90 8
33 22
29 3
13 24
80 11
47 5
78 36
23 28
8 27
72 2
72 35
98 23
94 52
80 2
62 9
47 3
55 34
74 35
64 5
74 17
60 17
51 18
47 20
47 35
5 41
50 40
58 15
80 26
94 10
95 15
84 17
72 15
57 14
59 20
18 25
68 2
54 28
99 14
55 18
100 15
60 15
63 18
65 1
29 8
95 7
95 16
54 43
38 25
66 3
18 27
31 6
61 22
76 9
85 14
68 3
16 45
73 3
65 9
56 12
19 1
99 20
96 19
38 27
59 7
81 30
79 18
86 27
15 42
91 11
65 35
60 2
55 10
66 30
84 16
68 8
61 3
71 6
8 39
36 39
98 9
81 44
97 6
73 8
63 4
0 6
57 5
67 4
60 35
55 53
73 21
91 34
95 17
13 43
82 39
33 4
8 25
56 10
50 5
33 2
80 3
33 6
37 8
95 18
95 35
82 40
68 5
30 34
97 2
87 49
60 9
98 7
90 1
76 21
50 38
5 27
13 26
49 44
57 17
