5 6
22 1
92 79
65 3
46 15
85 83
21 24
38 33
68 17
43 2
20 0
83 34
27 6
44 25
17 5
32 13
18 13
32 35
60 37
56 20
91 81
19 23
46 23
5 4
79 74
95 52
95 60
26 21
100 14
54 10
92 46
89 81
95 39
60 32
13 10
28 5
79 49
87 56
80 31
99 75
33 28
85 74
80 56
40 4
99 57
71 33
71 36
64 33
86 83
83 35
79 72
51 28
33 18
23 24
18 10
22 0
11 0
1 2
98 68
46 1
17 13
83 37
46 17
95 50
87 44
85 14
73 0
7 3
91 68
75 17
19 17
53 2
91 47
92 32
36 21
14 26
14 10
91 42
92 24
31 37
7 6
16 3
29 16
20 27
84 87
17 26
22 10
25 3
29 6
75 32
71 19
72 19
74 20
17 0
80 82
62 27
33 14
49 34
68 8
25 27
18 3
85 35
75 13
72 15
21 5
25 26
92 14
91 88
34 22
29 8
73 2
92 36
32 12
12 9
75 14
86 64
54 0
15 5
20 3
54 3
80 38
8 5
16 22
39 1
18 25
53 3
12 14
29 24
24 3
26 24
26 1
73 8
6 1
41 1
79 48
91 54
53 0
26 11
23 6
95 88
83 57
44 10
56 13
24 15
77 79
56 17
17 9
25 16
58 35
56 26
35 22
93 70
10 4
56 12
30 3
19 16
17 6
98 44
87 31
15 2
72 22
25 1
40 5
12 11
75 35
85 57
24 0
20 9
18 16
91 78
28 24
18 23
91 82
44 16
20 28
34 13
25 10
46 22
51 33
79 28
77 78
77 44
46 14
12 6
24 1
26 4
99 50
1 8
97 41
23 8
51 12
98 84
34 18
20 16
34 19
55 14
85 88
79 57
32 14
91 56
85 28
68 0
3 8
35 28
25 21
68 3
66 35
85 33
14 13
84 42
12 17
37 36
83 74
12 22
57 33
95 45
31 18
57 37
54 11
20 25
7 9
54 18
24 6
91 69
14 5
11 3
13 3
99 37
25 13
13 4
56 19
25 4
12 8
69 3
35 24
22 3
35 12
28 17
34 26
25 11
20 15
4 1
46 18
23 9
91 61
12 24
72 17
54 25
84 79
87 64
27 1
98 95
29 15
59 19
20 24
34 14
73 6
73 3
9 1
74 25
12 10
15 0
14 22
1 11
4 3
13 9
93 60
32 37
83 14
12 1
16 0
28 14
95 56
16 21
60 36
66 34
10 8
29 10
5 3
59 34
59 37
46 10
92 50
72 24
54 20
12 26
54 27
49 35
13 6
38 12
95 78
57 32
26 6
55 17
85 72
43 0
84 31
83 88
20 23
92 59
8 11
21 9
83 12
36 17
41 0
83 49
93 62
85 27
59 17
99 32
75 33
37 28
22 15
75 36
76 12
19 14
85 79
43 11
91 31
95 48
18 24
92 45
27 0
58 20
44 13
46 20
3 2
5 0
95 69
68 22
71 20
68 27
28 9
92 48
51 20
72 25
30 11
74 19
24 10
83 47
95 44
85 36
6 3
72 16
66 33
26 27
51 36
5 1
27 24
46 26
57 35
46 24
19 3
7 8
74 16
13 26
25 8
46 9
58 16
34 25
85 45
46 25
46 19
14 0
14 9
44 46
89 79
18 1
14 4
9 0
93 94
62 22
59 28
20 17
16 23
36 13
31 17
8 4
29 11
79 50
40 2
17 23
97 79
35 13
73 1
68 20
9 8
21 8
22 5
72 35
56 25
27 11
25 22
58 25
75 25
55 28
91 96
30 0
100 43
99 12
28 22
7 10
85 24
74 12
16 27
56 28
21 6
91 45
100 29
12 3
91 50
39 3
54 22
85 58
100 99
91 64
87 81
91 60
51 34
85 48
71 37
68 18
28 18
92 88
54 24
26 15
56 16
10 11
99 33
11 1
36 20
54 16
19 26
64 34
31 14
20 14
61 3
42 34
97 73
46 16
30 4
17 24
13 23
86 56
19 13
72 14
32 18
35 16
18 27
66 36
28 0
76 36
87 38
25 6
12 28
54 6
99 79
99 88
19 1
74 13
55 13
27 8
34 12
41 2
51 37
83 24
28 16
52 19
84 44
99 47
79 76
76 37
84 86
100 73
73 11
10 3
46 27
84 38
13 5
24 2
83 79
99 46
20 26
17 1
25 5
59 13
85 32
23 21
59 18
75 34
33 35
72 27
1 4
74 18
52 20
26 9
84 80
93 63
51 18
59 12
7 4
91 79
57 34
56 27
33 19
12 13
35 23
95 38
43 6
17 27
40 6
26 8
86 44
37 34
99 27
95 47
87 82
14 18
19 10
22 8
91 49
43 5
14 8
14 27
6 4
83 71
84 52
21 11
89 67
43 4
58 17
26 2
99 74
68 21
46 21
38 35
33 20
100 95
6 2
30 1
46 28
79 27
72 28
72 18
83 33
14 15
14 11
31 12
80 52
74 22
43 3
27 2
40 1
73 4
31 33
44 27
68 28
36 34
95 49
44 48
17 8
89 91
59 14
54 28
36 12
13 21
34 16
27 9
25 9
87 79
38 36
89 44
29 3
92 76
99 49
20 13
29 23
31 32
93 42
29 27
25 24
29 22
76 13
26 0
34 21
55 19
35 17
84 53
37 17
85 75
11 4
74 34
29 1
29 5
79 17
95 96
99 59
33 13
89 68
86 81
95 79
79 75
36 14
37 13
35 25
19 6
74 21
6 0
80 83
92 27
46 3
28 21
68 10
19 27
13 15
33 25
35 15
5 2
76 25
35 18
25 0
84 64
100 55
19 8
59 20
36 22
13 1
13 22
9 3
35 10
68 25
97 55
72 26
35 27
38 19
0 4
34 20
99 35
85 12
51 32
79 59
83 50
33 17
42 36
32 16
17 18
68 16
36 35
79 37
56 37
84 68
54 15
56 35
17 22
14 3
68 9
74 27
51 19
76 14
24 8
84 66
84 70
54 8
54 23
37 19
83 36
91 48
51 14
85 71
20 5
98 79
79 32
52 33
74 14
21 3
44 50
58 18
75 28
37 20
29 9
79 12
59 26
16 9
15 10
68 1
29 4
18 5
93 51
58 26
89 84
91 52
76 34
76 28
33 32
95 70
95 61
28 6
66 32
24 5
37 25
83 46
59 25
64 36
79 33
77 55
10 5
92 74
27 22
83 32
15 3
59 16
32 20
22 24
79 83
18 6
100 7
83 28
60 34
55 37
86 38
12 15
55 18
28 11
29 21
68 19
95 67
37 14
37 27
54 13
26 5
3 1
53 5
16 10
21 1
100 68
52 37
89 82
95 68
17 15
27 10
8 0
83 76
52 35
64 35
92 58
21 2
31 35
16 5
17 16
79 46
79 35
19 18
28 23
95 92
3 4
67 1
23 3
71 35
83 48
28 8
17 14
7 2
21 0
17 3
16 26
23 2
36 27
49 33
15 9
47 3
19 22
73 5
85 17
97 68
79 88
8 3
7 11
35 19
7 0
33 34
91 92
20 10
30 8
68 11
92 17
87 52
79 47
53 1
79 71
52 12
51 17
34 23
22 9
40 0
85 47
59 35
92 75
85 46
28 26
85 37
71 34
99 24
13 0
9 11
84 85
32 25
56 18
40 3
46 12
37 22
91 53
71 32
19 11
92 47
75 37
28 13
27 21
85 76
64 32
32 36
56 34
13 16
54 5
7 1
79 24
58 34
99 17
14 1
21 15
99 71
32 17
17 11
22 4
10 9
44 49
26 22
95 42
15 1
30 5
13 8
99 72
14 24
19 5
74 26
19 9
44 45
68 24
16 15
27 23
66 37
14 21
99 36
0 3
19 25
38 34
99 34
76 16
28 25
22 23
86 52
37 12
92 12
68 23
74 17
10 2
24 9
86 82
22 21
64 19
22 2
27 15
71 12
17 10
84 56
36 28
58 36
19 21
64 12
38 37
99 14
74 23
31 19
89 90
28 3
65 1
10 0
20 18
97 30
58 12
54 14
23 1
35 20
12 23
26 3
91 44
70 2
77 68
85 59
68 5
15 4
33 37
58 14
95 53
89 49
92 57
36 19
0 1
58 19
60 35
99 28
80 79
34 27
31 20
92 28
7 5
54 26
20 21
27 5
84 60
80 81
23 0
83 72
13 27
18 26
87 83
69 1
19 28
42 37
20 11
32 34
21 4
80 64
54 17
41 3
54 9
57 36
12 18
68 15
27 4
80 44
21 10
11 2
9 2
76 35
55 16
83 45
1 6
34 17
59 27
91 38
31 36
16 1
23 15
92 33
19 0
38 32
42 32
58 13
33 12
55 12
75 12
3 11
91 65
16 11
76 17
93 53
92 49
18 15
55 25
14 25
27 3
18 21
8 1
98 99
12 21
33 16
28 27
9 4
92 72
14 16
79 58
74 35
92 71
79 14
22 6
58 28
11 6
23 11
24 4
16 4
18 8
18 0
36 26
55 34
92 37
26 23
99 58
9 6
12 25
28 15
93 66
60 33
100 79
46 13
44 47
83 27
26 10
28 1
16 24
41 4
36 25
68 26
17 25
25 23
55 20
20 22
52 32
63 24
23 4
63 10
15 8
59 36
14 23
68 13
62 23
37 23
42 33
37 18
58 37
72 12
55 36
30 6
25 15
13 24
12 5
29 0
37 16
36 23
85 34
55 35
83 58
54 1
29 26
13 11
34 28
36 16
68 14
40 11
35 21
31 28
8 2
62 24
99 48
86 31
52 36
99 76
24 11
85 49
28 10
37 26
12 27
35 26
70 1
83 75
3 6
95 66
47 1
84 61
32 28
95 64
23 10
99 45
91 39
18 9
42 35
10 1
4 2
16 8
79 45
12 20
9 5
33 36
93 56
54 21
19 20
51 35
15 11
43 1
52 34
72 20
95 31
20 8
18 22
79 34
16 6
8 6
36 18
34 35
20 1
95 65
74 28
23 5
32 19
97 40
67 3
83 59
11 5
49 32
91 67
92 83
35 14
14 6
40 8
37 35
46 8
93 55
72 13
17 21
99 83
100 41
91 70
100 30
12 16
72 23
58 27
64 37
12 19
30 2
86 79
83 17
56 14
20 6
92 34
18 4
92 35
10 6
79 36
89 65
31 34
19 15
72 21
0 2
18 11
55 32
91 66
15 6
89 78
62 10
68 6
22 11
56 36
19 24
85 50
