8 3
45 16
17 10
2 31
17 9
25 2
34 0
46 2
47 16
46 20
35 0
45 17
34 15
43 19
16 11
35 25
35 6
34 11
21 5
37 6
37 3
47 17
19 11
34 7
34 8
47 19
17 7
16 5
13 26
13 14
30 21
25 3
8 4
42 39
30 4
43 37
43 9
13 15
5 31
13 29
3 2
34 5
37 44
30 26
30 1
46 25
33 29
32 3
42 21
37 1
13 1
30 18
46 1
11 12
35 23
3 4
45 7
17 5
16 6
13 12
45 4
45 18
35 18
13 16
47 21
8 9
3 6
27 6
47 26
47 15
46 24
30 19
27 3
45 2
47 24
47 11
35 5
33 22
39 7
18 5
27 4
35 12
33 27
16 10
30 16
43 4
33 19
47 20
35 26
45 27
27 2
35 2
25 12
47 2
45 0
2 3
5 2
34 24
39 1
43 12
8 2
11 31
12 3
35 28
47 4
9 2
33 17
24 4
45 12
30 20
41 7
5 3
46 8
34 25
47 1
5 6
26 12
46 23
2 6
21 7
35 22
13 0
34 19
30 23
34 18
46 29
41 1
47 29
30 9
46 11
33 21
35 20
37 8
21 4
2 4
19 12
26 10
46 7
45 21
34 21
12 31
13 4
33 9
24 5
45 8
17 11
42 41
17 4
11 1
37 5
13 9
30 24
34 1
32 1
18 1
47 8
35 7
45 22
21 12
43 32
3 1
33 25
30 6
34 9
40 5
34 26
4 31
27 5
35 1
30 12
33 20
43 21
30 29
45 9
16 2
17 6
0 2
46 16
45 19
34 14
34 6
30 14
30 27
41 5
47 12
27 11
34 17
13 27
45 11
1 31
47 9
30 25
35 17
30 2
34 27
13 21
0 6
45 24
34 20
45 14
13 8
23 31
8 10
33 11
13 17
13 24
30 17
39 5
30 15
13 7
12 1
33 14
8 6
17 2
33 5
27 10
27 12
32 4
47 25
46 22
37 11
33 0
25 4
18 6
18 4
16 9
30 28
37 2
33 18
19 37
46 21
17 12
46 26
46 28
41 37
0 7
33 2
33 24
35 24
8 12
35 14
47 7
33 4
43 5
13 18
12 11
45 1
33 8
13 19
19 36
35 8
33 7
47 27
45 29
12 4
4 5
4 6
30 0
45 5
33 26
4 2
34 16
13 23
46 18
37 4
33 12
15 5
4 1
8 11
25 11
42 17
13 20
16 4
35 9
37 12
34 4
35 4
5 36
47 14
29 7
47 5
33 1
47 22
47 0
45 6
0 5
30 5
42 43
33 16
42 28
45 26
35 19
13 25
30 22
34 29
45 23
13 2
4 3
43 10
13 6
33 6
24 6
13 22
40 7
35 15
15 4
43 17
46 0
0 3
46 19
25 5
34 12
41 40
46 15
16 3
13 28
47 18
34 22
15 6
46 6
46 9
19 4
21 11
13 11
46 12
43 41
42 32
32 5
39 40
38 0
0 4
47 23
11 4
45 25
43 39
11 3
35 27
6 31
46 27
5 4
45 20
26 9
32 6
43 11
34 23
30 11
33 28
47 6
33 15
28 5
25 6
33 23
0 1
45 15
1 6
30 7
46 17
30 8
47 28
5 7
43 27
13 5
26 5
35 29
35 21
34 28
19 5
34 2
46 4
3 31
46 5
16 12
46 14
45 28
35 16
35 11
20 5
8 5
