21 6
22 7
21 8
18 4
16 9
14 2
22 10
26 11
21 7
16 2
14 8
8 11
12 6
9 17
24 23
26 7
19 12
14 7
25 8
25 5
24 20
18 6
0 1
25 7
15 4
26 10
15 1
15 11
24 5
16 6
15 7
25 11
7 6
25 2
26 9
14 11
0 8
6 9
15 3
6 17
21 4
21 3
5 10
9 8
24 1
16 7
0 6
7 8
9 11
21 1
24 6
21 13
26 13
16 10
18 12
26 12
15 12
14 3
22 24
18 8
25 4
18 3
24 3
21 10
19 4
19 1
6 11
15 2
12 8
0 3
22 20
24 13
16 5
9 10
14 13
14 12
25 12
25 3
6 10
26 6
1 10
25 10
18 10
11 2
6 8
0 13
25 6
19 13
12 11
12 17
0 9
26 2
16 4
0 4
10 2
16 8
22 6
16 12
15 9
14 6
0 11
8 6
25 9
19 10
15 10
18 9
24 10
26 5
0 5
19 11
19 9
19 6
7 11
21 5
0 10
17 10
19 5
14 5
0 2
12 9
16 3
14 1
12 10
19 7
15 13
24 11
7 10
18 5
14 9
14 4
20 10
16 11
21 11
15 8
15 5
24 9
21 2
22 23
26 4
0 12
25 1
19 8
18 2
18 11
21 12
19 2
9 6
18 13
18 1
18 7
8 9
24 4
15 6
26 8
16 13
0 7
25 13
19 3
8 10
24 17
10 11
4 10
14 10
26 3
7 9
26 1
8 17
16 1
21 9
