10 6
33 9
49 13
24 2
53 21
26 15
0 1
38 19
43 15
51 3
24 8
2 4
38 5
3 5
19 7
26 9
28 33
6 9
59 15
14 11
24 19
50 14
35 5
39 14
25 6
42 15
56 14
38 7
15 9
0 7
23 5
34 11
31 1
30 8
24 11
26 13
35 10
25 2
57 9
32 11
18 6
61 13
28 29
3 2
2 10
31 11
4 21
28 38
24 1
10 11
23 9
0 8
51 6
29 11
41 15
23 19
52 10
18 1
26 1
38 9
35 11
40 1
13 1
24 3
38 4
33 5
18 2
40 13
36 9
13 11
17 14
0 4
48 15
35 6
28 18
38 11
31 7
3 1
63 11
3 4
32 8
27 13
31 3
23 11
26 14
57 0
34 7
23 10
0 2
57 1
23 7
5 22
19 1
10 2
6 3
28 35
36 19
52 6
63 5
34 2
28 37
10 3
35 1
15 7
35 9
28 24
57 13
51 1
28 25
14 2
34 5
30 5
26 5
56 13
17 13
2 11
12 13
23 2
18 5
37 10
59 9
30 6
52 1
45 13
14 8
37 6
37 7
3 10
0 10
2 8
48 13
19 8
32 9
30 1
13 4
59 13
35 4
41 13
41 14
63 4
16 15
60 0
0 6
30 9
14 3
18 19
30 3
31 6
39 15
26 11
3 8
14 6
43 14
8 22
63 1
34 4
13 7
15 11
31 9
27 14
32 6
44 22
33 19
51 5
58 13
2 7
31 10
24 7
32 2
61 15
37 5
55 13
28 30
51 10
37 2
25 5
9 22
33 6
0 11
56 15
63 44
25 11
19 11
33 3
10 1
34 6
29 4
14 4
45 14
2 9
32 4
15 5
2 5
27 15
40 11
34 8
6 11
31 19
38 6
7 21
31 2
60 9
36 3
34 10
36 7
30 19
31 5
40 15
24 4
35 2
35 7
42 14
51 2
6 2
59 11
32 10
0 5
36 2
54 15
46 13
23 8
36 5
6 1
37 11
14 7
28 15
3 9
59 1
57 11
35 19
18 8
34 3
52 3
43 13
23 3
48 14
32 1
25 1
6 7
35 3
0 3
62 14
37 8
3 7
49 14
63 53
63 20
28 31
15 1
11 4
14 10
20 21
52 2
15 4
51 9
52 11
57 14
64 11
57 15
1 21
28 13
52 19
47 15
10 5
38 3
24 5
50 15
36 10
33 10
38 2
2 1
38 10
28 32
25 7
6 5
16 14
0 9
31 8
12 15
10 9
37 3
8 21
46 15
33 4
44 21
5 21
40 0
60 15
10 8
49 15
23 4
60 13
9 21
24 6
38 1
29 5
58 1
34 1
1 22
51 11
54 13
6 8
40 9
52 9
36 8
28 14
13 8
36 1
30 11
58 9
32 7
29 1
52 5
3 11
14 5
42 13
32 3
55 14
2 6
14 1
34 19
38 8
60 1
54 14
6 4
13 5
36 11
46 14
28 36
60 11
16 13
7 22
29 8
30 4
59 14
11 21
18 4
33 2
50 13
12 14
37 9
58 11
6 10
35 8
55 15
37 19
61 14
24 9
63 0
25 10
53 22
19 4
59 0
25 4
32 19
45 15
30 2
25 8
47 14
36 6
24 10
33 8
29 9
10 7
62 15
10 4
3 6
18 9
47 13
31 4
2 3
29 7
15 8
13 9
39 13
25 3
25 9
60 14
37 4
20 22
30 10
64 4
62 13
18 7
23 1
25 19
58 0
18 3
14 9
51 19
28 34
40 14
30 7
18 11
33 11
17 15
32 5
28 23
63 8
19 5
19 9
33 1
37 1
63 9
23 6
18 10
34 9
4 22
11 22
36 4
33 7
58 15
58 14
