11 27
97 36
96 32
73 6
40 39
102 103
90 36
30 16
74 10
115 44
40 17
111 89
24 25
60 36
94 2
40 2
57 2
3 20
69 41
89 39
31 30
19 14
23 2
4 18
29 14
63 37
112 105
96 12
62 6
75 41
15 5
103 97
38 22
99 15
13 26
60 33
13 29
11 43
97 15
118 105
26 25
19 22
110 106
103 58
115 81
79 32
97 10
58 6
74 12
115 100
79 40
71 6
65 3
11 4
115 103
111 88
119 118
75 37
31 11
2 21
90 41
39 28
36 19
104 68
21 14
75 39
21 42
16 21
27 29
104 81
31 32
72 41
73 19
69 36
107 58
10 14
17 18
72 12
6 11
38 17
35 13
97 35
30 5
14 26
87 18
93 37
63 61
97 13
73 27
68 61
107 98
41 22
37 39
98 37
99 12
112 54
32 19
72 10
33 12
39 14
115 89
76 32
24 18
89 14
37 12
116 48
96 10
36 24
24 20
23 24
82 7
12 16
3 1
105 98
67 2
107 59
111 81
2 12
8 13
115 82
7 18
2 4
32 2
110 111
112 37
8 15
119 48
92 11
81 41
72 39
32 13
92 14
96 35
118 44
13 22
41 23
101 13
111 44
31 6
117 103
73 40
28 3
103 55
74 34
19 18
22 4
95 7
98 11
110 78
34 2
106 104
81 6
111 72
98 29
35 14
14 1
99 6
108 81
83 18
72 29
6 18
93 34
87 23
88 38
34 24
93 61
107 32
70 43
2 30
86 6
68 39
92 13
115 70
60 13
105 96
101 37
21 24
33 10
112 67
74 19
77 13
8 16
100 5
39 23
82 3
34 10
37 22
27 20
34 11
112 58
113 64
97 6
119 14
62 38
60 40
115 91
116 93
59 6
65 7
112 74
23 43
2 23
73 36
3 15
106 107
113 60
6 19
106 90
32 29
79 6
116 31
85 5
110 14
9 43
96 3
94 18
87 4
29 20
118 77
14 2
110 51
40 23
30 10
88 32
24 9
57 10
28 1
61 7
1 4
20 26
105 13
73 32
16 1
6 4
115 80
5 24
26 5
9 3
69 40
17 20
115 49
77 6
104 51
9 25
33 30
28 43
17 16
40 6
34 4
30 43
34 27
10 5
57 11
29 4
30 1
61 13
104 103
107 38
34 5
64 6
0 1
0 3
49 1
30 9
19 11
88 41
118 37
64 37
33 38
112 76
51 59
72 37
6 17
37 7
37 32
115 58
94 7
6 27
75 19
69 32
35 11
61 37
56 35
57 14
78 7
79 29
112 13
11 25
9 42
85 4
62 2
118 79
7 4
85 2
36 23
112 73
106 70
52 4
3 25
69 2
29 26
65 18
40 10
75 27
92 23
73 38
49 6
72 2
23 26
77 35
33 11
63 35
45 7
92 30
77 27
74 29
2 10
93 6
2 16
27 1
108 46
81 35
62 39
74 39
12 4
21 2
33 19
34 3
101 36
99 3
111 103
58 7
84 3
57 23
100 14
72 11
112 55
106 68
100 2
115 55
5 1
12 14
2 24
13 21
2 3
118 32
23 3
101 7
22 9
2 28
47 3
39 21
66 3
84 6
110 82
118 98
6 20
69 39
32 21
29 25
113 87
107 96
83 7
106 108
30 20
102 14
11 9
36 30
19 20
89 37
20 42
36 14
17 9
74 40
111 65
30 24
48 5
115 68
34 18
2 26
83 5
107 105
11 2
12 43
77 19
36 4
73 17
118 62
52 2
108 72
97 16
12 20
45 6
15 2
24 42
0 5
101 40
7 23
112 79
36 21
37 19
2 9
22 26
100 9
104 69
19 1
41 28
45 2
15 25
19 4
63 39
27 21
90 32
30 21
11 12
23 20
31 39
72 22
12 22
77 41
47 24
25 4
12 10
103 98
17 4
38 10
107 53
111 85
13 19
110 45
7 26
110 71
60 32
6 2
100 1
84 7
34 17
13 3
23 21
28 42
74 2
35 34
41 34
40 34
103 35
34 21
85 18
69 33
92 16
101 33
35 5
46 6
13 1
107 67
33 6
40 11
8 29
36 6
30 23
98 22
76 39
40 35
116 92
96 14
76 13
98 33
71 5
96 41
107 76
13 14
90 38
8 5
101 35
39 36
113 93
41 2
85 3
41 4
16 3
33 29
28 4
105 55
27 2
75 22
108 51
30 25
29 2
106 109
111 69
89 32
10 17
26 43
54 7
111 14
32 41
17 15
81 40
23 5
103 73
40 22
30 28
53 2
117 51
103 61
62 7
39 41
11 21
39 30
64 40
37 23
22 6
76 6
6 15
97 41
90 39
6 5
117 115
7 15
36 29
62 11
97 29
27 16
22 3
27 15
75 35
0 6
7 27
115 87
106 81
61 32
73 12
36 5
27 24
96 30
23 9
61 40
33 27
111 54
10 6
34 13
36 15
29 18
38 32
87 6
5 28
14 3
1 20
10 16
55 7
77 34
35 12
59 7
88 36
8 10
94 5
119 31
107 33
111 92
103 37
105 77
21 25
6 29
2 15
32 36
112 33
63 6
96 11
90 14
73 22
8 26
52 1
99 41
41 11
57 16
109 81
79 41
35 36
20 3
98 7
40 37
118 54
19 27
30 17
13 11
91 2
71 4
6 3
105 75
32 12
21 1
21 5
87 11
21 4
97 19
37 16
12 18
64 34
78 3
112 41
29 3
80 6
23 25
74 41
89 36
41 20
103 56
34 6
22 18
68 40
100 43
48 43
105 54
2 14
61 34
12 21
7 11
36 17
35 24
12 15
93 40
111 59
111 45
19 15
105 73
35 3
57 19
4 25
37 14
5 43
40 38
38 3
47 18
49 4
100 4
49 5
63 19
99 37
65 1
27 18
49 7
105 39
22 15
26 18
115 51
35 17
2 5
44 7
119 115
7 29
38 16
10 28
92 21
10 24
100 3
11 28
107 77
47 2
8 2
103 54
79 22
79 2
72 13
82 2
10 1
111 56
110 84
33 36
34 14
115 112
34 23
77 32
36 13
105 58
115 83
57 15
16 43
99 22
115 90
105 101
56 39
103 57
26 4
27 5
63 41
8 1
29 6
97 17
24 1
5 20
76 37
47 13
37 38
111 83
41 36
33 41
79 33
103 53
57 13
16 2
17 2
96 29
14 25
111 100
105 36
47 23
41 21
41 14
32 10
75 10
38 35
13 20
15 9
3 28
111 46
73 10
115 59
66 1
11 14
7 17
99 23
98 2
19 23
13 16
38 34
112 32
79 19
63 33
101 41
7 13
101 11
105 103
105 79
63 36
104 105
1 26
20 5
11 23
68 6
85 7
39 7
90 37
19 29
37 10
16 20
17 23
76 35
23 15
8 22
23 14
64 62
33 17
25 1
96 22
35 7
16 15
74 6
103 105
40 12
60 41
36 27
1 43
69 38
107 13
64 2
103 75
39 24
6 22
2 25
28 9
6 28
22 14
70 5
34 16
77 22
62 41
115 72
51 58
13 30
48 42
33 34
64 32
77 10
118 67
47 4
69 37
11 6
100 25
11 10
106 49
37 15
19 12
2 19
102 92
12 6
99 27
109 69
62 13
75 40
39 16
65 6
22 20
90 40
88 39
83 4
84 2
3 4
3 43
118 41
47 14
106 100
112 75
98 32
57 27
30 2
16 26
112 77
77 37
99 17
41 16
103 32
78 1
7 22
17 21
113 47
65 5
34 22
71 18
41 29
30 29
7 5
32 30
105 97
28 20
60 38
62 40
18 43
13 12
99 38
35 29
29 23
116 103
48 18
16 18
41 30
32 14
6 16
111 68
60 35
89 35
92 19
118 101
8 20
40 27
6 21
107 52
30 6
118 80
107 37
41 1
38 23
98 34
107 61
37 27
33 35
1 18
107 80
13 15
77 11
96 6
68 36
111 87
92 5
10 23
70 4
112 103
93 2
112 96
105 62
77 38
75 38
101 39
75 17
34 19
105 56
32 39
96 27
20 43
13 18
83 6
61 2
16 4
25 43
111 82
71 2
75 34
111 58
2 29
115 47
25 42
74 11
37 35
100 21
68 32
87 12
115 94
75 32
6 30
66 4
115 84
35 19
94 1
6 34
72 27
57 28
3 18
68 62
92 20
36 2
111 8
105 59
61 35
73 13
103 77
105 67
84 4
73 41
79 39
2 11
36 12
44 2
41 13
118 73
96 7
98 19
111 47
29 28
118 76
10 4
115 56
39 6
51 14
81 62
40 3
7 10
111 51
68 2
39 19
40 30
29 1
64 61
74 22
112 62
112 98
27 17
8 19
23 18
81 34
87 28
112 101
22 23
96 36
93 38
64 41
64 35
72 17
37 29
103 39
93 32
94 4
36 22
38 39
19 24
8 30
51 24
98 30
40 29
99 29
115 67
8 3
41 24
100 26
111 70
74 32
17 26
13 23
2 18
107 57
86 2
8 11
10 15
72 40
13 28
65 4
32 34
79 35
29 43
14 28
29 24
26 3
31 13
73 34
73 35
115 88
27 23
109 103
12 23
29 21
113 114
26 42
113 72
34 12
36 16
105 38
6 26
107 99
84 1
63 62
6 1
97 23
12 17
118 39
2 20
111 78
116 14
47 11
27 3
76 19
17 24
102 93
36 10
10 25
49 18
118 38
106 47
89 40
35 39
15 20
97 7
26 1
38 30
4 42
39 15
76 34
11 1
61 38
51 28
103 79
106 88
105 80
0 4
5 26
19 21
92 34
108 103
7 24
12 26
92 6
13 25
44 6
16 9
94 3
63 40
8 6
1 25
70 18
22 16
113 100
15 3
15 1
32 6
92 10
26 9
79 11
118 103
118 61
3 5
0 7
7 6
15 21
5 42
8 24
105 33
35 27
57 30
15 14
99 13
90 33
37 34
72 34
69 6
96 16
8 27
74 36
19 17
96 17
12 25
102 45
115 78
22 28
98 10
92 22
107 39
110 46
8 17
97 11
10 3
38 14
27 4
36 3
107 97
39 34
111 90
83 1
107 75
40 32
12 28
74 30
30 18
113 66
13 10
20 4
93 39
57 36
38 29
50 2
88 37
10 18
103 76
38 7
40 13
38 41
51 57
97 12
1 42
93 13
27 28
118 40
78 6
32 7
97 2
39 11
110 83
7 14
118 35
61 36
115 69
27 14
12 30
39 29
53 6
96 23
13 9
83 3
73 2
8 28
93 33
92 3
18 25
69 62
97 30
86 1
0 2
107 74
6 14
100 24
118 56
107 55
28 25
38 19
119 93
40 7
17 14
115 92
60 34
16 14
54 6
62 33
98 27
105 61
115 14
112 40
51 56
80 7
41 6
79 36
119 92
39 27
24 28
79 37
37 21
11 30
118 59
105 52
41 12
7 28
87 1
57 22
48 1
94 6
104 46
117 106
86 4
57 24
112 36
22 43
10 22
31 12
39 17
79 10
38 11
22 5
14 20
41 10
68 37
57 6
51 55
76 41
76 40
28 18
19 16
93 35
27 6
84 5
40 41
64 13
86 18
97 24
61 19
31 2
19 26
103 40
32 16
48 4
31 19
117 92
76 2
7 30
111 112
2 27
35 22
4 26
85 1
35 41
24 43
109 72
39 3
105 41
64 36
41 15
22 21
118 52
71 3
63 2
31 33
19 3
11 17
21 43
41 17
77 33
113 31
40 16
11 3
41 19
41 5
118 33
81 61
105 44
60 19
96 39
81 36
109 51
8 14
75 2
35 15
41 7
15 24
75 30
115 45
110 86
20 25
107 40
102 49
52 6
118 13
106 87
110 92
111 52
111 84
96 19
105 99
34 1
76 12
61 39
19 2
3 24
72 38
84 18
22 27
102 51
106 89
11 26
22 25
11 18
2 1
106 103
3 26
70 25
101 6
34 20
73 39
74 13
11 24
46 2
13 4
113 70
106 72
21 3
111 94
101 38
115 50
7 21
93 62
9 5
41 27
74 17
107 35
36 7
17 5
113 88
66 5
5 4
8 18
24 3
63 13
115 46
10 29
37 3
106 92
117 118
50 7
62 37
24 26
3 9
62 35
25 5
88 33
67 6
34 28
97 34
32 15
70 1
77 2
112 39
11 20
47 28
5 18
98 12
118 74
5 25
30 3
16 5
36 1
115 85
79 38
28 5
51 54
103 80
105 57
110 50
112 99
36 11
20 18
60 61
98 39
81 2
95 2
35 21
99 7
49 3
22 29
37 17
10 2
81 37
47 6
12 9
23 28
107 36
2 17
85 6
92 24
35 16
21 18
14 5
56 32
92 2
100 28
75 13
39 13
97 3
111 91
79 12
56 41
99 36
62 36
72 19
81 38
56 37
27 9
46 3
19 25
99 34
92 17
6 10
6 9
82 6
96 13
115 52
39 22
88 14
118 97
111 49
81 33
38 27
17 1
7 3
98 40
22 24
103 13
37 6
11 22
30 26
36 20
51 11
33 13
74 27
27 43
68 41
24 4
111 67
77 39
63 38
93 36
11 5
113 0
112 61
97 14
87 14
17 3
99 35
4 43
17 43
62 32
99 16
47 5
57 3
38 2
33 39
51 53
12 3
13 2
64 19
46 7
118 57
33 22
14 43
33 2
78 2
97 39
112 44
61 62
79 27
49 2
101 12
103 38
12 24
91 6
15 4
66 18
87 2
77 40
113 90
30 22
21 28
37 13
105 76
92 15
67 3
16 24
118 53
103 41
47 12
68 34
14 9
74 37
34 29
99 10
29 5
17 25
103 44
30 27
107 101
115 8
11 15
11 29
118 75
77 12
99 30
111 55
55 2
106 69
19 5
67 7
19 30
10 27
3 14
97 27
57 29
99 2
36 34
7 2
110 103
107 44
89 33
37 41
34 30
118 99
87 3
32 27
111 50
72 6
99 39
109 68
103 74
112 56
57 21
108 105
40 19
50 6
56 36
47 1
32 17
35 10
92 18
31 36
93 41
54 2
13 5
38 15
108 68
57 34
92 1
77 30
19 6
78 5
52 5
86 5
30 4
118 55
29 16
69 35
57 17
111 80
107 56
80 2
98 41
29 17
9 4
34 15
41 3
92 28
118 36
101 32
119 13
92 4
89 41
75 12
7 25
75 6
39 2
96 15
73 30
22 2
98 38
107 103
110 95
2 13
86 7
58 2
36 28
87 5
109 46
77 29
6 24
15 43
115 65
118 58
92 27
105 32
8 12
32 11
33 40
13 27
10 43
33 7
52 18
69 34
7 19
18 42
107 41
100 15
60 2
99 11
112 35
12 1
17 6
6 13
30 14
52 3
9 18
115 53
90 35
21 26
110 49
103 52
73 37
34 9
112 80
37 2
43 42
2 22
72 36
112 97
103 101
6 12
103 33
75 29
61 6
35 6
78 4
35 23
24 5
102 31
57 7
40 36
34 26
14 24
75 36
23 1
10 26
37 30
107 73
69 61
12 5
103 96
16 28
64 33
22 17
112 52
37 36
118 96
92 12
99 19
52 7
8 4
68 38
112 59
7 16
83 2
105 35
108 69
57 12
12 2
87 24
7 1
112 53
61 41
23 16
57 41
98 13
92 29
31 41
12 29
105 40
23 4
10 20
63 34
115 54
33 37
119 103
25 18
112 38
97 5
113 63
38 36
110 56
70 3
103 59
71 1
19 10
32 3
100 20
27 26
106 51
32 22
61 33
103 62
16 25
81 39
76 36
100 18
7 9
29 15
38 21
107 62
15 18
38 13
31 34
22 1
21 20
86 3
13 17
7 20
55 6
20 1
76 11
33 32
37 11
98 35
59 2
51 52
21 9
110 91
15 26
31 38
87 13
31 37
19 9
38 12
71 7
88 40
13 6
64 38
7 12
39 5
99 32
6 23
103 36
88 35
17 28
72 35
63 32
29 9
68 33
64 39
81 32
96 2
27 25
35 30
105 53
28 26
32 35
10 21
39 12
53 7
105 37
19 28
30 15
62 19
60 37
60 62
96 21
57 5
20 9
15 28
97 21
75 11
72 30
14 42
101 2
103 99
73 11
95 6
31 40
96 34
74 38
107 54
89 38
74 35
73 29
65 2
107 79
39 10
109 105
72 32
104 72
77 36
60 6
8 21
113 89
12 27
76 33
10 9
79 30
68 35
62 34
8 9
60 39
13 24
32 23
9 1
5 9
98 6
110 85
112 57
31 35
38 6
105 74
79 34
8 23
97 22
14 18
70 42
35 2
11 16
56 33
111 53
79 13
51 12
76 38
14 4
98 36
8 25
103 67
