26 36
43 9
73 5
54 11
51 8
25 16
80 10
83 8
59 61
59 75
17 6
77 8
88 1
14 2
88 6
7 19
59 25
33 6
82 17
26 42
29 15
45 0
88 3
43 15
91 5
90 16
89 2
36 11
91 16
85 8
21 10
53 11
47 16
79 16
10 8
71 2
26 47
75 0
83 13
86 2
50 14
71 1
44 13
76 5
57 10
4 1
7 16
84 0
51 6
92 15
93 14
51 10
20 8
58 1
50 11
20 6
14 1
78 12
55 11
53 3
84 19
43 16
85 17
81 9
83 6
33 13
77 19
43 3
92 19
23 8
83 3
85 14
42 16
85 15
30 13
55 12
21 17
48 11
23 5
83 14
78 17
47 9
90 19
44 0
78 19
85 10
84 12
50 19
83 16
86 4
59 70
46 3
16 10
28 13
33 14
75 14
93 12
59 67
25 0
45 19
7 13
79 11
69 2
29 13
42 13
7 18
7 9
50 18
59 74
53 12
90 13
83 0
23 17
91 13
78 18
25 9
84 6
77 15
4 2
59 52
79 3
50 8
92 10
36 17
81 16
58 5
43 14
78 6
18 19
50 0
29 16
22 13
56 2
30 6
79 0
7 6
54 3
91 17
57 12
92 8
51 18
84 8
91 19
54 9
43 0
26 31
44 18
30 5
83 5
72 1
4 3
77 18
59 0
14 3
14 5
68 6
51 3
16 12
23 11
23 0
20 0
47 17
51 5
48 10
22 16
83 11
54 8
69 3
91 9
25 18
20 13
48 0
84 11
81 14
12 8
53 15
90 17
51 19
18 8
16 8
90 5
43 11
0 3
44 3
77 11
30 10
93 8
52 14
28 17
59 64
54 14
91 18
80 18
21 8
44 19
93 9
46 19
67 4
55 6
59 7
80 13
55 18
28 5
29 17
74 3
75 15
82 5
81 17
30 12
59 68
44 6
59 15
30 19
44 16
33 16
92 9
47 14
53 6
28 3
21 18
80 14
6 1
87 4
44 8
22 9
80 9
59 71
26 37
18 10
26 21
5 1
23 16
26 23
4 6
20 18
68 3
53 19
79 19
70 3
48 19
72 5
42 6
57 19
72 4
26 38
55 8
59 58
33 12
92 12
50 16
2 3
36 13
86 3
45 18
92 6
79 12
83 12
76 3
78 8
7 11
84 5
76 6
15 10
30 8
77 14
21 6
28 19
78 0
33 0
67 5
80 12
74 6
29 10
33 19
23 9
50 17
81 5
91 15
15 12
82 11
52 0
5 6
26 27
26 35
54 18
81 0
92 17
78 16
44 10
51 0
21 14
26 48
26 45
82 10
91 14
81 8
57 3
92 16
90 18
54 6
82 15
59 49
11 8
45 17
85 18
59 66
52 6
36 9
47 13
93 3
28 9
0 5
7 12
82 18
44 11
53 10
74 5
57 18
67 3
45 15
90 14
48 9
30 15
7 17
22 10
3 1
48 16
55 10
59 18
79 9
69 5
49 1
7 10
57 0
15 8
59 2
7 15
80 19
26 43
52 16
11 10
53 16
92 18
13 19
29 14
68 5
5 4
30 0
7 8
25 10
90 12
42 15
70 4
33 3
78 9
79 17
48 12
36 8
79 18
30 16
83 19
28 11
83 9
26 29
53 0
53 18
28 8
77 9
82 6
82 3
92 11
71 4
80 5
43 13
48 13
45 16
51 17
87 3
71 3
83 10
47 12
52 18
75 10
84 10
77 13
5 2
21 0
49 6
43 19
25 12
0 2
4 5
92 13
67 1
93 13
83 15
23 19
20 17
0 6
78 13
51 9
2 6
29 9
25 14
86 5
73 2
45 14
23 6
55 13
11 12
52 9
89 3
54 0
56 5
92 5
79 8
77 6
93 11
76 1
89 4
42 5
82 16
45 3
70 1
77 10
23 14
80 6
45 6
59 5
57 14
86 1
46 5
93 5
55 5
57 15
48 6
80 3
22 0
59 16
58 6
83 17
85 6
0 4
84 17
74 2
74 4
21 15
46 17
6 2
50 9
30 3
30 11
42 11
42 18
36 14
68 4
55 17
25 11
28 0
7 0
45 5
26 40
23 18
20 19
54 13
59 69
29 18
36 19
50 13
71 6
14 6
50 6
51 16
53 5
22 6
9 12
48 18
7 14
33 8
47 8
80 17
81 11
85 9
78 5
52 5
28 6
78 14
87 6
84 13
43 10
71 5
52 11
26 34
88 4
79 14
54 17
36 0
49 5
26 32
52 13
50 5
20 15
70 6
25 5
49 4
68 1
70 5
43 6
82 12
80 11
44 15
85 3
55 0
36 16
42 0
87 5
91 0
72 6
79 15
44 17
57 16
49 2
26 28
59 63
92 14
26 33
75 13
26 46
47 15
82 9
47 11
59 6
42 3
75 8
75 5
16 19
85 13
25 19
81 3
73 4
42 10
54 15
78 15
43 18
11 19
85 0
68 2
25 15
46 8
57 11
87 2
80 8
21 9
9 19
26 24
46 0
77 12
73 1
77 16
57 9
51 11
79 13
20 5
3 5
75 17
90 0
79 6
46 9
89 6
91 10
29 8
28 12
33 15
42 17
26 44
93 10
25 3
59 14
42 9
25 8
23 10
3 4
43 17
77 17
87 1
21 3
22 18
2 1
77 3
23 12
29 19
22 14
21 19
93 16
81 10
89 1
46 10
23 3
26 39
57 17
33 9
85 5
26 41
45 11
28 14
78 11
84 3
23 15
24 12
69 4
54 16
50 12
55 16
59 9
28 10
85 19
20 3
59 60
69 6
30 18
89 5
54 12
15 19
13 10
85 11
54 10
43 8
57 13
75 6
20 9
92 3
91 6
44 9
22 5
20 12
52 17
49 3
78 3
75 16
84 16
7 3
30 17
74 1
82 0
45 10
69 1
75 3
43 5
47 18
30 14
50 3
9 10
88 5
82 19
48 5
84 14
75 11
51 15
47 0
57 5
93 17
80 15
52 12
59 62
51 12
29 0
54 19
57 8
25 13
24 11
67 6
59 56
46 13
14 4
36 12
59 65
48 15
83 18
84 18
18 12
23 13
85 12
55 3
84 9
33 10
59 76
46 6
45 8
45 9
52 15
92 0
52 19
90 6
33 5
30 9
53 17
57 6
46 11
91 12
73 6
22 3
82 13
26 20
44 14
75 12
34 11
44 5
2 4
79 10
13 8
33 17
59 4
59 72
59 11
76 4
20 10
55 9
77 0
50 10
67 2
25 17
22 12
90 3
81 19
46 16
46 15
93 0
53 9
59 3
81 6
26 30
80 16
9 8
43 12
5 3
0 1
22 8
22 15
56 3
59 17
33 11
82 14
58 2
29 11
76 2
42 8
78 10
79 5
3 2
56 6
21 13
82 8
90 11
55 19
48 17
28 18
44 12
93 6
58 3
81 15
33 18
70 2
81 12
13 12
50 15
21 16
42 19
51 13
22 19
28 16
20 16
86 6
46 14
55 15
7 5
28 15
54 5
88 2
56 1
45 12
29 12
52 10
77 5
20 14
25 6
80 0
21 5
45 13
90 8
91 3
53 13
58 4
48 8
56 4
91 11
42 12
42 14
6 4
48 3
90 10
6 5
47 19
52 8
36 15
52 3
34 12
59 73
53 8
21 12
22 17
36 10
20 11
53 14
72 3
19 8
85 16
55 14
84 15
72 2
90 15
75 9
90 9
21 11
17 3
46 18
93 19
93 18
48 14
73 3
75 19
46 12
75 18
91 8
59 13
36 18
2 5
51 14
47 10
81 18
93 15
22 11
81 13
