144 25
99 79
165 42
112 14
76 31
143 5
92 9
197 124
153 45
192 15
103 12
52 28
103 1
150 23
148 45
45 4
97 72
91 93
122 29
81 4
47 6
197 85
29 48
179 166
27 8
150 11
197 47
105 16
63 14
131 32
88 25
111 6
166 11
130 25
203 12
186 45
21 8
67 6
44 1
168 17
79 42
196 25
143 13
150 16
68 14
127 6
135 22
191 25
110 23
197 123
138 25
169 1
203 19
198 42
132 15
87 18
166 13
62 6
142 19
107 9
201 6
130 68
9 14
188 43
175 16
197 185
116 110
11 16
194 20
161 20
75 34
34 16
40 8
106 86
90 20
193 25
193 19
162 6
97 2
97 92
105 25
176 29
195 6
115 114
71 42
206 9
88 28
21 24
207 67
190 6
103 17
49 57
106 19
92 16
89 5
140 7
79 66
189 3
152 1
156 3
122 36
31 11
154 6
189 13
173 7
152 6
21 25
96 1
62 30
147 12
189 20
172 19
21 9
74 13
188 11
87 22
19 16
65 78
111 3
136 6
153 6
198 10
113 15
105 12
202 18
168 2
67 79
144 1
197 21
87 45
193 1
147 8
100 20
143 15
9 6
109 1
118 147
198 5
20 8
3 14
202 11
96 3
87 42
144 13
205 8
33 13
124 16
112 20
145 32
133 2
88 22
7 11
168 1
175 24
188 44
165 4
24 1
185 14
104 20
185 8
118 61
97 25
151 4
137 19
116 23
29 12
184 20
34 4
168 10
161 9
127 69
63 20
95 6
14 1
49 63
114 6
61 6
43 1
202 22
56 6
184 12
167 13
146 16
189 2
170 6
63 25
31 30
146 13
163 19
98 2
208 2
108 19
73 13
43 15
188 37
98 92
54 78
186 67
164 32
150 12
145 45
165 18
89 15
55 6
188 14
115 19
193 20
52 31
22 8
146 19
156 6
96 20
74 18
203 25
179 18
3 11
106 15
133 92
35 4
154 19
179 25
90 12
185 4
151 20
0 18
40 4
197 74
183 4
39 15
154 20
105 20
116 64
101 11
178 20
2 16
205 3
178 12
112 23
202 12
32 30
140 1
162 2
119 66
2 8
92 8
160 46
144 19
202 8
155 20
104 16
42 6
38 2
131 69
108 11
182 14
116 129
76 77
193 23
62 161
3 6
34 11
76 27
206 3
16 9
186 32
183 46
41 22
10 6
181 15
168 13
116 132
115 20
200 8
78 15
116 127
94 6
175 25
181 20
187 34
0 11
29 1
176 37
31 4
139 3
8 11
39 2
89 20
104 19
19 9
24 12
165 24
197 105
63 24
179 14
106 20
85 37
63 4
146 24
92 15
89 42
125 92
40 15
127 45
33 20
85 44
202 45
202 46
194 3
91 6
52 27
185 22
173 6
187 4
97 93
165 12
103 19
68 12
70 32
161 22
66 32
181 114
83 11
39 13
183 25
158 72
159 6
122 28
66 25
125 16
110 8
47 11
133 20
45 12
8 4
64 9
117 6
110 6
175 22
13 11
80 42
13 14
44 9
8 1
162 34
143 19
177 7
98 93
144 22
103 2
89 10
135 45
166 32
176 23
5 6
197 91
169 2
148 42
99 32
124 93
41 16
198 19
91 13
113 48
83 12
70 24
110 1
109 20
24 20
37 15
85 24
172 1
185 15
87 25
62 48
146 9
42 14
115 13
103 16
187 24
205 1
151 13
168 14
179 40
163 1
47 22
133 86
0 5
176 14
105 92
144 12
19 14
100 1
124 13
33 2
106 93
49 52
178 7
43 16
27 16
133 13
167 3
79 32
140 3
124 3
110 11
14 6
182 9
113 19
37 6
112 4
162 14
20 16
78 16
153 42
41 6
136 1
141 66
160 42
121 3
93 14
38 31
105 13
115 48
167 20
21 4
82 69
39 1
102 13
161 3
175 18
117 1
37 16
73 19
193 16
184 7
43 9
197 41
38 24
199 25
206 19
64 1
49 59
115 12
79 6
60 6
197 76
74 19
144 11
89 16
68 2
82 68
132 13
4 16
33 16
15 4
197 195
9 15
63 11
93 15
139 12
15 16
33 18
96 86
191 6
148 46
113 6
91 86
193 14
75 18
116 54
92 6
161 4
207 1
26 28
23 6
150 4
129 12
159 9
41 45
150 20
0 3
145 66
78 19
124 1
193 24
143 7
176 12
199 23
89 4
169 20
160 6
39 20
204 12
147 37
137 6
35 8
0 20
115 1
116 33
112 1
173 5
85 45
39 3
196 6
133 1
31 28
99 69
17 6
196 34
96 2
145 42
49 54
151 8
126 6
132 1
12 4
14 15
98 19
154 2
118 60
56 1
203 13
39 12
128 1
14 4
182 3
83 4
161 24
197 181
199 9
157 6
183 40
155 93
87 8
95 2
41 25
70 27
140 19
161 19
81 7
0 2
159 16
176 11
66 1
31 29
26 31
9 16
191 1
145 79
207 42
69 32
144 8
202 1
125 13
27 15
145 69
190 2
147 1
194 10
17 15
32 36
191 66
47 8
81 6
130 69
71 45
197 182
84 4
67 45
122 31
132 20
70 23
145 67
131 6
161 6
80 45
192 12
109 2
109 9
186 25
121 15
201 1
206 12
146 11
190 13
135 6
201 45
165 1
208 20
17 16
87 44
21 2
12 9
101 37
112 22
127 25
0 1
92 4
160 1
172 6
26 29
187 6
169 19
162 35
38 29
118 55
189 6
83 8
100 6
207 69
90 1
26 9
196 14
47 1
17 3
183 24
74 6
38 28
33 27
202 40
178 1
169 3
52 10
118 59
111 1
11 8
26 13
111 19
155 1
107 14
138 68
88 2
180 6
197 107
15 8
36 30
144 20
39 19
198 16
143 1
90 19
193 3
166 1
46 11
155 19
89 45
29 28
98 16
183 8
162 7
170 13
185 1
201 66
54 6
151 3
83 25
115 2
74 20
36 9
70 25
179 9
166 4
18 11
46 14
141 67
138 67
96 25
13 8
134 1
41 40
7 8
151 23
188 4
183 22
186 6
150 9
202 25
197 187
133 25
143 8
130 32
205 20
49 64
165 166
209 3
115 15
174 1
177 5
133 3
161 23
38 13
33 34
15 6
81 20
179 34
196 24
175 44
102 6
165 43
175 4
197 141
101 4
29 6
205 12
150 14
197 194
183 12
205 13
27 1
36 27
150 22
208 3
116 118
66 69
129 16
118 145
168 5
185 6
111 24
45 6
97 1
201 32
118 152
89 13
168 4
40 6
74 3
118 148
192 4
193 9
47 12
119 42
0 12
46 12
103 8
32 67
20 14
33 38
203 3
204 15
138 69
4 11
163 7
70 6
183 18
106 92
27 4
116 133
91 25
16 142
194 16
135 11
69 42
176 20
183 43
202 14
204 3
112 19
87 37
152 32
165 34
71 25
29 36
17 37
176 7
162 16
194 17
83 37
85 46
46 48
108 14
197 111
158 20
72 1
41 4
96 72
63 9
98 12
188 9
31 16
159 2
70 8
97 16
197 165
141 25
182 8
162 29
35 1
115 6
104 13
32 42
80 25
26 20
105 93
68 13
171 158
184 2
168 15
72 9
156 2
129 3
20 1
103 14
146 8
197 62
181 48
100 2
139 7
197 97
33 6
209 13
15 11
179 6
196 18
179 46
135 43
197 115
81 12
41 14
49 61
103 6
175 14
196 22
159 20
191 42
97 13
166 16
36 11
66 42
124 15
208 13
47 48
63 13
139 19
134 12
20 4
33 31
147 42
87 34
162 13
33 35
168 6
58 78
197 75
118 151
144 24
95 1
205 22
146 2
37 4
177 1
71 69
44 16
84 14
180 25
19 8
162 19
175 9
2 6
18 14
131 67
135 12
111 2
165 46
84 3
144 9
165 11
166 8
125 93
61 78
78 6
107 20
191 45
140 20
110 16
161 1
178 13
67 68
2 9
85 43
188 25
179 45
82 66
22 16
22 6
135 14
209 6
107 23
52 36
93 16
44 6
81 76
154 13
187 46
85 25
97 3
197 149
132 12
137 1
129 24
129 19
198 15
22 14
108 20
26 16
154 1
106 16
184 6
166 14
127 1
119 6
87 12
143 20
75 3
142 6
68 19
17 23
147 22
124 12
118 75
84 22
0 9
41 8
62 77
147 11
91 72
116 56
50 10
118 144
195 42
132 3
112 2
116 117
73 7
3 9
38 8
99 42
197 198
116 115
85 12
26 27
159 13
174 8
175 46
197 135
62 27
139 13
147 43
119 69
200 12
109 8
135 46
206 25
177 19
162 9
25 1
191 32
94 2
88 11
176 25
110 22
41 34
103 106
88 30
9 4
132 19
109 3
103 10
173 10
123 1
197 98
102 20
97 12
196 4
173 15
91 16
67 25
127 66
38 30
146 3
107 11
103 15
194 79
61 1
177 16
108 16
162 23
116 51
80 66
197 23
70 20
23 1
149 6
182 12
147 18
15 1
35 14
176 34
177 18
93 6
204 20
0 10
202 16
40 14
187 45
79 25
84 20
98 6
103 11
49 51
9 1
3 1
197 168
87 16
153 1
187 8
78 1
143 11
10 15
29 18
83 34
200 15
181 3
173 1
83 42
180 69
101 23
87 46
192 14
78 92
148 66
39 6
173 12
45 15
159 22
72 6
169 12
62 31
158 1
194 14
207 25
45 14
170 2
83 24
159 8
130 66
206 23
16 4
154 3
74 1
173 4
133 19
159 12
96 13
33 4
159 3
68 6
197 82
63 23
0 6
165 40
197 196
138 45
31 15
206 2
111 16
180 45
38 14
42 48
73 3
141 79
107 3
144 23
147 44
68 22
156 19
194 15
95 7
209 12
17 11
199 1
136 12
118 62
95 3
187 11
35 11
110 2
177 11
75 13
32 45
38 16
134 14
106 72
78 3
116 113
134 6
165 44
20 9
196 9
86 11
91 92
111 8
12 14
151 1
104 72
165 88
87 4
107 1
0 16
135 34
180 67
10 1
68 4
194 12
109 23
96 6
155 72
102 3
37 8
21 3
110 12
28 30
105 6
181 1
190 3
78 25
209 2
148 6
112 25
164 6
197 160
164 68
18 4
108 6
200 1
17 14
187 22
153 46
38 1
59 1
101 20
150 2
35 16
186 69
31 6
49 58
21 23
63 16
63 22
52 1
80 67
164 45
197 108
0 13
197 199
118 52
17 9
93 1
177 6
172 7
75 19
196 40
112 11
175 34
152 79
194 2
147 6
194 19
47 9
204 19
176 4
109 12
137 7
141 6
101 6
166 19
143 4
193 13
97 86
26 30
74 12
116 105
31 36
46 16
161 25
13 16
134 15
59 78
119 32
158 2
199 4
17 1
203 4
51 78
197 133
175 8
49 62
95 13
71 68
83 46
63 8
197 157
118 56
201 67
37 9
200 16
97 15
38 9
180 1
143 14
36 29
107 4
116 39
42 9
121 12
183 88
185 16
50 36
161 2
52 67
182 2
21 13
17 20
88 9
163 12
182 22
41 9
162 15
182 23
116 61
4 6
132 6
81 11
165 45
85 8
93 11
17 4
140 2
2 11
156 20
159 24
56 78
84 13
174 11
203 8
44 142
204 13
105 1
147 25
150 3
79 67
197 171
116 131
89 3
194 6
103 104
177 2
103 98
53 78
32 28
205 14
175 1
78 12
150 13
19 4
29 34
146 20
15 9
73 2
168 11
108 22
37 11
167 19
170 20
63 2
36 28
32 66
197 203
26 3
104 86
198 7
166 29
200 22
103 91
188 18
116 121
173 11
120 37
175 40
185 9
116 17
199 3
156 7
110 19
87 1
75 7
113 20
36 1
42 12
193 22
154 7
175 42
174 15
71 6
203 2
197 106
164 69
197 175
196 46
91 15
24 19
152 66
82 67
166 6
4 8
8 142
206 11
85 1
111 13
83 43
152 42
131 25
125 15
108 1
81 5
198 13
202 9
130 42
65 6
38 22
124 92
199 12
7 14
49 55
111 9
194 7
206 16
96 15
158 6
168 20
180 79
82 1
198 6
197 63
70 3
206 20
33 15
125 3
179 24
86 1
32 6
89 12
164 1
37 14
22 11
113 2
3 16
0 4
112 6
50 67
176 1
104 2
188 40
20 6
41 12
103 97
12 6
94 19
98 1
138 6
111 25
201 68
166 2
100 13
41 46
197 202
10 8
118 51
188 46
188 12
197 113
105 15
112 8
165 14
41 18
183 34
164 79
174 9
70 11
168 9
12 1
194 4
26 2
147 24
179 88
78 86
124 86
47 4
133 6
101 15
118 146
68 23
196 8
136 3
182 1
143 12
108 4
75 2
146 14
88 32
118 53
2 4
7 16
179 37
38 3
209 7
176 18
103 3
36 12
89 14
68 11
197 1
46 8
149 1
165 9
199 8
168 8
53 6
139 1
94 13
201 42
199 14
112 3
81 14
143 9
151 19
116 119
177 8
97 20
197 151
32 29
20 11
151 22
199 20
161 8
133 72
107 25
106 1
116 128
38 27
206 1
66 45
70 30
4 9
206 24
87 43
45 1
110 13
205 23
107 24
166 24
121 2
151 24
198 2
158 12
196 44
17 13
203 20
68 3
168 16
148 1
85 4
104 92
197 158
81 19
86 15
168 3
118 26
197 101
175 37
44 11
0 17
102 12
88 6
103 7
50 28
137 12
118 64
162 18
41 24
161 16
104 3
88 19
131 45
81 9
169 6
18 1
147 46
125 20
133 15
68 20
87 11
150 24
162 20
136 7
192 1
181 13
42 1
173 17
87 9
178 2
156 13
185 48
208 1
89 17
11 15
34 9
21 1
49 56
163 13
127 79
174 12
204 1
27 9
83 22
84 1
4 1
50 29
52 6
105 86
181 6
163 3
100 19
121 1
21 16
64 6
108 9
89 11
108 23
111 12
193 8
188 22
21 19
165 8
124 25
88 12
141 1
24 13
147 40
141 32
10 4
205 25
101 35
195 66
88 27
91 2
134 4
44 8
68 25
11 1
197 159
118 70
33 1
95 12
197 191
183 37
13 1
173 19
188 42
161 12
84 12
138 1
16 8
136 19
209 19
134 8
172 12
159 1
37 1
55 78
197 132
116 52
72 16
156 12
99 66
108 3
198 4
118 54
188 16
73 12
122 27
120 1
184 3
176 9
140 12
60 1
182 24
64 78
203 22
85 22
173 14
111 23
158 15
129 11
198 14
174 48
92 1
110 25
34 14
187 37
116 65
119 68
33 11
135 40
203 9
85 16
206 8
32 68
8 6
147 45
165 6
101 19
103 9
137 13
198 8
166 20
33 30
161 13
99 1
144 2
18 16
205 2
36 32
70 2
87 6
140 13
17 2
200 9
132 114
70 14
10 11
121 6
35 15
86 6
14 16
168 18
34 1
94 3
129 23
166 22
116 124
126 1
197 188
105 3
81 3
145 68
155 16
170 1
208 19
70 12
107 16
26 14
177 4
121 40
116 84
131 1
192 16
81 8
46 4
102 2
38 25
116 55
207 6
88 23
90 3
177 12
194 1
74 7
52 30
135 25
199 13
22 15
176 2
70 22
129 8
166 25
159 25
135 44
191 79
38 12
173 9
69 25
151 25
17 7
119 1
14 8
35 9
83 6
88 3
5 1
136 2
31 48
84 11
36 6
108 2
83 45
133 93
33 23
159 14
29 30
116 91
95 19
103 96
41 11
106 25
57 6
81 16
91 20
10 14
36 16
86 16
152 45
26 1
19 6
51 6
199 6
50 31
165 25
182 13
83 16
86 8
139 20
182 25
137 3
179 42
40 16
63 19
15 14
104 93
90 7
32 1
33 12
129 6
26 19
197 110
85 40
142 13
102 19
147 14
88 29
43 11
152 25
129 14
192 6
101 25
17 29
88 13
10 9
109 19
89 18
164 66
166 9
118 50
78 2
129 22
196 16
145 6
154 12
41 42
165 16
169 13
104 1
143 10
98 20
106 2
24 7
24 6
29 27
171 1
141 45
147 9
158 13
83 18
0 8
125 19
127 32
198 20
209 1
169 7
121 20
199 24
103 13
24 2
101 7
152 68
26 24
40 9
89 2
17 25
131 66
161 11
125 2
200 6
70 19
127 42
143 3
135 1
131 68
194 11
162 25
159 23
104 12
188 24
84 9
82 42
155 13
139 6
175 43
92 11
138 30
144 14
162 37
110 4
42 15
112 12
36 14
136 13
131 206
202 42
67 42
81 17
32 25
175 6
41 43
103 18
198 18
155 6
38 23
104 25
161 14
197 177
187 9
85 42
151 11
47 14
26 8
92 14
11 14
88 16
42 4
143 16
203 23
187 14
129 4
197 96
41 37
207 32
93 8
183 6
17 19
96 12
100 3
197 150
188 8
205 24
115 3
160 45
172 20
65 1
68 1
202 4
68 8
187 43
191 67
197 83
49 65
118 58
155 12
79 1
69 67
158 25
124 20
50 1
72 8
13 6
89 8
31 32
176 19
188 6
183 11
36 15
84 16
192 48
101 29
112 9
2 1
182 11
135 8
170 7
17 12
183 166
38 6
70 13
122 30
198 12
107 6
50 6
193 12
198 9
172 3
144 3
130 1
11 4
27 11
193 6
36 4
105 19
196 45
101 3
124 2
73 1
70 28
203 14
85 14
8 14
10 16
173 8
53 1
63 6
202 6
206 4
26 22
19 15
158 16
49 50
78 72
70 29
189 19
173 18
25 6
118 150
142 1
38 4
166 3
47 15
141 42
166 23
96 93
78 93
73 6
162 1
21 12
46 15
3 4
199 11
146 23
79 69
71 1
155 2
82 32
84 6
8 9
177 3
31 27
69 6
138 32
45 11
44 14
145 25
67 69
20 15
3 8
22 4
45 8
91 3
82 79
150 25
49 53
155 15
202 44
185 11
85 6
63 3
113 12
31 8
109 22
176 35
183 1
58 6
179 4
107 2
194 5
116 59
192 9
125 6
172 13
144 6
164 25
116 126
193 4
140 6
202 24
96 92
116 58
50 71
179 43
158 92
146 22
107 19
128 6
186 42
82 25
80 6
50 30
103 5
157 1
84 25
109 11
133 12
85 18
162 11
33 3
182 16
116 120
175 45
84 2
121 13
110 9
40 11
112 16
151 12
190 20
188 45
88 20
67 1
163 6
16 1
68 9
90 6
93 4
177 10
101 1
121 19
44 4
81 10
135 18
135 42
80 32
181 2
144 16
204 2
111 20
205 16
187 40
143 2
201 25
12 11
67 32
83 40
116 123
151 2
187 44
0 7
116 130
205 19
203 11
152 67
86 14
166 12
180 66
55 1
11 6
70 31
18 15
18 6
129 25
194 8
27 14
190 19
178 3
193 11
0 19
205 4
93 9
12 16
207 68
159 19
34 15
85 9
174 14
42 11
155 92
187 42
34 8
200 48
130 45
21 14
32 27
197 204
134 16
86 9
106 12
171 6
136 20
157 158
163 20
151 16
160 66
99 67
189 1
197 104
126 78
43 4
173 16
89 7
31 1
33 9
80 1
168 7
184 1
38 32
129 20
32 31
197 173
83 14
156 1
110 24
186 68
45 48
109 24
118 57
72 11
200 14
173 2
151 6
179 12
18 8
60 78
85 11
13 4
81 15
196 11
119 45
182 6
131 42
139 2
82 6
129 13
7 4
163 2
8 15
80 69
46 9
197 200
98 15
142 2
176 3
187 1
120 6
182 4
186 79
98 86
69 45
195 45
173 20
106 13
18 9
114 1
203 1
16 15
194 9
4 15
177 20
59 6
205 9
132 2
22 9
203 16
207 45
13 15
113 1
197 46
33 7
96 19
106 3
185 12
209 20
33 19
113 3
200 11
179 44
116 53
110 20
26 12
202 37
203 6
206 13
106 6
182 20
34 6
197 87
79 45
166 27
19 11
125 12
187 12
0 14
21 22
83 9
42 8
49 60
44 15
75 6
183 14
166 31
99 6
0 15
88 14
175 11
110 3
197 193
175 12
26 4
176 6
118 112
109 13
75 20
31 9
75 12
196 43
145 1
174 6
164 67
24 3
206 22
205 6
162 12
129 1
199 19
146 1
47 16
27 6
104 15
152 69
172 2
116 125
118 149
150 6
167 1
208 6
116 76
4 14
88 4
116 36
40 1
167 2
90 2
109 25
14 11
91 1
109 6
197 143
197 205
71 79
192 8
96 16
153 66
104 6
38 11
70 16
191 68
81 18
196 12
26 32
116 50
170 19
183 42
182 19
200 4
135 16
88 24
98 13
165 22
188 1
70 4
70 1
180 32
71 67
164 42
12 8
109 14
150 8
87 40
81 13
127 68
36 48
33 29
52 32
63 1
75 1
183 9
41 44
198 17
155 86
199 22
21 11
111 14
144 4
58 1
22 1
176 16
51 1
179 8
147 16
159 11
203 24
125 1
176 13
129 2
102 1
9 11
28 48
97 19
119 67
57 78
150 1
135 9
207 66
159 4
142 3
147 34
137 2
81 1
89 9
72 15
38 19
26 6
45 9
33 36
146 12
19 1
21 6
107 12
95 20
2 14
127 67
71 32
33 37
142 20
98 25
197 125
199 2
85 34
188 34
82 45
179 22
99 45
54 1
2 15
138 29
141 68
68 24
84 23
134 48
151 9
183 44
107 13
113 13
17 34
130 6
7 15
108 8
186 66
74 40
89 1
89 6
31 14
183 45
84 24
12 15
112 13
52 71
21 20
134 11
41 1
202 34
67 66
196 42
108 13
196 1
184 13
101 9
97 6
122 32
197 89
50 27
122 1
132 48
186 1
39 40
197 109
173 13
86 4
118 65
147 4
74 34
119 25
116 122
94 1
35 6
146 6
187 25
178 19
158 3
31 12
66 67
83 44
170 12
7 9
180 68
103 105
101 12
79 68
197 179
166 30
43 6
187 18
125 72
125 86
180 42
193 2
81 2
191 69
197 81
43 14
101 18
101 2
13 9
125 25
111 11
57 1
155 25
199 16
198 45
124 19
197 153
205 11
197 183
74 2
11 9
66 6
177 9
190 1
204 6
108 25
70 9
177 17
63 12
16 14
197 0
113 114
26 25
80 68
102 7
88 1
38 20
183 16
108 12
143 18
109 4
46 6
134 9
69 66
43 8
71 66
91 19
36 8
72 14
124 6
46 1
88 31
73 20
118 126
72 4
194 18
42 16
111 4
184 19
122 6
167 12
68 16
187 16
69 1
116 60
135 37
198 3
9 8
138 42
87 24
170 3
7 6
88 8
50 32
129 9
107 22
99 68
194 13
206 6
179 11
133 16
101 16
87 14
198 11
197 99
143 17
197 192
196 37
84 8
62 1
146 4
99 25
90 13
103 4
8 16
16 11
112 24
91 12
135 24
195 1
181 12
135 4
201 46
14 9
111 22
45 16
177 13
197 103
26 23
177 15
174 4
192 11
109 16
101 14
110 14
179 1
137 20
173 3
7 1
69 68
202 43
83 1
178 6
36 31
101 13
197 174
103 20
138 66
98 3
174 16
166 28
94 20
146 25
162 3
158 19
151 14
26 11
89 19
176 15
150 19
179 16
168 12
167 7
195 46
158 93
207 79
66 68
158 86
123 6
167 6
32 69
101 34
201 69
5 12
33 14
3 15
168 19
162 4
17 18
141 69
155 3
98 72
177 14
84 19
198 1
78 20
52 29
105 72
33 25
17 35
165 37
181 19
75 40
197 201
16 6
124 72
116 38
108 24
107 8
78 13
143 6
206 14
105 2
