14 1
8 0
56 16
32 14
56 19
4 38
26 19
8 9
37 17
49 10
36 10
39 25
39 27
26 4
29 31
55 5
49 20
8 10
33 13
36 12
31 2
55 13
24 4
24 10
12 4
54 31
49 13
36 17
8 15
49 4
34 15
42 2
39 10
39 14
56 11
12 1
23 3
32 17
36 13
40 1
26 20
55 24
34 23
32 19
56 4
34 20
8 24
40 20
56 3
13 4
2 7
55 17
34 19
41 27
31 4
39 1
32 4
37 27
40 10
49 17
36 24
54 45
39 9
32 18
32 27
37 11
44 5
12 2
36 9
36 5
49 25
38 7
16 2
49 16
14 3
8 19
42 19
20 1
37 0
32 2
50 51
34 4
39 28
41 21
56 26
42 10
34 9
34 24
41 3
37 21
34 25
36 18
56 20
41 23
32 22
32 21
16 28
29 30
34 10
16 3
41 19
32 20
24 16
41 6
34 11
55 20
14 4
40 2
37 14
24 2
39 20
32 10
31 10
16 7
15 19
8 1
39 23
19 20
32 24
39 4
56 22
15 13
8 12
12 3
56 2
50 29
40 23
41 9
36 15
40 0
31 3
36 16
41 22
34 27
39 6
35 31
30 7
41 13
56 42
42 20
32 23
40 16
8 18
2 4
54 44
34 12
49 15
45 7
40 5
41 10
31 42
55 15
36 6
37 6
32 5
31 20
40 14
35 3
49 19
37 20
0 2
25 2
8 26
39 24
40 21
32 6
13 7
55 3
49 0
16 19
50 44
55 27
17 3
42 1
40 6
54 15
37 9
55 23
37 23
40 24
50 52
34 2
34 1
52 26
49 5
41 25
39 18
8 28
16 4
40 26
54 20
40 12
16 1
8 22
31 9
49 27
42 4
56 18
35 13
13 3
25 19
39 5
30 3
34 5
17 2
32 12
3 2
54 53
36 27
34 13
30 5
0 1
5 7
36 19
0 4
49 24
32 1
40 18
8 2
41 4
56 9
29 5
45 1
8 3
49 3
31 7
42 3
32 16
34 28
55 2
39 19
40 13
22 7
41 20
56 1
50 33
55 9
36 14
37 16
37 26
32 28
41 11
27 7
40 15
24 28
52 5
55 11
32 13
53 10
56 23
39 12
24 19
49 14
49 2
12 10
49 12
39 17
17 4
34 0
44 30
56 21
54 26
39 26
55 1
2 38
54 35
50 27
24 1
37 10
3 38
41 26
52 9
8 13
37 25
20 7
0 3
43 17
54 33
8 4
49 22
36 4
41 28
34 14
15 38
49 9
39 2
55 12
55 10
36 26
15 20
40 17
49 28
56 5
36 28
37 28
56 6
32 0
43 0
31 12
56 27
56 15
3 4
25 7
3 7
14 9
49 18
36 3
15 2
20 10
26 2
56 13
40 28
55 26
24 7
36 25
15 3
41 18
41 16
12 7
54 51
56 12
32 9
0 5
19 10
19 7
40 11
55 22
56 10
32 26
36 11
39 16
39 15
35 5
31 28
36 1
39 11
25 20
34 3
40 19
54 48
31 47
40 3
50 54
37 1
32 25
55 19
48 10
4 7
45 3
55 4
34 18
55 14
41 5
55 6
41 12
20 19
37 4
35 2
32 15
35 4
41 24
44 1
36 20
37 2
29 2
39 3
34 21
37 18
41 17
54 16
2 3
50 53
25 1
56 0
34 17
49 21
31 19
40 27
47 7
36 21
40 9
34 16
49 1
37 3
39 21
36 22
25 10
41 0
36 2
24 20
37 5
40 4
8 17
39 13
49 6
36 0
34 22
10 2
32 3
8 23
49 23
55 21
41 1
46 47
25 3
40 25
37 22
42 7
56 25
41 2
15 31
56 17
13 9
13 5
56 28
24 3
8 5
41 15
25 4
27 3
26 7
36 23
41 14
28 5
12 19
14 7
54 19
54 29
17 1
31 5
19 1
8 11
32 11
49 26
31 46
26 3
29 4
44 3
44 13
49 11
39 22
8 21
37 13
31 1
35 30
37 12
55 18
8 14
54 10
56 24
37 24
55 16
12 20
16 10
37 19
55 25
34 26
6 7
39 0
8 25
29 3
8 6
29 13
28 7
17 13
8 27
34 6
55 28
55 0
40 22
50 35
8 20
37 15
56 14
16 20
31 13
8 16
