178 4
166 178
226 114
151 20
57 110
76 8
207 171
232 22
205 33
113 116
166 86
102 8
152 186
210 60
116 31
71 4
109 6
82 163
80 23
143 16
93 31
210 16
13 4
141 193
229 1
124 10
77 2
56 8
197 8
142 16
183 7
137 114
72 8
82 184
149 173
89 7
68 33
214 79
212 88
47 206
234 3
191 5
46 4
154 38
5 32
226 16
244 9
211 200
120 85
4 31
76 4
88 57
220 221
135 10
154 165
5 10
211 49
135 2
90 11
211 83
211 73
134 12
72 115
47 38
47 193
211 222
211 61
159 6
95 33
50 62
191 12
198 7
50 160
89 1
37 72
38 8
211 237
77 68
54 27
8 176
135 28
142 110
75 11
23 4
154 169
86 8
143 9
139 6
100 94
227 31
147 115
163 4
131 86
149 16
79 161
82 87
185 6
198 12
63 4
191 7
245 41
231 1
118 38
137 175
161 4
53 24
101 12
194 1
69 6
113 4
153 82
68 16
151 27
141 1
47 204
214 177
177 11
108 7
76 11
187 11
206 11
79 58
29 10
244 8
21 12
234 31
5 7
91 12
173 175
193 32
146 56
90 8
79 80
90 95
147 218
194 12
113 6
83 2
54 8
165 1
166 161
207 41
50 124
70 7
58 24
20 9
57 33
102 10
156 6
20 95
37 46
91 2
91 11
57 114
80 8
20 174
120 39
51 11
12 4
50 119
71 8
223 7
73 19
82 70
42 4
120 119
105 170
238 174
35 3
53 114
216 85
38 3
154 51
100 96
13 1
152 107
152 8
146 55
222 10
78 4
50 206
199 3
45 5
240 47
82 88
179 16
44 3
157 116
88 198
46 10
210 71
82 66
37 49
207 123
115 6
26 23
224 8
70 12
82 155
88 69
19 8
64 19
73 109
88 179
81 24
227 10
76 2
183 3
166 65
216 44
105 163
215 150
181 7
96 11
37 47
185 2
122 4
30 26
82 96
60 32
88 51
88 58
237 8
239 134
232 1
96 12
27 6
97 2
130 110
78 11
47 3
30 2
77 8
166 82
215 118
58 32
28 4
141 2
153 206
109 175
51 6
120 30
154 107
54 224
226 2
236 22
179 2
245 138
40 1
114 4
136 55
131 105
119 93
145 115
143 3
213 41
63 114
50 155
211 195
47 85
199 110
212 87
19 1
37 58
98 114
190 9
47 191
161 11
184 4
238 175
125 53
63 110
71 11
25 4
242 8
210 232
196 4
85 8
29 3
88 53
47 61
83 7
196 224
82 196
233 27
46 8
242 4
45 11
85 7
136 4
227 12
57 5
37 62
50 67
167 18
116 174
111 4
179 11
185 11
128 31
143 110
120 121
47 160
89 12
211 232
245 14
141 11
208 51
41 8
2 4
193 11
101 11
72 12
118 7
29 7
115 9
37 73
87 16
136 24
245 44
166 16
242 3
216 103
210 36
146 67
10 4
226 3
244 1
166 50
233 114
165 2
105 55
85 10
60 24
82 235
86 20
210 77
211 234
226 1
215 35
47 159
154 79
82 161
96 31
16 9
182 3
79 45
5 9
159 68
108 8
167 82
217 79
50 54
47 81
147 10
239 47
105 81
30 12
124 11
120 153
145 188
163 7
54 23
50 39
166 23
176 6
54 5
88 32
206 10
229 109
86 24
127 4
170 6
137 193
134 1
82 84
123 184
154 164
87 4
87 8
120 145
32 4
233 1
106 3
207 125
50 55
211 216
144 4
142 4
47 72
215 68
79 179
151 6
49 1
17 26
88 99
147 6
120 107
123 4
50 90
120 17
212 70
86 11
93 3
56 6
105 176
187 3
183 11
79 0
152 110
232 11
128 2
179 4
84 11
229 68
190 1
207 17
233 12
245 45
79 47
123 40
73 12
166 34
47 68
85 16
246 6
88 194
18 33
144 20
28 3
147 110
49 12
163 6
136 20
244 114
50 80
160 4
210 54
47 48
0 2
5 4
77 12
189 24
209 87
226 33
123 5
0 7
154 159
148 110
82 190
154 65
228 68
154 166
145 8
75 12
48 4
47 115
227 33
211 67
217 35
161 1
218 4
131 106
29 19
82 33
56 2
65 6
46 6
9 6
3 31
47 54
209 118
54 114
110 16
216 70
9 33
96 8
150 218
43 4
230 4
1 6
47 65
166 57
98 4
79 232
210 82
51 7
155 4
82 16
10 31
204 93
213 145
82 134
229 31
207 141
210 200
235 11
227 3
211 36
163 16
231 95
88 48
144 115
150 115
82 35
193 1
62 16
162 7
235 12
47 67
38 12
152 7
211 134
237 57
16 33
5 6
59 33
22 3
36 4
88 60
166 167
13 7
154 8
105 7
224 110
234 6
82 61
51 1
211 139
87 9
211 129
83 1
211 227
2 176
120 140
87 10
165 7
151 3
100 10
29 6
166 84
41 21
168 3
166 104
77 19
166 43
214 84
81 8
141 8
207 29
85 11
246 8
100 92
182 95
47 179
190 4
79 126
44 4
228 2
52 4
212 72
217 14
79 226
84 7
103 43
41 24
86 9
21 4
226 8
60 218
82 192
50 168
103 66
79 50
88 104
120 35
38 10
115 3
211 175
124 6
211 39
163 2
170 114
97 8
155 95
235 8
233 175
154 1
107 6
91 97
54 33
210 61
228 7
148 8
220 23
154 123
82 113
37 42
47 101
98 174
117 107
71 20
30 7
154 103
126 19
154 56
224 4
212 80
198 110
219 184
47 21
239 217
56 12
239 82
37 76
47 103
169 8
13 6
207 6
120 86
167 95
211 55
232 2
148 218
37 43
150 6
105 83
197 12
146 72
33 6
50 165
59 27
244 93
166 156
47 40
215 79
86 19
211 15
200 12
50 6
25 7
179 8
150 16
183 110
181 4
50 57
82 204
147 9
166 160
171 118
47 59
198 3
228 10
46 12
214 15
188 6
129 7
79 73
50 65
154 119
80 11
144 16
88 164
50 156
217 106
224 10
174 6
68 4
239 171
73 110
116 6
105 86
169 110
120 152
71 53
215 81
227 8
47 194
55 2
211 194
86 12
221 3
79 137
172 6
82 36
111 33
128 12
213 15
81 4
242 11
50 16
57 24
153 60
88 21
173 114
84 8
182 32
108 31
30 18
142 3
59 32
171 60
139 4
71 220
169 68
82 199
215 103
84 9
200 8
130 4
244 3
231 2
214 46
88 50
15 4
170 175
167 110
229 4
110 4
105 60
213 14
81 21
36 2
235 6
96 95
129 12
72 4
11 4
88 72
143 1
214 140
244 6
234 27
216 79
15 6
161 6
137 1
41 115
120 84
81 27
137 174
143 21
80 7
173 6
211 20
129 1
211 238
47 184
79 85
192 32
82 57
106 4
240 208
46 1
28 6
21 3
47 20
74 11
165 3
154 72
54 110
118 165
57 221
207 10
50 106
85 2
217 50
127 28
217 104
100 2
212 47
144 2
37 36
157 4
170 27
37 53
50 20
82 23
79 190
167 188
47 36
123 19
184 3
120 151
72 1
130 3
102 2
91 28
56 24
199 11
17 24
224 6
238 6
146 51
50 81
224 1
198 6
108 111
60 6
190 23
1 10
167 57
159 218
88 165
24 3
209 129
167 92
88 155
211 30
189 27
5 3
146 49
25 11
166 163
127 6
233 6
53 110
237 7
79 53
79 46
203 4
75 7
144 9
166 26
80 110
164 69
55 12
94 31
50 83
53 3
152 82
146 53
30 16
214 138
82 5
47 170
161 3
5 8
211 171
12 176
82 1
79 71
245 30
5 12
150 20
244 16
86 10
89 11
19 21
149 6
217 177
0 6
119 4
211 60
223 12
242 10
88 56
82 99
121 6
105 72
163 95
209 79
37 69
211 71
235 95
141 55
25 2
59 6
120 128
85 4
141 192
47 106
82 68
32 3
50 32
147 24
211 168
55 24
245 104
166 134
103 88
237 50
30 21
48 6
207 87
30 8
164 6
37 55
63 1
118 66
47 200
133 3
79 67
156 4
235 27
141 12
145 23
215 41
35 9
92 6
185 1
212 179
167 168
63 31
190 3
141 10
71 7
79 198
1 3
211 85
90 2
5 1
154 39
47 201
146 59
207 43
222 8
47 22
144 188
210 56
105 164
153 49
154 58
210 84
137 4
121 9
91 19
54 6
245 151
47 198
151 173
47 167
218 6
47 8
147 4
210 190
167 12
235 4
63 94
244 62
79 163
127 12
216 47
41 9
200 11
208 50
81 3
154 157
161 12
213 44
45 10
166 38
37 40
120 29
23 33
214 86
103 107
84 12
81 6
212 57
215 107
22 6
147 7
54 218
184 11
245 177
82 60
151 110
120 70
141 194
223 2
82 55
205 114
229 16
82 104
50 8
15 16
145 20
240 166
211 47
226 11
233 3
108 12
224 32
184 6
229 2
60 4
43 1
102 7
114 16
133 4
215 67
118 59
131 44
79 39
81 20
199 16
79 227
231 11
150 172
50 179
212 162
226 27
195 9
57 6
244 174
82 129
204 7
207 84
89 4
118 67
63 0
82 89
88 92
55 6
185 16
169 196
104 3
238 31
216 147
49 7
239 140
80 16
37 90
211 77
17 2
202 6
210 81
205 32
199 12
147 21
120 147
149 172
212 59
239 79
154 88
234 8
47 58
87 19
181 12
24 33
46 11
64 1
182 1
211 125
59 4
120 131
137 55
210 155
211 82
114 3
76 12
47 25
83 4
79 89
79 177
81 9
105 206
100 31
22 186
214 0
194 9
158 6
17 10
208 59
147 172
63 16
204 2
244 56
120 44
10 3
231 93
41 7
68 6
129 6
18 3
82 20
69 4
57 27
238 7
19 3
211 223
79 1
154 104
63 8
134 3
108 24
149 9
97 12
82 12
60 33
161 8
177 1
100 22
51 2
63 26
211 86
49 6
69 23
181 1
211 0
234 12
105 69
213 138
143 7
94 4
150 32
59 114
38 7
188 115
105 104
226 7
146 104
138 4
237 61
148 9
211 72
229 8
13 3
52 19
214 130
62 6
145 4
47 190
67 3
235 31
154 87
47 31
220 6
136 2
36 10
79 62
88 40
239 162
19 2
165 95
154 53
64 12
47 180
50 152
12 31
28 95
134 4
100 12
37 15
18 6
217 85
120 150
150 173
22 176
148 172
244 230
207 126
154 168
162 8
206 12
73 2
80 19
159 186
21 8
80 220
181 9
141 195
37 51
61 69
217 103
212 103
184 12
245 15
58 6
120 52
239 117
37 67
232 8
100 19
120 13
212 60
83 12
215 105
173 31
47 51
47 176
217 139
37 65
120 42
189 6
96 6
215 140
47 196
50 158
166 47
233 4
79 54
108 20
198 10
71 12
179 3
226 4
135 8
79 171
119 3
108 93
101 7
94 6
91 8
55 1
66 3
118 162
62 10
79 44
189 110
229 11
238 27
79 103
150 21
210 201
137 194
189 4
84 10
88 161
162 12
215 121
182 2
58 110
153 59
167 16
207 100
173 3
22 31
70 3
192 7
170 31
235 94
162 95
33 176
79 158
82 176
187 6
149 218
151 172
167 26
154 48
229 7
25 1
43 27
82 78
154 59
210 88
61 1
137 27
230 3
57 9
115 4
25 9
232 10
104 116
82 187
208 22
83 10
175 31
82 242
41 172
152 50
82 80
92 4
211 217
153 38
166 68
112 31
128 8
107 174
60 27
177 6
80 3
97 6
185 3
134 6
177 5
120 105
156 116
108 10
210 195
47 10
81 16
207 85
118 72
214 58
29 11
128 4
88 192
212 55
135 11
219 4
120 103
65 95
196 16
132 6
37 52
54 19
132 3
73 7
212 104
165 4
160 27
205 10
149 3
201 22
82 72
73 11
157 3
37 60
88 184
153 87
79 167
226 31
47 16
239 243
162 16
19 110
45 8
53 27
149 11
139 3
203 102
146 69
148 27
19 6
82 111
154 49
56 110
192 11
136 1
145 6
109 27
50 170
214 50
96 27
80 20
187 10
120 135
242 12
97 27
229 111
234 95
239 85
118 124
194 32
167 115
143 32
89 6
63 92
153 72
221 9
47 189
100 97
0 11
197 4
41 3
101 2
211 70
227 2
245 86
40 6
57 8
226 95
17 20
79 162
109 31
211 154
50 53
50 88
246 3
166 56
108 68
47 156
156 3
50 43
21 9
182 6
82 83
82 19
181 8
60 110
95 31
245 213
56 33
211 113
129 4
230 27
193 9
11 31
91 93
129 3
97 3
21 110
79 87
237 68
180 19
228 18
182 8
245 43
210 62
151 115
245 71
234 7
233 93
237 82
135 6
183 16
77 10
199 1
233 2
177 4
88 107
207 217
50 68
211 214
84 16
222 12
216 107
37 77
214 13
224 7
57 12
172 9
75 10
47 192
120 139
37 89
145 32
47 80
105 129
153 71
171 41
37 63
217 43
47 199
89 8
210 78
189 33
175 4
55 101
211 50
192 8
50 157
177 12
87 12
211 108
20 6
63 62
149 20
209 85
56 3
224 2
210 80
108 9
225 6
181 95
80 12
182 7
211 212
207 174
128 6
118 167
129 204
142 188
47 23
185 4
195 4
187 1
166 15
105 103
183 6
50 29
128 7
215 145
145 24
47 53
29 18
216 139
47 39
50 162
83 21
154 90
37 74
211 52
47 124
29 2
213 177
17 3
166 67
8 4
47 75
15 3
117 0
146 158
207 131
43 7
59 23
154 89
47 202
120 104
35 4
85 1
8 6
134 7
211 80
149 1
164 184
128 11
127 27
128 1
210 87
181 10
64 7
63 234
236 4
50 82
50 104
149 115
55 110
206 4
120 43
79 22
25 8
165 11
236 10
84 6
56 32
237 81
100 16
91 20
147 27
82 185
143 11
235 10
177 10
108 4
118 172
215 130
58 27
30 1
188 16
238 114
50 59
82 14
76 7
37 45
50 163
88 202
211 91
174 31
30 24
54 12
81 115
79 83
91 16
38 6
84 4
82 168
124 2
29 4
126 20
209 121
197 6
138 3
120 50
163 12
86 16
82 74
99 3
65 4
216 50
130 204
47 186
50 99
21 1
179 19
131 59
5 33
118 155
144 11
78 1
40 4
20 27
222 1
105 42
105 66
18 9
71 9
82 69
87 1
215 70
206 1
46 7
211 123
105 189
169 82
216 105
154 160
17 7
78 8
195 10
49 11
144 10
183 10
163 23
29 21
200 24
159 23
75 2
65 3
37 78
240 79
240 100
167 61
120 126
108 109
210 72
217 15
82 28
105 157
80 4
50 49
159 4
88 5
197 1
11 6
63 168
96 3
208 67
191 4
200 10
63 98
120 83
127 3
60 5
226 10
192 4
126 4
82 18
41 12
198 4
136 8
210 180
97 16
108 114
61 11
167 1
133 6
54 4
188 4
211 43
195 1
191 10
97 11
124 12
235 2
211 166
198 2
118 55
127 95
25 3
120 142
72 2
97 4
42 3
51 3
13 8
73 3
142 27
136 7
94 3
148 21
79 49
74 4
105 65
215 44
28 175
212 164
34 3
143 188
63 7
213 139
83 11
36 12
144 21
120 143
147 20
232 7
211 206
37 81
114 27
147 2
82 172
184 1
108 27
143 6
202 32
120 122
47 69
237 72
236 12
200 7
82 191
56 4
29 16
159 27
79 235
50 110
52 23
82 21
183 8
179 10
131 57
245 134
50 14
167 225
148 24
128 3
200 6
217 138
244 168
0 1
90 12
81 32
55 10
199 8
162 6
210 89
196 33
1 31
111 11
62 1
239 244
89 10
152 23
191 19
105 43
84 24
132 4
120 146
66 6
78 5
215 151
154 67
118 69
61 10
82 54
147 3
224 115
117 118
37 64
17 8
223 8
205 3
209 43
167 8
205 7
111 3
204 1
30 20
172 3
142 218
111 2
226 109
228 94
47 13
153 61
121 4
83 8
229 9
55 5
82 195
215 139
77 5
223 11
38 1
50 141
33 3
142 24
211 74
21 6
199 6
59 5
119 6
115 33
173 27
105 162
50 51
49 4
55 32
154 68
154 61
50 103
229 32
50 85
173 4
98 31
127 11
206 2
135 3
4 176
118 53
10 176
214 44
79 38
82 9
196 3
239 214
211 177
149 12
56 114
82 73
245 13
211 62
183 95
37 83
217 67
178 68
47 84
229 95
213 79
99 6
79 82
84 1
151 16
184 2
137 195
211 103
197 10
96 10
212 105
12 3
204 11
165 10
212 123
207 47
108 112
211 192
216 138
143 2
47 5
63 33
211 54
124 8
213 147
212 58
90 4
79 88
195 12
50 34
100 4
189 32
79 76
142 32
160 186
54 11
17 21
210 179
228 1
129 11
219 23
37 39
54 7
210 206
118 164
71 2
211 127
117 50
134 8
41 11
207 215
227 7
210 50
229 230
205 11
5 11
182 10
231 7
105 41
210 98
82 232
70 16
229 20
47 57
120 67
55 4
197 2
206 19
86 2
105 57
19 4
82 95
207 214
50 25
212 106
50 89
47 60
114 9
78 2
207 146
11 176
61 173
148 115
229 10
185 12
237 60
206 95
61 2
211 228
82 53
70 11
190 6
109 4
211 233
62 2
118 157
195 32
165 69
41 4
116 27
33 174
47 6
231 8
50 64
209 138
77 7
166 54
200 2
2 3
225 110
72 3
185 7
79 66
37 75
95 3
166 107
239 37
166 162
82 43
82 45
211 110
105 67
160 6
207 82
67 4
193 8
117 55
213 140
220 3
171 140
47 119
211 239
148 173
150 24
165 12
32 33
245 84
17 18
0 12
215 87
28 31
195 7
195 16
62 7
54 225
187 2
194 93
80 2
211 231
154 60
23 3
202 3
166 165
134 10
212 82
16 4
229 114
55 7
17 25
216 86
104 4
134 110
212 158
153 36
154 54
145 9
239 38
186 3
215 15
209 41
211 208
47 55
199 111
29 24
119 176
45 1
209 45
5 2
128 95
207 86
94 33
50 164
71 23
91 95
179 9
79 157
160 68
213 35
76 6
82 86
82 201
30 4
72 7
36 8
217 84
124 3
212 99
64 4
28 27
63 20
127 33
71 10
154 84
91 7
136 193
38 4
143 115
211 75
163 3
144 27
200 3
54 3
37 70
166 98
0 8
231 10
60 114
25 10
79 127
84 3
25 6
50 0
50 66
41 6
54 32
41 10
72 11
169 186
24 6
71 21
185 10
79 59
148 4
130 6
47 7
120 130
207 176
77 11
127 31
141 7
210 75
62 12
212 86
47 163
50 56
74 3
126 193
141 4
41 32
211 183
212 165
17 23
25 111
47 110
63 93
245 85
80 94
149 24
63 10
47 157
20 4
234 11
131 158
236 1
50 47
167 56
148 16
118 180
212 66
154 83
175 95
63 2
197 110
170 174
146 38
166 164
166 85
79 104
127 218
187 7
221 6
183 2
238 95
178 3
152 68
144 6
47 43
105 53
100 98
82 202
120 0
167 68
211 38
146 163
79 69
167 60
154 41
29 20
105 106
88 205
47 188
79 25
73 1
37 80
82 244
29 25
120 124
37 66
16 6
49 2
82 32
23 6
169 33
240 217
82 15
171 53
237 89
147 16
212 155
212 64
118 25
205 2
127 93
136 192
175 3
47 203
50 38
61 95
117 108
211 199
79 77
23 16
211 109
153 50
172 33
154 71
20 116
88 82
242 2
85 19
151 32
47 99
81 218
25 16
244 7
163 69
52 184
96 7
50 61
19 7
144 110
63 95
54 1
221 4
47 134
153 80
47 32
79 78
117 47
21 11
21 32
154 163
141 19
26 3
223 4
167 32
73 6
179 111
42 116
211 90
76 1
172 4
53 6
69 3
59 24
21 7
169 7
82 194
51 12
111 6
105 47
26 32
166 155
82 41
82 162
105 155
167 27
204 12
187 12
211 117
120 132
82 67
85 9
60 3
29 1
147 173
72 20
116 114
47 162
89 3
228 4
82 81
163 8
245 147
86 7
118 8
20 114
239 81
105 160
217 129
191 16
79 64
84 2
38 11
146 61
177 2
82 206
44 6
154 98
71 3
37 57
59 3
246 11
118 81
207 103
131 164
82 198
82 56
225 3
206 8
144 12
134 2
74 2
153 46
233 11
244 113
234 2
170 4
103 86
110 6
233 10
180 21
207 136
207 91
192 12
120 82
207 71
40 3
57 19
222 11
166 99
88 38
63 24
218 16
63 227
94 174
47 197
194 4
231 4
105 156
25 12
194 10
210 38
135 4
107 186
91 22
20 175
89 2
167 62
47 187
199 7
148 32
245 81
98 6
187 4
207 79
47 50
243 6
17 19
51 4
79 94
218 33
143 10
47 73
79 57
134 116
73 8
108 95
54 16
212 38
204 8
207 216
101 1
233 31
31 6
171 79
96 4
82 46
207 83
72 10
137 3
219 19
150 9
103 99
58 5
244 110
191 11
19 115
244 68
165 8
168 173
234 4
47 56
57 23
182 12
167 111
193 2
120 118
127 10
181 2
126 195
120 144
26 6
11 3
245 139
145 27
118 68
147 32
46 5
223 1
244 88
17 28
82 85
161 2
50 79
54 24
117 119
55 27
192 10
70 2
169 104
136 12
105 99
160 3
207 137
4 3
136 10
239 166
14 6
118 57
146 47
74 12
37 87
210 161
154 50
56 1
17 12
0 9
149 32
95 174
179 6
143 12
74 9
47 172
153 54
229 93
199 10
82 64
184 7
154 167
215 138
170 3
30 25
211 226
80 6
2 31
50 35
37 59
168 16
81 110
50 60
82 58
82 10
37 61
99 4
199 9
242 32
56 11
245 35
120 41
105 197
168 33
236 11
215 47
55 11
211 137
91 96
211 118
47 205
10 6
235 110
218 3
165 6
207 50
70 8
47 185
88 80
21 33
239 108
59 110
47 62
154 43
210 86
79 60
105 159
50 190
73 16
79 61
47 26
82 75
50 72
246 2
211 209
37 71
197 11
245 209
17 16
92 3
55 33
137 192
71 1
210 83
79 29
79 129
64 10
55 3
74 8
166 157
238 4
204 10
246 16
82 51
55 114
108 32
210 109
245 129
82 59
146 80
178 6
47 104
239 209
79 15
48 3
207 169
159 3
105 88
246 27
73 4
173 174
151 4
160 218
206 9
241 53
190 110
12 6
226 12
154 57
149 10
166 170
82 22
242 7
223 10
212 137
82 48
140 206
45 6
210 58
131 68
214 139
63 96
215 50
227 4
191 8
112 6
57 2
189 3
154 156
91 1
145 110
162 10
209 71
81 188
212 83
142 6
57 3
82 115
143 20
239 213
127 1
90 7
85 12
79 155
63 12
190 11
207 166
211 213
191 110
37 54
212 69
211 229
216 81
131 103
53 4
75 4
246 111
211 100
229 110
0 4
74 6
149 8
195 2
214 103
212 51
41 16
162 4
35 6
105 59
240 154
50 71
126 192
37 44
134 11
57 32
58 4
95 4
88 197
216 104
62 3
70 1
109 3
21 2
120 138
175 6
211 66
211 63
79 72
41 2
212 201
150 3
33 4
88 162
167 7
32 6
79 51
100 7
229 24
96 1
41 1
205 4
111 8
154 99
100 28
211 79
189 5
47 64
94 176
137 6
120 129
227 11
128 33
88 68
151 21
230 31
145 16
238 3
88 195
207 211
213 50
27 31
109 114
68 3
154 15
129 5
245 145
210 113
240 91
208 53
205 8
214 35
84 32
235 3
240 117
113 3
210 164
236 7
93 176
120 34
118 163
245 70
120 127
91 4
137 19
190 7
50 159
213 121
129 8
149 2
114 111
120 66
209 137
37 50
167 113
244 20
8 31
112 3
47 12
66 4
211 136
108 11
230 6
217 41
207 30
49 3
236 2
45 4
108 1
146 1
143 218
110 33
127 94
57 1
162 1
121 3
127 114
54 116
142 115
143 27
216 87
125 1
182 11
13 2
17 1
120 106
131 66
100 11
131 58
47 113
37 41
79 119
37 88
79 206
88 168
143 4
164 3
82 179
237 54
217 83
191 111
240 171
91 98
176 31
51 10
61 4
118 61
82 109
181 19
211 153
211 76
111 12
91 94
50 98
154 105
87 2
140 43
58 33
51 8
64 8
144 3
229 12
127 7
211 42
231 6
227 93
183 4
56 93
79 106
123 23
47 165
39 4
118 104
217 66
158 4
147 12
147 1
29 8
53 32
199 4
79 231
36 1
155 6
63 233
17 22
193 4
120 47
47 83
224 11
226 20
210 178
211 146
47 18
116 4
46 2
211 41
179 12
135 7
63 196
237 65
225 4
150 4
0 5
231 115
19 9
120 133
162 3
98 3
13 11
30 11
100 68
208 83
29 22
29 26
75 8
47 86
239 216
190 8
210 25
111 16
17 4
146 22
55 8
30 22
211 181
102 4
154 81
19 10
120 68
216 41
213 103
102 12
137 31
103 106
142 9
97 111
93 6
186 9
196 6
236 8
105 107
34 9
47 161
19 12
120 141
88 16
79 56
150 27
148 3
84 19
82 205
224 12
146 157
245 121
154 170
135 33
120 81
47 78
14 4
197 3
207 210
211 235
234 10
26 4
22 10
45 2
246 4
82 200
82 38
136 11
212 163
149 4
30 19
153 68
162 69
211 46
36 11
37 84
128 93
166 53
101 4
198 11
205 1
82 26
82 178
209 139
235 93
154 161
142 21
224 16
50 180
163 11
32 16
49 8
88 101
88 115
50 23
0 3
158 116
200 1
246 12
57 11
120 79
207 70
193 10
194 7
106 6
97 10
82 7
79 164
237 103
135 12
86 4
125 115
216 134
2 6
127 8
212 53
63 32
193 7
211 27
180 4
30 10
57 7
240 239
210 90
9 3
235 218
21 16
215 144
131 88
126 55
169 50
82 50
53 5
79 84
151 24
206 7
120 125
82 49
47 111
195 11
114 6
91 10
63 128
5 110
155 3
154 66
82 158
211 179
47 155
154 80
77 1
142 8
82 114
237 53
205 12
238 92
146 164
56 5
50 1
82 71
231 3
120 87
17 9
21 10
82 40
185 27
82 25
37 48
100 20
212 157
19 94
63 218
222 2
80 10
211 138
37 85
212 206
164 95
105 165
231 12
118 50
20 3
190 10
105 64
100 93
182 16
191 2
78 10
54 10
131 121
244 31
116 175
37 79
50 70
50 161
234 1
47 195
75 3
239 88
181 16
154 152
50 5
45 12
181 11
184 10
227 6
79 36
211 56
50 172
105 158
124 4
207 208
89 95
37 68
226 93
73 111
146 60
190 111
36 7
207 37
79 113
211 37
197 7
161 7
158 3
146 57
192 1
50 13
246 1
82 11
232 4
70 6
190 2
244 94
42 6
58 3
108 2
215 129
55 93
191 9
179 110
62 11
215 14
78 12
33 31
168 6
235 7
79 169
209 50
78 7
83 23
186 6
118 13
166 83
163 1
88 20
207 209
24 4
166 66
182 4
192 2
148 20
209 140
220 4
151 218
27 3
193 12
229 147
90 10
47 168
242 6
57 93
47 178
108 110
90 1
226 218
82 62
210 219
30 6
120 137
111 1
50 11
144 218
209 35
79 241
18 32
78 19
127 109
240 212
204 32
88 158
20 31
204 4
167 33
207 212
212 41
98 175
187 8
222 4
62 4
152 16
195 8
154 158
235 33
128 10
120 37
79 165
162 11
153 129
47 158
50 107
56 27
61 7
47 49
171 129
245 137
50 58
49 10
162 2
179 1
71 6
228 8
149 21
155 32
40 7
211 78
224 3
120 134
190 12
199 2
202 4
145 3
148 6
103 104
129 2
237 38
64 2
211 161
13 10
57 16
24 9
25 110
154 16
29 12
108 94
61 12
144 24
80 1
194 11
136 194
229 113
228 6
108 16
123 80
47 164
145 218
175 27
63 27
101 8
96 2
166 158
149 110
34 6
136 19
120 71
8 3
167 23
147 11
227 1
79 86
100 8
19 11
143 24
144 32
73 10
136 195
103 105
73 9
110 3
245 87
18 4
246 7
145 21
207 122
47 107
102 11
118 83
198 8
104 6
38 2
203 32
120 148
149 27
53 33
14 3
228 26
77 4
70 10
207 135
95 176
228 11
126 194
56 10
61 8
111 7
211 84
101 10
179 7
74 33
228 12
191 1
153 77
189 114
124 7
26 22
157 6
242 1
211 131
164 4
16 3
17 6
108 113
153 88
47 66
47 82
9 4
88 203
154 22
151 9
233 8
88 22
50 196
36 21
168 4
198 1
154 12
184 8
87 11
91 92
22 93
182 9
83 119
75 6
245 216
120 136
200 4
192 9
79 55
82 203
211 44
207 52
212 79
228 69
109 174
75 1
63 11
79 156
163 10
210 73
207 213
150 110
88 23
194 2
56 7
154 155
95 6
211 25
226 6
229 112
201 4
0 10
39 6
4 6
142 20
57 10
235 1
233 174
70 4
120 15
82 167
50 84
177 7
154 7
188 3
17 11
120 123
111 10
177 8
211 236
168 27
3 6
17 27
190 16
127 2
76 10
102 1
79 43
58 114
210 68
222 7
135 1
50 87
149 7
27 4
82 193
87 7
91 31
72 6
237 58
214 41
246 10
57 4
120 149
37 82
185 8
183 1
215 53
206 184
239 212
129 10
79 68
138 6
67 6
47 174
161 10
13 12
194 8
50 178
210 57
183 12
154 162
232 12
215 43
154 47
50 167
91 68
79 187
37 38
7 6
154 82
209 84
137 7
45 7
50 7
205 9
74 10
86 1
54 2
118 179
37 56
37 86
211 182
19 32
166 159
116 3
34 4
160 23
117 65
207 154
