71 45
92 43
41 6
117 18
41 30
8 42
48 30
89 20
4 33
64 18
90 67
6 49
73 16
111 18
124 66
4 29
15 22
43 40
98 2
41 18
120 20
16 42
30 16
22 49
4 32
97 6
39 30
33 15
128 72
68 12
134 91
122 28
67 69
4 18
136 117
65 17
80 9
31 7
135 28
65 22
101 18
126 98
39 8
12 13
33 8
96 48
47 35
133 70
57 48
121 8
34 47
136 65
134 76
135 72
8 14
68 9
130 78
78 10
46 7
4 46
50 47
11 18
120 11
111 38
8 30
10 5
120 10
135 50
37 13
90 28
137 105
111 34
47 8
28 31
47 10
138 94
125 69
102 68
64 15
111 31
10 34
29 0
97 13
133 79
12 9
131 127
47 31
47 36
117 17
11 42
6 19
12 22
111 9
121 30
106 10
57 45
80 34
12 50
66 57
126 91
10 8
10 32
64 8
48 49
37 21
37 5
20 1
38 48
30 17
57 28
88 11
133 134
62 48
129 88
132 75
30 1
136 100
140 72
46 31
43 18
16 0
19 0
7 19
81 9
51 9
44 35
134 118
28 17
3 12
114 22
87 4
56 16
55 4
9 49
120 49
44 6
128 50
39 49
134 109
4 35
96 19
45 18
80 43
105 10
47 0
76 9
137 103
21 18
15 1
67 11
8 7
34 41
119 69
37 6
10 43
84 67
20 25
8 20
73 5
105 67
40 15
41 35
57 34
117 42
57 36
111 6
5 22
96 39
71 49
63 20
133 107
96 15
129 105
39 32
48 45
96 17
25 2
47 13
8 32
76 8
80 69
13 17
125 119
40 19
128 68
86 7
51 10
141 74
46 9
113 9
98 1
12 45
125 123
69 33
6 35
96 38
107 17
137 51
86 41
36 19
134 107
69 43
13 20
68 4
10 30
9 28
88 9
33 5
130 41
122 34
28 16
13 19
93 37
92 9
5 0
135 123
31 49
104 1
39 42
134 77
85 7
44 22
35 17
76 11
105 69
106 9
140 93
13 0
20 18
97 21
63 18
57 19
62 19
131 98
108 67
39 45
109 29
9 40
101 0
137 135
43 45
100 28
10 37
37 38
30 25
4 30
119 34
72 10
18 49
28 20
28 43
96 50
47 29
62 22
136 83
121 45
117 19
89 17
97 45
96 36
100 46
49 21
11 50
68 11
55 9
62 17
89 16
50 36
112 8
32 17
48 7
7 32
134 121
39 7
69 46
104 7
10 19
21 22
43 6
114 8
84 12
111 28
109 34
100 39
4 28
133 109
57 44
47 6
117 31
132 125
53 14
6 40
104 6
11 44
4 21
133 26
43 17
68 37
121 20
22 17
44 0
44 40
87 9
124 109
44 19
135 41
50 16
57 22
111 17
66 11
133 97
10 48
96 40
86 6
65 40
121 35
125 84
120 32
19 5
67 12
125 87
46 43
14 2
41 13
82 6
40 16
122 12
111 8
130 52
37 31
136 121
53 20
18 19
111 13
60 40
64 32
123 11
29 30
69 11
38 6
36 18
53 1
132 92
125 72
6 31
45 6
117 38
138 63
117 32
57 32
29 17
137 110
109 39
47 20
134 103
62 5
7 42
128 93
126 128
121 38
7 40
48 21
115 22
50 41
84 69
9 22
133 127
11 13
39 17
36 15
9 13
4 39
69 36
47 48
46 49
108 69
120 16
49 13
33 14
59 27
41 15
11 43
64 6
66 67
82 10
5 19
15 8
63 25
112 6
9 7
107 10
59 2
45 15
77 9
69 12
34 31
45 17
16 22
35 22
11 5
44 36
63 1
133 116
136 3
19 22
69 45
130 81
12 31
10 38
33 36
17 21
74 16
42 19
28 47
62 18
44 16
100 37
131 128
75 77
18 17
117 40
46 19
101 6
134 29
35 32
45 7
128 78
134 114
76 4
6 42
81 11
131 92
45 20
104 21
114 16
138 30
124 71
137 29
35 14
106 8
19 1
10 46
36 13
41 29
40 42
120 19
133 106
75 81
38 47
4 6
132 88
57 16
136 89
21 5
36 49
67 28
111 45
140 77
86 9
46 6
112 17
112 7
69 8
19 21
33 47
5 49
120 22
4 19
83 67
111 42
4 47
56 29
30 32
119 67
48 6
48 13
28 34
15 5
40 22
104 20
38 15
120 17
9 5
113 10
48 5
20 0
72 11
141 59
50 22
133 29
130 69
42 17
80 41
80 38
121 40
57 18
37 35
33 38
65 45
38 18
109 50
49 15
77 10
19 2
34 17
89 7
74 2
11 39
6 5
47 41
10 31
34 45
40 14
134 89
57 49
97 35
18 40
75 76
37 44
119 46
32 8
64 25
85 22
136 108
21 2
9 45
16 15
122 9
24 2
130 122
130 28
41 36
118 16
96 6
38 20
83 68
82 12
62 10
62 16
91 1
50 45
105 84
100 43
9 48
137 82
44 29
138 27
77 12
78 9
116 12
53 15
31 35
37 10
51 6
5 16
86 10
30 8
12 48
97 17
40 2
139 129
126 99
134 110
38 19
96 16
65 18
50 21
112 49
62 9
115 2
46 48
96 41
44 15
129 102
43 32
10 7
5 14
33 40
86 50
114 5
39 41
42 18
75 49
83 37
65 7
53 32
33 35
21 16
37 49
121 36
67 9
64 1
12 39
6 30
88 4
133 71
11 10
39 5
83 57
135 69
32 7
16 20
74 20
34 36
111 36
39 10
84 10
56 5
8 49
138 71
4 17
80 10
18 21
131 24
9 36
69 41
138 111
16 49
38 42
5 17
33 16
48 18
130 103
10 44
134 51
10 18
48 31
97 19
17 20
57 13
125 79
38 29
56 8
111 5
125 128
43 13
28 40
119 4
31 18
133 110
135 57
48 19
141 27
84 57
4 40
80 47
62 6
122 11
140 79
33 20
121 41
68 10
16 14
122 69
1 2
11 6
102 67
110 9
38 5
49 16
11 35
5 32
117 37
84 4
56 30
134 96
107 8
68 69
41 42
53 49
122 67
34 29
86 40
54 4
133 82
11 28
137 72
114 17
118 8
53 8
15 2
97 31
86 29
43 10
65 49
137 81
119 9
37 29
135 87
41 7
28 7
29 45
16 32
76 12
120 45
63 21
132 24
69 31
30 49
133 129
109 49
7 15
34 15
28 10
107 12
4 8
138 26
7 49
135 119
125 78
9 19
131 23
80 46
69 9
16 1
121 22
10 17
73 15
123 84
38 13
33 45
57 47
56 7
7 35
28 50
126 88
101 7
32 2
53 0
128 79
51 11
0 1
86 39
34 22
56 49
18 32
135 103
117 39
57 43
36 31
125 28
88 68
49 5
117 48
135 125
90 9
9 6
37 9
90 10
67 57
128 87
137 107
42 7
10 33
41 8
74 7
118 22
91 2
49 32
64 14
70 22
45 49
84 28
11 38
114 12
104 14
4 9
45 22
69 28
53 16
135 84
13 6
48 40
37 34
37 39
96 9
107 22
41 14
140 69
66 28
10 41
18 25
29 36
56 18
123 9
80 12
29 16
4 42
46 22
139 140
121 15
35 1
37 19
35 18
132 105
37 40
53 5
130 67
44 41
62 49
32 14
89 0
135 93
39 31
140 122
41 40
43 21
119 12
34 21
51 12
90 57
11 7
30 40
103 10
117 35
30 13
53 18
128 77
45 8
13 1
117 22
47 22
141 28
13 5
125 67
111 47
49 7
43 22
125 77
129 89
136 115
77 4
67 37
43 7
17 25
89 5
93 67
138 112
4 44
49 1
28 38
14 17
135 76
40 5
42 2
111 41
117 11
9 29
40 0
69 50
43 39
112 18
67 34
65 6
120 31
57 39
135 52
50 42
37 45
12 19
93 28
129 131
130 87
37 16
67 43
116 10
41 21
44 8
39 18
11 22
97 20
49 19
71 40
28 44
20 22
32 22
92 11
37 30
29 49
46 33
89 6
118 5
42 14
112 15
20 2
15 14
35 16
46 45
105 9
41 31
17 14
136 56
119 57
101 17
47 21
6 45
46 17
61 22
119 10
56 9
35 19
42 8
121 48
136 58
139 137
9 18
118 20
5 42
58 61
75 34
57 5
61 40
22 0
121 18
36 42
43 48
141 63
63 15
73 1
120 28
121 21
6 0
89 2
42 6
44 47
64 17
30 21
94 27
97 18
74 21
85 16
116 4
133 125
50 9
97 5
20 14
48 20
112 1
134 23
134 75
30 15
31 22
4 5
19 8
112 21
120 47
12 18
46 29
120 5
42 0
9 47
61 45
34 18
130 93
41 22
95 22
120 42
78 4
128 80
96 21
4 31
140 50
38 16
137 55
18 14
49 18
12 15
112 19
129 56
113 11
132 98
6 38
103 12
110 10
80 6
93 57
6 29
137 125
62 15
11 34
128 57
116 11
113 28
74 32
49 14
16 2
106 16
4 43
56 34
9 43
62 35
112 5
76 10
3 9
24 1
49 2
29 8
33 48
140 125
55 12
9 44
28 33
50 20
120 38
125 50
129 125
6 14
9 46
6 13
129 108
5 18
85 8
136 90
7 20
63 22
120 29
65 30
6 7
130 123
120 41
95 59
40 49
16 17
21 17
34 30
90 11
57 29
49 17
31 15
57 10
126 24
104 17
124 26
48 35
33 7
64 22
132 23
116 9
136 102
6 21
45 5
33 31
89 8
137 87
15 18
121 47
19 16
92 4
39 15
117 30
115 0
5 30
43 14
9 50
28 8
111 35
36 22
134 26
129 120
82 4
31 45
40 13
22 25
140 41
140 81
44 17
62 40
7 16
34 38
129 92
4 16
113 69
11 37
97 0
130 84
17 15
9 39
137 106
79 69
10 50
13 15
29 21
129 75
46 32
46 18
138 109
31 5
11 19
15 16
18 0
137 78
126 125
56 57
12 34
84 37
32 20
104 16
10 45
8 15
92 37
97 42
92 69
61 41
57 33
46 8
4 41
4 7
22 1
72 4
6 44
22 20
130 119
134 87
32 16
90 69
8 22
92 10
138 73
33 21
49 0
133 98
136 95
100 4
140 68
104 2
128 125
136 101
33 41
140 103
121 17
134 135
48 42
64 2
34 14
96 31
64 5
6 25
62 32
140 78
57 31
82 5
30 6
106 18
130 79
38 35
140 123
122 10
111 19
33 17
126 75
42 22
78 12
38 10
46 30
125 93
37 41
82 16
134 105
30 42
37 32
137 100
50 40
9 31
45 25
11 8
3 10
84 9
114 6
5 15
83 28
39 40
42 49
43 30
114 9
128 103
61 50
130 128
50 33
61 29
113 84
76 22
34 46
31 17
120 36
88 69
6 15
72 12
125 52
36 17
104 5
75 80
102 69
129 132
73 25
6 48
112 13
120 15
50 15
43 15
134 72
25 1
26 27
124 82
56 10
119 11
28 48
65 20
128 122
62 41
26 1
39 22
50 48
48 15
34 42
112 0
34 9
80 29
56 39
33 29
114 18
20 17
50 5
36 32
111 43
41 19
18 2
21 0
65 5
9 57
4 13
64 16
121 42
5 20
126 23
60 45
57 9
93 43
140 119
111 46
75 45
36 40
22 2
37 15
7 17
37 20
39 29
34 7
132 100
136 120
134 108
37 7
130 57
12 49
35 20
121 44
50 29
130 125
34 32
80 28
96 7
12 43
33 49
101 1
117 8
44 14
83 9
72 9
121 10
28 39
38 41
47 30
105 57
92 28
76 7
33 18
121 31
76 6
34 33
115 1
36 35
56 41
114 7
31 40
28 30
141 66
4 22
53 13
120 6
62 44
38 8
137 115
43 47
54 12
129 101
117 7
6 22
134 78
28 32
47 40
9 38
137 77
16 13
86 30
106 12
63 8
75 78
18 1
5 21
128 76
111 29
67 4
86 28
125 103
133 96
46 21
57 30
104 8
30 18
120 30
35 5
11 16
47 18
44 42
86 49
111 30
43 8
128 52
138 70
37 43
10 16
74 19
43 38
120 44
112 32
46 41
31 30
88 57
73 0
43 19
133 91
111 16
11 36
124 75
44 20
100 34
124 29
37 46
69 4
137 92
121 7
6 36
130 77
123 69
141 104
56 6
19 18
124 125
134 92
38 0
111 22
39 21
93 69
92 67
46 40
66 37
128 69
29 15
50 8
76 5
83 4
34 43
131 99
80 57
12 8
90 4
94 59
90 37
123 57
63 5
37 33
30 19
33 22
134 81
134 111
7 0
133 23
57 6
33 44
53 2
39 48
20 16
47 15
48 0
13 18
96 10
117 33
141 64
135 77
73 22
137 121
107 9
100 57
39 19
80 48
11 17
121 19
107 4
103 9
63 14
85 5
125 41
117 16
134 52
74 5
81 12
117 41
19 17
69 39
71 59
53 17
36 5
137 52
8 45
31 13
56 40
7 18
11 49
20 5
50 39
80 11
113 4
47 17
74 8
141 140
137 79
112 22
19 20
135 79
109 41
131 91
4 48
120 4
11 41
131 100
42 5
141 113
82 18
132 127
120 21
19 32
31 6
133 51
85 6
43 16
128 123
31 16
131 88
40 20
125 57
48 14
107 16
65 16
31 32
80 50
6 8
109 22
96 35
111 50
87 12
50 38
134 98
55 11
89 22
49 8
133 99
123 4
129 130
11 21
38 30
117 13
61 49
74 1
69 38
4 49
8 25
128 28
10 47
50 13
43 41
7 25
33 10
131 125
57 7
118 7
136 85
118 49
4 50
31 0
120 39
43 36
97 30
138 66
29 5
40 1
39 14
45 35
44 18
137 96
45 19
140 67
43 44
92 57
140 52
135 67
41 32
48 8
135 80
28 49
32 0
111 33
27 2
36 21
107 18
96 22
101 22
16 19
97 7
96 8
96 13
3 5
134 54
10 13
18 16
120 46
74 17
31 8
12 46
9 35
39 47
19 6
12 35
134 56
139 111
50 14
46 20
64 21
133 111
66 68
120 8
29 18
52 9
28 15
35 6
141 29
53 6
126 105
117 28
121 13
86 5
134 27
12 21
101 16
40 32
80 33
117 44
3 6
62 39
19 7
76 18
62 13
34 40
134 125
117 34
54 11
121 6
117 29
137 56
110 11
134 24
29 20
28 41
93 9
112 20
29 48
12 41
45 30
136 127
133 24
46 5
3 11
141 137
61 30
35 7
39 33
12 40
70 49
64 20
10 22
43 20
21 14
130 76
70 27
59 1
137 120
118 6
134 120
82 9
97 36
11 32
135 78
83 10
44 49
134 88
121 16
120 13
120 37
136 66
53 22
96 29
34 39
5 40
131 105
40 25
30 35
13 8
112 16
39 38
101 5
9 17
75 79
86 34
43 31
45 40
112 2
41 25
11 31
111 32
7 5
141 53
47 49
68 28
101 20
96 5
46 14
62 20
62 38
21 15
40 8
113 57
46 38
129 65
29 14
9 16
46 10
7 22
80 4
100 69
43 29
40 18
38 32
135 68
31 42
96 32
10 6
44 48
104 22
104 25
111 37
33 32
10 35
55 10
35 40
96 45
86 18
134 101
106 4
46 42
111 44
46 50
118 18
103 11
10 28
16 21
113 67
74 15
28 46
57 37
78 11
44 45
106 6
47 16
45 0
45 16
15 7
118 17
9 10
22 21
33 19
126 100
134 102
14 1
97 15
101 49
74 22
15 20
28 13
35 15
74 18
5 35
69 6
100 10
69 47
136 118
18 22
40 21
39 16
93 34
141 111
35 8
28 37
58 59
135 128
100 9
132 91
69 37
29 42
140 57
34 13
117 9
32 18
35 21
38 21
22 19
11 9
10 40
42 13
13 22
36 6
34 50
117 49
12 32
0 2
57 41
53 7
125 76
124 111
120 18
10 49
6 16
28 29
125 80
74 14
44 32
128 84
106 11
12 30
134 65
88 84
89 1
50 7
11 29
47 19
38 7
41 16
96 47
45 14
7 21
50 49
62 30
81 4
29 13
37 18
31 21
36 45
97 22
118 0
67 50
29 35
63 0
102 29
36 30
134 58
39 44
86 16
57 40
120 33
37 17
97 40
25 0
11 40
6 17
31 14
62 21
93 10
106 22
6 20
130 68
37 22
6 32
129 111
44 13
136 60
129 115
137 65
58 27
83 69
48 17
37 50
123 67
41 5
12 20
31 20
28 42
47 42
76 16
109 28
30 0
17 13
63 16
140 28
106 5
111 49
109 30
8 5
68 67
109 40
135 81
107 11
121 14
12 7
49 20
41 49
82 8
34 35
140 84
13 2
120 9
68 57
30 22
23 2
138 104
8 19
124 70
84 68
13 14
53 42
8 13
10 29
35 13
73 17
66 69
38 36
35 42
117 45
96 18
8 18
136 94
134 127
132 99
50 30
48 22
140 87
62 8
84 11
54 10
86 22
39 13
4 37
43 5
110 4
44 7
22 15
29 19
22 14
57 38
97 14
49 25
70 59
12 16
134 99
141 112
43 9
115 16
14 0
28 36
129 118
83 84
4 45
56 28
67 46
34 49
42 16
12 42
140 76
12 10
50 35
38 45
104 32
95 27
34 19
60 22
56 50
124 113
47 32
48 32
62 33
93 46
29 25
114 10
42 32
73 18
66 10
73 14
138 59
69 34
66 9
52 10
36 7
44 31
12 47
67 10
80 44
137 101
41 20
69 48
54 9
97 8
42 1
12 17
60 29
136 86
53 21
87 11
62 45
122 4
71 22
119 43
5 25
137 88
52 4
104 18
86 8
69 7
135 122
44 30
101 8
128 119
62 29
140 80
131 75
39 35
132 128
6 18
41 48
109 45
33 42
17 19
138 113
50 18
4 10
38 22
21 8
140 128
63 17
64 7
88 10
80 37
37 8
62 42
50 44
73 7
9 33
47 5
36 20
64 0
97 16
136 26
97 49
3 4
46 15
57 46
134 70
93 11
113 68
50 6
92 34
28 6
58 60
117 36
56 22
30 5
38 40
120 35
112 14
9 8
120 7
42 21
82 22
17 1
19 14
13 16
21 20
18 15
134 55
50 19
8 17
41 0
57 35
134 100
75 29
7 14
12 5
50 17
38 31
29 32
96 42
38 14
46 16
130 72
111 7
38 49
29 22
111 39
16 25
53 25
10 39
105 68
50 31
46 44
87 6
12 44
8 40
117 43
117 47
47 7
44 21
73 20
130 80
107 5
45 42
39 20
46 36
111 10
11 46
107 6
101 2
36 16
108 29
73 8
123 68
43 50
136 113
74 6
4 38
137 97
42 15
12 36
97 48
41 45
15 0
8 0
111 40
34 48
117 50
23 1
96 20
17 49
136 109
11 48
134 82
138 64
65 0
93 4
80 39
28 9
12 6
36 14
28 45
62 7
89 49
96 30
3 8
133 75
19 15
125 68
122 57
138 53
129 126
87 10
7 45
119 37
47 45
11 47
128 67
118 2
134 79
137 108
69 44
126 92
43 42
111 48
11 30
130 50
21 7
121 32
37 47
49 6
29 40
29 6
134 97
106 7
35 0
69 29
37 36
82 7
136 61
134 59
136 92
60 30
137 102
96 14
97 25
137 89
86 45
57 42
40 6
103 4
121 5
50 32
62 31
13 21
65 8
73 2
100 50
96 44
141 73
34 20
45 13
48 16
8 16
62 50
139 125
34 10
96 33
71 30
121 49
31 19
63 7
82 11
100 11
40 7
89 18
40 17
92 46
21 1
39 6
6 41
74 0
11 33
73 21
45 21
120 34
79 67
96 49
125 81
61 39
118 1
46 47
51 4
46 13
30 14
34 8
137 114
9 34
120 43
107 7
115 17
47 14
34 16
134 115
13 7
37 42
134 106
32 15
36 0
9 42
83 11
126 127
50 10
12 38
97 32
18 20
57 8
28 5
141 125
34 6
46 39
62 47
137 54
120 40
86 17
38 17
33 30
9 37
44 38
117 10
42 20
57 50
46 35
120 48
129 121
137 111
63 2
53 19
43 33
33 13
28 18
39 36
37 48
52 11
15 17
28 19
81 10
88 67
9 30
60 49
120 50
28 35
35 49
99 2
12 33
104 0
44 10
29 7
69 57
129 100
128 41
91 0
56 45
62 36
100 33
7 30
9 41
34 44
85 17
137 118
121 29
41 17
30 7
8 35
4 36
34 5
36 8
10 36
117 46
77 11
74 25
117 6
104 15
137 75
49 22
74 13
134 71
43 35
85 18
28 22
32 21
32 1
10 42
80 36
112 25
119 28
57 17
28 21
17 2
4 34
43 49
137 76
11 45
6 47
139 75
30 20
3 7
26 2
69 10
66 4
117 5
36 48
45 32
138 125
33 6
117 4
138 29
69 5
12 29
125 122
32 5
128 81
17 0
8 21
44 5
62 14
60 59
