55 7
134 105
56 2
43 38
141 122
129 114
102 19
21 38
120 18
43 3
7 14
69 6
25 15
57 7
55 56
7 34
50 35
22 13
2 34
110 14
36 8
137 91
116 2
130 101
84 57
136 90
18 10
98 7
129 118
134 92
2 17
66 9
141 50
21 14
97 18
7 28
121 25
97 31
141 74
45 4
29 40
68 12
137 71
133 20
135 69
6 9
99 57
36 9
58 54
41 13
37 8
85 35
36 1
49 54
4 18
121 26
52 22
67 29
5 15
97 2
129 111
103 30
54 30
92 36
97 11
36 19
26 25
30 9
63 5
21 26
4 12
41 26
37 3
43 18
41 23
104 41
117 7
44 10
52 43
31 8
119 4
26 11
107 6
35 32
93 51
86 1
33 25
130 65
34 11
114 42
97 29
24 13
105 76
97 12
108 12
7 22
141 95
22 33
28 18
120 11
76 50
29 1
64 1
11 10
115 37
64 13
80 24
4 25
95 50
28 24
26 6
128 76
53 30
76 52
128 122
103 42
45 13
36 18
89 6
99 52
32 1
12 13
35 27
8 4
22 1
137 96
133 72
42 9
12 17
119 42
87 7
132 49
102 8
49 58
126 54
107 4
87 40
98 43
120 34
4 16
54 43
99 59
37 19
87 22
14 8
45 1
25 16
19 6
1 23
134 73
24 29
41 8
44 19
2 8
29 2
102 32
123 1
21 1
76 57
85 2
126 96
130 119
105 56
87 30
126 95
122 43
68 29
98 59
86 16
64 12
33 32
118 16
18 9
110 3
44 4
90 30
79 42
118 1
21 16
114 59
68 32
141 103
134 135
51 50
16 8
97 36
102 23
48 11
12 8
119 41
119 54
83 54
34 18
41 25
102 2
115 26
126 74
57 59
29 13
68 35
26 32
41 19
126 56
95 53
42 38
26 2
43 29
110 17
84 56
34 9
134 70
33 26
115 12
92 3
89 3
13 15
26 1
92 40
51 30
123 7
24 6
91 43
130 74
26 14
54 34
103 7
24 27
68 22
137 97
123 2
36 29
3 14
142 115
50 24
68 40
137 92
41 28
59 26
6 13
52 53
33 36
92 7
21 34
58 55
24 17
137 83
87 8
54 56
122 2
141 104
77 4
31 4
84 75
29 11
35 9
119 28
56 30
9 4
91 22
134 85
55 38
83 50
119 24
17 15
62 39
27 26
22 31
37 17
130 104
128 93
33 1
35 2
51 24
130 51
130 57
66 11
106 4
126 104
136 121
31 2
6 32
34 31
42 34
39 13
56 23
86 14
121 27
80 29
63 14
110 13
87 5
130 123
2 14
121 12
22 29
72 59
3 12
51 39
56 26
16 15
48 5
24 4
42 27
124 75
122 50
41 12
121 6
86 13
137 113
38 18
31 6
134 83
17 13
43 6
53 56
27 29
114 24
95 43
115 25
85 36
43 30
115 28
42 30
45 15
134 101
14 18
121 23
111 24
90 57
35 40
90 54
38 8
135 53
102 11
56 25
37 16
54 22
40 15
62 37
128 31
55 41
2 37
80 16
19 12
4 32
119 39
106 3
27 5
105 59
135 95
25 14
84 54
107 3
93 43
87 36
55 35
42 31
38 26
57 38
19 13
30 11
112 7
137 126
121 3
66 15
30 37
97 33
111 56
130 70
103 51
93 52
38 39
124 7
123 30
137 99
120 43
30 36
141 59
82 2
120 25
76 58
87 27
130 76
92 35
138 114
134 106
5 14
130 58
21 5
99 53
40 5
27 11
42 23
141 54
78 57
27 13
110 12
128 50
103 22
135 103
3 32
137 72
129 120
88 54
129 105
12 19
39 40
54 42
2 31
23 4
21 12
123 12
126 73
121 2
31 32
28 3
115 29
93 22
41 22
141 96
53 59
97 14
94 2
135 74
37 2
28 19
27 23
75 50
126 128
3 13
134 121
135 54
23 6
135 72
30 27
97 27
23 13
23 1
49 57
50 42
26 9
11 15
46 2
33 29
21 31
87 17
24 25
122 34
42 8
53 51
120 26
42 29
38 1
27 16
7 6
64 6
4 17
56 40
7 12
29 23
7 35
118 4
89 1
33 27
7 2
36 5
84 55
82 7
29 18
134 24
98 38
126 75
69 7
134 126
68 41
2 40
22 4
41 40
50 34
51 56
27 12
30 6
63 37
36 3
41 32
138 90
21 35
45 9
121 18
98 50
136 118
115 39
39 23
97 1
16 18
28 29
92 4
130 73
4 8
4 26
121 29
7 41
6 40
133 117
110 7
128 101
107 16
39 19
2 24
41 18
54 35
62 3
76 42
51 35
119 27
8 2
115 6
62 8
84 51
9 17
29 14
88 59
12 15
9 14
43 9
87 4
53 34
128 58
43 31
21 4
109 4
79 50
106 12
78 51
24 36
28 27
45 5
62 16
32 3
121 11
121 24
97 34
6 36
134 71
49 53
16 37
137 65
120 19
102 6
22 11
28 15
57 2
78 41
18 15
77 2
55 2
91 54
7 24
120 31
57 41
44 16
125 114
9 10
98 41
56 4
42 6
34 26
80 31
48 8
88 57
128 74
98 51
78 54
52 34
131 84
40 8
132 84
67 40
63 18
39 17
45 25
31 19
104 53
75 58
48 17
40 18
9 15
29 8
15 10
75 54
66 14
137 135
23 14
67 71
98 22
36 4
105 57
22 18
68 4
77 5
120 7
22 24
26 13
22 3
53 33
118 3
103 2
137 46
31 5
5 12
133 24
40 14
134 120
7 38
131 49
42 25
1 11
21 36
83 53
97 23
55 22
31 25
122 31
37 18
135 71
123 31
31 15
43 8
123 43
78 55
128 56
19 17
128 71
68 31
53 22
141 56
38 6
58 41
39 24
85 31
7 3
37 12
130 52
95 51
119 31
30 16
2 6
133 115
138 63
56 35
91 53
116 1
41 1
42 26
35 6
24 5
128 103
92 13
23 11
24 37
66 6
120 39
32 4
125 47
63 12
43 28
40 23
39 27
92 2
62 18
62 17
142 41
37 13
34 32
51 33
102 25
41 16
122 6
87 3
6 1
94 4
87 39
36 17
142 66
118 14
87 2
140 141
23 9
25 4
48 9
134 96
129 49
69 16
133 108
91 50
129 67
54 7
104 7
75 51
5 23
87 11
87 16
104 52
120 17
41 31
133 126
41 7
128 72
44 18
8 17
27 17
26 17
34 40
66 5
140 137
130 96
102 40
104 56
134 100
57 51
13 9
2 29
118 10
13 18
28 8
126 58
14 13
128 70
111 59
93 2
36 16
5 16
88 43
59 34
89 7
28 23
75 56
39 31
38 3
97 8
35 25
115 3
86 5
120 42
44 3
43 19
38 19
121 31
28 26
11 13
62 35
58 42
84 7
121 9
48 4
130 128
42 14
8 14
130 126
123 36
42 2
62 33
95 59
48 19
120 8
38 29
55 43
134 60
24 40
132 67
142 109
54 4
42 16
104 43
30 22
52 7
35 15
54 29
3 4
11 6
2 16
98 53
108 1
65 7
7 29
84 50
80 12
7 36
38 4
25 1
42 33
88 55
133 97
91 42
30 39
14 15
119 6
115 43
102 16
90 42
42 7
38 13
89 4
4 6
9 19
39 25
63 19
4 15
21 8
59 41
29 37
134 97
138 115
56 5
128 53
61 7
110 1
130 82
115 42
21 7
81 14
70 7
7 23
101 7
28 11
23 37
23 8
114 51
103 43
30 28
85 24
37 5
79 58
62 14
86 15
107 1
99 51
99 24
30 17
142 63
108 3
58 51
58 50
59 4
35 12
12 18
137 94
118 17
68 27
18 19
111 50
5 18
142 44
30 33
12 9
140 115
31 24
78 7
123 41
90 2
30 8
120 35
30 13
62 11
3 16
76 41
119 26
121 37
7 31
30 12
126 65
136 91
36 13
108 4
8 16
8 3
122 3
2 13
51 41
121 1
50 7
98 2
59 42
38 36
131 20
29 25
34 33
130 31
102 1
136 92
6 8
76 56
62 26
111 55
134 112
91 59
42 11
77 3
28 33
30 1
55 34
105 55
90 56
47 7
26 36
120 40
115 38
114 50
110 2
141 41
32 9
135 128
11 12
108 16
142 21
86 12
121 36
72 54
126 59
87 9
109 17
127 105
39 3
92 16
50 36
38 16
130 71
124 53
114 22
106 13
121 19
58 7
135 59
89 5
50 32
130 54
76 53
49 55
35 36
51 54
109 19
9 3
129 127
58 56
67 74
37 1
18 17
45 37
135 93
79 57
5 19
59 3
8 12
36 25
102 15
28 1
129 91
119 43
33 23
102 36
55 42
102 14
118 5
5 32
57 53
43 36
137 24
88 42
93 55
120 38
80 7
90 7
118 13
11 17
62 4
37 10
48 2
43 40
106 16
129 130
45 16
138 109
104 22
69 5
1 13
97 7
22 12
56 39
32 17
77 7
79 7
30 35
4 9
68 34
92 12
35 1
135 123
25 23
21 32
7 27
141 51
85 29
26 37
23 3
102 3
8 18
42 43
84 76
135 65
68 39
35 28
103 56
6 17
89 14
34 5
135 70
39 37
140 114
119 33
115 4
6 19
120 14
67 43
7 9
122 24
115 32
141 70
77 17
43 26
30 40
9 1
40 1
21 37
25 19
33 16
23 18
134 46
124 56
38 23
22 16
44 17
103 59
7 8
128 124
34 37
123 4
11 1
28 4
66 19
19 1
76 55
63 11
53 50
54 28
52 33
43 22
94 3
51 28
26 3
85 40
114 7
134 65
42 39
31 14
25 6
98 54
45 23
77 16
89 2
92 24
40 25
125 126
27 1
55 59
33 8
2 39
134 113
107 12
128 104
130 69
119 35
95 55
1 14
54 33
122 54
93 38
54 27
129 92
129 84
39 36
123 29
80 3
30 26
126 71
0 2
18 13
59 54
93 41
109 14
26 12
41 3
68 28
110 16
33 15
22 34
110 5
33 6
92 6
2 9
66 3
124 55
121 4
130 72
54 38
27 2
97 4
126 124
0 3
48 12
48 16
72 50
119 36
44 37
9 12
2 11
116 12
30 24
6 37
18 12
74 7
54 40
38 34
129 126
24 1
68 5
116 4
127 49
14 17
137 114
141 73
85 1
95 41
40 32
135 76
137 69
56 6
105 51
11 16
78 52
77 12
38 28
114 53
97 40
22 6
41 11
135 101
126 51
80 13
45 6
29 17
49 59
26 8
32 14
39 33
97 19
107 17
63 2
128 52
124 51
108 2
121 5
87 35
51 43
3 1
138 139
115 22
50 41
36 37
31 9
17 8
115 7
11 4
39 9
105 58
40 3
108 6
41 29
120 12
43 35
62 27
26 15
50 26
85 4
33 19
137 112
39 14
54 24
135 57
134 108
120 32
131 91
48 1
30 31
107 14
108 13
122 36
137 73
56 33
75 57
49 52
140 126
120 22
58 52
124 57
34 15
35 23
136 111
25 9
95 56
129 132
87 23
79 41
134 84
43 14
41 9
49 50
35 5
29 3
38 25
134 118
56 1
128 51
62 29
90 52
59 31
91 38
111 52
22 35
55 50
102 29
135 41
135 126
135 55
135 122
80 2
114 56
25 18
79 51
142 24
42 17
135 124
22 2
57 30
31 12
124 50
120 2
28 25
0 1
106 14
19 14
36 23
3 6
1 5
41 4
104 51
40 16
133 47
80 41
84 59
14 12
33 40
63 17
104 2
56 36
52 51
84 53
97 25
35 29
51 59
8 6
90 50
115 40
137 84
57 55
33 18
134 20
137 70
91 51
108 7
57 43
43 39
116 14
57 56
34 39
124 54
128 82
8 13
81 17
54 3
54 6
16 14
53 31
80 6
120 23
2 36
43 23
128 57
36 11
49 51
111 51
5 37
3 11
97 37
142 87
114 39
87 31
34 6
22 23
89 12
81 12
43 2
1 12
42 22
116 5
88 41
36 2
133 112
21 19
136 88
3 25
22 7
119 30
92 5
34 25
55 28
6 11
75 55
114 31
53 7
104 50
42 37
79 52
91 7
21 40
23 5
115 11
25 8
31 36
11 5
7 39
120 36
126 57
138 48
66 17
115 36
19 5
115 1
30 32
76 51
85 6
52 39
97 32
37 9
59 7
34 4
91 52
126 101
137 67
27 8
43 12
119 22
25 37
22 37
6 25
138 126
62 40
22 32
18 16
34 8
39 15
141 76
24 12
19 15
132 128
42 18
43 5
64 2
41 36
7 1
79 59
41 34
35 13
7 13
78 53
130 122
72 57
62 24
99 55
8 19
6 14
102 18
93 56
108 14
1 17
58 57
2 26
18 3
4 40
104 59
89 16
27 32
55 51
133 110
115 9
0 4
53 28
85 5
59 50
39 18
4 14
53 39
42 5
21 18
134 91
71 2
32 11
35 18
36 6
75 76
42 35
114 41
129 115
35 37
135 82
103 38
21 13
141 128
8 1
48 37
83 59
38 33
133 94
19 3
4 37
123 40
18 4
62 19
136 99
38 27
45 32
36 32
135 50
59 56
34 23
137 105
67 68
133 114
68 33
54 39
81 4
45 17
21 11
130 95
59 43
93 30
59 33
39 26
115 14
80 35
97 35
87 43
67 69
107 7
87 25
44 1
22 36
21 9
115 16
69 1
29 19
107 2
23 17
92 34
33 31
62 25
130 56
126 55
90 51
3 8
43 37
64 5
7 33
91 30
43 33
130 103
97 16
118 12
35 8
103 55
29 9
134 61
30 25
87 34
133 129
25 5
24 2
92 1
38 12
84 52
126 69
102 9
109 13
120 30
64 7
56 28
34 35
85 13
65 2
34 2
41 37
18 14
46 7
35 16
142 45
79 56
41 27
1 37
120 1
28 13
41 33
42 19
90 43
129 131
5 13
92 14
120 3
26 40
125 115
123 34
38 11
97 28
59 24
1 8
40 6
137 108
64 14
83 58
60 7
54 36
56 31
45 18
63 8
67 24
23 15
114 35
135 104
86 2
123 3
18 6
134 49
2 23
120 16
93 42
4 19
28 17
51 22
40 12
42 24
75 59
43 24
133 113
43 16
27 18
68 36
39 5
130 75
66 1
26 4
121 13
141 65
32 19
6 18
18 11
35 33
134 67
8 10
81 16
133 107
26 5
31 16
137 111
42 32
42 12
77 6
99 56
27 4
41 30
7 30
80 17
89 17
67 30
63 1
83 56
95 52
128 75
45 2
50 39
83 57
106 17
109 11
7 32
128 59
30 29
111 57
93 59
50 6
87 14
51 31
55 52
115 35
53 41
142 114
34 12
137 77
137 121
37 4
102 5
31 18
29 12
79 55
21 29
21 2
122 30
32 5
12 37
136 81
50 4
80 1
141 119
141 55
34 7
32 37
48 13
136 0
135 73
141 101
8 11
81 6
32 18
115 13
84 58
126 31
28 6
38 35
25 3
133 64
127 20
85 7
137 47
0 7
18 5
115 2
62 1
114 30
93 7
76 59
8 15
122 41
108 17
34 14
53 35
137 60
2 3
30 4
83 51
7 4
90 55
83 76
131 67
141 53
8 9
42 4
2 19
22 39
30 38
62 6
23 16
87 12
6 5
21 24
113 7
2 30
141 69
42 13
68 3
110 4
62 5
41 17
130 53
35 26
134 72
22 40
6 15
104 42
119 56
126 41
43 27
141 124
33 13
79 53
37 11
34 1
32 15
7 5
134 111
140 129
120 27
24 32
50 40
127 91
68 2
6 29
26 16
130 55
130 59
50 3
33 5
50 1
128 65
103 54
25 12
85 17
2 1
18 1
86 6
1 19
22 9
122 29
135 75
28 16
32 2
62 31
29 16
27 3
38 32
142 102
80 34
120 4
91 56
30 3
36 14
99 50
62 34
114 34
132 105
66 18
85 3
2 4
71 7
78 56
110 6
62 15
137 64
87 1
72 56
7 18
28 5
22 14
121 8
87 38
106 2
52 30
115 24
50 2
38 40
43 11
126 70
57 42
41 24
34 16
81 2
44 11
62 28
21 22
75 7
35 39
102 13
40 17
32 8
100 7
31 27
22 27
126 68
120 13
128 68
35 3
49 41
83 55
6 23
111 53
137 115
124 59
138 24
50 30
83 52
33 37
55 30
31 37
56 22
137 49
119 50
115 30
21 25
136 85
105 54
87 6
78 76
7 26
34 13
33 3
104 55
51 34
135 58
4 36
32 16
63 4
66 10
13 8
69 14
88 50
64 3
24 3
106 7
78 58
30 18
136 80
123 16
109 5
95 57
120 5
141 93
116 16
123 35
56 24
69 17
3 5
67 72
22 19
2 25
16 13
22 8
95 54
58 53
56 50
134 86
98 55
29 15
48 3
138 102
41 43
21 27
40 37
19 10
141 52
22 17
27 9
63 13
3 40
34 17
56 42
52 35
44 2
44 8
29 6
42 40
63 15
30 23
7 17
50 43
53 2
32 13
49 7
80 4
69 3
124 52
130 93
124 76
69 12
45 19
64 16
83 75
90 53
120 37
115 41
38 9
48 6
91 41
119 34
19 4
69 4
62 23
141 31
133 89
136 98
88 53
135 68
27 19
44 9
132 83
50 27
123 6
78 50
23 12
87 24
105 7
3 9
88 51
93 53
50 31
1 18
119 38
33 4
87 13
54 50
98 42
59 28
87 33
27 6
50 23
57 54
109 16
25 32
87 32
16 17
137 106
60 2
44 14
126 119
68 25
128 73
40 2
87 18
128 119
35 24
51 42
4 1
24 8
59 22
45 11
130 41
35 19
57 52
134 82
141 71
39 11
35 11
40 11
125 67
5 8
59 35
7 42
23 2
22 25
49 42
115 34
115 27
103 52
45 12
106 1
39 12
85 14
135 96
29 32
33 2
28 36
38 37
105 52
7 37
44 13
142 141
114 28
34 28
68 30
50 38
109 6
43 34
30 34
7 16
51 7
48 15
119 3
137 107
137 61
43 32
93 50
59 2
34 24
54 41
87 19
9 16
43 1
141 58
124 58
136 120
9 5
56 29
123 17
25 13
69 2
87 28
90 41
44 6
123 5
9 13
141 57
24 11
81 3
128 126
131 83
23 32
102 17
134 107
27 14
102 37
115 17
56 38
131 105
50 25
87 42
121 40
126 50
128 54
51 2
34 3
41 14
80 36
108 5
86 17
68 16
137 101
56 7
14 11
34 19
63 9
45 3
114 43
104 54
133 67
121 33
66 12
30 14
97 17
99 58
56 43
80 5
27 36
97 5
129 77
99 54
122 4
88 52
19 16
3 36
136 86
117 2
132 20
128 69
12 11
120 33
43 17
3 29
129 85
119 2
54 2
126 82
2 32
40 9
52 56
38 14
28 31
121 14
35 4
96 7
137 85
26 18
91 2
28 9
6 16
52 59
78 59
50 5
38 5
97 39
2 12
104 30
2 22
97 24
141 82
129 99
21 6
120 41
115 33
8 5
21 39
105 50
119 7
67 36
40 13
79 54
25 17
31 1
141 75
26 29
62 32
44 15
136 78
33 14
33 24
24 9
11 14
92 29
35 14
93 54
94 7
120 24
76 7
133 134
142 126
31 23
56 3
35 31
51 38
116 3
50 33
48 14
21 23
114 33
115 8
97 6
29 5
106 6
25 2
126 76
38 22
126 72
57 50
11 3
41 38
64 17
39 1
102 12
59 38
27 37
7 40
36 12
95 42
97 9
142 90
106 5
42 36
28 37
137 116
3 26
127 84
32 6
116 7
39 2
127 128
62 2
31 29
127 126
37 15
132 91
134 77
126 123
69 13
37 6
136 79
121 32
135 52
126 93
33 17
40 4
126 103
41 6
29 4
134 94
41 2
39 6
52 50
50 28
48 18
7 43
21 30
68 24
59 39
85 16
107 5
21 33
135 119
41 39
45 14
53 38
133 46
43 13
62 12
109 15
134 74
56 34
97 26
115 18
121 16
1 15
90 59
21 3
21 17
85 15
141 72
0 6
54 26
86 3
141 123
134 114
56 27
62 36
22 26
53 43
32 12
120 6
27 15
115 23
68 42
20 10
31 11
43 25
129 86
87 37
38 17
30 5
76 54
80 14
55 54
92 31
140 67
31 17
137 118
109 1
121 39
2 18
98 56
135 51
6 12
134 115
129 83
44 12
123 24
88 7
2 33
80 43
30 7
34 29
38 24
53 42
24 14
72 76
4 11
28 2
121 17
118 6
50 22
35 17
102 27
128 41
134 69
62 9
66 4
3 17
137 86
114 38
125 24
27 40
33 11
66 13
62 7
120 28
134 47
104 38
37 14
89 13
133 106
21 28
127 67
135 56
43 7
52 42
53 54
39 32
141 68
28 12
39 8
33 12
30 2
2 27
130 50
16 11
31 26
59 30
141 126
68 7
45 8
4 5
66 16
41 35
26 23
3 19
52 28
102 4
116 13
128 123
42 3
50 29
126 52
49 56
41 5
120 9
53 24
120 29
88 56
77 1
55 53
130 68
38 31
17 18
33 9
31 40
27 25
105 75
72 75
109 10
80 30
2 5
115 5
107 13
111 54
42 28
75 53
135 31
41 42
80 40
63 16
22 5
62 13
9 6
126 53
38 2
54 31
3 23
134 64
114 2
44 5
109 3
127 83
126 122
36 15
52 54
3 37
58 59
63 3
68 43
68 23
109 12
78 42
39 29
134 116
105 53
92 17
130 124
118 15
114 54
137 74
102 26
77 14
26 19
3 15
52 2
75 52
137 120
81 1
3 18
4 13
79 76
52 38
98 30
86 4
68 26
103 50
31 3
97 13
39 16
64 4
24 16
4 29
0 5
2 35
52 41
134 99
87 26
128 55
68 38
115 31
137 82
122 7
30 19
61 2
116 6
81 13
1 32
68 1
131 128
13 19
121 15
63 6
87 29
129 121
56 41
95 7
142 48
73 7
85 12
34 36
16 12
40 19
39 4
67 70
103 41
128 95
122 56
24 18
23 19
31 13
25 11
128 96
125 90
24 15
68 6
28 32
38 7
91 55
116 17
98 52
131 126
28 14
36 40
5 17
43 4
122 35
81 5
142 137
103 53
42 1
83 7
28 39
67 73
132 126
97 3
59 27
1 16
34 27
28 40
