41 46
73 10
98 48
11 19
29 41
107 1
25 46
108 21
72 14
84 19
78 20
106 29
98 55
93 19
29 42
69 19
63 32
23 13
62 15
67 29
70 1
74 13
76 31
71 34
93 27
68 55
83 55
20 39
105 7
0 20
23 3
79 21
90 55
71 17
5 40
52 21
41 38
70 27
6 20
105 19
70 28
83 6
60 20
62 22
0 7
87 21
101 31
70 29
74 9
101 22
54 28
23 1
54 30
78 13
88 3
80 38
106 8
92 47
72 19
28 40
72 28
31 58
72 29
23 29
94 18
101 26
5 9
72 18
62 27
97 3
54 26
0 14
54 13
15 46
9 49
74 7
88 18
0 13
74 21
74 17
88 26
83 3
98 11
91 49
99 39
89 4
93 7
108 7
53 3
109 37
63 12
6 22
67 1
23 14
67 34
46 40
29 66
36 3
83 16
75 13
74 19
103 4
54 1
105 28
54 15
84 21
78 56
93 16
97 22
91 64
35 34
100 9
25 9
54 22
54 21
23 4
23 34
0 10
96 6
79 26
89 11
78 3
11 92
99 43
98 22
30 18
84 28
67 14
30 9
59 9
29 43
83 15
52 18
59 12
25 44
69 7
67 22
62 3
29 86
74 22
75 55
44 46
50 18
99 47
11 91
105 22
1 39
13 18
74 51
41 45
0 11
93 55
19 58
104 6
70 13
68 24
63 19
89 56
19 39
70 15
102 19
108 48
62 6
30 37
71 16
41 43
106 13
41 39
84 17
6 39
100 3
73 9
60 13
79 12
23 33
103 51
83 21
35 24
105 10
96 14
62 18
87 9
107 46
67 10
82 47
19 47
79 10
107 37
98 14
96 15
84 22
63 33
77 7
98 13
23 28
67 8
19 42
84 9
74 3
93 20
54 9
88 24
75 51
68 4
57 47
97 1
19 43
94 10
48 40
90 3
54 17
101 55
23 21
77 21
72 57
94 9
79 11
23 6
71 3
83 7
17 40
105 1
23 31
98 20
63 29
36 18
59 21
92 91
85 16
100 19
67 28
80 48
72 15
62 11
61 20
108 10
93 22
63 7
63 31
105 21
103 3
102 13
75 19
108 55
96 21
23 24
6 21
100 17
59 14
74 10
29 40
28 42
6 17
67 32
69 17
30 40
101 7
8 47
100 32
94 34
73 32
96 22
54 14
106 22
77 3
98 18
105 12
98 27
79 6
48 47
87 24
61 57
93 14
35 19
68 20
79 33
63 21
79 15
72 20
70 22
101 21
108 31
87 17
5 58
68 22
106 2
93 18
69 51
93 10
1 43
94 6
87 15
84 3
100 8
106 6
17 38
59 4
23 26
98 1
100 22
70 55
85 22
108 18
72 22
106 1
59 22
61 1
74 5
71 25
11 17
97 55
105 27
105 25
106 27
108 12
105 26
84 29
68 15
68 10
26 49
71 18
2 51
93 9
68 21
23 27
89 55
79 51
96 10
52 6
5 37
52 28
90 56
100 27
100 6
108 33
88 16
98 15
29 1
59 56
97 13
63 11
71 22
108 17
56 39
70 56
51 37
101 3
69 9
87 22
98 8
100 16
4 43
70 20
63 17
79 18
54 3
11 46
72 11
84 26
59 7
94 2
85 21
0 22
2 22
108 56
67 26
63 8
103 9
79 25
36 6
79 28
60 14
107 44
14 22
79 20
67 30
67 25
88 14
103 21
50 19
54 24
87 1
69 20
77 22
72 1
52 3
89 9
83 20
23 15
15 44
37 39
67 11
80 40
0 5
73 22
54 56
68 13
105 20
104 5
88 27
98 56
87 11
71 20
30 41
76 6
88 21
83 22
63 6
87 26
63 15
100 18
63 34
70 16
6 43
105 24
98 16
103 17
23 30
23 19
71 8
84 13
88 10
74 27
83 27
51 40
98 19
69 22
0 6
103 20
67 20
78 12
106 11
97 7
106 14
63 26
75 24
106 56
3 40
33 39
72 32
108 6
75 1
95 3
83 19
41 42
84 18
60 11
6 47
77 11
88 19
94 57
96 27
72 30
84 1
0 15
62 17
87 7
97 21
108 3
25 42
4 38
1 40
98 6
60 1
0 3
58 39
82 39
36 15
101 14
100 5
26 38
69 13
107 42
71 13
0 21
21 40
108 34
76 51
108 15
70 21
72 17
23 8
0 4
48 49
77 10
68 51
6 40
88 11
54 33
59 11
63 9
35 18
108 9
29 81
97 9
97 56
30 42
74 25
79 24
103 16
108 28
87 27
14 38
60 22
19 40
59 51
105 18
68 11
71 26
82 38
93 4
54 10
50 9
79 9
96 1
98 21
72 34
75 25
6 37
89 10
25 20
84 12
101 56
75 6
75 16
68 56
74 15
98 30
46 47
100 51
25 3
87 19
37 38
54 2
14 47
92 42
35 33
71 33
67 19
35 6
74 30
106 20
4 40
71 5
6 66
93 12
83 12
11 80
11 39
63 5
62 51
93 11
94 4
0 9
10 42
106 17
107 92
59 2
74 31
5 45
41 44
30 47
52 4
19 38
30 43
107 45
72 3
30 39
74 12
0 12
100 15
105 30
98 9
80 39
87 20
3 49
54 29
59 13
100 33
42 44
106 51
87 18
107 80
94 14
68 1
74 8
29 46
52 29
103 22
93 26
52 15
106 16
79 14
107 38
108 4
68 9
76 32
96 57
54 55
100 55
67 27
84 14
79 27
88 20
8 43
68 6
59 16
108 25
74 32
63 28
22 38
67 31
75 10
106 3
6 1
106 15
30 19
107 58
106 55
79 34
72 7
79 1
33 45
78 8
72 31
59 55
105 34
105 51
71 12
71 9
87 4
75 18
74 14
73 55
36 17
35 15
100 7
108 8
2 47
79 22
74 1
42 46
78 1
74 57
33 40
108 22
73 14
101 11
88 25
98 3
74 6
100 31
108 57
15 37
54 20
98 26
6 9
73 31
54 6
67 24
99 40
75 17
103 11
106 19
68 16
75 56
71 24
63 25
68 14
100 20
41 40
19 49
59 18
59 15
88 22
63 27
34 39
97 27
74 24
63 14
108 13
0 8
97 4
78 55
63 1
100 1
103 26
75 20
100 25
81 40
54 18
42 39
85 11
74 29
70 4
108 5
54 7
23 9
0 1
22 39
23 25
85 24
62 9
98 2
60 9
100 56
63 10
75 9
79 4
83 56
105 16
8 40
106 7
59 8
3 42
23 22
25 39
106 28
29 58
76 15
83 1
0 16
84 20
22 40
108 32
67 33
59 20
100 57
11 40
35 25
59 1
102 18
96 26
97 26
106 57
87 56
68 26
67 57
67 18
35 22
72 33
108 19
54 34
68 27
94 15
71 1
80 43
71 27
72 21
23 18
29 44
107 91
101 4
103 55
0 19
6 64
6 38
103 12
4 49
10 64
36 19
67 12
108 1
85 7
27 47
71 11
17 39
23 32
94 21
54 27
69 27
75 22
63 24
106 4
101 32
67 2
74 28
108 16
5 43
74 20
87 30
105 9
63 51
83 11
94 17
37 40
101 9
84 8
74 18
85 9
74 26
105 33
87 25
25 1
68 25
63 20
108 26
70 9
35 8
108 2
36 10
93 21
6 65
70 14
84 34
67 13
0 18
105 17
100 34
89 6
79 3
107 41
0 17
108 27
88 1
15 64
79 29
67 15
31 37
11 18
94 33
75 15
54 4
84 27
52 19
54 11
54 16
69 26
88 8
83 13
70 10
105 3
78 4
85 13
59 26
108 29
67 6
94 51
83 9
25 41
106 9
108 11
70 6
11 44
85 25
62 26
103 56
23 20
3 47
87 55
106 18
87 3
68 7
25 37
21 47
69 1
63 18
71 7
98 4
93 56
105 6
106 26
100 14
71 19
59 27
29 20
71 6
87 16
69 18
13 19
54 51
96 20
88 13
68 17
59 3
73 21
100 2
62 21
93 1
59 19
71 56
87 14
89 14
103 1
108 30
63 13
73 56
89 15
70 3
59 17
105 14
106 30
45 39
83 18
94 3
105 15
100 26
107 40
107 20
81 43
23 10
23 11
105 29
100 10
6 42
107 39
106 21
71 10
63 3
62 19
94 19
0 2
79 19
94 22
108 24
93 3
54 19
10 47
54 12
63 16
33 58
84 33
85 57
88 9
5 39
108 20
81 39
98 7
50 21
26 11
108 14
78 17
87 6
23 12
63 22
42 47
104 15
47 40
71 15
46 39
78 14
108 51
100 24
87 51
72 6
54 25
105 11
71 55
103 14
97 20
89 17
76 22
68 3
101 27
70 26
59 6
29 39
83 26
103 27
67 9
106 10
100 30
54 8
74 11
42 40
