43 5
84 30
71 11
2 55
91 76
43 10
47 48
35 3
60 40
24 11
60 24
29 5
66 26
78 53
88 31
110 31
32 6
100 24
84 5
109 49
68 6
45 6
78 41
26 6
34 8
70 31
2 11
12 5
103 104
17 74
114 59
23 10
34 24
67 27
108 21
45 46
93 29
71 3
113 1
17 6
56 49
39 24
91 75
81 15
10 6
97 22
86 29
110 57
68 5
11 10
108 16
92 15
93 17
4 11
4 8
116 49
34 10
95 18
84 14
92 16
97 30
2 27
33 6
65 5
51 55
45 20
108 22
122 6
51 19
116 15
47 17
67 57
70 21
13 6
59 24
34 37
71 62
34 28
56 57
72 21
94 76
37 6
72 6
59 63
58 6
20 74
35 24
123 62
59 28
62 6
58 59
93 19
88 46
84 15
26 30
26 15
81 31
71 10
50 16
81 24
97 13
69 38
43 21
46 20
83 31
29 22
2 38
64 31
26 27
58 36
69 6
71 15
68 19
123 38
84 13
82 22
116 55
70 15
62 5
59 10
65 37
111 21
86 14
96 6
73 10
47 53
45 18
56 31
109 55
56 18
16 6
42 5
42 6
93 16
2 62
123 55
66 18
111 20
120 21
65 59
98 3
96 10
18 74
86 22
89 8
24 10
46 17
12 14
89 24
123 57
69 57
67 28
24 27
66 49
44 76
103 24
82 5
119 30
88 21
8 24
122 3
108 14
34 27
111 46
109 62
43 22
65 36
64 6
112 20
123 28
70 19
2 3
50 18
83 62
59 38
81 10
67 11
59 29
119 49
28 6
35 23
83 38
73 6
42 20
92 19
82 19
81 27
16 74
80 16
83 57
93 15
60 61
95 38
92 5
37 3
111 17
65 15
65 6
34 36
83 22
67 62
86 15
40 10
7 44
12 6
2 8
103 23
110 48
13 5
111 19
59 11
3 46
97 21
86 17
108 18
45 44
116 57
8 23
122 10
35 8
114 46
69 15
65 30
12 13
92 31
24 30
66 14
114 36
70 6
93 14
123 15
64 16
110 53
80 18
96 7
47 20
37 27
119 3
50 52
51 31
81 30
88 15
65 46
56 53
26 29
21 22
80 5
50 14
0 3
95 31
59 30
88 5
93 21
50 46
66 20
97 10
45 5
67 15
113 78
11 6
70 5
57 29
70 17
121 10
67 10
70 14
111 22
83 11
58 35
66 53
98 8
50 57
71 29
110 14
81 29
59 6
60 38
96 5
71 30
59 15
123 27
42 18
64 17
83 6
68 44
47 38
119 61
94 5
18 6
86 62
94 75
110 26
112 44
8 3
66 46
88 17
78 8
23 8
20 6
47 49
46 6
123 6
51 16
78 39
117 57
56 16
119 38
98 6
82 21
0 2
101 5
64 15
8 41
93 46
108 31
80 14
47 52
95 55
86 63
56 20
29 6
50 53
87 44
92 14
60 8
2 22
67 24
29 15
121 44
66 55
92 22
81 8
112 46
114 44
2 52
93 5
100 8
97 6
80 31
67 31
117 31
86 19
92 46
116 53
34 35
111 6
78 48
2 28
93 22
112 22
37 24
86 16
123 29
47 18
58 37
6 74
123 24
83 8
87 5
110 17
100 10
114 35
67 3
78 40
110 62
12 16
21 6
93 18
59 14
82 18
19 74
26 8
4 5
78 55
95 20
35 10
81 11
98 10
123 10
65 10
94 44
45 22
67 55
101 21
122 9
95 53
116 62
100 27
56 38
80 15
50 20
50 55
84 6
9 10
26 11
100 43
92 17
84 10
64 46
50 17
3 30
110 46
50 38
88 22
9 44
51 52
109 38
51 17
81 38
2 31
56 52
112 13
123 3
109 6
99 55
64 14
21 5
123 11
112 6
99 54
120 5
111 18
93 20
66 57
95 52
36 6
103 40
112 21
71 55
111 44
68 21
42 44
42 17
40 24
87 46
110 52
95 49
114 6
69 29
8 30
95 17
103 105
51 49
72 22
84 21
34 38
80 22
112 17
116 26
83 26
121 6
85 5
87 21
86 31
111 13
20 13
58 44
37 10
12 18
71 57
62 15
64 19
56 55
70 18
95 16
34 3
123 8
59 31
51 46
19 6
83 28
68 16
60 3
70 22
119 53
56 17
64 29
119 57
56 19
37 11
80 29
81 28
26 24
82 13
115 6
50 48
97 5
108 15
96 44
56 48
40 3
83 29
88 19
101 6
42 13
26 10
34 30
112 19
46 19
88 6
112 16
100 6
67 30
2 6
80 20
107 37
64 20
37 28
85 6
78 38
123 26
43 44
70 29
86 38
35 41
120 6
47 16
35 40
102 1
70 46
81 55
37 38
96 11
58 46
103 46
45 17
42 21
108 46
66 62
95 50
34 26
57 22
67 26
50 19
82 15
119 31
47 46
70 20
88 14
68 18
101 15
103 106
46 13
110 20
51 20
81 22
71 6
122 5
45 13
24 3
2 10
98 26
99 53
82 20
66 52
86 6
84 22
2 15
110 49
95 19
19 13
78 23
2 26
11 5
111 5
103 8
68 13
80 21
78 79
112 5
71 31
108 5
68 43
71 26
67 6
57 38
71 24
65 35
57 62
116 6
35 38
51 18
57 6
86 20
81 62
0 1
42 43
66 17
59 22
25 3
2 29
78 24
67 38
83 24
86 18
73 30
88 16
60 23
42 19
1 3
25 24
60 30
97 31
59 3
88 20
26 31
88 18
59 8
78 3
120 15
4 10
82 14
50 49
123 49
108 19
2 48
93 31
64 5
7 75
90 6
82 17
117 26
66 31
67 29
78 54
98 24
110 63
73 3
8 61
23 24
97 14
86 46
92 29
109 57
2 30
81 3
51 54
78 31
51 38
66 63
119 55
82 16
33 10
120 22
64 22
68 15
69 31
12 19
34 11
123 30
50 63
4 3
111 16
66 48
43 36
89 3
71 28
45 16
92 18
119 41
66 38
8 40
46 16
83 15
4 7
110 38
69 26
94 9
95 54
23 3
100 3
103 39
109 26
39 8
12 21
66 19
119 24
47 54
51 50
12 22
78 30
24 6
37 30
118 26
103 59
108 17
12 20
71 22
3 6
59 62
45 21
29 21
67 22
35 26
87 6
81 6
46 18
8 38
2 14
81 26
68 22
110 55
2 63
40 8
47 31
66 16
110 18
62 31
10 44
50 31
42 16
107 35
7 76
35 30
107 36
69 62
47 51
83 3
60 41
83 10
24 28
3 10
77 3
26 28
88 13
62 29
112 18
122 11
25 8
119 8
64 18
72 5
83 30
92 21
118 31
110 16
64 21
35 6
96 9
71 27
78 49
71 8
82 6
98 41
45 19
17 13
78 61
80 19
70 16
26 5
58 5
111 14
68 17
123 31
4 9
68 20
108 20
11 43
95 48
51 53
83 55
9 6
47 19
100 28
102 78
101 22
2 24
44 75
18 13
80 17
64 43
56 50
80 46
24 8
114 37
122 7
51 48
99 49
47 50
114 5
118 57
68 14
57 15
37 26
109 53
12 17
67 8
47 55
4 6
83 27
100 11
26 3
97 15
78 52
92 20
99 6
28 10
95 51
56 46
37 8
71 38
12 15
59 27
110 19
39 3
