74 17
53 9
26 20
84 38
17 14
4 25
112 46
36 16
34 24
106 54
82 26
38 15
107 40
93 50
88 22
84 5
105 98
90 93
106 92
104 93
68 15
63 41
63 18
5 25
34 28
68 38
59 5
93 51
19 35
38 5
13 7
55 13
25 30
79 5
105 92
49 54
94 79
15 6
105 93
25 28
113 112
45 6
79 10
82 11
43 9
10 28
74 16
89 20
89 26
55 26
5 30
46 24
47 23
40 31
76 40
82 17
6 20
88 9
106 56
89 16
108 88
93 40
8 17
104 49
50 31
47 28
109 78
82 24
94 39
110 82
30 35
50 9
93 53
17 12
10 2
100 46
102 69
41 25
93 52
18 30
105 37
109 54
106 72
76 41
36 35
69 5
67 24
47 19
20 33
109 72
11 29
89 11
18 26
10 30
27 33
39 18
88 14
79 24
88 15
93 86
21 16
101 82
22 29
109 93
27 20
47 16
74 28
22 2
5 14
78 26
107 51
50 15
36 12
112 50
103 93
101 94
103 67
53 23
34 29
46 9
78 6
83 20
44 18
39 40
12 33
25 6
38 14
59 26
88 28
68 42
13 2
89 17
16 26
59 28
24 16
24 30
19 16
88 18
26 2
106 107
69 18
77 17
61 35
4 15
12 35
10 22
59 11
82 6
85 12
100 54
46 15
60 38
102 46
88 7
112 68
45 9
109 83
15 19
40 25
15 11
105 56
50 26
53 10
64 17
46 31
106 78
113 5
10 7
25 14
28 29
23 22
83 12
82 21
94 49
50 19
89 8
27 29
23 33
59 14
94 67
88 31
64 2
46 18
47 5
67 13
14 11
27 30
60 42
10 14
105 73
26 7
23 29
45 26
4 30
109 76
19 7
53 13
84 42
78 11
13 23
30 21
106 79
111 112
78 33
112 54
88 12
102 40
83 27
31 29
2 33
2 29
59 10
76 42
63 40
111 49
106 48
16 14
84 18
102 47
31 11
112 5
9 35
8 33
90 82
100 42
55 21
4 9
6 21
8 6
10 29
23 20
16 6
78 16
59 2
110 6
18 25
19 21
64 12
89 21
13 12
82 14
106 60
113 84
103 73
43 25
34 31
68 24
24 17
107 86
18 19
26 35
74 33
93 46
85 11
31 6
28 14
34 7
8 12
78 7
46 30
24 10
18 6
62 40
31 21
74 6
88 23
104 66
38 21
82 29
26 33
40 5
77 33
63 15
13 8
8 22
51 18
3 1
50 21
83 18
22 11
113 93
69 43
31 17
59 30
19 26
5 21
108 62
109 37
25 23
105 95
45 11
75 38
20 16
10 35
19 11
47 27
101 59
83 9
69 15
53 18
56 17
38 7
20 11
13 24
19 6
102 51
77 11
106 85
68 13
21 33
57 41
111 109
80 42
82 28
101 88
9 2
17 2
47 18
25 19
53 25
27 6
109 51
76 43
88 38
10 31
49 53
83 28
3 2
46 17
19 28
4 17
83 29
45 22
28 7
47 30
88 16
34 12
42 24
29 11
86 25
107 50
10 6
8 28
58 17
63 38
38 10
108 64
4 14
28 33
31 9
57 40
109 4
101 104
29 12
26 17
20 22
5 28
106 49
28 21
11 20
5 20
24 21
34 20
40 16
85 2
59 16
26 29
4 27
109 52
26 12
103 98
21 12
72 42
25 26
79 43
109 67
4 10
38 28
89 23
17 28
29 16
4 13
90 84
43 24
6 7
18 11
59 7
30 33
109 80
21 7
102 31
94 65
106 73
5 31
102 100
59 13
13 25
13 28
78 12
45 2
23 35
21 11
31 25
104 76
31 19
9 30
104 96
50 17
46 27
82 5
55 2
41 10
101 60
19 12
25 2
53 38
53 8
101 93
105 52
59 29
102 43
26 21
15 27
104 65
100 5
4 21
94 93
5 26
93 54
35 12
57 18
101 79
30 22
54 38
74 11
77 6
25 29
107 48
50 11
41 9
90 56
82 9
23 28
83 31
73 35
4 31
84 41
24 2
10 19
103 79
38 27
104 67
80 41
83 22
27 23
77 21
50 23
15 25
23 21
111 101
25 7
27 12
9 23
30 20
14 20
11 2
102 52
53 31
107 41
41 15
93 31
42 18
4 26
106 61
104 32
102 86
76 18
6 14
5 6
106 51
34 2
53 24
106 91
10 12
24 26
112 47
78 35
7 22
59 23
104 73
41 19
107 31
38 8
64 21
46 6
113 109
72 43
24 28
108 70
109 60
109 39
5 19
30 2
63 5
46 28
34 8
109 44
5 22
20 17
28 12
24 7
100 50
93 69
46 8
77 12
19 22
41 31
89 25
61 33
50 5
102 53
110 74
6 22
112 41
9 12
15 22
94 32
45 30
9 22
38 12
88 19
37 18
83 11
59 31
28 20
40 15
4 11
18 5
4 18
101 61
58 12
100 93
38 20
5 27
81 16
72 40
53 28
5 23
31 23
31 28
15 23
4 20
83 21
88 17
83 19
14 35
42 15
52 43
110 7
100 86
34 26
82 7
10 27
57 38
28 22
105 96
105 32
113 1
13 21
38 13
110 93
88 2
104 79
45 16
38 23
103 65
83 15
34 10
45 8
43 10
112 51
59 6
9 20
57 15
51 38
86 43
109 89
109 75
16 21
102 41
30 14
22 16
50 7
38 26
83 6
15 13
101 49
110 83
25 22
14 17
75 18
19 14
113 74
62 41
89 14
34 6
69 13
83 26
50 22
45 19
37 38
103 99
36 2
22 35
43 18
50 14
94 60
48 38
53 16
23 26
46 14
107 46
101 103
31 12
56 11
94 97
7 33
16 35
61 7
108 89
19 27
82 31
86 31
112 86
107 47
113 83
68 40
56 2
6 33
8 21
18 17
7 29
93 42
10 20
53 20
77 16
25 8
100 48
74 22
28 35
78 21
38 22
4 29
78 17
42 43
57 43
65 35
111 82
27 14
45 17
86 38
7 12
53 5
38 11
30 28
41 5
17 26
10 9
5 17
46 23
35 2
36 33
82 13
24 20
53 19
50 13
47 9
85 17
13 14
13 10
82 22
59 25
27 11
84 40
54 18
74 26
45 21
41 40
18 8
78 2
68 41
26 14
17 6
39 38
27 16
14 2
26 22
24 8
66 33
34 22
108 55
74 8
15 18
38 25
9 7
27 7
11 22
24 11
74 7
42 38
27 8
88 27
17 20
47 26
83 2
101 83
26 16
86 5
43 27
113 36
18 21
112 40
74 12
57 5
24 31
67 15
103 32
24 35
89 12
105 66
29 35
16 8
90 83
20 29
105 82
59 24
83 25
93 47
101 78
9 8
18 24
53 14
52 40
29 33
18 14
43 38
40 9
88 13
8 20
6 2
105 101
109 48
83 14
108 71
108 77
5 15
101 67
101 64
108 92
105 49
60 41
15 26
34 30
46 5
101 77
88 6
71 1
4 16
15 10
62 38
46 16
94 100
39 43
20 12
106 89
102 48
50 27
11 12
67 42
19 30
109 107
104 99
88 25
24 14
105 65
40 24
49 50
69 10
53 26
24 29
107 68
4 8
15 9
27 17
70 1
109 56
50 25
24 6
11 21
15 16
69 42
105 83
15 29
100 31
0 1
4 2
42 40
94 76
5 16
34 19
89 27
82 25
45 7
103 97
82 2
34 21
28 11
41 24
24 9
21 17
24 19
40 18
86 13
13 11
104 100
18 31
82 8
74 35
15 12
67 5
15 21
22 17
10 26
30 29
6 12
90 92
39 41
74 21
38 16
86 19
74 14
67 10
106 44
88 29
111 93
107 43
43 5
88 20
36 11
100 40
108 63
72 41
74 20
103 95
106 95
108 61
40 19
87 2
31 22
25 27
62 42
108 72
5 18
15 30
4 24
23 16
101 102
52 18
1 33
9 11
61 2
4 19
83 16
109 64
59 20
34 35
32 33
84 43
13 20
59 17
104 98
23 2
106 97
38 17
49 13
18 15
4 7
43 31
35 33
47 15
83 7
22 12
9 25
47 10
13 16
38 18
103 100
4 28
23 11
40 30
82 15
102 42
77 7
49 52
7 16
93 41
103 66
16 17
106 81
83 13
15 28
53 11
46 25
24 23
100 53
38 30
88 21
65 33
50 30
9 27
106 96
107 93
15 24
31 27
104 97
23 7
79 40
108 80
45 28
5 2
100 47
93 100
89 22
15 31
6 29
59 19
26 6
4 12
106 82
43 19
11 33
85 38
103 60
86 18
89 30
79 13
42 13
112 31
47 25
108 57
86 24
45 31
108 58
25 20
100 69
104 95
67 41
103 76
13 30
82 23
13 26
100 41
47 8
31 30
25 21
102 93
21 22
69 41
62 43
105 106
77 35
71 2
19 17
46 13
44 38
68 5
86 9
38 19
60 43
109 61
89 2
21 35
85 16
109 59
73 2
9 16
7 35
59 12
47 17
61 11
59 27
25 17
34 14
18 28
14 16
45 12
29 2
74 2
106 83
46 38
106 1
31 20
31 16
79 41
89 29
4 5
23 30
93 68
100 51
40 8
112 52
15 20
28 17
10 16
16 28
113 34
107 52
30 17
102 54
111 83
38 31
38 24
106 65
110 70
106 88
69 40
73 33
50 20
16 22
27 26
31 7
68 18
89 7
107 53
34 17
79 18
106 98
28 2
8 26
83 8
53 6
14 29
82 27
112 48
109 82
41 38
94 96
108 0
7 11
16 29
46 26
7 2
15 7
89 28
14 22
108 59
7 17
6 17
82 30
21 29
18 10
13 9
104 39
43 40
27 35
58 11
69 24
47 31
100 43
29 17
6 35
40 10
18 13
108 3
5 24
80 40
105 91
53 17
112 43
59 18
20 35
9 19
79 38
2 7
101 80
13 35
14 7
11 14
59 9
86 15
41 18
23 17
53 27
107 5
79 15
16 11
113 82
109 88
8 35
17 21
64 7
19 29
52 42
39 42
61 12
60 18
53 15
65 2
53 21
23 12
55 31
112 42
53 30
61 16
68 10
17 29
109 49
69 38
88 11
13 19
6 11
16 20
19 20
18 16
42 41
19 2
109 85
41 13
67 43
8 14
106 4
108 78
56 16
81 18
67 40
64 35
110 84
108 67
5 12
9 17
50 10
82 19
106 75
14 21
16 33
83 5
94 66
103 39
49 26
81 38
110 92
15 17
17 7
59 15
87 1
8 2
8 7
83 10
10 23
79 9
106 93
5 9
82 12
20 2
31 26
34 23
8 29
79 31
46 21
109 77
38 29
45 20
30 16
40 38
27 28
9 21
26 11
110 1
38 6
10 21
45 27
50 24
59 21
40 27
106 67
61 17
64 11
109 79
45 14
109 81
18 23
48 18
2 35
59 22
16 2
11 6
17 22
31 2
62 5
14 12
38 9
88 5
34 11
80 43
107 42
0 2
85 18
44 16
50 28
30 12
108 84
43 15
28 16
83 23
57 42
13 22
59 8
16 12
82 10
88 24
55 7
21 20
34 27
94 73
106 77
83 17
46 19
62 18
17 11
102 50
64 16
5 7
107 54
45 23
86 40
102 68
34 9
38 2
13 31
30 11
45 25
108 91
24 12
77 2
67 18
47 24
30 26
56 38
5 11
50 38
13 6
18 27
34 13
108 87
10 17
112 53
63 43
11 7
83 30
64 33
24 27
23 6
108 98
19 8
94 95
82 18
25 16
88 26
27 21
43 13
58 2
2 12
46 11
89 6
106 66
28 6
13 27
39 15
8 16
36 17
23 14
9 29
40 13
50 8
103 96
90 91
4 22
106 76
9 14
89 19
15 2
39 5
10 8
42 10
106 64
56 18
27 22
13 17
50 16
93 5
89 35
5 8
24 22
34 16
81 17
6 16
106 37
25 12
101 39
45 35
82 16
106 32
4 6
107 100
34 25
15 14
14 33
106 59
106 80
28 26
47 38
100 52
20 7
101 89
101 72
10 25
93 43
9 28
9 6
30 6
93 48
41 43
15 8
40 23
60 40
22 33
25 11
62 15
112 69
82 20
46 10
100 68
30 8
10 11
94 99
50 6
102 5
47 13
25 35
112 100
106 99
88 30
101 76
63 42
88 8
27 2
17 35
49 51
86 10
112 93
105 99
74 29
21 2
106 39
31 35
103 49
30 7
5 29
24 25
58 16
67 38
90 49
105 97
31 8
107 69
68 43
45 29
104 60
17 33
16 7
110 91
55 6
83 24
106 52
8 11
4 23
9 26
11 35
5 10
13 29
31 14
42 5
94 98
88 10
5 13
