30 12
33 21
13 8
24 1
3 9
4 1
0 2
40 14
14 8
19 1
10 9
9 11
28 10
38 1
7 12
16 18
1 12
9 13
20 11
10 11
14 17
25 14
38 2
19 2
0 1
28 12
27 10
27 8
36 9
6 10
39 1
41 3
53 1
5 1
24 30
28 14
6 14
20 8
40 12
9 14
32 8
16 17
48 1
33 20
24 28
52 2
33 27
35 1
41 2
2 10
6 12
44 9
12 18
23 3
32 11
44 13
27 14
51 14
54 16
2 11
27 11
15 1
6 9
35 2
25 9
43 1
6 11
33 3
32 13
33 25
33 30
7 11
32 14
45 2
29 9
26 7
51 3
30 7
1 9
9 8
10 13
49 3
24 32
9 12
42 1
29 14
20 10
20 12
26 8
24 3
26 13
29 11
31 12
55 14
53 3
42 2
3 12
17 18
27 9
1 8
24 2
11 17
8 18
43 3
46 3
41 1
32 7
52 3
34 2
36 14
2 12
8 17
10 12
54 37
50 3
29 10
21 12
2 13
13 14
45 1
30 10
14 18
28 9
2 8
39 2
30 14
9 10
40 2
21 13
37 17
27 7
36 12
20 9
45 3
23 2
24 25
31 11
30 13
48 2
30 9
35 3
12 17
26 11
31 7
21 7
7 14
44 12
25 12
32 10
47 2
33 29
49 1
29 8
22 14
13 11
10 14
13 9
31 8
49 2
40 3
37 18
25 8
47 1
19 3
54 12
48 3
7 8
33 32
25 11
31 9
26 10
54 8
26 9
34 1
5 3
24 6
22 2
22 12
29 13
42 3
6 8
32 9
33 28
28 13
27 13
26 12
38 3
28 7
20 13
31 13
13 10
11 18
28 8
18 17
6 7
33 26
24 21
3 8
22 1
46 1
36 7
3 11
40 1
39 3
28 11
21 10
21 11
24 31
51 1
51 2
34 3
50 1
50 2
44 7
27 12
33 1
24 27
2 14
24 29
22 3
4 3
55 8
20 14
20 7
21 9
46 2
47 3
23 1
33 31
15 3
44 14
4 2
29 7
24 26
15 2
26 14
31 14
24 20
30 11
1 14
29 12
36 10
53 2
44 10
3 14
52 1
21 8
31 10
33 6
1 11
5 2
33 2
6 13
30 8
43 2
32 12
10 8
36 13
0 3
21 14
13 12
51 12
