104 7
124 112
8 2
95 49
25 36
29 28
35 33
39 36
40 3
121 86
121 66
26 12
125 56
121 42
87 2
118 77
82 12
124 61
118 42
60 63
35 31
72 49
105 7
102 18
76 10
118 102
119 103
50 40
39 31
43 46
116 111
51 39
28 16
56 16
79 47
9 14
68 52
10 14
101 17
114 112
29 12
18 20
120 0
74 35
49 48
12 16
97 32
92 10
29 31
108 72
101 32
121 88
102 7
10 20
40 26
84 52
8 29
107 24
45 25
119 51
52 31
42 1
56 12
34 18
121 83
40 1
98 2
97 34
32 14
87 7
2 50
91 3
101 2
65 47
104 9
2 18
55 8
42 10
32 7
79 27
101 5
85 1
51 48
94 48
25 6
100 12
49 46
65 8
117 113
61 5
84 9
39 17
38 17
102 28
7 19
109 60
43 51
62 18
18 16
31 5
101 6
48 34
76 48
6 17
35 28
112 62
2 28
8 31
25 34
25 30
104 3
35 12
62 2
27 3
119 72
106 44
9 32
14 18
101 20
7 25
46 31
125 124
48 50
97 3
75 40
39 40
10 26
8 19
71 52
124 51
103 2
115 84
50 19
99 9
48 27
82 16
43 48
27 34
35 5
39 34
12 14
0 5
25 17
97 7
94 50
40 4
39 20
10 19
2 33
83 10
112 66
29 30
119 98
91 34
89 46
45 28
32 33
41 4
112 106
2 30
27 26
108 61
40 19
49 4
9 40
71 9
46 9
106 39
48 28
2 27
7 5
109 78
66 10
56 33
14 17
104 48
6 16
20 12
101 33
28 5
33 14
103 31
79 48
30 3
61 7
101 18
40 17
73 6
19 4
25 18
1 20
114 49
31 30
15 17
106 47
7 40
88 49
72 8
49 10
90 9
107 108
52 26
102 17
31 28
38 26
74 2
44 9
74 33
73 16
27 6
28 12
79 9
118 63
3 5
40 6
35 14
121 93
37 4
66 9
2 17
3 12
49 32
2 7
45 35
115 108
93 35
25 7
73 5
1 25
61 4
32 36
119 46
96 4
107 95
46 40
121 92
6 33
31 3
39 14
46 39
102 5
101 27
50 14
50 18
6 18
74 5
121 65
71 44
75 50
1 26
67 8
10 28
35 18
30 18
83 1
32 35
97 29
62 12
30 1
99 44
40 35
10 33
70 51
93 8
114 62
32 1
8 5
76 46
25 32
9 50
124 81
50 9
108 63
18 19
49 45
1 33
61 30
74 32
27 7
32 17
40 27
48 5
50 31
120 95
86 6
40 36
9 4
72 52
52 32
99 39
108 46
115 79
29 17
117 86
108 103
113 114
95 9
105 2
2 6
31 20
43 45
34 17
50 6
14 16
6 31
49 9
96 18
73 4
109 79
17 14
47 2
84 48
51 50
88 44
25 27
51 44
40 9
9 20
27 28
34 4
28 3
97 25
63 1
64 2
93 40
44 46
85 3
119 105
118 85
61 3
98 27
119 65
122 30
44 7
76 7
38 4
75 44
108 64
25 1
17 12
124 67
52 2
38 28
124 44
113 109
118 64
105 46
41 8
87 18
71 49
0 6
118 96
119 39
65 46
118 22
13 12
36 28
31 4
84 45
114 58
103 8
98 46
64 10
74 7
120 24
113 116
60 67
79 25
33 5
78 16
48 10
71 8
91 29
26 4
79 44
25 35
113 101
10 34
97 27
119 66
99 1
116 43
118 41
124 98
4 33
95 7
9 2
50 36
95 50
8 18
95 8
60 61
37 3
55 9
116 110
8 34
29 1
0 4
44 8
112 46
7 4
49 2
41 10
3 33
2 40
119 112
74 6
85 17
34 14
76 49
105 10
68 7
118 71
114 105
69 1
74 3
9 19
124 66
118 110
58 7
124 72
4 26
32 4
27 14
32 19
113 73
9 26
56 4
52 39
32 29
59 4
94 51
118 86
113 79
47 39
116 84
58 2
112 48
94 49
120 68
102 26
31 16
10 25
63 10
52 35
94 44
117 93
49 34
81 7
68 49
8 50
39 19
10 35
40 8
4 31
121 81
98 9
33 16
93 29
67 2
65 51
39 35
112 104
39 6
79 1
93 5
112 108
19 12
39 5
92 2
99 45
21 16
106 7
118 108
26 31
27 20
35 4
2 25
121 67
38 3
118 67
3 31
98 32
86 10
32 30
52 25
46 35
51 7
27 31
72 7
43 44
9 35
33 17
125 95
34 28
97 8
52 27
4 28
87 6
15 19
124 39
1 6
25 14
20 6
49 47
107 22
38 6
10 36
93 50
72 2
49 52
44 2
34 7
68 39
31 1
56 6
107 93
118 15
39 2
36 20
25 3
32 5
40 7
34 20
33 12
47 7
4 36
60 62
112 44
50 29
48 2
117 41
84 46
93 19
31 33
72 9
34 9
85 2
38 34
38 2
38 18
29 3
44 27
96 9
91 31
47 8
30 20
84 51
87 5
0 9
68 51
6 14
5 12
20 14
1 19
39 25
45 33
93 28
112 58
39 18
36 1
30 12
105 48
123 113
97 26
43 9
120 69
95 45
45 31
45 14
61 25
7 1
91 14
9 1
49 27
27 29
18 17
37 20
60 25
38 14
102 4
74 4
75 47
29 6
7 14
43 52
74 36
114 108
52 3
72 44
32 31
119 67
29 18
26 30
96 3
14 6
61 9
20 3
98 8
56 17
92 4
15 4
114 64
8 32
97 4
36 6
0 1
44 52
94 39
59 6
2 35
76 1
79 35
117 118
118 73
116 77
94 10
115 71
83 7
50 17
42 9
121 41
19 16
98 10
121 89
117 24
75 25
9 34
28 20
106 52
53 10
114 46
67 9
63 8
98 48
98 52
93 7
98 3
8 6
43 7
90 8
14 4
125 108
97 45
57 12
32 18
112 97
38 12
25 20
61 17
113 84
118 66
119 108
102 12
75 1
117 108
32 6
32 12
27 30
67 7
17 20
7 35
26 18
25 26
81 2
118 101
36 18
102 14
122 22
47 45
62 9
30 5
121 60
58 1
79 8
117 111
47 48
120 73
15 1
86 18
112 99
118 62
124 64
26 20
2 29
10 31
5 17
40 25
122 24
72 39
50 25
121 62
44 34
71 47
117 42
32 2
22 23
108 66
124 62
105 25
15 14
74 31
118 54
61 39
0 10
99 2
98 35
108 58
106 48
79 50
3 28
71 10
58 9
122 57
91 30
49 25
119 81
93 1
47 40
41 7
55 1
124 47
53 9
70 44
113 15
39 4
7 17
15 6
119 58
7 28
114 106
38 29
43 50
98 45
46 3
79 39
25 31
61 18
117 85
121 73
113 71
61 36
99 46
99 7
46 32
62 4
7 33
61 35
45 29
112 98
57 14
98 47
118 83
93 32
86 3
116 112
99 35
124 48
74 9
98 7
52 8
5 28
97 39
4 6
118 24
27 33
82 6
121 55
94 45
102 31
74 1
114 52
97 9
52 6
46 10
10 29
103 19
124 46
92 9
118 92
94 47
101 9
1 12
27 9
2 20
1 14
45 3
14 3
61 28
89 48
80 12
38 31
40 32
91 35
101 8
94 52
38 27
75 2
68 50
34 1
73 14
106 2
40 12
39 28
46 34
114 97
114 51
119 49
47 34
27 2
86 5
91 1
92 1
89 47
30 17
114 72
34 5
97 46
79 46
121 74
77 12
97 50
117 60
76 47
49 35
43 40
99 48
79 7
108 112
108 44
109 43
2 3
33 20
118 43
120 22
4 3
91 32
35 7
92 3
69 17
27 5
75 9
4 20
45 1
9 29
50 39
37 18
121 58
85 18
122 56
45 40
6 20
125 91
6 5
49 39
124 103
96 17
30 28
42 8
3 14
76 40
52 34
52 29
87 17
40 2
103 1
10 6
98 40
62 6
63 2
55 10
69 3
28 18
8 3
27 17
93 12
101 25
61 2
61 27
102 9
60 66
90 2
86 1
47 50
112 47
97 48
105 8
25 29
45 26
30 36
92 8
1 4
29 4
53 3
118 88
105 1
91 33
118 74
70 52
119 44
48 29
120 89
56 20
25 12
95 39
36 16
74 28
10 2
48 3
120 75
45 20
118 111
65 44
38 5
36 17
2 5
119 61
50 12
87 9
26 28
50 34
85 4
44 48
112 64
0 2
101 30
96 1
48 25
105 51
76 2
103 3
47 35
103 9
104 25
46 7
8 4
120 102
48 9
5 16
84 2
117 87
51 35
35 34
25 33
20 17
108 106
35 27
103 4
38 32
123 108
75 46
116 108
50 2
102 6
93 30
91 9
26 33
62 5
101 14
9 33
27 18
9 25
8 39
117 22
70 47
43 2
98 25
103 6
6 19
39 12
97 2
106 25
9 45
118 23
115 112
9 6
113 93
114 66
125 38
99 40
108 62
97 40
44 25
20 4
83 8
44 40
3 6
118 57
125 23
120 101
107 60
108 97
113 70
80 23
25 2
72 50
119 104
48 8
91 6
43 8
86 17
2 12
93 27
52 1
102 29
59 17
72 47
119 63
113 108
54 2
51 8
9 36
75 39
104 1
32 3
11 12
85 6
87 4
66 2
36 33
102 33
84 49
121 101
58 8
93 2
38 36
43 47
7 32
112 39
56 18
28 1
10 8
9 17
91 20
61 31
85 8
34 36
93 31
33 4
120 88
54 8
48 45
109 77
125 82
107 94
55 2
1 17
118 53
72 46
51 40
105 52
2 32
28 33
68 8
10 17
50 35
35 1
122 91
106 10
8 7
112 65
50 32
86 4
118 119
102 34
36 4
36 14
66 1
61 26
68 40
30 16
124 105
1 28
10 39
25 19
51 1
2 26
66 8
85 10
46 4
99 4
121 63
99 27
74 17
115 43
89 49
95 48
74 26
93 3
3 36
37 12
108 81
88 46
52 30
107 42
6 36
52 4
47 32
9 7
29 19
27 4
112 63
1 31
116 60
1 27
79 52
106 46
73 18
32 34
19 33
50 1
52 5
39 1
85 12
37 6
79 40
108 65
18 12
51 25
83 2
9 30
18 14
61 34
125 93
119 62
26 5
124 49
1 36
86 12
121 96
7 36
101 39
120 77
35 30
103 12
1 32
37 5
53 8
46 25
70 49
25 4
40 30
93 9
41 2
125 37
118 90
48 4
118 81
96 5
48 6
31 14
94 9
119 48
51 52
68 46
85 5
41 3
99 47
102 1
91 17
95 10
121 84
97 31
84 8
94 7
102 2
41 1
32 26
101 4
81 8
14 12
121 108
118 58
2 36
74 19
7 12
45 6
9 39
124 65
47 10
99 10
33 3
4 30
19 20
57 30
104 2
8 40
26 36
59 5
48 36
77 16
38 20
48 1
82 3
3 19
40 5
31 12
33 6
62 17
117 65
53 2
39 33
123 60
64 8
119 99
107 57
87 12
0 3
101 28
119 52
46 50
88 48
76 45
52 36
121 53
99 52
45 30
121 90
69 4
34 19
87 3
65 52
54 9
72 45
73 12
52 10
120 94
2 14
35 26
2 31
103 18
68 44
82 18
28 17
29 5
76 8
125 39
115 110
101 34
38 9
44 39
29 16
45 18
82 5
122 23
120 76
88 52
39 27
19 14
36 12
48 35
47 25
69 6
120 11
106 9
71 45
93 25
31 6
47 1
40 33
38 30
71 7
34 29
93 4
101 29
121 85
87 8
74 18
74 29
114 48
10 40
46 27
72 10
91 19
4 14
35 2
59 16
9 28
50 3
86 8
95 46
119 64
79 45
45 36
45 17
79 2
65 48
112 51
2 39
85 9
64 1
48 7
79 49
55 7
104 4
93 39
61 6
94 46
35 17
1 29
45 8
45 27
122 93
122 94
54 1
3 18
70 48
7 39
123 93
120 100
29 36
51 32
50 27
8 25
4 34
35 19
39 7
91 7
50 26
3 16
91 2
45 32
95 2
9 27
61 32
96 7
73 3
104 6
124 108
124 97
62 8
2 4
7 30
27 36
114 99
28 4
19 5
117 90
121 79
91 36
34 33
120 70
10 32
123 124
5 19
114 44
15 5
109 108
47 9
79 32
45 50
91 5
27 19
114 67
45 19
50 8
88 51
99 25
2 34
38 33
120 79
104 39
84 44
44 4
103 5
40 28
103 39
79 51
33 18
112 103
115 60
97 52
101 3
112 81
19 6
101 7
115 111
84 47
7 27
103 30
49 50
120 13
114 98
30 19
4 19
35 6
15 16
113 60
115 77
75 52
101 10
8 27
91 4
4 5
68 9
94 8
37 16
112 67
95 44
71 2
28 14
93 6
91 12
0 8
103 10
97 6
59 14
39 29
45 39
39 26
35 20
46 45
71 48
61 19
113 89
3 20
102 19
118 65
51 46
36 19
39 8
51 2
102 20
93 36
108 39
118 55
121 70
108 99
109 112
50 7
57 36
57 19
82 4
103 7
106 49
4 17
73 17
27 1
64 7
24 23
20 18
40 18
113 88
97 10
124 104
40 14
113 43
8 9
122 82
64 9
29 20
101 12
15 12
52 50
109 84
49 44
120 15
103 17
25 28
76 39
1 30
19 1
10 18
6 30
60 36
48 32
108 48
62 1
75 7
46 2
46 29
61 29
30 4
119 47
76 51
89 44
118 79
75 48
3 30
103 36
101 1
75 10
121 54
108 105
46 26
40 31
69 18
76 9
53 4
7 26
2 1
108 47
34 30
122 95
30 33
101 19
9 5
120 80
119 97
69 5
98 39
14 5
7 6
40 34
86 9
89 51
108 104
45 12
8 36
91 27
61 33
119 106
51 49
56 14
48 31
68 2
105 47
10 1
4 29
20 16
5 18
92 7
118 93
62 7
61 1
98 50
34 12
26 16
108 98
101 31
89 52
45 5
45 2
74 27
124 106
10 27
108 67
112 61
101 40
43 10
102 3
67 10
25 5
15 3
56 3
61 50
47 4
52 9
121 102
45 9
82 17
48 39
56 5
105 49
108 51
54 10
26 1
99 8
105 39
68 10
53 1
10 12
49 8
31 17
10 50
95 47
118 78
102 30
10 30
96 2
35 9
44 10
121 43
38 35
118 60
93 17
61 40
68 48
47 52
63 7
39 9
79 10
42 7
29 26
49 7
44 35
61 45
36 3
74 34
112 52
44 32
125 121
114 104
1 34
96 8
69 12
2 19
1 5
51 47
51 10
34 31
48 40
19 3
118 70
4 12
74 30
52 45
7 31
31 18
63 9
73 1
116 71
66 7
75 45
28 6
84 72
44 1
52 40
15 18
7 29
117 57
49 40
102 36
9 3
32 20
44 47
99 50
34 26
122 108
121 15
8 28
25 9
121 119
46 8
43 49
68 45
124 63
112 49
71 72
26 3
6 12
117 78
109 111
96 6
28 19
45 34
59 18
37 17
0 7
112 72
31 36
114 81
5 33
32 28
105 44
50 4
48 26
38 19
30 6
103 25
99 32
4 18
93 26
81 9
3 29
75 8
65 72
41 9
48 30
10 7
118 84
31 19
106 8
74 10
81 10
93 18
7 34
124 99
7 18
121 64
108 49
46 48
9 12
34 2
104 52
76 50
59 20
60 31
45 7
124 58
75 51
86 7
19 18
17 33
124 52
104 10
34 3
113 102
52 48
53 7
13 14
76 25
35 3
59 3
50 28
50 33
68 47
39 32
46 52
101 36
7 20
43 39
70 46
74 12
62 3
125 94
105 9
8 35
39 30
17 16
47 46
26 19
71 51
27 12
60 65
54 7
26 6
10 3
7 3
114 47
8 45
26 17
99 34
123 121
29 33
109 71
121 71
50 5
62 10
94 2
88 47
30 14
1 18
91 28
59 12
19 17
10 5
29 14
74 20
56 1
46 1
38 7
106 51
35 36
91 18
8 1
51 45
3 17
87 1
34 6
45 4
97 35
10 9
50 30
101 35
106 1
114 103
93 34
72 48
46 6
125 59
91 26
44 50
20 5
114 65
26 14
52 7
74 14
93 45
37 14
9 31
32 27
72 51
114 63
114 39
116 79
83 9
76 44
109 110
50 20
104 8
8 30
61 10
6 28
9 18
87 10
86 2
75 49
51 27
117 110
38 1
32 9
114 61
51 9
96 12
58 10
47 27
5 14
92 6
85 7
112 105
35 29
98 34
98 4
36 5
115 78
60 64
118 89
44 45
113 115
97 1
104 31
49 1
39 3
42 2
95 52
108 52
96 10
1 3
98 1
40 29
10 4
8 26
116 78
40 20
95 51
101 26
71 46
76 52
