26 2
20 21
9 7
11 1
21 2
24 2
16 6
16 2
25 3
11 4
13 6
20 6
23 8
23 7
13 12
26 7
22 2
23 3
25 8
22 6
9 3
23 4
18 1
16 1
22 3
6 12
10 6
21 17
24 5
19 1
0 7
18 4
8 17
9 2
18 3
21 19
26 1
23 2
21 12
15 13
25 5
2 17
10 5
24 7
11 3
11 8
26 5
7 1
26 6
9 8
21 13
22 5
0 6
11 6
9 5
26 8
14 6
0 2
0 1
9 4
3 1
16 3
12 13
25 4
20 19
25 1
0 4
24 8
26 3
23 5
22 1
18 7
25 7
21 6
6 13
11 7
16 8
25 2
15 6
9 1
22 4
14 15
24 4
11 2
22 8
4 17
8 1
0 3
25 6
14 13
20 14
0 8
16 5
18 2
14 12
16 4
12 6
24 6
24 1
5 17
11 5
23 6
16 7
15 12
24 3
26 4
18 6
18 5
23 1
22 7
18 8
0 5
9 6
