24 10
8 10
19 7
35 2
33 3
21 6
21 7
20 6
27 2
26 1
31 1
0 3
15 3
19 6
26 3
30 1
8 7
26 17
29 1
31 3
34 1
18 7
4 1
31 7
16 20
24 9
18 10
5 2
26 23
37 2
17 7
23 6
27 1
21 10
28 2
26 2
0 1
20 7
11 3
14 2
1 7
8 9
34 2
22 7
0 2
9 7
16 8
32 3
32 2
27 3
16 17
36 3
18 9
17 9
39 7
30 2
12 10
26 18
20 10
26 20
20 9
34 3
28 3
13 2
22 9
12 6
2 7
24 7
26 8
5 3
16 1
2 10
10 7
13 1
17 6
26 22
16 24
19 9
32 1
29 2
14 3
29 3
37 3
17 10
26 21
5 1
11 2
11 1
35 3
13 3
16 2
16 23
12 7
26 24
22 10
30 3
19 10
23 10
33 2
15 2
7 40
36 1
16 19
15 1
26 12
14 1
23 7
23 9
16 25
25 10
25 9
16 22
16 3
22 6
16 12
16 21
36 2
3 7
37 1
35 1
31 2
6 7
12 9
4 3
24 6
16 18
18 6
25 7
38 7
4 2
33 1
21 9
28 1
26 19
26 25
