24 9
27 14
14 16
29 2
0 5
29 9
41 5
31 7
27 9
32 17
41 2
19 3
44 3
0 4
25 2
23 13
27 11
23 6
40 39
41 6
25 10
19 10
26 3
42 6
21 2
27 3
28 8
26 8
22 15
47 8
42 14
20 12
23 5
20 9
20 5
43 14
14 12
20 4
7 17
27 2
20 1
44 6
21 6
21 14
20 3
32 14
31 13
0 10
20 8
43 7
16 18
24 6
29 8
46 3
26 10
8 14
38 3
40 6
23 7
47 5
4 16
47 3
46 15
41 4
29 15
42 5
19 9
44 8
28 1
0 7
4 5
7 1
22 10
19 12
40 36
31 2
20 2
44 9
27 6
4 17
7 16
42 7
40 7
22 1
8 5
41 7
42 4
27 4
21 12
1 5
7 8
44 13
19 6
24 14
42 9
13 18
31 8
25 15
40 8
26 4
40 38
44 5
25 9
20 6
26 11
28 12
29 6
46 2
19 5
25 13
24 7
31 14
0 15
24 4
42 10
41 10
26 6
26 12
23 10
24 1
22 12
28 5
14 4
30 1
22 5
46 7
28 4
46 10
47 2
28 13
27 5
43 3
40 14
22 9
44 2
29 1
26 7
40 45
43 10
40 1
31 3
19 1
0 12
22 8
21 1
32 34
27 15
28 6
44 14
27 12
9 16
20 10
42 12
21 15
44 11
22 2
20 7
24 5
25 7
1 8
29 5
25 1
8 7
24 11
43 8
7 4
41 8
27 1
20 15
24 8
47 10
42 8
47 11
21 11
22 3
4 8
21 9
29 13
0 3
27 13
3 13
28 9
46 8
28 11
10 3
40 17
41 1
19 7
31 10
21 5
31 1
6 16
47 7
28 10
29 4
40 34
22 13
24 2
41 14
4 14
41 12
28 2
43 13
43 1
47 14
21 4
43 11
40 11
47 6
25 6
16 13
44 15
7 14
23 9
31 15
19 8
43 12
1 16
21 3
7 5
1 7
23 11
25 3
0 2
22 11
1 17
30 10
30 14
25 4
46 14
46 6
42 11
24 3
27 8
0 1
42 3
31 4
40 12
19 4
41 3
5 18
24 13
1 14
44 1
47 12
47 13
26 2
29 3
23 14
2 18
44 10
24 10
22 14
6 14
22 4
42 13
32 37
40 37
0 11
47 1
19 11
43 9
32 40
46 11
26 13
31 12
46 1
29 7
8 1
19 2
43 15
30 4
41 13
42 2
46 12
31 5
19 15
19 13
23 1
26 1
43 4
29 10
40 4
25 14
32 36
42 15
28 14
21 10
26 9
14 11
27 7
25 5
44 4
23 2
29 14
16 3
32 38
40 16
32 7
43 2
15 18
25 8
26 5
32 33
23 3
28 3
31 6
22 7
46 5
21 7
24 15
28 15
46 4
31 11
31 9
28 7
8 17
40 30
32 35
0 6
0 8
45 18
21 8
23 12
23 4
26 15
8 16
4 3
47 15
47 4
25 11
23 15
25 12
44 12
42 1
21 13
24 12
0 14
41 9
30 7
14 1
22 6
23 8
19 14
4 18
29 11
46 13
40 35
46 9
0 13
32 39
29 12
43 5
26 14
41 11
44 7
27 10
40 5
43 6
20 11
8 4
20 14
1 4
0 9
47 9
41 15
20 13
