31 7
25 10
18 11
14 12
16 3
10 24
3 4
27 11
19 4
18 0
30 7
18 4
30 11
31 0
10 2
32 10
19 10
31 10
22 13
21 6
22 9
31 12
19 13
28 29
5 3
17 3
25 12
21 8
32 3
18 10
15 10
21 2
1 3
7 2
5 7
5 4
19 3
5 8
5 10
10 3
2 24
16 4
30 8
27 12
19 2
23 4
30 1
20 11
9 2
21 13
31 3
16 13
30 0
16 7
20 10
2 3
0 1
25 0
15 7
23 9
15 11
1 2
31 11
26 3
27 13
31 2
26 8
17 8
32 12
5 6
15 2
17 6
27 6
30 12
23 11
25 8
12 11
27 2
23 3
27 0
23 6
14 9
16 10
5 9
15 3
32 6
17 9
16 11
7 1
22 4
19 12
32 7
27 4
26 11
15 9
18 6
16 6
19 11
9 3
17 2
23 12
26 12
22 6
15 12
16 8
32 8
21 3
19 7
17 10
31 6
22 7
18 2
10 11
21 12
30 10
22 3
26 9
20 2
5 11
19 0
22 0
16 9
27 7
22 12
15 4
14 4
18 13
23 13
11 1
21 0
26 2
30 3
21 11
9 11
17 4
32 4
27 9
23 2
30 2
32 0
11 9
13 2
25 3
25 4
17 13
14 0
22 10
15 13
25 2
26 13
23 0
23 10
26 6
9 1
19 9
15 6
11 3
17 0
10 4
14 3
28 20
16 12
0 2
14 10
18 3
16 0
25 6
22 2
10 1
19 8
17 12
26 0
12 9
28 9
20 3
11 10
11 2
27 8
31 8
2 1
15 8
28 11
15 0
31 4
5 2
32 13
31 9
25 11
25 9
18 9
14 13
17 7
26 4
20 9
5 13
9 10
12 10
27 3
22 8
32 11
8 1
14 11
12 3
30 9
22 11
32 2
23 8
30 13
5 12
14 2
16 2
26 10
32 9
18 12
14 6
26 7
18 8
28 2
21 7
14 7
8 2
25 13
21 9
19 6
23 7
12 2
17 11
13 1
27 10
21 10
25 7
31 13
18 7
14 8
21 4
5 0
28 30
