26 7
19 8
16 8
19 6
29 3
30 11
19 7
18 3
31 8
16 10
26 2
31 4
9 10
22 3
16 11
16 4
26 4
29 14
29 1
5 24
21 1
0 4
21 2
16 13
3 17
21 5
28 9
31 9
21 13
21 14
29 12
26 9
0 11
22 4
29 5
19 1
30 9
30 4
23 8
0 8
10 1
12 17
15 7
8 17
20 10
27 15
31 3
4 17
26 8
29 9
4 8
7 24
10 5
16 2
22 11
23 6
19 4
19 12
0 1
12 1
31 5
26 5
21 11
22 6
18 10
30 5
26 1
26 10
23 10
20 11
22 14
25 7
9 17
20 13
0 3
29 13
5 17
23 11
31 6
22 10
4 7
28 25
21 6
23 12
30 12
19 2
16 9
22 2
10 9
20 7
0 13
20 4
16 6
29 6
30 3
28 15
18 14
9 1
0 9
30 2
31 11
19 5
23 3
29 11
16 12
21 12
19 9
28 10
18 9
29 4
23 9
21 7
4 1
16 7
21 4
21 9
20 8
19 11
30 14
15 5
20 9
28 5
18 12
5 7
26 13
28 2
0 14
25 1
31 14
18 4
23 5
29 7
19 3
18 5
23 1
30 8
16 3
21 8
18 6
0 6
20 12
31 2
21 10
22 8
0 10
29 8
22 5
23 13
18 8
24 17
20 1
20 3
28 6
23 14
4 5
26 6
0 5
0 7
18 11
16 14
29 10
27 28
12 5
29 2
12 7
26 3
31 1
19 10
22 13
18 2
9 5
22 12
22 1
18 7
30 6
30 1
20 5
0 2
28 32
31 12
26 11
23 2
30 7
20 14
19 14
0 12
26 12
31 13
18 1
30 13
10 17
18 13
31 7
30 10
22 9
23 4
19 13
16 5
21 3
20 2
20 6
25 17
7 17
22 7
13 17
26 14
16 1
31 10
23 7
