32 18
17 9
32 2
7 13
30 15
15 2
33 12
20 1
32 15
4 1
32 14
6 2
4 2
12 22
33 15
26 22
0 3
32 0
30 31
33 5
7 2
18 2
7 1
17 3
25 2
11 9
26 25
0 1
22 3
5 1
31 1
2 21
22 2
32 4
7 15
30 26
33 18
32 16
33 9
31 28
30 24
12 2
32 10
4 5
7 0
33 0
7 12
33 20
19 1
26 3
7 4
20 2
12 5
23 0
32 13
23 14
31 10
0 2
7 16
30 10
19 5
24 2
10 1
32 20
31 26
32 9
32 8
7 20
33 11
6 1
33 1
7 8
13 1
20 5
33 3
31 5
10 2
33 16
1 2
7 10
7 17
22 4
26 2
7 18
24 3
1 9
13 9
31 27
7 19
2 3
31 22
33 19
1 21
32 11
11 3
24 25
23 13
7 11
29 3
32 3
30 6
32 12
27 10
33 8
32 5
31 24
15 5
19 2
32 19
15 1
31 12
33 17
14 3
32 17
6 5
33 13
7 5
18 1
12 1
7 3
13 3
22 5
14 2
10 5
33 10
31 20
22 1
27 28
33 2
32 1
31 6
7 9
14 1
7 14
33 14
31 2
33 4
31 15
2 1
