62 53
6 17
99 22
29 17
47 12
123 98
126 98
30 41
37 7
36 18
31 13
47 7
64 13
42 37
65 3
32 21
30 37
113 71
94 38
32 17
64 19
82 61
29 7
12 13
7 22
43 3
94 19
8 21
129 68
53 33
75 60
126 107
17 8
34 4
23 15
110 17
118 66
38 40
31 0
106 39
45 10
122 83
98 42
9 21
92 9
55 33
75 46
28 21
19 3
67 25
42 41
68 41
88 43
59 47
17 13
94 20
126 72
53 46
101 12
117 84
89 48
16 32
130 69
99 12
20 0
17 4
43 9
81 5
67 44
130 62
40 12
29 13
123 95
42 12
130 57
38 12
90 15
108 60
100 56
43 18
44 20
33 44
36 43
48 43
75 57
16 7
17 24
99 9
68 70
101 19
45 32
30 10
47 40
41 7
60 15
69 38
45 39
73 53
84 47
101 20
114 115
16 17
47 35
120 115
94 48
117 45
56 34
77 4
41 39
46 20
68 73
65 18
37 39
55 11
82 60
43 7
130 58
6 1
20 39
90 56
65 14
49 10
46 36
94 22
25 17
117 49
123 65
17 14
98 46
111 53
88 41
47 17
47 32
45 38
19 5
91 62
50 24
64 24
110 12
32 22
25 14
55 8
113 62
36 15
15 5
55 10
55 53
46 45
35 25
16 21
6 21
99 43
67 16
51 0
43 21
34 38
113 56
8 11
33 8
125 65
130 108
99 36
67 33
123 116
34 12
61 15
109 16
48 40
46 12
117 113
106 31
46 4
45 21
48 47
49 25
6 12
64 7
130 109
105 19
51 7
24 7
33 14
81 0
7 13
67 36
51 22
30 35
113 108
25 8
35 4
102 4
43 10
24 0
82 53
93 22
32 8
99 20
0 1
40 21
127 98
95 5
31 5
96 0
22 10
46 11
3 24
12 4
37 18
37 13
55 44
123 115
20 19
48 11
77 20
49 7
51 44
23 14
44 14
92 16
35 16
126 102
108 40
99 17
24 4
120 91
58 60
89 38
88 7
113 86
107 31
109 46
93 38
15 41
117 111
88 44
123 71
107 20
34 3
127 99
57 61
55 45
32 7
15 16
15 13
103 53
44 10
42 31
30 3
46 19
50 7
37 4
67 42
38 43
94 16
96 17
75 38
22 4
41 11
78 16
67 18
110 18
18 1
58 62
23 1
114 68
71 53
118 68
16 25
96 5
109 20
107 32
84 55
107 37
20 4
117 70
130 45
34 5
42 18
45 40
42 19
123 81
37 11
96 21
64 8
61 46
110 16
32 9
49 37
96 22
84 53
12 22
122 115
45 22
36 5
101 10
118 81
119 45
131 98
88 12
67 41
23 3
29 22
76 17
106 44
111 49
91 56
43 39
40 8
59 62
23 20
20 8
130 60
49 43
67 12
125 116
114 27
56 53
57 53
47 9
106 8
7 18
20 24
64 18
29 18
35 20
79 53
30 16
123 27
34 18
104 48
121 116
110 15
44 4
60 55
94 18
41 13
119 78
46 37
55 35
59 46
88 10
40 10
6 22
44 11
123 23
126 69
105 12
131 29
46 17
74 58
55 7
37 12
39 44
75 48
38 22
130 49
30 19
108 15
33 21
92 3
43 16
77 17
42 5
39 12
49 35
24 13
11 4
55 24
42 40
49 45
30 12
99 49
25 11
36 32
98 53
110 49
122 113
41 15
87 38
75 47
8 20
16 39
106 17
111 46
126 97
15 40
49 20
46 16
38 3
131 113
35 1
109 38
51 5
56 40
20 14
99 7
34 16
104 53
76 4
113 73
36 3
107 44
37 41
49 12
40 13
51 12
112 68
88 0
120 113
105 14
100 48
16 8
43 20
8 9
18 8
118 79
57 38
111 60
114 113
25 22
121 91
46 15
25 24
98 47
13 22
64 1
24 12
46 5
105 20
51 21
94 17
66 60
117 71
32 39
60 36
13 10
74 53
82 49
17 10
34 7
124 45
57 60
30 36
117 86
124 85
119 58
34 41
24 17
90 48
93 17
40 18
88 17
33 9
49 19
53 38
117 72
17 20
54 62
75 62
76 5
22 11
124 71
42 33
25 20
34 39
119 86
50 20
7 4
26 14
107 38
30 44
107 16
95 31
55 4
47 41
82 48
127 128
49 34
110 9
53 47
16 12
10 21
95 41
46 10
130 84
79 56
32 12
67 43
15 22
106 11
92 15
42 32
3 7
65 19
9 8
79 55
99 47
88 24
40 32
131 6
45 14
108 47
24 21
95 38
67 24
12 14
6 14
80 38
19 1
58 48
42 38
38 39
108 33
51 17
47 18
92 11
99 32
7 16
42 8
49 32
25 13
40 19
99 24
130 71
113 61
95 18
126 78
12 21
40 16
32 20
67 47
124 62
52 15
18 9
32 24
81 1
53 34
28 4
92 17
25 1
12 19
20 5
31 39
3 8
7 11
36 7
24 16
60 33
19 8
37 15
22 21
110 48
54 58
129 130
76 18
20 9
118 23
35 13
117 57
7 19
23 22
17 21
67 40
42 24
125 23
122 99
67 49
24 1
3 12
95 4
57 58
2 4
91 53
19 24
49 33
67 9
37 21
57 56
13 17
31 44
60 37
97 53
99 41
13 0
74 46
3 0
36 22
55 37
46 25
57 47
67 32
120 83
60 38
126 91
40 0
117 56
17 9
17 18
98 49
55 16
36 14
36 10
95 16
119 49
31 24
46 9
22 3
3 13
41 16
84 49
51 9
60 12
37 20
45 36
44 5
48 18
125 81
105 17
47 19
12 5
67 20
107 39
42 43
31 8
49 24
119 60
58 47
15 24
124 58
118 98
87 20
13 1
82 55
101 22
99 53
48 15
53 41
33 38
114 26
55 22
53 48
51 10
29 11
17 22
123 79
124 117
40 44
13 16
16 10
36 17
24 18
35 15
48 20
117 59
23 10
8 7
118 92
7 9
119 70
93 11
81 14
50 22
92 12
28 1
47 44
54 60
12 0
46 49
127 31
97 48
20 12
126 87
118 114
31 18
98 16
61 42
30 17
88 5
94 4
109 17
131 99
90 49
48 12
15 18
110 45
126 65
122 27
113 78
93 20
3 19
107 10
3 22
5 19
50 15
79 62
67 34
69 17
100 58
82 47
16 37
56 45
69 16
77 15
34 22
101 18
107 4
99 3
22 0
83 14
118 87
54 46
119 73
45 19
90 47
65 12
106 18
45 8
46 35
32 5
118 99
121 27
38 11
98 15
56 38
34 24
94 53
16 22
61 53
106 24
50 5
3 21
5 12
122 28
31 25
50 19
43 5
33 13
54 47
90 38
43 4
55 34
35 3
28 0
55 47
46 40
45 41
53 17
30 31
52 53
93 9
118 121
57 62
8 5
105 21
47 49
33 20
3 14
30 39
50 18
60 35
45 25
107 22
80 60
43 44
45 43
69 48
39 0
3 20
29 20
30 42
15 37
41 3
101 9
99 45
20 41
99 15
111 56
53 45
30 8
47 38
83 0
55 32
95 20
107 43
37 5
88 21
38 42
124 110
60 41
37 9
31 16
41 4
50 0
3 4
29 14
15 25
10 0
102 10
9 4
76 9
32 35
126 86
95 10
82 56
88 4
48 37
114 91
123 107
35 11
119 111
15 19
20 22
31 41
37 22
44 3
62 46
123 78
37 31
8 13
26 1
8 1
96 18
52 48
123 52
30 20
24 9
98 33
19 14
119 61
58 61
74 61
131 130
119 56
64 20
108 16
99 42
40 17
125 100
46 3
80 58
47 24
5 1
71 38
4 5
79 57
20 21
106 9
53 36
51 8
31 22
104 38
25 0
33 22
123 69
6 10
123 83
37 44
38 24
130 86
45 3
80 46
114 79
43 15
39 8
56 46
9 5
67 48
12 39
85 46
5 22
50 8
123 96
119 113
45 44
31 36
31 21
81 17
79 58
130 78
69 20
49 5
39 17
21 1
102 0
32 19
12 35
130 80
100 57
4 3
74 59
99 38
113 111
85 56
45 13
126 124
49 36
49 22
87 15
109 49
9 13
81 18
35 12
125 2
29 5
56 47
123 26
16 24
6 5
34 8
13 20
48 31
57 55
23 12
85 60
69 22
113 109
38 35
117 108
106 41
67 15
40 4
40 36
43 24
22 24
96 16
30 13
117 60
39 9
60 45
69 10
124 86
126 52
75 56
106 12
48 39
131 31
119 57
10 24
12 9
38 5
31 4
36 4
33 39
112 113
96 19
37 24
55 17
93 12
22 1
36 9
106 14
35 24
6 11
6 4
51 18
16 14
30 15
131 67
17 11
29 4
9 1
36 19
41 22
10 7
70 38
11 21
25 12
107 25
123 101
37 10
4 13
32 16
124 72
38 4
12 3
39 21
68 72
37 0
100 61
121 26
31 20
16 44
53 31
122 123
119 109
64 10
81 12
95 45
113 46
64 12
96 10
89 53
34 35
119 90
124 84
30 11
18 13
66 31
54 56
82 46
113 72
46 22
47 22
50 16
51 25
16 3
65 17
16 20
91 61
90 53
99 13
130 46
18 19
100 53
23 4
12 11
38 41
27 1
3 18
18 5
113 58
99 34
83 1
113 49
125 105
80 62
59 61
39 7
64 21
88 35
49 16
38 15
9 0
106 13
74 38
110 31
99 39
126 73
42 36
103 38
69 19
11 1
38 16
4 10
17 5
39 4
49 9
126 96
84 48
8 19
91 80
57 46
42 25
90 55
119 62
44 25
123 105
4 14
15 3
5 14
130 117
126 101
40 3
64 4
36 8
34 32
106 5
47 20
47 10
110 4
16 13
3 16
37 16
34 31
112 31
47 31
13 19
117 62
105 9
45 16
105 18
120 54
42 3
101 15
98 60
51 20
15 34
94 10
71 48
29 10
63 53
46 48
126 79
67 31
55 49
117 46
6 16
127 100
55 39
62 61
120 28
46 44
61 55
10 8
40 22
41 44
47 34
72 48
60 32
59 55
18 10
42 11
54 53
16 4
123 99
55 36
20 11
76 10
37 43
123 66
30 24
58 55
2 3
6 7
33 15
125 107
92 22
10 3
69 53
120 79
34 10
14 0
77 12
30 43
71 15
42 44
79 60
49 31
125 96
18 4
18 21
87 48
37 36
48 16
23 16
74 60
99 31
20 3
6 0
125 76
67 38
124 78
47 5
15 32
24 8
29 9
85 53
55 42
85 55
91 48
4 24
20 7
15 35
9 14
15 7
119 59
47 13
15 11
49 44
33 16
124 61
106 10
33 17
95 48
64 22
106 16
41 25
48 45
106 37
33 18
51 16
79 38
107 11
110 37
33 43
60 17
98 45
92 0
99 25
29 16
22 13
31 19
64 0
42 35
107 3
108 45
25 4
66 56
123 73
112 98
84 60
17 12
110 38
13 14
69 18
76 20
87 53
92 41
24 14
20 13
99 19
44 7
60 31
119 80
95 15
25 10
30 25
84 42
16 18
65 20
47 3
55 13
82 38
15 36
6 18
42 22
34 40
100 46
19 10
10 13
15 45
39 10
53 15
65 21
32 15
38 9
49 39
33 19
37 32
93 53
103 15
50 9
42 45
95 11
17 0
11 13
54 57
51 11
5 21
106 15
40 11
36 24
108 49
56 42
38 31
85 61
76 15
123 86
36 44
126 70
29 12
106 43
60 44
123 106
29 0
113 69
45 5
106 40
77 22
102 1
32 43
34 13
44 9
129 126
102 21
15 44
64 25
38 25
8 0
99 35
14 21
44 8
33 32
99 10
126 113
40 31
125 95
31 14
107 36
60 43
65 16
33 7
76 12
49 4
88 8
126 92
106 25
124 57
65 22
42 7
51 39
94 15
16 41
70 53
31 7
64 16
110 41
110 22
110 3
64 15
126 54
122 26
38 20
9 7
15 39
67 10
19 13
99 11
113 60
130 70
57 48
99 44
74 57
99 48
10 5
41 17
79 48
15 31
51 35
45 11
38 46
3 25
38 44
123 113
25 9
45 24
56 16
18 7
130 113
81 4
59 58
129 98
68 69
91 55
49 42
100 38
92 19
55 15
51 24
65 41
31 43
20 43
92 5
5 17
106 38
50 17
16 19
131 64
108 46
40 24
31 35
44 0
52 16
31 12
94 12
62 49
50 4
107 13
101 38
43 0
122 116
46 7
60 53
56 55
35 0
44 17
122 94
92 4
31 9
3 15
31 11
69 9
98 40
124 109
50 3
53 55
92 18
92 14
129 99
53 20
39 35
118 113
43 12
85 48
127 113
123 31
85 59
96 11
43 35
97 38
118 119
56 15
47 25
43 11
123 102
67 45
60 40
35 8
8 17
49 15
8 22
46 43
17 25
74 56
10 14
105 11
42 15
8 4
73 48
122 72
48 32
78 48
9 19
117 78
12 44
38 32
126 106
38 19
50 1
79 61
30 38
35 7
131 46
58 49
36 0
74 55
106 32
50 10
76 16
46 38
9 3
95 37
29 1
123 97
95 46
16 0
92 21
63 15
130 56
10 1
109 60
7 0
93 48
118 65
25 21
64 17
119 110
119 85
41 8
105 1
25 16
32 44
65 0
38 13
126 89
43 19
88 9
43 25
81 19
39 5
38 37
54 61
15 8
107 17
59 56
76 19
111 38
75 55
117 109
8 16
25 5
17 7
31 15
130 59
48 35
15 12
113 85
91 58
60 49
108 48
7 20
17 19
107 5
8 10
80 59
5 4
13 21
95 17
5 0
13 18
40 15
99 18
101 16
73 38
47 43
19 21
5 9
81 3
131 51
47 11
80 48
48 22
55 25
85 58
35 14
96 4
121 113
88 11
44 13
17 41
67 13
108 53
24 11
81 15
37 17
129 113
37 8
16 11
47 37
77 18
72 57
117 69
114 116
124 59
38 17
39 15
62 48
4 1
46 41
34 15
95 49
101 48
44 21
33 24
78 53
126 93
106 19
12 18
17 44
91 60
68 71
35 17
63 38
34 36
121 83
43 22
99 37
33 41
108 38
95 53
65 15
111 15
45 4
22 5
49 17
110 46
86 48
20 44
78 38
79 80
45 18
88 36
118 102
88 25
22 18
45 20
38 7
117 61
131 88
93 18
90 42
109 15
124 60
94 9
31 10
88 22
9 24
3 9
122 68
3 11
40 14
32 18
126 95
125 66
61 56
90 46
43 13
107 14
107 18
32 41
41 12
55 46
65 11
5 11
34 44
87 16
64 14
30 32
107 19
65 5
60 16
17 35
98 34
17 3
88 3
92 10
33 3
30 5
32 25
45 33
77 10
124 108
81 10
113 45
23 19
123 89
33 37
98 37
47 16
122 103
109 45
96 12
38 18
41 18
108 55
122 118
79 59
46 18
39 14
60 20
46 47
23 17
58 46
38 45
109 31
36 21
17 39
119 108
65 4
40 41
125 102
49 38
117 80
50 12
124 69
81 20
42 39
123 63
121 115
55 48
46 33
80 61
15 20
6 13
81 16
40 25
119 117
44 15
42 20
6 15
121 28
23 11
94 11
7 17
99 46
130 111
51 14
122 98
119 84
30 40
105 4
42 17
88 16
69 11
29 19
106 36
61 38
55 40
16 36
99 40
91 59
13 12
106 33
67 39
33 40
39 13
49 11
44 1
55 38
126 68
50 14
30 18
93 16
54 59
30 7
124 113
60 47
60 39
123 28
35 19
38 8
123 70
124 70
62 60
41 14
4 21
49 40
118 106
55 43
125 106
61 48
130 85
99 33
36 13
35 5
123 68
3 17
8 18
61 47
34 43
38 34
34 9
55 3
6 8
39 20
106 7
23 21
39 11
84 46
30 34
34 17
77 9
119 71
55 9
33 12
23 9
130 110
40 37
49 13
7 12
22 9
28 14
68 31
13 9
39 19
56 60
67 53
101 4
105 22
38 49
98 48
24 20
6 20
50 13
43 41
125 83
48 46
39 3
85 57
40 5
118 120
40 39
126 23
47 4
118 107
114 83
67 19
67 3
35 22
12 25
24 5
70 48
51 13
103 48
23 18
123 87
61 60
131 30
45 7
4 19
37 14
110 20
44 19
91 57
124 111
25 15
46 31
7 21
38 10
86 38
131 50
121 54
99 16
56 49
92 20
95 9
96 9
88 32
123 54
81 22
67 8
67 22
108 34
59 57
123 92
122 104
123 93
122 31
44 12
66 61
41 35
125 75
88 13
32 14
118 96
60 34
96 14
39 24
119 69
39 18
48 17
53 40
3 1
43 14
106 4
98 55
48 38
33 25
36 20
20 10
81 21
54 55
124 56
16 31
33 31
98 38
129 118
24 15
42 16
36 16
20 35
47 39
107 35
15 4
124 73
102 19
59 53
77 11
47 36
113 110
114 28
107 8
45 35
58 53
38 33
72 61
11 14
53 49
11 3
72 80
16 43
120 27
26 0
113 90
105 10
44 16
41 24
59 60
46 24
22 25
74 62
95 12
67 35
72 58
80 56
104 15
117 90
84 34
46 39
64 3
30 45
97 15
114 117
34 25
45 12
88 39
54 48
67 17
33 10
88 15
5 20
124 80
90 60
53 37
11 18
36 39
64 9
7 14
131 126
7 10
47 8
44 35
125 74
34 11
100 59
117 58
127 64
130 61
34 37
62 47
47 45
50 25
69 4
108 37
120 117
126 71
113 80
108 42
118 54
58 56
90 34
34 20
80 53
106 45
11 9
99 5
107 12
67 7
5 18
39 25
122 52
88 19
33 5
13 11
75 59
15 10
53 16
14 1
35 10
19 7
81 11
41 9
16 9
105 0
44 18
30 9
124 90
67 4
67 11
77 16
18 14
112 99
40 43
23 5
3 5
62 38
124 46
78 15
91 38
107 9
16 5
76 22
99 4
85 38
30 22
42 13
120 116
49 8
113 117
88 20
20 25
62 56
25 7
31 17
22 14
42 9
24 10
48 49
117 110
7 1
39 22
32 0
60 46
117 73
49 18
40 35
47 15
122 93
99 8
24 22
43 8
63 48
100 62
36 25
84 56
95 19
123 91
96 20
39 1
18 0
121 79
123 72
102 9
12 24
40 7
44 22
95 22
8 12
118 95
83 21
41 20
112 100
45 9
45 31
107 15
41 5
21 0
25 19
34 42
131 100
40 38
76 11
120 68
5 10
93 15
13 4
75 61
125 92
96 1
30 4
126 63
101 11
49 3
86 53
37 3
15 9
53 43
126 105
105 16
67 5
17 43
45 37
29 21
32 10
81 9
45 15
38 47
36 12
31 3
107 21
89 15
105 5
16 35
7 5
47 42
35 9
46 32
59 38
72 53
120 26
126 99
125 82
51 3
126 66
33 36
2 5
4 0
32 4
54 38
36 35
69 12
117 85
37 19
38 36
88 14
130 90
47 33
33 11
95 3
123 124
37 35
114 54
75 58
48 36
130 73
56 33
107 7
52 38
88 18
74 48
64 5
56 48
33 35
55 12
46 8
18 3
37 25
62 55
51 19
124 49
51 15
11 0
44 24
35 21
106 22
42 10
20 18
51 4
65 10
75 53
18 24
41 21
77 19
48 44
41 0
102 14
113 59
101 17
100 60
26 21
32 3
48 41
130 72
40 20
55 19
107 24
118 105
6 19
84 15
50 21
113 84
17 32
33 4
24 19
42 4
23 0
58 38
47 48
34 19
34 45
41 10
61 49
121 117
25 18
119 46
60 42
106 3
85 62
46 13
65 9
19 0
80 55
11 10
67 37
15 43
3 10
122 97
100 55
22 19
118 91
121 68
11 19
55 20
46 42
55 18
35 18
69 15
32 11
6 9
50 11
126 31
107 40
39 16
61 34
80 57
32 13
13 5
119 72
43 17
84 38
111 48
127 88
125 77
109 37
45 17
16 40
12 10
11 5
46 34
98 31
67 46
109 53
36 41
107 41
87 17
40 9
59 48
126 81
106 20
113 57
8 14
102 18
74 47
9 25
41 19
15 17
106 35
55 31
30 33
55 41
109 48
36 11
64 11
11 24
49 41
9 10
113 70
