9 7
38 5
33 7
13 3
4 18
29 4
23 2
25 6
21 7
42 18
9 4
22 7
11 6
27 5
0 3
21 4
19 5
38 3
20 7
23 6
21 8
37 4
32 8
16 18
23 4
13 1
26 8
11 1
2 18
9 5
0 7
36 1
5 18
0 5
24 7
10 3
15 5
24 2
41 2
38 2
20 5
28 6
3 16
32 3
36 5
34 7
33 8
39 7
38 1
21 3
13 5
25 4
2 17
27 3
21 2
10 1
2 16
40 3
0 1
25 5
39 6
42 16
40 7
26 7
12 2
13 6
37 8
27 7
40 6
28 7
28 3
41 5
27 1
33 1
25 8
38 4
10 4
33 3
19 7
12 1
14 1
7 16
12 4
27 4
29 5
36 4
37 1
40 5
37 5
38 8
23 1
20 6
40 4
28 5
36 3
12 5
41 8
29 2
34 1
12 3
34 6
25 1
22 8
22 1
1 17
40 8
34 8
22 2
35 1
37 7
12 8
33 4
6 16
30 16
13 2
31 6
8 16
25 7
24 8
26 6
28 2
29 7
34 2
34 3
23 5
36 2
8 17
9 2
7 17
37 2
15 3
21 1
5 17
40 1
22 3
15 4
10 8
11 5
8 18
23 7
21 5
39 2
32 6
14 3
19 3
41 3
20 8
11 7
14 4
14 7
0 4
19 1
36 6
39 5
1 16
4 17
26 3
12 7
15 2
24 5
33 2
35 3
9 3
35 4
26 1
0 2
41 1
29 1
23 3
0 8
22 6
37 3
37 6
29 8
25 2
42 30
22 5
32 7
10 7
19 8
35 2
32 2
41 7
29 6
10 6
24 6
35 7
28 1
20 1
39 3
34 4
3 18
35 8
36 7
15 7
39 1
11 2
9 8
0 6
10 5
15 8
27 2
26 4
26 2
32 1
20 2
35 5
32 5
24 3
41 6
33 5
3 17
38 6
24 4
34 5
9 6
11 4
27 8
19 2
33 6
19 6
35 6
24 1
9 1
27 6
41 4
14 8
13 4
19 4
40 2
25 3
32 4
28 4
12 6
26 5
14 6
6 18
22 4
11 3
39 8
20 4
20 3
15 6
14 5
36 8
10 2
39 4
14 2
15 1
38 7
7 18
30 18
11 8
1 18
28 8
23 8
29 3
21 6
5 16
