11 7
21 2
47 7
36 5
52 21
42 6
39 6
11 5
21 3
38 6
13 5
19 5
6 3
0 1
31 10
35 7
40 5
23 20
36 6
13 7
26 1
40 3
52 29
52 5
10 3
6 2
41 5
23 5
48 5
21 1
25 1
1 3
52 26
39 7
43 6
11 0
40 7
44 5
52 30
3 15
21 10
24 3
28 10
44 6
35 5
27 2
25 3
30 2
4 7
37 3
1 2
25 10
27 3
46 5
2 3
26 3
22 6
23 28
9 5
46 6
33 5
23 32
30 1
34 5
36 3
32 3
11 6
52 12
26 2
0 3
47 5
12 3
42 5
31 3
23 29
9 7
28 2
40 6
23 21
20 10
27 10
31 2
7 3
52 24
29 3
23 27
28 1
11 3
5 3
27 1
20 1
45 5
33 7
12 2
47 6
36 7
37 1
29 10
41 7
18 6
50 14
52 28
6 1
52 20
28 3
35 6
17 6
50 0
23 12
19 7
29 2
37 2
52 27
45 7
14 15
51 3
43 5
23 7
52 32
23 6
4 6
23 25
31 1
13 6
39 5
30 3
2 1
32 1
18 5
49 3
23 26
48 7
23 30
36 0
9 6
22 7
16 7
42 7
40 0
49 5
49 7
22 5
34 7
16 5
8 7
34 6
49 0
17 7
43 7
45 6
23 31
19 6
38 7
8 6
30 10
32 2
37 10
41 6
33 6
8 5
12 1
29 1
18 7
44 7
50 3
52 31
16 6
48 6
17 5
46 7
20 3
49 6
25 2
38 5
52 25
23 24
20 2
0 2
4 5
26 10
