20 8
43 17
42 23
38 34
43 6
27 12
44 12
38 13
24 12
44 9
28 6
38 36
0 6
13 6
20 2
0 18
41 1
43 9
20 12
2 11
27 2
24 4
25 5
20 18
10 1
26 1
22 16
39 18
26 16
0 17
29 3
10 6
10 11
20 7
39 7
11 13
30 35
28 16
27 13
27 14
44 4
29 1
44 6
43 12
20 15
38 21
29 5
29 14
41 11
43 14
24 6
22 7
26 9
27 17
27 1
38 35
27 4
17 15
25 13
39 6
28 9
0 13
38 14
20 14
43 15
43 8
24 1
26 13
18 6
2 13
38 17
18 2
43 10
30 36
20 11
26 11
11 10
43 2
17 14
38 10
26 12
20 19
22 1
27 8
22 8
24 13
39 2
29 15
13 1
24 10
38 42
11 17
38 18
20 5
22 12
44 15
9 17
20 10
35 17
25 10
24 2
25 7
43 19
25 16
28 10
41 19
2 6
41 7
26 17
29 8
44 8
28 3
26 3
39 8
28 4
35 4
30 33
20 9
30 10
27 5
39 15
41 17
30 38
44 16
39 17
22 13
24 8
28 1
29 16
28 11
41 2
25 17
35 15
26 5
27 3
39 9
44 17
25 14
24 16
39 3
41 13
22 19
41 5
24 18
43 13
30 32
28 8
29 12
30 17
25 15
27 7
27 15
0 4
44 13
44 19
39 14
27 11
41 6
41 14
29 10
25 1
25 11
39 11
3 17
26 2
38 1
0 16
2 1
27 9
13 2
17 4
38 9
28 2
26 8
2 17
28 12
30 21
24 3
29 7
29 18
22 9
20 6
24 9
28 14
0 10
44 18
25 2
44 5
20 13
28 18
5 23
28 7
22 10
24 17
39 16
28 17
18 11
28 13
24 15
43 7
44 10
0 15
39 5
41 8
22 6
44 14
29 19
40 4
38 32
13 17
26 14
29 6
0 2
0 11
39 19
22 17
41 3
26 15
10 13
30 34
4 16
39 12
21 17
20 16
18 1
26 18
27 6
25 8
25 18
44 1
0 12
29 13
38 3
24 5
27 19
0 9
20 4
18 13
22 5
25 6
39 4
41 9
0 1
8 17
39 10
30 37
43 18
18 17
43 16
26 10
28 5
25 12
29 11
39 1
44 2
43 1
28 15
25 9
13 11
24 14
10 2
41 15
22 4
22 2
11 2
24 19
10 17
44 3
41 12
20 1
28 19
29 9
22 15
0 7
27 16
29 17
22 3
41 16
26 19
18 10
20 3
44 7
25 3
43 5
15 17
0 3
25 19
0 14
22 11
30 15
43 11
39 13
43 4
24 7
0 5
0 8
20 17
27 18
24 11
26 6
43 3
25 4
44 11
29 4
30 31
38 6
41 18
38 2
29 2
41 10
22 14
22 18
27 10
41 4
0 19
26 4
26 7
