60 64
30 7
46 2
69 5
83 13
57 5
59 9
50 9
77 3
54 15
91 17
31 3
60 23
99 3
60 24
90 6
13 6
73 7
52 8
59 1
91 12
13 7
10 1
48 17
23 15
14 6
11 18
25 43
93 4
98 5
55 2
14 8
36 13
8 10
29 7
25 40
51 18
83 7
98 18
47 8
82 8
54 5
31 7
97 7
52 18
99 5
98 13
30 17
58 9
59 5
18 9
46 3
95 7
92 3
98 9
11 7
8 4
20 13
55 5
85 3
24 14
16 3
9 10
4 9
88 15
23 18
90 13
18 12
94 8
88 17
19 16
57 17
20 6
100 18
100 13
49 18
13 3
20 2
19 12
55 8
68 4
54 14
56 9
83 12
21 9
13 9
88 2
85 9
59 6
18 7
0 9
52 15
60 53
78 5
10 8
6 4
60 78
60 10
97 15
56 18
72 2
60 15
13 8
95 6
90 7
93 2
72 6
98 8
74 6
52 14
77 6
45 14
25 51
29 6
24 5
29 5
90 2
69 2
24 9
23 5
59 7
17 9
83 18
52 12
71 4
88 6
76 9
7 1
24 3
48 14
22 16
91 5
97 14
23 13
68 3
55 14
50 3
51 14
71 2
99 8
11 15
15 7
90 8
24 6
17 5
47 13
57 14
79 6
45 6
11 16
5 1
70 6
36 6
58 16
90 3
86 10
21 14
20 16
78 6
70 9
79 9
75 3
87 16
82 7
89 14
97 17
90 5
25 22
18 8
19 15
18 6
95 10
52 13
100 12
48 7
23 3
21 17
93 5
83 16
15 12
14 2
87 14
9 1
11 2
17 3
74 9
68 9
94 4
74 2
86 7
23 2
58 13
47 18
86 4
91 13
81 14
10 7
97 8
75 6
91 3
52 2
70 2
15 16
80 8
89 6
97 5
85 16
60 66
60 68
0 8
19 7
81 18
36 12
60 8
80 12
68 8
97 9
25 50
36 8
78 13
37 16
76 10
4 7
51 6
48 13
52 17
47 16
30 5
94 2
25 34
93 9
47 6
47 12
80 16
60 70
57 12
80 5
58 12
60 71
78 3
96 3
20 8
30 13
23 9
36 14
60 55
30 8
98 2
5 10
55 3
29 17
30 2
95 4
74 10
84 8
21 16
76 6
29 15
54 7
100 3
80 17
29 12
87 2
4 10
87 9
85 8
73 1
99 9
47 5
25 39
25 47
48 12
53 5
85 17
74 1
60 9
4 5
21 13
11 6
56 6
78 7
71 6
50 15
91 14
53 9
72 7
55 15
49 17
84 9
50 16
88 9
16 8
46 13
78 9
89 5
45 13
75 9
56 14
60 5
19 3
45 9
77 1
69 9
96 18
68 10
11 12
30 15
49 2
30 16
98 14
97 2
48 2
90 17
11 13
74 5
60 4
48 5
52 9
11 8
100 16
14 16
82 5
50 6
7 10
74 4
19 17
96 2
78 8
11 9
89 8
53 4
29 9
86 8
25 21
51 3
68 2
89 17
60 3
88 7
73 5
21 7
76 5
58 3
6 1
14 3
79 5
71 9
82 16
58 14
99 17
21 5
30 18
100 14
91 18
30 9
91 2
10 2
78 12
30 12
99 7
75 8
57 8
25 45
89 7
49 9
77 7
100 9
50 14
29 13
74 7
98 15
45 3
54 18
81 17
78 15
92 1
94 9
48 15
36 5
31 17
25 49
98 7
49 15
47 7
23 16
59 8
59 2
79 10
96 12
20 15
45 7
92 2
87 3
93 7
91 16
49 13
22 14
25 11
45 8
25 26
47 2
23 12
75 1
46 15
89 2
60 77
70 5
48 9
99 15
0 10
80 6
60 13
72 9
25 41
100 7
47 14
89 13
79 8
93 8
51 9
14 9
87 17
84 16
49 5
90 9
69 3
83 14
57 13
83 5
58 5
56 2
70 8
85 18
56 5
86 9
73 10
96 16
31 18
86 3
98 17
19 18
25 36
51 12
92 6
58 2
16 9
100 17
82 9
60 2
78 2
0 6
75 5
94 3
84 7
25 42
89 15
84 17
55 7
29 8
45 17
71 3
99 13
87 15
50 18
60 14
51 8
57 7
19 6
85 2
71 1
57 9
77 10
53 3
46 16
97 16
10 9
88 12
60 67
19 2
87 6
13 12
49 14
57 6
3 1
68 6
100 8
97 6
99 14
17 7
50 8
55 9
89 12
76 7
9 4
36 7
31 2
55 17
21 6
47 15
49 16
60 7
24 17
83 9
60 74
52 6
93 10
80 3
46 14
79 1
21 12
87 13
91 7
83 15
70 4
17 16
60 76
91 6
57 2
21 18
25 33
79 7
97 13
47 17
23 6
49 12
69 4
10 4
84 18
31 16
48 18
51 2
68 7
58 15
53 1
94 6
94 7
90 14
96 9
82 6
84 6
92 4
51 5
69 7
85 12
60 75
86 2
30 6
75 2
94 1
48 3
11 14
25 48
13 2
90 12
80 15
4 6
24 8
54 6
80 14
84 5
80 13
83 6
75 10
18 2
56 8
90 15
54 16
31 15
73 2
23 8
100 2
55 16
100 15
31 6
25 27
84 13
86 6
100 5
77 4
60 63
4 1
25 19
88 18
54 8
50 7
18 5
45 5
10 3
15 6
48 8
24 7
84 15
84 2
72 3
77 5
95 1
55 12
36 9
89 3
36 17
74 8
53 6
16 6
76 3
69 10
58 8
18 3
0 2
81 15
15 2
31 14
30 14
50 13
78 16
96 7
77 2
48 16
73 6
60 59
25 35
85 7
78 18
19 9
69 6
54 9
77 8
45 12
10 5
58 6
0 1
25 37
73 4
95 9
84 14
31 13
73 8
58 18
24 15
56 15
21 15
51 15
17 8
76 4
23 17
36 16
25 44
6 10
54 12
83 2
89 9
36 18
74 3
55 18
56 17
97 12
49 3
92 9
16 2
83 3
24 2
90 18
23 14
19 5
84 3
0 3
85 6
85 13
51 7
20 7
11 17
51 13
24 13
49 7
95 2
14 5
56 13
73 9
60 69
60 72
18 16
25 38
88 16
86 1
20 17
30 3
57 15
13 16
76 8
83 17
47 9
95 5
15 9
7 4
46 8
100 6
82 2
4 2
72 10
71 10
51 16
56 7
59 10
5 4
25 46
25 29
96 14
93 1
72 5
21 8
60 65
86 5
2 1
88 8
99 12
98 12
77 9
52 5
76 2
17 12
70 3
23 7
80 18
73 3
29 14
91 15
96 8
14 12
53 8
85 15
29 18
48 6
2 10
11 5
81 13
92 8
58 17
72 8
92 10
20 5
60 18
70 1
99 16
69 1
79 4
57 16
3 10
29 16
99 6
89 16
53 10
52 16
19 13
25 31
87 12
11 3
88 3
53 2
17 2
80 7
78 14
97 3
96 13
93 6
95 3
45 2
71 8
80 9
57 3
83 8
54 13
10 6
85 14
31 8
95 8
98 6
75 4
87 5
55 6
60 62
54 3
96 17
50 2
45 16
36 3
25 28
60 79
60 17
16 12
14 7
21 3
69 8
29 2
46 6
19 8
46 5
82 3
93 3
47 3
58 7
88 5
0 5
29 3
24 12
94 10
72 4
92 7
96 5
50 5
88 13
56 12
46 12
24 16
45 18
46 18
80 2
8 1
96 6
97 18
96 15
59 4
16 5
85 5
82 12
4 8
15 8
25 52
84 12
55 13
60 73
45 15
36 15
54 17
25 30
92 5
90 16
20 9
71 7
17 6
52 7
31 5
91 9
46 17
79 3
68 5
87 8
94 5
72 1
13 5
98 3
87 7
25 32
78 17
36 2
70 7
3 4
91 8
98 16
99 2
49 8
50 17
37 14
87 18
24 18
20 3
79 2
21 2
60 6
2 4
16 7
15 3
76 1
56 16
49 6
20 18
20 12
15 5
68 1
52 3
53 7
89 18
54 2
51 17
31 9
75 7
0 7
0 4
46 7
31 12
60 61
20 14
71 5
57 18
4 3
99 18
50 12
88 14
46 9
19 14
56 3
59 3
70 10
