15 5
17 5
24 7
16 14
4 5
20 9
16 25
14 8
11 2
40 5
40 2
21 8
16 20
0 2
34 1
39 1
33 7
11 1
36 2
37 1
26 8
42 5
31 8
17 9
27 23
31 10
24 10
23 8
10 7
42 29
6 10
37 5
27 6
27 19
28 1
22 8
16 2
9 13
1 10
23 7
16 6
32 2
24 9
25 5
14 9
19 10
28 2
18 9
16 24
21 5
26 5
42 15
42 12
10 9
38 2
19 9
27 26
31 5
27 21
12 13
27 20
5 13
27 24
10 8
38 5
29 13
16 1
15 8
16 26
2 9
10 5
16 21
24 8
33 8
4 1
23 9
27 22
20 5
17 7
32 1
22 9
6 9
36 1
27 14
26 10
41 2
27 2
35 1
0 1
19 7
40 1
37 2
15 9
33 5
21 9
7 5
26 9
19 5
4 2
1 9
1 5
25 10
3 2
33 10
41 1
14 7
6 7
27 25
43 9
20 7
21 7
1 8
25 9
27 17
22 5
35 2
31 7
24 5
25 8
6 5
2 5
18 5
39 2
3 1
16 18
30 2
17 10
30 1
25 7
7 8
20 8
27 1
7 9
15 7
16 15
14 10
43 5
21 10
23 10
22 7
27 15
20 10
16 23
16 19
7 10
22 10
42 9
17 8
38 1
16 22
34 2
15 10
16 17
14 5
1 7
23 5
27 18
5 9
6 8
26 7
31 9
19 8
