140 0
46 11
26 49
55 40
138 56
88 28
26 3
118 10
139 85
138 91
26 47
44 6
101 23
132 71
80 81
95 3
139 26
55 6
123 57
101 20
2 48
68 47
40 10
14 3
59 51
64 6
111 12
33 1
141 37
29 61
93 5
60 6
125 39
79 19
30 1
51 11
19 2
117 48
20 40
141 105
89 5
52 10
49 10
115 26
46 50
110 13
24 60
133 135
66 14
132 30
118 49
144 93
47 1
29 24
139 24
139 100
123 67
28 47
90 32
33 9
144 29
86 25
133 125
78 27
39 29
82 9
141 87
101 6
40 45
140 96
46 7
132 79
6 61
61 7
13 8
27 49
28 2
28 59
105 3
142 109
117 4
139 92
124 76
12 8
50 8
139 79
81 13
72 6
38 13
136 129
90 2
137 17
45 34
81 32
132 112
107 34
118 2
138 15
38 2
40 7
118 32
114 19
107 30
50 11
87 13
123 17
38 33
60 34
25 20
30 2
139 114
30 14
30 12
51 52
49 12
39 22
4 8
57 23
10 32
95 4
47 7
10 11
139 25
47 51
81 34
134 100
89 3
122 25
24 21
4 33
90 34
30 33
104 25
58 2
124 114
141 74
124 100
60 4
34 1
50 52
134 73
53 11
51 10
31 11
88 21
55 19
134 85
103 19
105 9
58 50
52 14
104 27
134 114
141 42
63 34
139 77
79 27
4 11
134 21
39 24
5 52
89 1
138 86
58 26
132 21
67 69
115 24
38 8
59 7
117 47
116 13
48 33
139 120
132 68
14 9
26 10
6 9
114 28
39 19
9 33
24 51
53 9
27 61
75 6
67 73
105 8
65 12
52 30
39 26
84 10
23 20
6 1
69 49
140 17
139 119
69 3
138 76
118 52
27 45
107 96
75 51
124 22
47 13
35 2
96 30
139 76
29 5
141 102
0 4
33 8
124 72
117 40
104 19
144 27
57 28
12 11
124 73
48 1
124 98
51 9
134 27
134 30
69 30
141 54
21 47
32 1
100 25
41 5
40 50
29 59
83 19
28 3
25 6
25 61
124 71
18 6
30 8
125 101
97 4
117 52
33 3
26 12
97 9
122 79
117 3
138 130
18 26
102 12
24 5
2 10
117 30
21 52
121 20
102 5
142 94
57 6
53 2
145 144
138 109
132 100
30 4
45 7
15 16
134 22
125 128
24 50
119 2
104 78
134 23
31 9
91 26
46 52
82 5
28 60
124 74
32 4
100 27
3 13
110 2
32 8
80 45
60 33
138 106
34 10
49 11
58 47
22 25
110 10
138 110
31 10
103 28
138 73
86 27
135 126
138 44
38 10
59 14
3 7
138 127
113 51
141 86
144 100
26 9
11 4
143 133
62 14
81 30
26 33
53 12
27 48
2 51
61 1
20 49
115 2
2 31
138 95
86 6
117 6
135 130
137 74
4 9
105 2
133 39
138 74
61 31
141 43
75 26
46 13
82 2
144 78
141 90
141 117
46 4
2 45
60 51
136 128
141 95
18 24
113 2
67 72
140 90
144 98
57 19
31 32
14 10
132 114
110 4
132 122
9 14
36 13
56 29
118 51
117 11
138 90
115 27
109 27
49 14
105 51
138 126
132 28
18 29
25 60
79 6
10 14
134 70
29 27
31 3
12 13
53 3
97 12
61 51
113 21
118 12
18 19
11 13
124 115
83 21
12 7
124 112
139 27
141 67
95 11
118 7
117 49
31 13
107 45
133 101
144 132
87 3
133 67
132 120
124 24
60 12
28 6
7 3
117 59
20 2
46 31
142 55
144 114
91 28
61 50
80 34
5 51
102 13
83 29
141 72
67 76
58 51
51 3
103 26
132 58
102 4
133 124
29 40
33 7
11 8
112 20
117 31
145 38
141 39
34 3
28 45
96 14
120 13
109 25
78 19
26 51
122 23
143 144
135 129
26 32
60 9
53 13
51 31
26 40
5 48
138 67
144 28
74 29
87 4
23 29
125 42
6 14
107 59
21 59
21 1
85 2
39 27
104 22
104 5
115 5
117 1
139 93
23 24
134 29
122 28
30 34
145 141
59 48
134 68
85 6
99 3
2 32
137 54
124 122
44 3
21 61
13 14
102 6
135 101
104 26
50 1
25 21
59 1
66 8
97 5
68 51
137 133
135 124
144 112
75 3
54 1
32 34
43 6
121 25
47 4
96 45
83 6
25 19
115 59
2 11
113 5
69 21
61 11
88 24
78 5
59 2
67 77
138 98
23 21
124 113
51 8
34 4
138 93
100 26
77 5
121 6
62 32
138 41
92 5
54 2
110 6
83 26
58 52
92 27
139 20
132 24
139 121
60 8
9 11
26 30
58 40
6 34
7 9
68 59
25 59
36 14
10 13
47 50
51 32
122 29
113 40
135 127
1 13
99 4
114 24
118 31
142 65
24 40
38 1
68 60
12 14
144 70
47 31
47 3
40 12
38 4
40 1
140 104
133 44
105 34
66 11
102 1
95 7
138 101
145 66
68 4
2 12
58 59
38 11
86 20
53 8
142 53
39 40
109 5
86 21
125 124
138 103
58 27
35 6
138 37
6 59
61 12
26 50
92 20
31 8
95 51
48 34
132 20
125 67
118 33
119 28
121 27
141 101
103 21
47 45
33 4
133 118
89 2
26 6
86 29
138 128
134 69
95 34
61 52
95 9
91 59
54 10
122 21
134 132
62 30
34 14
59 32
1 14
95 32
20 28
2 49
74 78
106 59
137 36
124 119
80 30
123 55
1 30
48 2
140 116
40 51
27 26
19 26
24 20
46 33
141 64
81 45
132 74
95 8
20 47
14 13
97 1
60 48
74 27
141 70
57 27
124 27
45 3
1 9
137 138
79 25
47 11
124 23
5 61
124 78
21 49
83 23
143 67
20 26
121 29
62 13
21 40
83 22
20 21
5 45
68 2
97 13
90 1
61 4
5 49
21 26
133 103
132 98
59 12
22 40
44 13
143 124
20 51
34 13
120 26
65 13
95 45
10 12
139 28
102 10
137 97
115 60
66 7
23 22
134 77
26 60
137 95
79 21
122 24
111 1
144 26
134 92
20 61
56 28
143 109
27 40
114 2
48 9
144 19
140 15
46 8
69 26
61 47
92 2
53 7
62 34
133 134
113 50
100 60
124 93
83 24
64 5
101 78
88 5
19 59
118 11
123 124
100 19
92 6
95 52
109 21
80 59
30 11
51 34
40 61
50 45
122 5
142 18
50 10
55 25
120 30
45 8
67 71
143 141
144 75
144 23
51 12
117 9
91 60
2 4
88 27
68 6
68 9
28 49
59 11
95 33
119 4
144 121
27 3
50 13
144 22
6 48
50 34
138 87
144 73
90 13
125 132
49 48
6 40
144 85
80 13
125 91
115 40
40 52
44 14
117 12
101 25
9 34
59 45
45 14
91 5
123 37
30 3
140 103
57 29
77 6
95 13
91 2
34 11
27 2
10 9
61 34
140 111
46 45
3 12
29 26
78 24
124 64
59 34
49 30
83 20
117 60
115 20
100 28
118 48
75 52
52 31
6 47
59 13
75 48
87 9
68 61
102 3
145 99
119 21
144 24
60 59
138 62
46 49
6 2
61 2
112 51
138 108
24 28
10 8
28 5
112 61
140 94
43 2
12 9
108 6
56 24
61 3
78 26
89 4
18 22
122 27
59 8
55 28
92 19
40 49
135 39
118 34
32 33
5 59
55 24
24 6
38 9
133 86
124 29
61 8
32 3
105 10
3 14
134 113
54 13
117 33
138 118
124 21
5 2
124 34
29 25
88 29
144 74
92 61
54 4
26 59
6 4
124 26
46 51
50 3
38 14
27 50
112 60
140 88
67 59
105 31
140 55
61 32
58 61
20 6
134 112
95 2
83 27
120 12
105 13
60 30
95 30
3 32
101 21
124 70
117 50
118 8
42 2
119 59
6 45
59 4
60 31
99 9
140 106
139 122
124 69
45 4
46 14
3 1
0 3
141 124
85 5
123 36
27 6
49 3
90 14
112 59
44 32
98 5
2 13
66 12
14 12
95 31
139 113
40 2
74 79
34 7
75 60
27 28
95 10
101 5
28 21
93 6
49 7
6 12
48 7
134 115
19 24
86 24
48 4
49 8
33 12
141 73
121 28
52 32
121 19
104 23
51 30
22 24
40 30
45 12
114 20
145 55
26 52
84 3
141 41
138 129
139 132
137 102
134 75
60 14
113 28
117 51
21 6
47 30
95 50
39 25
11 1
35 5
78 6
30 10
18 20
2 59
70 5
2 7
23 6
94 16
6 10
138 17
4 13
57 22
19 47
50 33
5 47
89 6
113 52
107 32
56 21
40 14
105 14
6 33
66 4
137 131
47 33
30 32
136 132
119 27
136 101
33 13
40 11
96 32
69 51
52 34
9 7
141 111
49 32
57 26
46 2
80 32
109 6
46 1
135 42
39 20
52 12
56 26
40 34
51 45
136 91
28 4
51 48
117 32
68 52
139 72
106 81
21 3
50 32
137 128
40 47
106 32
55 29
114 27
110 1
105 33
78 28
44 1
124 20
49 13
3 11
2 1
144 30
49 9
134 79
26 45
142 17
69 47
47 49
75 61
122 6
68 1
134 120
141 85
135 131
28 48
112 2
30 7
26 2
69 6
78 25
120 6
47 32
7 13
134 19
23 26
133 136
66 3
52 13
141 91
1 33
105 61
83 25
74 19
83 5
82 6
137 42
84 13
48 31
103 20
45 33
52 11
104 20
118 9
91 27
48 52
59 47
71 5
144 72
99 13
59 6
100 40
45 13
60 10
136 67
50 14
82 12
123 63
137 127
49 2
79 24
28 51
52 4
100 20
49 31
38 12
54 9
112 47
1 11
51 13
124 68
52 45
132 19
91 25
138 131
13 11
68 40
142 99
139 78
66 10
28 1
21 60
132 75
132 78
2 52
75 32
111 13
87 34
79 23
2 3
123 109
7 1
132 121
117 5
50 30
23 25
47 34
113 6
109 23
138 85
95 49
58 4
6 49
2 30
47 48
122 20
88 6
104 28
138 89
33 34
27 30
1 32
30 13
24 27
135 91
118 50
27 51
26 31
43 5
139 29
76 6
145 16
61 9
92 26
47 8
134 71
75 45
111 34
20 60
41 3
19 40
134 119
134 74
6 31
69 4
92 28
108 5
23 19
45 30
144 58
17 16
140 57
138 124
21 45
141 71
40 59
46 10
42 6
14 4
91 24
19 27
42 5
48 8
144 115
132 72
132 76
59 30
106 45
19 5
104 24
140 56
145 18
48 12
60 32
5 60
0 6
44 10
50 48
92 59
37 6
102 2
109 24
0 1
38 7
99 12
112 6
134 20
69 28
141 56
58 60
137 126
125 129
139 58
39 6
48 10
136 131
66 9
105 52
41 6
19 20
122 19
20 27
69 60
48 14
97 10
54 3
75 50
50 7
142 62
100 21
115 28
46 30
139 34
68 50
132 113
32 2
29 6
79 29
24 2
138 43
109 79
101 26
0 2
18 21
138 72
106 14
142 16
124 77
124 19
65 8
138 54
4 12
140 118
25 24
136 130
134 124
139 70
45 10
60 2
38 34
115 47
20 5
5 3
11 10
67 70
18 23
100 59
120 2
28 31
138 70
78 20
139 30
91 19
132 70
139 22
101 24
45 1
78 21
113 4
137 106
137 63
69 61
5 6
92 24
47 12
98 6
117 34
125 131
50 31
7 10
104 21
40 6
86 5
53 33
117 14
3 31
144 77
141 93
48 3
3 4
22 26
139 115
97 2
65 3
27 1
25 40
111 14
97 6
46 12
144 68
132 115
53 1
141 109
79 26
27 59
52 1
139 23
144 120
58 45
22 28
56 27
141 44
144 76
61 48
69 59
11 3
140 44
78 29
140 81
57 21
105 49
91 6
122 26
4 7
134 28
101 79
37 5
40 33
46 32
34 12
140 117
9 8
133 56
132 77
5 50
92 21
11 12
107 81
44 5
26 48
120 32
69 52
139 74
4 1
112 5
139 21
105 30
7 14
61 30
134 24
134 76
117 61
50 9
79 5
88 25
123 106
44 12
88 40
59 33
91 20
27 52
75 4
90 9
69 45
67 45
21 50
132 29
109 20
138 102
104 6
141 118
105 1
40 13
111 9
105 50
134 78
25 28
145 65
75 1
54 12
140 83
117 7
138 77
6 52
141 35
109 22
9 13
141 77
137 15
45 31
19 50
3 33
73 2
69 2
115 61
113 3
62 45
5 40
139 112
82 1
137 62
109 29
57 24
78 79
21 2
12 34
124 120
74 21
90 10
50 4
53 34
88 20
28 61
134 121
60 1
139 73
74 5
84 12
114 60
14 11
3 30
47 9
31 14
86 28
99 10
114 25
22 27
118 13
83 28
30 31
49 52
107 13
22 19
133 90
2 34
40 4
20 50
59 50
31 34
68 49
67 74
22 5
65 1
133 117
51 7
32 14
7 8
105 7
32 7
2 14
30 9
99 8
95 14
109 28
4 34
5 4
55 27
69 48
142 63
22 21
86 26
124 28
29 2
124 92
13 34
72 2
120 1
32 9
3 10
96 13
21 31
87 2
47 2
6 13
138 64
134 26
137 67
19 61
144 113
75 30
139 19
18 25
114 29
49 34
65 10
118 4
45 11
7 4
6 7
142 38
120 4
75 31
10 34
2 50
49 45
132 23
118 1
2 60
106 107
139 71
132 22
18 5
133 91
122 78
73 5
133 87
137 89
74 23
132 73
141 82
86 78
6 60
69 27
117 45
137 37
106 34
144 69
114 40
68 45
44 30
34 9
57 20
2 33
90 12
140 130
58 21
119 26
60 13
76 5
60 45
31 7
138 71
51 4
49 4
144 20
117 13
113 27
137 108
48 30
138 63
124 30
24 59
6 11
31 1
60 50
100 2
105 47
70 6
26 61
31 33
22 29
60 7
63 13
61 14
99 1
102 9
19 6
60 3
123 82
33 11
113 61
57 5
83 40
63 14
138 42
58 28
44 45
3 45
34 8
142 15
110 3
132 93
26 1
104 79
122 22
58 6
137 35
142 106
40 9
47 10
107 14
95 6
144 71
49 1
120 3
52 2
144 25
125 86
84 1
52 9
100 24
25 27
19 28
119 3
109 26
141 98
69 40
20 59
105 11
105 12
33 2
115 19
115 6
11 9
51 1
23 28
50 51
104 29
75 47
114 26
87 1
132 25
120 59
28 50
4 45
4 31
140 80
60 52
110 9
33 14
39 21
53 10
132 27
142 124
0 5
121 5
4 30
44 4
23 40
140 18
145 30
134 34
124 85
59 10
111 3
134 25
45 2
59 49
118 30
19 21
67 75
61 49
134 58
1 34
66 1
141 110
92 25
103 24
84 2
118 14
138 105
55 21
41 2
87 12
113 60
132 64
44 9
54 6
26 5
138 111
139 64
141 139
109 19
59 9
105 32
134 72
1 12
115 21
82 13
27 60
114 6
46 3
86 79
50 49
125 127
75 59
136 127
39 5
31 4
25 26
88 19
48 45
78 23
144 79
72 5
101 28
132 69
121 21
71 6
137 109
28 40
18 28
138 16
39 23
135 132
95 48
124 25
27 4
55 5
118 3
144 21
61 13
132 85
38 3
32 13
119 6
49 33
47 14
142 36
139 69
6 3
87 10
87 14
144 124
145 109
106 13
61 33
19 60
138 35
52 33
125 130
58 49
132 124
101 22
7 12
95 1
56 20
3 8
124 75
22 6
100 5
4 14
53 14
32 11
120 45
61 10
56 19
134 93
3 9
114 5
78 22
135 86
139 98
51 33
82 10
91 21
142 57
114 21
90 3
120 9
111 10
18 27
144 92
59 3
141 103
97 3
68 26
40 32
22 20
21 4
21 51
134 98
86 19
121 26
14 8
86 22
124 79
136 126
60 11
51 2
48 13
81 14
1 31
79 22
6 50
32 10
26 4
46 34
59 61
3 34
24 47
45 9
44 2
140 91
65 4
28 26
82 4
32 12
138 82
111 4
144 119
46 9
86 23
1 8
137 129
132 92
61 45
29 21
144 34
2 8
14 1
95 12
140 84
60 49
113 49
48 11
57 25
45 32
6 30
119 5
121 24
118 45
137 82
101 27
136 39
6 32
64 2
80 14
4 32
24 61
124 121
74 20
103 27
58 48
46 48
141 108
68 31
144 64
55 20
101 19
68 32
136 124
58 5
52 8
136 86
132 119
139 75
132 34
21 48
137 124
31 2
140 107
110 12
113 47
28 52
134 64
84 4
51 14
135 128
123 15
95 47
52 7
27 21
132 26
92 40
125 126
136 42
1 10
141 89
113 26
56 25
112 40
52 3
112 21
133 109
114 61
33 10
82 3
46 47
113 48
79 20
69 50
66 13
139 68
50 12
123 18
29 28
47 52
75 49
7 11
40 60
74 25
40 31
134 122
54 5
100 61
117 10
96 34
68 3
123 62
31 12
114 59
88 26
73 6
103 29
46 6
90 4
135 67
105 4
139 124
112 50
101 29
21 30
61 6
28 30
112 26
105 48
40 3
44 34
29 20
39 28
133 111
25 5
105 45
145 53
75 40
145 124
40 48
29 19
141 76
23 5
138 117
138 139
53 4
24 26
67 68
138 39
91 40
65 9
29 60
55 26
48 32
113 59
103 25
69 1
59 52
140 87
75 2
79 28
68 30
4 10
112 27
50 2
92 60
100 6
68 48
144 122
106 30
59 31
140 36
23 27
91 61
145 57
117 2
2 9
81 96
27 47
84 9
112 28
105 6
124 132
124 58
25 2
