61 48
117 48
6 34
118 9
134 22
78 22
35 5
95 3
69 40
97 5
50 48
18 22
95 34
27 2
138 62
136 130
113 21
23 21
32 7
31 9
113 60
121 6
13 11
103 21
86 5
133 136
40 60
61 49
50 14
65 1
28 1
45 14
92 60
25 26
31 12
30 31
114 28
123 109
60 59
31 7
95 8
58 48
6 3
124 22
138 124
48 2
44 3
52 3
62 34
132 76
62 14
141 43
86 78
136 129
59 47
74 27
144 20
144 27
120 27
138 98
50 8
141 67
25 19
6 45
46 51
29 21
57 5
102 12
29 60
132 69
27 60
25 60
141 39
123 124
1 9
144 19
95 9
132 113
49 52
133 118
10 12
123 106
4 33
45 3
124 122
6 59
47 8
84 12
69 2
136 127
27 1
138 102
140 91
134 113
52 1
142 17
138 63
49 14
25 2
59 12
30 32
116 13
54 12
82 10
133 124
133 117
118 33
90 2
2 11
123 62
59 14
107 30
109 5
47 31
68 51
79 5
61 47
66 11
137 138
61 52
7 12
30 3
97 9
61 8
90 1
42 6
18 27
19 47
27 51
92 27
21 45
141 93
2 7
44 32
3 11
132 120
137 124
79 26
125 128
133 86
49 13
6 2
140 44
60 9
141 105
11 1
31 33
144 121
60 34
40 31
59 7
121 21
29 5
134 121
1 10
105 4
51 1
60 2
72 6
30 9
59 1
29 27
49 7
140 103
134 122
47 30
55 27
133 109
44 6
86 19
115 59
78 20
144 64
53 2
39 28
83 23
68 9
135 129
44 12
113 26
96 14
122 79
39 25
20 61
19 2
99 1
26 51
138 117
1 31
138 39
100 40
138 72
45 7
117 2
68 32
34 9
139 85
61 11
144 29
2 48
139 72
132 72
124 58
117 11
21 26
75 4
95 47
28 47
75 49
6 32
106 45
63 45
61 7
132 34
123 63
138 101
84 3
40 45
53 7
47 7
60 10
50 13
133 111
117 3
23 40
139 19
27 6
33 11
32 12
135 91
114 5
110 12
26 33
114 40
26 59
40 48
117 61
48 10
24 28
30 13
110 9
78 28
24 20
62 13
124 69
139 119
60 49
0 5
57 22
101 25
109 27
110 6
21 60
139 122
45 32
96 34
138 86
142 63
104 26
134 25
101 79
137 36
24 2
87 1
137 54
6 61
101 5
28 2
117 49
136 86
28 61
140 56
0 1
28 21
60 12
138 89
55 5
32 14
119 13
119 12
65 13
124 78
25 40
117 50
53 33
79 29
41 3
26 1
145 66
114 19
100 5
145 18
38 12
48 32
29 19
118 52
95 4
112 59
124 71
103 25
67 71
92 2
33 13
115 20
83 25
144 115
39 5
48 33
88 6
74 5
51 34
144 22
141 82
85 5
137 97
9 7
117 14
141 64
37 5
11 3
114 24
55 21
132 25
75 31
50 45
124 21
144 85
134 64
47 48
4 8
137 63
58 47
69 45
2 34
124 93
58 40
31 10
87 13
4 1
40 4
115 24
144 73
46 7
52 9
110 10
32 8
21 3
10 32
105 34
7 11
93 6
119 6
145 30
68 6
121 5
68 60
30 34
27 4
69 27
117 5
124 98
23 25
124 34
21 31
68 1
104 6
119 45
95 10
52 31
111 1
139 77
78 5
144 28
133 135
67 69
144 122
49 11
122 20
117 7
43 2
9 11
6 14
92 6
121 28
81 14
112 3
46 49
10 34
48 30
83 5
124 85
100 26
20 28
117 32
134 115
90 12
122 6
53 1
63 13
65 8
49 32
31 4
101 22
46 47
120 3
125 129
28 31
132 74
139 114
124 119
18 28
141 77
51 8
138 70
106 81
61 34
41 2
82 13
49 9
52 45
145 109
20 60
141 101
135 128
75 60
87 34
28 60
2 50
111 3
135 127
50 33
140 17
29 59
9 33
3 7
137 108
142 57
105 61
60 14
140 84
39 19
132 20
69 48
47 3
142 106
134 119
3 13
124 28
125 131
95 49
119 32
61 33
89 5
44 30
28 5
27 48
78 79
81 32
102 4
45 1
48 9
26 30
54 1
112 51
125 67
5 6
82 1
117 40
87 10
141 117
38 34
76 5
101 19
74 79
112 28
145 124
57 28
74 78
132 124
124 25
82 3
117 4
39 22
139 28
56 24
134 73
0 4
90 3
32 10
20 21
124 30
33 8
69 28
3 10
35 2
118 31
103 26
19 60
135 124
139 124
78 23
10 8
134 112
134 21
123 17
74 20
137 82
95 7
23 28
88 40
123 67
142 65
56 27
79 22
27 47
137 42
88 25
138 108
46 14
24 27
7 10
88 24
40 50
21 49
26 9
50 30
25 20
139 30
49 10
141 98
133 125
137 131
58 49
140 117
79 21
3 33
18 29
144 21
138 82
124 23
139 69
136 39
58 60
31 14
136 67
47 2
49 8
134 26
39 24
66 13
3 32
132 85
138 110
43 6
68 3
77 5
118 4
91 2
61 30
79 19
85 6
105 52
120 5
51 30
23 24
48 3
32 33
33 9
56 29
92 40
123 15
59 31
82 4
22 24
40 51
2 13
50 3
7 4
134 93
134 58
47 14
86 24
9 8
3 14
53 3
47 50
124 75
114 6
119 4
83 40
54 10
138 77
60 52
113 20
91 21
124 121
134 20
58 5
138 118
31 34
139 113
5 52
117 31
144 92
57 20
52 8
133 39
140 83
91 60
6 31
56 21
72 5
115 19
13 14
30 10
137 133
90 4
18 25
39 27
80 45
115 61
97 13
80 30
59 13
122 21
139 64
89 2
117 60
56 28
34 11
95 6
49 33
134 77
54 5
141 76
3 1
123 37
135 67
92 25
133 103
88 5
53 4
96 13
138 87
144 93
74 19
135 42
142 16
104 23
12 9
144 72
133 87
134 79
132 27
91 61
132 64
95 51
26 40
75 47
21 51
14 11
104 28
40 1
22 21
100 25
134 120
64 5
91 5
4 32
2 52
104 24
141 70
79 28
27 45
109 24
84 10
78 29
67 73
80 32
122 28
139 21
18 21
91 19
1 33
132 28
51 52
3 8
49 4
3 9
107 14
14 13
100 59
40 14
100 2
104 27
144 98
27 61
24 51
57 29
61 10
5 50
49 48
49 2
101 28
14 4
109 28
58 6
92 5
64 6
81 30
26 45
139 22
78 6
61 4
112 6
137 129
26 47
61 9
99 13
21 40
118 34
139 29
111 12
97 2
141 73
53 13
24 60
113 47
59 51
117 59
54 2
104 19
104 29
118 50
28 49
141 110
81 34
132 121
47 11
115 2
21 47
134 71
94 16
23 27
49 31
144 24
38 4
47 32
59 33
68 30
25 24
99 3
22 6
145 38
2 12
88 27
111 13
114 59
33 34
125 126
45 2
134 114
9 34
141 44
102 9
139 92
27 52
46 52
23 6
50 52
121 25
53 34
34 8
44 45
135 126
140 81
26 12
113 6
55 24
111 4
144 77
140 87
19 26
101 23
145 144
60 50
86 21
57 21
46 11
55 40
88 28
142 36
26 60
80 81
81 45
55 6
101 20
117 45
68 47
40 10
124 79
118 48
137 15
33 1
93 5
60 6
27 28
30 1
124 114
20 40
114 26
138 56
46 50
110 13
66 14
47 1
90 32
27 3
86 25
78 27
39 29
82 9
101 6
141 111
137 106
140 130
138 15
105 3
12 8
145 57
142 99
38 13
144 30
45 34
38 2
40 7
50 11
132 26
38 33
107 96
30 2
30 14
30 12
49 12
52 14
125 132
57 23
137 95
139 112
122 25
10 11
47 51
89 3
113 5
90 34
30 33
104 25
58 2
60 4
114 60
53 11
31 11
88 21
55 19
103 19
105 9
58 50
144 58
136 101
79 27
4 11
107 59
25 28
89 1
112 48
58 26
144 25
124 70
38 8
132 78
139 71
109 23
6 9
125 124
132 19
53 9
75 6
119 9
105 8
65 12
39 26
119 59
23 20
6 1
69 49
69 3
75 51
141 90
47 13
118 32
96 30
52 33
52 2
26 4
141 37
29 2
12 11
138 37
48 1
69 30
144 69
32 1
120 2
41 5
28 26
83 19
18 6
30 8
97 4
117 47
112 49
18 26
144 124
2 10
21 52
102 5
109 79
57 6
124 29
77 6
61 2
30 4
15 16
104 78
134 69
69 4
29 25
140 36
5 61
95 32
60 45
60 30
52 4
48 13
87 12
113 59
54 6
109 21
110 2
29 28
66 8
44 1
105 10
140 55
87 3
118 30
106 32
75 61
31 2
23 5
34 10
19 20
50 7
138 71
46 4
75 32
132 114
26 5
135 39
40 6
22 20
112 27
40 2
145 16
140 18
141 118
111 9
140 104
138 105
103 29
46 2
5 40
4 9
39 40
4 31
133 67
138 35
20 6
61 13
75 45
52 32
120 59
24 61
67 77
100 20
40 59
50 9
50 34
125 86
14 8
105 51
1 8
102 6
138 44
61 1
45 12
33 12
55 20
134 29
105 50
58 59
45 13
48 31
75 3
63 14
22 25
123 18
132 24
139 70
61 12
112 4
3 31
132 115
65 10
95 30
144 112
78 24
144 114
58 45
61 32
71 5
18 24
124 20
101 29
40 13
51 33
141 91
11 13
140 118
81 96
86 79
66 3
117 10
5 59
26 2
95 33
7 14
140 106
19 24
58 27
92 59
21 1
65 9
134 68
39 20
59 30
85 2
26 10
122 29
29 40
40 32
7 1
23 19
59 52
56 26
48 14
46 32
109 22
1 14
1 30
114 20
29 61
65 3
5 60
91 20
145 141
19 5
91 59
46 31
135 131
145 53
63 30
6 7
137 67
0 6
40 30
67 59
50 1
38 10
134 85
19 28
69 6
20 26
122 26
92 21
134 24
142 124
57 19
75 50
6 13
134 23
44 34
144 79
118 10
122 24
31 8
141 124
6 52
11 12
66 12
79 25
40 47
54 3
90 13
86 23
6 47
1 13
2 3
112 21
86 20
53 14
144 34
4 10
2 51
124 132
75 2
45 9
47 52
39 6
144 23
12 13
139 74
19 50
14 3
28 52
59 4
19 6
31 13
21 61
68 50
5 48
68 45
101 27
67 74
132 122
118 11
91 25
49 30
106 30
139 98
102 13
81 13
75 1
110 1
3 30
14 12
121 26
47 9
97 3
67 75
59 32
118 8
120 21
33 10
100 28
58 21
138 76
69 47
111 14
118 13
71 6
75 52
118 7
26 32
3 45
133 44
46 34
139 75
57 27
22 40
92 28
32 3
112 40
34 7
45 10
60 13
141 86
2 32
46 8
1 34
56 25
110 4
3 4
132 119
48 8
28 51
28 40
52 12
117 51
54 9
47 49
109 29
82 6
31 32
134 34
6 10
28 4
40 52
105 1
79 20
2 4
133 56
140 0
69 61
91 27
101 24
24 59
113 28
52 11
102 2
95 13
52 30
34 4
124 77
12 7
138 17
144 71
114 27
105 45
124 68
13 8
100 60
121 20
28 45
50 4
22 5
139 132
138 74
115 5
112 60
27 21
14 10
141 72
138 131
138 41
83 20
5 2
46 30
46 48
138 95
30 7
70 5
18 5
95 11
49 45
46 13
26 31
144 113
54 13
119 1
45 8
123 57
44 2
109 20
67 76
141 85
141 87
114 29
27 26
144 119
99 8
60 1
132 22
18 23
38 3
137 37
124 115
69 50
119 26
1 32
56 19
136 126
51 4
40 61
2 1
2 33
60 7
31 1
46 10
20 59
120 28
6 30
114 2
19 40
46 3
113 27
1 11
104 21
10 13
69 59
39 21
28 3
141 35
29 24
125 91
21 4
124 76
105 33
99 12
59 11
11 8
100 24
143 109
54 4
50 49
58 28
142 53
33 3
27 59
135 101
140 107
141 54
139 93
138 42
132 58
67 68
134 78
133 91
95 1
24 21
44 9
2 14
87 9
58 51
115 60
19 27
134 72
138 64
134 132
0 2
29 20
51 31
21 50
67 72
75 30
137 102
120 4
132 112
139 23
72 2
141 42
59 48
25 59
141 74
83 27
125 39
2 59
61 6
117 30
125 130
139 78
18 20
115 27
124 72
138 85
46 33
124 92
112 61
117 1
60 51
33 4
101 78
40 9
74 21
88 26
102 10
40 3
79 6
61 31
98 5
106 34
42 5
139 34
4 7
138 73
19 21
105 48
61 45
124 73
113 50
100 19
90 10
123 36
96 32
29 26
84 1
112 2
23 29
60 8
123 82
137 89
87 2
136 124
84 2
107 81
124 19
142 18
139 121
18 19
109 6
82 2
9 14
138 16
139 20
13 34
115 47
53 8
51 11
142 94
132 98
69 60
141 89
78 21
57 24
144 132
90 14
122 27
144 26
122 5
12 14
95 50
51 14
5 45
135 132
51 48
92 61
134 76
24 6
140 90
65 4
68 49
80 59
105 47
95 48
139 73
2 30
37 6
61 14
99 4
138 129
68 48
44 5
86 22
6 49
124 113
20 49
132 75
75 48
112 5
141 108
22 26
69 51
59 9
25 61
138 54
33 14
19 61
34 14
50 51
103 24
10 14
49 3
112 26
139 100
83 22
139 58
5 3
55 29
4 13
105 7
74 25
21 48
4 12
97 12
49 1
121 19
41 6
24 47
55 25
113 2
22 27
40 33
144 120
2 8
2 49
47 34
6 50
117 34
32 11
132 77
112 47
47 4
26 6
24 50
132 93
64 2
7 3
140 15
105 14
20 27
138 93
134 92
118 14
132 23
32 2
68 52
86 29
24 40
132 71
84 4
46 9
134 75
92 26
142 109
138 43
51 13
137 35
50 12
52 7
143 133
145 99
59 6
39 23
25 27
51 3
45 11
134 28
23 22
105 32
118 51
4 14
138 126
124 24
138 111
21 30
45 31
140 57
7 13
132 30
83 26
36 13
139 120
105 30
91 40
51 12
56 20
51 2
87 4
114 25
101 21
83 6
144 100
61 3
121 24
136 131
46 6
122 23
55 26
48 11
28 48
11 4
140 88
58 52
59 50
123 55
106 13
32 4
138 106
140 111
52 34
11 9
117 33
88 19
78 26
121 27
66 9
14 1
69 52
124 64
5 47
138 103
48 52
95 2
120 26
2 9
103 27
51 7
51 9
46 1
61 51
26 50
70 6
98 6
48 45
112 50
25 6
132 92
106 14
59 2
97 6
134 70
40 49
92 19
107 34
5 49
38 14
78 19
20 51
115 21
105 12
107 32
48 12
55 28
26 49
3 12
12 34
53 10
91 24
6 48
118 49
46 45
60 11
59 49
137 17
6 40
48 7
47 10
45 4
33 7
59 8
6 11
27 30
139 79
20 2
124 74
105 6
28 50
82 12
60 3
137 128
88 20
113 51
144 75
125 42
92 24
136 128
86 28
139 26
137 127
27 49
32 9
92 20
142 55
84 9
119 2
2 31
134 100
125 101
137 74
141 102
31 3
132 79
113 40
132 100
117 13
110 3
10 9
52 10
109 25
26 61
44 13
122 22
66 4
138 130
139 24
17 16
107 13
138 139
138 128
58 61
104 79
137 62
143 144
68 2
24 5
58 4
20 5
88 29
118 3
66 10
100 27
38 11
73 6
124 26
115 26
137 126
67 45
132 73
34 1
29 6
83 29
122 78
106 107
89 4
135 86
68 59
117 6
91 26
27 40
20 47
105 13
2 60
144 76
96 45
115 28
133 90
61 50
141 139
103 28
79 24
100 21
25 21
141 56
6 60
78 25
42 2
59 34
124 120
44 10
38 7
21 59
134 124
53 12
144 78
60 48
109 19
47 12
7 9
141 71
34 3
60 33
83 21
38 9
6 12
27 50
69 1
82 5
133 101
32 13
26 3
5 4
11 10
134 30
73 5
134 19
139 76
9 13
119 30
117 12
75 26
117 52
44 14
142 38
49 34
124 27
99 9
95 31
24 26
50 10
21 2
95 12
132 21
101 26
105 49
40 11
86 27
138 67
59 3
122 19
132 70
63 32
59 10
143 67
145 55
23 26
136 132
22 28
75 40
30 11
117 9
140 116
115 40
22 19
0 3
111 10
80 14
84 13
48 34
141 109
35 6
142 15
138 109
139 68
114 61
26 48
104 5
74 29
144 70
66 1
125 127
51 10
50 2
63 34
52 13
121 29
79 23
33 2
132 68
132 29
104 22
69 21
28 30
139 27
34 12
112 52
115 6
114 21
74 23
19 59
32 34
103 20
120 6
51 45
95 14
59 61
139 115
36 14
47 45
144 74
51 32
28 6
95 52
87 14
105 11
145 65
118 12
124 112
68 26
118 1
46 12
138 127
136 91
4 45
48 4
34 13
100 6
105 31
7 8
73 2
142 62
3 34
43 5
134 98
38 1
140 96
67 70
28 59
102 1
144 68
44 4
4 34
119 3
137 109
104 20
25 5
136 42
118 2
68 61
40 34
50 32
134 74
59 45
86 6
143 141
60 31
108 5
14 9
89 6
68 40
45 33
47 33
140 80
141 103
140 94
6 4
66 7
97 1
57 25
109 26
139 25
107 45
5 51
105 2
91 28
6 33
75 59
113 61
138 91
50 31
141 41
143 124
91 6
134 27
100 61
83 28
124 100
45 30
138 90
108 6
99 10
80 34
111 34
80 13
97 10
102 3
76 6
135 130
21 6
133 134
22 29
26 52
118 45
1 12
68 4
40 12
95 45
141 95
4 30
20 50
60 32
68 31
57 26
90 9
69 26
106 59
83 24
86 26
2 45
