96 27
37 12
58 35
76 14
16 10
92 34
86 51
85 8
77 30
86 13
86 11
50 12
3 26
98 13
107 1
25 33
28 31
11 27
113 16
68 32
51 73
24 25
94 65
72 44
45 11
28 3
70 12
79 15
71 40
81 27
87 73
68 34
48 12
103 37
68 40
51 10
102 20
46 36
13 18
85 4
69 62
44 10
48 46
95 15
34 22
102 9
85 81
7 16
101 39
68 15
79 3
75 36
53 54
57 10
4 26
7 51
121 26
115 33
71 33
103 36
9 3
37 25
98 12
77 32
67 3
35 23
75 12
59 57
103 38
102 98
110 13
88 61
68 64
119 43
52 27
73 12
10 13
98 49
22 26
71 29
44 57
69 65
124 9
80 12
77 40
64 3
100 38
2 41
105 3
88 17
50 11
52 15
105 26
26 33
63 60
95 42
118 40
106 36
72 13
78 44
72 16
50 3
98 35
85 41
7 41
9 17
79 12
113 46
46 25
102 26
90 21
97 32
119 17
10 43
57 13
1 52
50 8
1 82
85 82
90 37
87 56
22 25
52 16
64 44
63 61
17 62
71 36
68 16
123 11
95 19
61 3
40 12
63 36
80 3
40 3
10 18
48 49
94 12
102 15
28 32
72 3
104 3
63 34
84 7
71 26
41 14
17 2
86 61
45 46
66 12
87 8
62 3
95 37
11 13
91 32
36 29
74 27
122 14
9 16
77 42
13 12
68 13
76 12
2 15
78 8
90 33
83 21
108 8
27 13
43 12
74 40
10 3
1 27
51 12
115 25
86 17
5 6
45 12
39 12
68 35
104 12
35 22
122 12
96 11
44 8
96 15
88 62
2 11
44 40
17 15
97 26
88 37
18 14
78 43
113 15
28 13
119 32
66 17
113 4
78 12
95 46
106 38
121 25
17 57
78 65
13 15
99 20
86 15
70 54
71 21
58 66
109 14
1 11
69 61
24 12
64 42
14 15
83 35
86 8
88 65
94 4
10 14
10 15
77 13
28 36
13 17
115 15
98 33
74 3
73 27
46 32
58 46
119 21
88 66
113 52
96 3
120 19
55 38
118 49
119 38
61 12
83 38
59 65
110 62
44 65
78 27
53 49
96 17
106 17
100 26
66 13
75 33
102 33
58 21
84 86
91 40
55 62
18 13
93 34
77 43
103 21
123 26
13 11
97 46
63 8
78 3
105 13
87 17
3 33
13 10
111 46
85 50
92 36
45 3
10 27
95 36
88 32
91 39
55 59
66 8
52 8
83 54
31 33
58 57
78 17
74 65
83 46
68 12
95 33
74 11
74 15
28 29
88 36
84 6
102 54
107 86
18 12
71 32
87 61
63 38
100 13
103 60
10 39
41 11
10 44
108 27
62 57
8 26
26 12
111 21
108 11
72 17
59 36
101 32
13 27
44 26
78 42
82 11
75 40
81 2
64 18
94 62
63 49
115 49
69 46
106 30
97 30
108 73
90 40
88 57
109 8
112 8
72 62
75 26
75 29
18 8
59 17
91 21
111 33
100 39
62 8
116 25
97 39
88 21
59 61
92 29
50 27
105 39
112 12
101 40
40 26
9 10
58 13
121 14
73 11
42 26
66 43
118 25
28 39
13 8
42 40
71 38
98 25
47 33
47 32
108 51
47 26
82 2
59 38
68 21
76 15
53 12
114 86
11 4
95 44
1 4
31 26
13 4
101 42
112 14
69 36
92 30
102 49
63 15
104 25
124 3
87 2
44 62
101 37
52 11
85 2
75 35
74 18
95 21
93 32
7 52
119 34
83 19
90 35
119 12
99 54
90 46
113 11
59 44
122 13
78 15
0 1
107 6
11 3
58 65
70 25
35 12
11 12
83 49
18 3
55 35
90 29
59 46
87 65
63 58
87 3
28 12
65 3
66 40
92 38
61 57
63 65
74 62
94 17
59 21
47 40
90 25
13 16
97 31
69 17
50 4
96 12
68 30
111 37
4 13
73 18
113 27
80 14
97 34
6 7
68 36
44 13
90 36
102 19
90 38
115 19
55 57
110 60
15 11
101 38
72 8
45 17
86 57
9 12
38 25
46 34
59 35
57 17
67 27
78 18
24 14
3 15
53 22
44 66
93 21
72 27
7 11
92 26
104 14
98 31
117 33
119 40
98 38
123 4
69 21
2 16
100 36
44 3
97 40
55 21
58 62
119 35
105 29
67 2
104 26
43 31
67 17
103 34
100 35
121 12
94 13
89 4
122 18
68 14
2 73
48 19
89 11
64 8
105 40
72 57
7 17
94 15
13 62
103 58
84 1
74 8
123 27
100 43
63 57
73 3
65 44
5 8
73 4
69 13
117 40
38 22
87 57
96 2
24 27
85 44
74 14
107 7
97 21
95 32
43 26
98 39
71 37
0 2
120 12
86 56
109 19
91 46
33 40
51 11
14 19
110 56
71 25
96 13
45 16
97 35
4 12
17 8
83 32
16 66
1 17
92 31
45 15
11 18
70 49
96 8
106 60
69 37
111 30
67 51
9 4
119 30
5 7
104 27
100 44
33 26
65 10
110 57
95 17
5 1
119 36
68 43
101 43
93 35
91 44
63 32
68 42
1 3
52 51
8 33
51 14
2 3
98 30
124 27
17 11
92 37
32 12
75 38
21 23
122 4
68 26
108 2
69 60
94 27
11 15
77 38
96 4
95 35
106 56
100 42
43 33
95 40
97 13
101 13
13 42
108 17
114 6
85 52
64 11
37 29
106 37
88 34
78 13
8 30
88 56
34 23
82 27
10 42
108 13
106 35
72 73
63 17
57 65
101 30
66 3
68 37
72 4
77 34
107 87
11 14
17 13
78 62
13 44
55 61
31 12
64 30
113 50
40 33
6 8
76 8
58 32
98 64
112 15
62 66
46 37
36 22
106 10
63 25
110 58
97 37
10 16
94 16
86 66
94 18
98 37
51 27
58 38
66 42
88 58
0 3
17 73
101 21
95 13
83 12
111 38
85 11
111 29
68 49
85 61
28 35
72 2
74 12
13 14
86 41
58 34
106 13
91 35
78 4
59 62
97 12
87 62
7 3
61 65
45 14
8 39
124 11
76 19
7 4
105 31
98 46
123 3
47 12
112 19
111 26
10 31
31 25
49 20
110 44
9 13
66 44
113 8
112 16
1 81
115 64
91 43
88 44
1 50
47 29
100 34
70 23
96 16
98 21
17 66
110 17
103 32
77 21
69 66
96 14
118 33
113 3
1 2
6 1
109 49
100 46
109 12
69 34
95 30
47 21
86 4
38 23
103 17
95 34
35 29
72 11
15 14
101 26
46 12
64 15
50 17
64 40
91 26
94 14
45 8
124 4
51 18
8 29
74 10
55 34
88 13
59 32
96 19
106 57
41 27
74 13
9 18
64 17
79 14
98 36
33 25
103 57
86 62
65 17
2 4
106 34
44 12
117 25
50 13
97 38
28 26
73 14
100 21
92 40
119 37
28 38
105 12
24 3
85 3
57 12
94 11
47 39
55 37
111 39
87 16
63 64
11 16
24 4
3 16
52 73
87 27
85 17
74 44
114 85
68 44
89 12
59 34
7 50
64 16
65 13
34 12
78 16
121 9
86 60
94 44
17 3
69 30
116 14
71 46
61 62
24 9
86 27
28 40
103 56
61 8
64 13
71 35
61 44
50 2
8 40
86 44
52 13
26 40
59 56
55 56
27 16
42 31
57 3
121 3
106 46
96 51
94 40
44 17
77 46
55 36
28 30
50 73
108 12
62 12
63 33
21 12
67 11
78 30
95 25
74 42
85 16
57 42
96 41
83 36
7 27
1 41
92 39
17 27
98 34
111 35
116 12
72 51
69 56
63 13
13 40
77 26
58 36
87 51
119 13
52 3
46 21
7 15
72 61
103 44
78 11
4 14
124 2
89 27
87 41
24 26
96 73
72 66
45 4
101 46
79 13
90 32
93 33
53 25
115 12
43 3
89 26
17 51
103 59
67 41
96 49
69 35
111 40
97 43
98 32
75 39
67 16
21 22
108 3
103 61
75 37
117 12
91 37
93 37
88 38
0 4
64 27
103 62
63 62
77 35
106 32
42 13
87 13
68 19
93 25
101 36
113 64
92 21
81 11
42 3
93 38
74 16
110 59
37 23
118 54
69 32
87 15
64 14
62 65
87 4
52 4
67 4
73 8
17 16
91 42
115 46
19 20
78 56
63 56
10 11
38 12
10 26
95 12
111 34
41 2
83 34
78 14
113 41
18 16
39 22
2 17
94 3
13 3
58 17
78 60
80 13
108 41
118 22
98 19
47 38
28 21
69 57
9 14
63 12
67 15
77 37
68 3
72 41
92 12
29 26
2 27
94 42
110 61
42 12
38 29
90 34
44 31
112 46
51 8
86 16
17 61
88 35
45 27
65 42
86 65
86 3
17 65
122 3
98 29
114 87
75 30
18 15
80 16
72 58
116 26
118 12
72 15
63 37
85 27
27 14
93 36
87 60
102 25
45 18
55 44
78 40
78 10
55 32
47 36
105 8
101 34
59 13
55 17
103 35
77 44
101 44
87 11
107 85
35 25
58 56
122 8
8 15
40 31
3 12
25 12
116 9
80 15
77 36
119 56
63 46
58 30
117 49
123 2
58 61
122 27
113 51
113 2
89 3
14 12
104 11
91 36
47 37
46 35
119 46
63 66
15 12
91 30
79 16
92 33
106 62
105 15
75 21
8 14
36 23
88 60
55 58
68 46
28 37
117 22
7 2
106 66
100 31
31 40
68 38
83 37
71 34
64 4
36 25
93 40
105 16
104 9
29 25
51 3
32 22
106 21
111 36
74 17
55 60
91 38
85 62
123 9
58 60
59 58
27 15
115 26
1 16
17 4
84 87
120 49
67 50
101 31
30 26
64 12
16 65
100 32
120 14
65 12
4 43
104 4
55 46
91 34
57 44
93 26
117 54
100 37
27 3
84 85
114 1
90 26
45 13
95 43
59 37
93 46
63 19
94 10
4 16
105 14
91 31
75 32
89 9
63 35
44 61
64 43
37 22
2 10
67 52
98 26
27 12
106 65
18 4
9 11
46 38
58 37
91 13
108 4
15 27
69 38
92 35
111 32
47 34
33 12
86 2
36 12
63 26
62 61
28 34
106 61
2 13
50 10
9 15
63 21
74 4
76 49
59 60
86 73
95 26
8 12
100 40
14 49
52 17
32 23
52 2
48 15
47 35
70 22
28 33
105 30
95 49
46 29
18 27
69 10
97 36
87 66
48 8
100 30
101 35
92 32
93 29
72 65
94 8
98 40
4 15
62 10
110 65
112 49
3 14
75 34
95 38
