21 16
54 35
27 1
25 10
3 12
62 4
3 19
103 48
53 30
25 17
18 20
4 16
30 16
42 21
97 23
76 2
14 11
14 12
90 17
77 5
92 28
27 19
37 13
35 13
106 61
102 2
102 34
16 12
92 19
99 7
46 5
15 2
83 26
75 3
115 61
108 19
115 47
5 3
59 3
27 25
85 5
112 61
112 83
38 14
74 23
113 77
23 4
95 3
78 3
3 10
91 1
19 10
22 10
73 4
109 83
45 14
118 42
106 104
102 16
19 21
98 3
107 72
11 32
71 27
108 23
44 3
28 36
104 60
60 28
36 3
26 19
1 16
72 17
26 27
115 94
3 30
14 32
82 2
63 12
30 13
104 42
77 24
40 20
49 5
41 25
101 34
96 4
83 27
23 22
57 15
28 4
1 37
45 17
96 34
87 7
52 7
18 1
4 25
101 1
1 7
61 3
3 14
41 22
106 40
109 104
101 25
54 19
38 34
118 24
38 7
114 102
44 34
80 14
93 20
36 14
56 10
37 34
3 35
73 5
31 7
107 71
54 24
28 27
72 2
111 104
5 36
5 15
19 34
9 7
76 12
53 37
78 4
21 10
48 5
102 13
80 35
24 10
24 11
27 23
70 3
106 28
23 34
21 14
97 3
93 22
118 26
64 27
119 44
23 19
3 34
90 13
118 81
23 16
40 23
114 72
42 28
41 27
71 41
108 62
60 40
3 38
53 10
5 13
21 15
62 1
47 3
75 22
103 63
22 38
112 86
93 25
118 62
20 4
82 3
42 4
103 18
17 2
37 2
21 24
50 3
30 3
73 22
93 28
52 2
56 12
4 2
38 17
103 57
41 5
95 35
102 36
26 4
38 15
113 78
115 46
30 14
114 88
97 5
86 3
104 77
115 89
27 4
118 41
18 19
43 10
42 24
29 13
14 2
18 22
64 28
77 22
92 42
33 15
57 61
53 35
27 36
36 2
4 7
26 30
1 3
45 11
95 25
28 34
4 3
87 2
63 4
11 12
24 37
19 24
106 59
93 41
20 26
83 42
85 1
44 16
40 27
19 35
56 2
117 104
83 40
54 37
93 26
4 12
113 59
101 13
25 2
19 11
78 22
60 42
33 7
12 7
58 1
101 38
114 99
53 15
53 17
112 113
43 2
92 22
9 10
106 24
68 7
37 3
113 104
74 26
97 22
17 11
106 19
27 34
74 27
90 34
17 7
112 76
93 23
42 23
42 3
116 13
44 38
1 15
107 57
104 26
117 115
19 16
42 5
48 1
17 14
105 50
54 25
44 13
111 39
25 24
27 5
3 16
24 17
106 42
17 10
23 5
112 46
9 17
19 30
16 14
117 107
113 95
102 17
28 37
13 11
22 3
30 35
114 93
27 15
26 3
111 91
42 19
64 22
26 28
114 0
81 1
34 2
111 85
56 11
112 50
111 112
35 36
103 82
18 21
119 118
64 42
5 37
33 10
84 12
73 24
115 81
108 20
114 66
20 23
64 23
31 17
13 14
4 37
48 2
41 23
104 23
50 5
108 24
104 30
33 17
33 30
25 36
3 2
59 1
33 25
110 50
30 2
22 16
112 47
35 38
71 1
3 36
48 12
106 26
19 7
113 96
73 28
114 69
86 7
113 20
2 14
69 7
5 14
114 101
17 32
88 12
24 13
108 81
5 10
92 27
52 12
55 13
57 60
18 25
84 3
79 7
106 23
61 4
111 47
4 14
72 7
98 23
90 15
42 22
108 86
28 22
113 23
45 10
119 92
115 59
63 2
84 5
4 24
74 21
36 1
9 11
90 1
1 21
112 48
23 30
114 18
22 15
115 82
73 21
35 10
96 30
98 22
53 34
104 19
90 37
44 10
104 58
63 1
119 18
77 23
39 32
89 27
37 38
43 7
18 5
100 7
29 30
108 30
109 39
37 10
10 11
4 38
95 30
25 16
71 23
61 5
102 11
21 38
21 17
90 14
61 1
53 3
30 11
112 70
25 34
80 37
97 1
78 28
92 3
104 81
2 13
47 4
41 21
38 16
29 2
115 62
41 4
27 38
59 5
114 74
93 5
30 15
2 10
66 12
114 67
26 21
103 47
113 97
118 19
111 46
1 25
28 3
4 34
105 39
64 1
115 48
26 5
96 3
22 25
5 35
101 36
112 55
70 5
68 12
3 15
51 1
116 80
98 24
89 23
106 95
16 17
95 28
105 83
78 25
23 25
28 5
13 17
95 1
112 94
118 60
25 13
68 2
76 3
97 28
90 7
15 11
20 25
23 1
80 13
118 96
5 1
25 1
109 57
49 4
37 16
75 21
108 106
112 71
107 31
112 88
9 2
97 19
53 13
80 11
54 5
35 34
98 25
20 21
9 13
40 22
77 21
97 21
116 104
76 17
44 30
21 37
54 21
112 51
113 42
19 36
112 29
102 14
86 2
115 63
102 1
105 106
119 104
112 90
25 30
64 4
115 86
42 27
80 1
22 36
110 39
19 3
60 27
85 12
101 3
113 27
9 15
82 4
108 41
38 10
3 7
105 104
75 1
118 40
96 38
106 58
33 16
108 28
24 36
101 16
15 7
21 1
116 33
80 17
5 17
27 21
105 71
107 108
112 62
5 38
108 70
22 12
115 70
51 4
76 30
108 78
104 96
18 3
41 1
114 94
2 16
5 24
118 59
23 2
112 31
55 15
9 14
5 19
28 35
18 4
25 7
112 82
2 7
118 97
41 42
4 21
78 1
115 58
83 23
81 3
108 95
30 17
96 2
53 16
104 24
29 17
102 7
69 12
34 12
4 1
70 4
75 5
49 1
45 7
112 63
21 13
83 20
19 14
119 115
54 4
107 88
106 81
92 26
5 12
21 36
12 11
116 55
45 12
73 20
36 10
118 77
107 101
31 12
44 11
44 7
103 93
74 5
2 11
106 62
112 81
95 27
27 16
26 23
4 35
114 64
41 20
65 32
110 57
108 27
2 15
27 35
4 15
36 13
64 3
103 55
97 27
111 84
24 35
37 1
113 41
57 62
115 90
87 5
15 17
115 85
31 2
27 30
67 2
44 15
74 3
86 5
48 7
78 26
113 62
45 2
107 89
33 36
77 27
115 72
77 28
75 24
108 104
22 1
13 12
44 36
73 3
86 12
29 12
21 3
108 26
94 32
104 27
107 102
60 23
113 70
74 19
18 26
43 11
21 11
3 24
30 12
87 1
106 41
1 12
25 12
114 89
78 24
90 30
51 3
89 26
35 37
101 21
115 51
116 52
71 20
78 19
23 13
112 89
16 10
21 34
53 12
109 50
114 31
107 76
34 14
1 30
23 36
112 58
102 37
53 11
114 8
77 25
27 37
62 5
88 7
54 28
64 20
115 76
16 11
118 27
115 101
44 2
41 24
30 34
19 15
1 13
76 13
22 24
96 36
101 35
102 12
107 29
87 4
13 15
38 13
34 7
96 5
37 7
5 21
106 78
66 2
54 3
13 7
24 14
108 77
23 21
97 26
40 26
9 16
25 19
90 16
73 25
104 40
93 3
30 37
36 37
111 82
21 35
25 14
77 26
3 37
96 37
23 37
84 4
24 7
25 3
113 24
35 15
93 27
28 19
37 17
108 58
74 4
67 7
106 60
33 37
0 3
27 3
23 15
85 2
80 15
113 86
15 10
77 4
41 26
106 70
117 57
80 30
43 12
107 94
37 11
104 59
10 2
113 19
22 2
98 1
96 23
98 35
40 41
54 30
80 2
58 4
110 106
98 4
67 12
73 26
104 86
46 4
114 29
115 57
2 12
22 34
58 3
83 22
36 7
95 23
24 12
110 83
24 30
74 24
16 2
30 10
64 5
112 39
56 7
5 30
112 49
113 61
112 57
93 4
75 26
1 35
93 19
27 2
113 98
84 2
86 1
63 5
28 30
52 11
35 11
106 97
35 7
119 45
104 78
41 19
44 12
24 2
4 30
29 3
48 4
0 1
113 40
35 3
53 7
38 2
54 27
92 4
37 12
21 30
24 34
109 71
71 4
41 3
96 24
104 61
53 38
33 19
90 12
89 28
28 38
95 4
29 7
27 22
51 5
116 93
106 27
114 68
12 10
108 59
35 1
5 16
78 5
21 7
115 71
50 4
115 49
34 16
20 3
92 41
40 42
94 12
96 19
28 23
8 7
46 1
36 17
33 38
110 71
114 73
16 7
104 70
111 60
104 28
33 12
101 24
19 2
10 7
75 27
104 98
115 83
95 19
101 2
73 27
55 7
30 7
34 11
74 25
63 7
111 55
71 42
33 3
111 87
66 7
28 1
107 109
20 28
116 92
0 5
106 96
35 14
73 19
27 24
115 29
62 3
38 12
95 22
109 106
119 56
104 20
5 34
111 107
114 76
33 13
113 30
74 1
7 11
81 5
72 12
34 17
54 36
0 4
20 24
64 26
1 34
29 15
78 23
20 19
35 16
118 61
113 26
36 16
57 58
14 7
98 28
54 22
16 13
19 37
27 13
21 2
43 32
35 17
80 16
5 2
113 81
92 23
34 15
71 26
115 102
20 27
56 32
80 36
10 12
75 20
114 75
113 106
73 23
90 3
96 22
85 4
101 37
22 17
30 1
0 2
114 100
23 3
42 26
17 12
44 1
22 14
77 3
117 118
118 78
111 50
35 12
20 1
24 3
14 10
84 7
21 12
22 37
119 9
28 21
19 12
80 7
19 38
115 31
75 19
93 1
1 24
98 19
75 25
98 5
16 15
53 14
111 63
25 15
90 38
71 3
78 27
34 10
119 93
76 15
36 11
108 42
72 11
113 60
33 24
54 1
73 1
26 22
84 1
41 28
58 5
92 1
118 20
22 30
107 104
118 23
25 38
48 3
26 1
52 32
108 97
33 34
74 22
104 106
71 40
119 43
9 12
80 10
111 57
36 12
118 58
106 20
90 36
112 85
25 21
5 7
42 20
34 13
4 36
82 1
77 19
110 104
101 19
44 17
33 35
108 60
106 86
112 72
33 1
114 92
37 15
18 23
24 15
33 14
28 24
42 25
118 106
114 54
1 38
96 1
71 28
25 37
28 25
112 91
83 41
104 97
6 7
26 25
24 16
119 52
98 21
90 10
53 1
97 20
108 61
101 30
75 4
23 35
1 14
74 28
20 5
80 34
36 34
96 27
40 5
80 3
90 11
35 2
85 3
108 96
114 79
64 19
115 60
33 21
88 17
95 5
93 42
47 1
111 65
97 25
77 1
75 28
89 20
26 24
83 28
44 14
47 5
94 7
37 14
19 13
36 38
92 25
24 1
71 22
69 2
26 35
1 36
113 28
53 36
33 2
92 20
107 105
3 13
97 4
114 6
15 14
116 18
108 40
106 98
1 19
102 38
96 25
75 23
22 21
40 4
22 19
119 19
1 10
19 17
74 20
87 12
95 36
118 70
22 13
29 11
115 113
105 57
76 11
115 91
29 1
90 35
95 21
82 5
78 21
95 24
86 4
112 60
70 1
24 38
96 35
40 28
115 84
108 98
115 88
96 21
64 25
112 84
76 1
22 35
18 28
113 58
118 98
44 35
118 86
98 30
10 32
11 7
18 24
102 3
115 50
4 10
4 17
83 1
4 19
30 36
102 15
112 59
31 11
18 27
118 95
49 3
80 38
4 13
20 22
95 37
13 10
101 22
88 11
64 21
80 12
60 20
53 2
42 1
106 77
101 15
104 41
38 11
103 104
76 7
90 2
36 15
87 3
3 21
13 2
104 62
23 24
104 95
64 41
57 59
63 3
50 1
23 38
22 7
88 2
112 101
112 104
97 24
40 25
19 1
107 83
59 4
118 104
106 30
15 12
92 5
1 2
103 92
115 104
25 35
54 23
112 102
102 10
30 38
46 3
81 4
98 27
44 37
118 28
118 30
107 110
