65 16
90 22
57 2
72 16
3 40
90 19
57 22
85 2
92 16
67 2
78 9
95 6
98 49
92 31
90 20
0 1
51 50
67 46
57 12
8 38
90 32
98 15
53 16
67 4
63 9
93 32
94 32
3 27
0 4
84 1
37 26
43 6
56 15
3 37
90 42
54 37
81 31
53 45
75 15
51 48
68 16
35 27
98 5
72 32
12 19
64 17
30 4
88 3
98 39
71 22
52 17
79 13
92 2
64 13
4 26
43 37
37 27
81 7
77 46
79 9
44 21
5 36
44 32
96 13
98 89
37 45
98 16
59 62
39 1
67 37
68 48
95 19
93 6
68 23
44 13
87 16
56 42
54 2
13 27
57 49
98 34
84 11
98 21
84 6
98 20
93 1
98 33
42 36
93 48
67 8
68 6
93 5
57 50
39 62
2 28
69 23
97 45
58 17
55 28
68 3
0 3
82 47
49 26
93 3
84 9
12 35
77 6
39 38
18 1
57 9
98 10
90 17
43 7
92 37
39 26
30 23
79 4
57 19
77 7
72 3
20 35
65 32
97 26
94 2
67 23
98 6
98 17
68 49
3 19
58 11
68 2
68 33
96 12
68 9
88 17
87 31
66 9
85 5
0 8
97 28
77 21
95 1
67 47
96 42
50 28
67 7
44 9
56 31
95 20
64 46
3 28
51 11
96 50
76 7
56 12
9 26
95 49
67 32
99 33
56 1
65 1
72 4
98 8
63 17
64 9
57 15
53 1
96 3
93 9
68 10
94 5
57 23
90 50
84 37
84 3
67 49
51 15
79 5
96 7
18 3
0 17
59 40
78 4
57 21
83 31
98 42
58 6
68 8
95 13
82 46
92 20
73 16
1 27
9 36
37 55
75 7
51 31
87 7
84 12
95 2
44 39
67 39
57 46
96 5
67 10
54 34
18 7
70 19
56 50
98 48
58 7
68 19
80 6
65 37
64 42
67 34
67 42
65 39
67 6
69 17
44 20
68 11
29 27
58 9
57 42
57 4
44 45
43 4
80 5
65 49
90 1
79 2
59 38
57 34
58 37
95 16
51 19
88 1
98 46
98 3
98 47
95 9
49 38
54 17
68 4
65 34
44 6
44 48
3 26
37 40
90 6
57 6
65 7
25 13
84 7
44 15
59 26
71 11
64 16
53 22
91 27
25 17
79 17
54 5
68 24
79 47
52 13
79 23
97 1
57 17
79 31
57 11
56 2
98 7
65 19
79 22
96 9
20 19
30 31
65 20
92 48
3 35
21 26
97 40
6 26
65 42
98 2
35 28
83 16
54 14
53 17
44 22
98 24
58 4
92 9
54 16
92 17
93 47
44 5
67 12
2 27
93 7
79 34
53 4
51 47
51 16
95 5
54 42
68 39
57 32
79 7
54 50
97 27
88 16
18 21
96 6
30 33
98 13
75 11
85 9
58 5
44 7
30 22
3 36
54 1
67 20
90 23
50 26
98 12
44 1
58 16
72 2
72 17
92 13
65 21
79 3
95 17
68 31
63 3
67 50
56 3
92 21
71 23
67 48
95 37
92 34
92 11
65 3
16 27
68 42
0 7
58 8
84 23
84 22
3 1
18 16
92 1
81 6
93 4
59 60
95 4
90 9
35 26
98 45
72 13
18 19
58 2
75 31
21 1
82 48
58 13
59 36
37 28
58 20
68 17
3 17
51 6
44 23
30 7
90 13
9 86
6 1
21 28
75 12
92 7
68 5
54 21
44 8
98 14
57 1
95 39
57 3
70 17
94 14
69 19
98 50
0 10
98 9
51 39
59 13
39 19
98 4
44 12
64 24
87 1
93 17
65 50
18 17
54 6
67 11
67 5
72 5
68 12
0 15
92 19
82 17
65 5
59 28
76 3
65 48
18 6
68 47
0 9
95 7
80 9
69 22
3 41
56 17
71 17
56 5
0 12
51 7
92 15
54 9
63 16
85 49
4 28
68 21
79 1
44 47
39 37
59 27
18 20
44 49
95 32
44 24
75 17
79 16
18 22
54 23
68 37
57 13
39 36
56 16
30 19
68 13
44 4
58 3
56 11
77 17
93 2
80 17
49 28
98 11
38 27
96 17
92 12
0 13
51 17
34 1
84 15
53 23
58 15
83 17
67 16
87 6
30 14
30 32
4 27
67 15
0 11
98 23
3 39
54 46
51 34
39 27
57 16
67 19
62 26
21 38
57 5
67 24
79 50
96 1
95 3
59 61
97 39
39 35
54 7
71 12
84 13
74 26
44 31
65 4
68 22
51 23
58 10
79 48
68 1
50 38
97 55
59 46
21 27
99 46
96 19
54 22
85 37
98 19
30 34
92 46
54 3
94 16
6 28
51 12
44 10
44 3
84 17
66 1
65 23
67 9
67 1
98 32
13 26
79 19
92 47
44 17
53 9
96 2
30 21
71 9
54 13
67 13
54 32
64 19
44 37
51 22
90 7
98 31
11 28
67 22
65 22
0 14
76 6
78 2
82 16
78 21
68 50
96 11
92 39
65 47
58 49
18 23
50 27
67 3
98 1
44 11
65 2
1 26
68 32
39 89
57 7
44 46
58 33
30 6
0 5
0 6
53 19
18 24
59 19
58 12
84 16
44 16
57 20
92 5
68 7
0 16
44 42
67 21
44 2
99 19
93 16
0 2
90 3
79 46
21 36
78 5
64 50
75 6
98 22
92 32
96 39
67 17
18 13
81 3
36 27
64 1
96 16
44 50
59 35
96 15
51 42
98 37
49 27
80 3
3 38
80 2
79 42
30 16
36 28
38 28
22 34
96 31
44 19
65 6
92 3
68 15
57 45
39 41
84 32
79 6
71 15
92 6
21 41
80 7
