24 2
28 19
34 9
7 2
28 15
4 6
10 1
19 7
10 2
28 24
23 6
18 3
28 22
37 10
24 0
12 6
19 1
33 9
32 6
5 1
6 3
13 24
22 7
4 5
44 17
38 10
23 5
22 5
44 12
39 10
39 9
13 20
28 20
8 9
28 12
10 3
28 4
4 2
36 10
23 1
24 1
44 15
24 3
20 7
18 2
26 3
20 2
6 5
3 2
29 9
44 20
34 10
25 2
12 7
13 9
16 7
7 3
19 6
13 27
11 9
17 3
26 0
13 14
13 4
12 2
44 23
41 9
5 7
43 3
28 10
12 3
13 21
0 1
31 10
20 0
19 3
9 3
12 0
22 2
28 18
19 0
20 5
24 6
27 7
44 19
40 10
4 7
40 9
22 1
44 21
28 21
0 2
9 5
22 0
13 15
42 9
44 26
28 9
33 10
44 16
27 1
5 6
28 27
44 24
30 10
41 10
35 9
18 6
9 1
38 9
13 25
24 7
43 2
25 5
27 6
29 10
23 0
13 12
42 10
4 3
6 1
44 14
7 1
27 2
27 3
28 26
25 6
16 1
28 16
25 7
32 7
24 5
26 1
21 3
4 1
16 3
23 3
21 7
6 2
5 3
18 5
30 9
35 10
25 1
32 5
26 2
13 16
16 5
9 6
19 5
21 0
20 3
20 1
18 0
8 10
44 25
13 22
26 7
36 9
21 2
13 19
13 17
25 0
44 18
5 2
12 1
23 7
7 5
21 6
0 3
9 7
12 5
22 6
22 3
27 5
44 27
28 23
13 10
37 9
16 2
20 6
16 6
44 4
17 2
13 23
44 22
32 3
11 10
9 2
41 3
32 0
19 2
17 1
28 25
18 1
13 18
26 6
21 1
21 5
28 17
18 7
7 6
23 2
26 5
31 9
6 7
13 26
25 3
28 14
