32 29
45 15
125 61
47 11
114 31
88 27
118 60
91 8
28 50
49 18
93 18
110 5
25 16
92 36
47 63
117 14
33 58
83 89
91 30
24 8
65 61
2 57
22 17
124 59
45 17
118 65
125 5
7 58
123 59
88 24
81 12
49 16
137 90
75 15
43 44
77 8
49 52
127 64
140 78
8 25
101 1
11 13
50 58
143 89
133 136
68 11
23 27
1 20
79 37
140 141
8 14
29 58
55 13
99 34
60 5
143 124
127 35
30 10
75 44
41 33
45 2
17 12
9 21
6 32
126 21
106 27
50 2
104 7
63 53
59 17
79 21
117 3
20 17
45 52
132 32
138 74
106 62
102 27
35 45
139 42
129 64
60 37
113 30
8 30
34 58
88 62
50 43
57 9
116 21
121 12
47 37
58 61
132 23
94 4
60 62
25 60
16 21
48 53
35 16
49 14
50 59
77 2
27 61
146 33
57 1
106 35
64 48
130 106
23 35
33 64
118 45
43 13
143 83
68 5
127 32
123 7
102 29
16 10
51 53
115 21
87 28
114 28
139 25
147 41
63 44
7 15
119 24
7 5
134 28
32 45
28 5
109 8
10 14
95 3
124 17
106 25
64 62
30 57
53 11
62 66
110 16
58 43
92 31
102 34
30 58
6 63
112 6
2 66
15 21
140 121
34 48
138 114
13 18
51 17
130 98
46 20
84 64
27 49
54 10
88 7
58 4
140 41
37 2
52 9
124 7
66 14
67 45
26 7
52 19
43 63
118 34
82 61
26 51
98 26
119 1
20 11
35 30
42 8
67 13
138 38
138 121
28 6
50 5
35 18
118 57
146 80
66 37
44 37
35 43
37 17
101 48
52 13
52 1
7 4
27 52
101 49
18 11
64 18
82 13
130 38
101 47
124 16
93 14
76 18
100 3
31 29
49 1
29 52
117 21
110 7
122 4
67 54
23 36
3 11
59 65
115 4
7 54
104 50
91 26
74 7
47 5
82 1
57 58
90 1
45 13
34 53
122 5
134 113
75 21
119 5
29 55
65 52
42 29
145 83
82 25
34 56
76 61
147 43
143 118
46 9
55 65
117 20
9 19
125 59
27 65
48 9
82 60
57 16
22 13
52 18
43 66
82 62
77 7
58 63
82 47
99 28
49 11
86 7
68 10
48 2
22 12
82 63
125 54
140 0
34 64
6 49
61 53
145 129
110 4
91 7
51 57
55 11
89 6
55 46
77 13
27 44
101 37
20 16
60 20
35 5
81 4
110 57
132 111
23 34
63 9
70 6
41 36
107 32
36 30
8 57
17 15
27 5
41 31
33 45
54 43
36 24
93 1
52 17
143 73
41 6
50 8
29 64
116 20
28 56
50 17
28 43
17 21
87 99
106 64
133 114
37 9
27 14
6 2
42 33
58 13
128 83
75 58
6 50
136 131
21 18
29 43
100 37
119 54
65 43
129 23
124 60
29 7
120 8
59 16
146 32
128 79
139 89
63 2
70 7
46 3
97 5
60 10
60 8
124 10
33 56
123 35
6 61
33 43
46 16
138 98
67 43
140 115
11 5
84 16
79 18
108 6
22 14
57 14
46 37
5 18
44 5
32 49
21 19
60 21
63 37
30 14
4 18
123 58
25 49
46 1
138 69
69 6
115 20
114 7
0 2
28 35
43 47
32 66
113 8
96 13
31 8
32 13
123 48
6 66
135 40
53 15
133 98
101 61
33 29
119 25
56 2
33 30
53 14
134 70
103 6
82 21
45 43
51 49
123 50
67 2
101 64
29 50
51 11
55 66
105 19
60 45
64 13
57 43
29 13
6 24
8 17
24 14
22 1
76 44
98 33
146 109
28 29
138 129
45 10
108 3
45 49
72 34
129 25
8 1
82 7
103 5
58 2
124 44
83 86
138 79
24 65
84 2
75 52
4 14
5 17
125 20
144 41
34 43
124 58
17 9
94 17
129 127
10 11
132 26
101 55
54 52
56 20
84 46
76 20
48 46
50 46
82 37
57 21
6 55
44 21
88 56
42 36
138 100
138 72
64 53
35 13
59 61
28 30
80 7
25 17
48 44
47 13
138 124
55 61
139 120
54 66
30 17
27 53
27 8
24 32
25 59
60 43
134 85
26 55
88 59
57 11
84 47
112 3
32 53
7 56
119 30
33 6
132 64
24 56
8 32
24 57
55 14
55 15
4 44
53 18
32 4
127 34
88 50
146 107
125 10
147 104
27 1
124 21
6 57
51 55
99 6
43 21
113 6
125 8
51 5
27 9
32 7
29 15
45 20
62 1
64 11
119 35
36 32
63 13
42 31
54 46
125 14
48 45
77 4
34 29
49 37
15 12
82 20
18 20
110 54
54 8
107 26
9 15
124 66
25 14
25 18
119 64
58 65
76 1
134 107
29 45
22 20
9 17
140 95
65 44
96 35
24 37
146 87
115 3
92 42
30 53
2 47
45 37
28 32
13 12
130 83
14 11
59 13
138 22
112 2
4 11
58 14
44 12
57 44
133 112
91 31
126 3
91 24
125 2
62 10
30 2
31 33
99 24
76 17
65 11
24 2
75 49
127 3
14 19
99 23
56 37
56 3
5 15
139 32
126 14
10 15
92 33
82 35
9 16
88 65
63 16
33 65
54 21
112 8
60 65
55 49
120 24
54 2
26 54
45 59
27 10
129 88
24 49
84 17
147 68
55 52
119 7
16 15
91 23
55 3
8 58
1 11
129 85
48 59
107 29
94 5
118 58
26 64
106 26
139 26
94 13
11 4
53 3
50 44
64 56
27 6
35 17
15 2
16 17
139 107
106 32
76 5
138 71
137 39
33 54
93 7
113 29
35 56
23 8
72 36
27 55
108 2
6 25
67 11
4 21
118 30
75 5
29 66
146 25
56 11
116 5
25 43
99 8
29 30
101 57
144 104
35 46
124 20
35 3
54 15
53 17
119 32
49 15
125 65
99 27
126 13
62 15
62 44
136 105
102 26
42 25
58 49
54 5
43 20
59 53
82 18
16 2
72 25
65 37
139 111
0 5
124 8
134 64
127 2
56 55
55 47
35 57
1 37
88 6
78 21
71 7
17 14
129 58
44 16
28 34
3 14
84 3
144 44
91 6
61 12
76 37
50 16
7 24
119 27
147 81
58 20
59 63
87 6
47 16
27 4
35 49
25 44
123 25
100 1
44 20
75 63
24 10
66 61
41 26
47 10
133 118
119 50
84 65
101 16
107 24
83 85
9 10
101 45
108 8
33 59
7 45
35 48
4 37
127 58
24 15
18 14
6 7
34 3
68 19
144 79
137 133
27 62
132 42
117 44
8 16
52 14
82 54
28 8
132 113
132 123
34 24
61 13
106 7
72 33
56 10
101 66
60 16
46 44
33 50
75 4
118 28
46 18
28 57
62 63
1 12
24 48
50 49
8 52
118 25
143 126
8 15
44 18
119 4
36 28
13 15
120 33
68 21
132 28
30 51
27 54
64 4
27 63
102 28
92 29
68 37
44 15
8 47
67 47
127 24
18 17
48 63
129 42
2 61
102 51
5 63
104 28
8 62
113 60
124 1
55 58
88 48
25 54
134 127
67 58
46 49
56 58
28 7
4 20
98 6
64 43
135 132
139 70
56 46
28 49
110 10
25 7
143 70
129 35
60 1
56 18
138 111
46 15
7 48
48 11
58 21
32 16
132 25
9 14
106 60
48 37
35 60
8 50
8 35
33 51
126 20
60 59
123 64
101 63
50 63
124 56
29 63
134 99
45 54
125 66
21 37
56 17
49 13
137 38
68 20
82 32
102 30
23 29
119 51
68 4
66 46
58 18
113 64
106 29
61 5
98 28
44 2
66 49
57 4
46 53
67 52
85 7
51 16
81 11
7 25
24 30
123 45
84 32
61 21
25 15
60 13
8 54
52 21
55 16
66 18
4 19
143 85
45 57
60 47
107 64
130 72
10 4
97 2
126 17
49 20
49 21
124 14
123 54
3 61
48 10
6 60
2 11
91 34
58 47
124 63
9 2
103 4
44 52
81 19
84 63
110 49
35 54
48 1
64 54
129 123
1 13
27 29
60 17
84 58
31 24
75 47
30 7
92 32
119 3
67 9
120 27
125 1
116 2
27 25
104 6
16 5
51 14
61 44
56 53
15 1
101 4
57 63
61 18
60 49
59 58
62 48
8 2
57 17
118 62
140 97
147 143
101 9
118 2
7 21
96 1
126 5
29 4
125 17
14 18
97 20
127 43
32 17
51 3
33 27
8 59
11 19
85 6
118 32
48 5
138 77
89 8
144 142
130 132
29 2
100 17
55 1
45 3
139 109
3 37
83 18
93 44
3 4
137 119
143 72
56 61
65 2
88 55
127 8
8 64
7 60
32 46
25 58
54 20
132 129
11 1
84 30
23 33
24 13
32 15
36 33
94 21
100 13
55 10
56 1
82 29
77 14
60 2
24 1
79 61
97 14
123 65
111 8
42 24
64 57
124 2
118 33
35 64
129 111
87 36
41 23
29 20
143 119
43 18
51 50
34 62
47 1
46 4
48 47
56 5
121 19
26 59
90 2
45 16
98 36
107 51
80 6
133 125
59 20
82 2
138 86
3 13
101 65
84 55
30 3
58 17
50 65
7 29
110 37
27 32
100 4
25 52
4 16
1 4
143 106
46 13
64 58
27 16
41 27
94 20
37 10
51 43
129 36
147 119
126 7
5 9
134 87
29 5
62 52
93 64
27 48
6 3
129 120
6 8
136 72
34 45
24 9
16 11
16 1
143 90
25 9
30 20
118 29
57 10
25 57
42 35
7 27
29 1
123 29
107 62
24 45
64 10
95 13
54 47
97 18
27 51
106 50
47 17
88 34
38 19
10 17
9 4
65 5
36 64
23 28
56 54
43 53
27 59
27 17
82 17
43 2
44 3
31 32
120 6
136 132
81 5
35 15
6 45
55 5
35 61
50 56
26 45
82 44
106 8
65 1
8 43
36 60
75 18
114 26
4 13
45 1
34 35
134 24
34 55
91 32
67 16
37 20
65 18
136 106
52 2
88 54
116 6
94 2
117 18
18 1
28 48
88 58
62 20
31 35
85 8
129 28
35 6
50 11
30 56
48 61
13 16
135 129
124 18
89 7
134 32
130 131
127 25
84 43
95 21
58 44
82 50
43 9
110 43
58 3
83 70
15 19
24 50
138 122
107 30
84 9
75 7
146 31
139 132
76 3
31 25
82 16
135 105
113 24
41 7
9 5
27 3
20 37
8 46
143 98
7 3
107 33
4 12
57 5
47 61
110 61
8 55
60 52
29 60
24 63
86 6
1 21
76 14
110 55
95 2
95 17
45 65
58 5
75 48
72 32
24 64
35 59
22 5
42 23
53 12
8 29
110 8
43 14
82 8
110 59
66 2
47 21
25 65
101 2
54 11
25 48
90 5
129 99
60 7
120 23
7 35
72 7
61 1
118 43
34 49
139 36
103 1
140 100
3 16
6 56
2 9
112 5
6 29
20 18
88 43
143 22
143 87
37 3
90 7
84 37
100 18
113 50
129 34
48 18
35 7
51 9
26 34
138 141
34 47
25 51
45 47
24 54
45 11
13 37
7 59
8 51
32 56
72 24
133 106
66 13
125 44
138 89
106 6
54 61
146 64
7 52
101 51
51 48
2 63
63 21
96 32
77 6
3 53
45 58
7 8
82 5
24 51
139 23
28 58
43 61
84 53
61 20
32 10
117 4
3 20
25 50
139 31
67 65
57 15
13 9
118 27
52 16
54 16
64 45
83 84
28 25
8 48
67 48
29 44
94 3
138 73
27 13
132 35
56 21
50 21
55 21
7 43
29 54
27 15
125 46
50 1
37 11
134 120
120 7
68 15
62 61
136 114
134 26
13 10
25 56
124 37
64 8
78 12
5 16
138 103
8 20
3 5
60 44
63 10
51 1
27 56
138 115
45 21
99 36
135 131
119 56
30 64
25 63
146 85
100 2
92 8
34 27
123 43
64 2
31 26
65 4
92 26
35 52
103 2
57 65
59 1
6 48
25 8
56 65
43 16
30 1
134 80
30 62
15 3
66 53
2 15
35 58
51 64
49 3
123 34
65 53
134 23
26 33
143 115
96 5
10 13
53 13
26 57
54 59
104 35
143 103
91 33
2 13
97 17
107 7
29 14
133 121
81 20
30 52
48 3
24 5
65 49
102 24
140 142
54 58
43 37
51 2
25 3
67 46
109 7
136 129
134 109
53 2
10 3
101 5
55 43
93 32
75 56
63 52
138 76
107 8
71 6
118 54
31 7
119 53
30 4
17 13
66 52
34 32
82 48
54 44
15 4
53 44
30 65
143 111
28 65
51 63
139 64
31 28
125 18
20 9
62 57
137 131
3 1
55 63
83 61
66 15
55 18
90 13
84 35
25 10
72 28
121 21
109 6
143 74
98 23
35 62
129 80
25 30
146 88
35 50
8 53
32 30
104 24
124 61
146 58
24 16
6 43
30 5
143 43
134 36
102 8
21 9
75 9
96 44
124 65
9 3
34 60
15 13
37 1
28 62
124 13
7 2
33 25
115 14
9 11
146 89
44 1
123 55
125 37
24 58
119 14
101 53
134 25
76 2
57 52
59 3
93 13
101 44
30 55
96 4
5 53
132 70
27 2
50 14
110 17
135 39
75 59
100 20
143 71
125 11
27 47
84 51
104 34
63 18
110 58
129 86
82 49
30 54
107 60
54 13
59 14
34 65
134 111
15 5
29 57
124 50
137 77
68 13
28 45
42 26
139 99
30 61
31 6
2 46
104 29
129 132
95 5
20 21
99 32
82 14
137 43
134 58
43 11
93 21
60 57
55 44
96 64
118 6
115 5
62 3
25 11
65 46
144 119
67 7
30 47
59 2
46 14
60 48
23 6
140 122
2 18
37 18
114 8
64 66
59 49
60 53
57 18
82 4
48 14
135 38
47 18
110 14
101 46
134 35
103 8
64 21
48 4
121 13
96 20
107 28
101 10
32 60
8 56
51 37
11 21
7 46
127 5
33 32
80 8
25 46
116 17
32 52
34 8
81 14
48 52
135 83
122 13
137 108
133 134
24 52
77 17
7 37
106 34
51 61
28 66
81 13
91 28
24 62
138 117
138 40
46 52
55 57
6 62
4 9
59 44
108 7
9 18
138 116
110 48
44 11
146 86
127 28
50 57
110 53
65 16
27 50
137 116
45 61
64 1
51 60
110 20
67 61
133 124
143 80
122 3
62 16
21 11
2 20
143 108
119 2
84 57
119 62
4 15
107 6
35 65
143 76
132 33
107 27
143 69
2 3
96 21
133 22
27 58
7 61
17 37
74 8
139 34
117 5
3 17
1 9
133 119
103 20
28 47
37 12
43 4
10 5
26 48
63 15
59 15
18 5
62 49
34 4
74 6
43 5
139 58
129 109
68 12
66 4
2 37
113 35
8 4
51 44
7 16
125 53
58 52
35 66
51 52
32 48
66 5
104 33
82 15
104 36
58 53
3 63
48 58
34 7
67 59
8 44
93 20
107 35
1 14
3 9
64 49
66 9
82 3
29 17
124 53
11 20
34 25
115 1
126 4
62 14
95 1
35 9
3 21
43 17
11 17
101 60
123 24
82 45
0 8
65 15
47 2
25 37
25 55
124 45
125 55
50 54
17 19
137 110
114 34
62 13
59 47
14 37
8 3
5 14
102 6
24 66
30 48
43 46
64 17
91 35
33 24
90 14
147 146
111 6
34 66
137 83
14 21
33 8
91 27
47 52
24 59
138 139
75 3
28 55
93 61
128 119
57 49
46 10
51 54
101 62
49 10
75 17
132 36
115 2
56 8
87 26
143 100
114 27
122 21
126 8
25 62
96 25
13 21
134 34
23 32
119 6
137 79
102 32
9 12
51 15
27 24
9 1
25 5
27 7
125 49
138 106
51 56
42 28
137 118
8 21
32 44
53 37
63 17
33 7
6 64
119 47
29 59
132 24
125 13
9 13
77 20
68 3
88 8
138 119
8 49
35 37
27 64
33 55
50 45
50 9
146 26
57 13
138 87
132 89
139 84
125 16
32 50
11 12
26 6
1 16
75 53
65 66
25 61
110 52
84 62
63 14
26 2
37 16
84 54
36 62
134 132
99 25
119 17
25 53
140 104
144 43
27 30
101 30
36 51
20 12
56 57
56 13
107 50
29 21
122 2
29 18
124 62
26 62
28 54
30 16
5 44
28 24
115 61
28 64
111 7
122 1
30 21
8 10
128 71
138 85
118 24
25 4
51 13
122 14
120 34
120 28
75 16
94 1
110 18
92 28
50 53
65 3
57 46
110 15
132 87
62 45
84 61
62 37
42 34
3 52
45 5
132 109
36 26
67 10
59 66
115 13
1 53
37 21
41 42
62 18
101 13
128 129
29 61
143 109
138 70
64 52
16 19
68 14
126 2
51 18
127 56
144 129
6 27
59 5
129 113
31 27
102 36
63 3
133 115
62 4
63 20
50 15
64 3
53 16
25 21
90 6
113 62
34 30
123 27
15 11
98 42
48 16
24 29
28 60
38 12
59 21
53 9
2 49
119 44
140 106
23 31
24 43
50 37
26 29
32 8
130 40
47 9
101 15
84 13
101 11
27 35
30 13
42 30
24 53
82 9
67 56
10 12
75 2
82 52
75 14
118 64
139 85
66 44
41 34
119 60
100 5
110 1
26 58
147 82
133 122
95 4
106 30
132 88
140 91
60 55
67 15
53 19
50 61
8 5
34 46
36 29
20 14
88 30
118 35
16 18
24 6
16 13
82 57
60 18
88 2
124 52
124 49
119 45
83 43
100 12
119 58
42 32
110 66
117 37
23 7
23 25
124 55
91 25
54 14
49 5
93 2
77 21
82 58
138 39
118 55
64 47
97 21
58 46
116 14
55 54
146 28
124 57
119 46
140 94
135 114
88 32
18 12
134 129
72 35
75 65
92 7
91 29
25 29
67 60
128 90
29 51
8 61
56 49
119 49
48 66
43 1
82 66
24 3
118 48
65 47
129 26
29 46
122 17
27 66
31 36
6 30
69 8
51 59
116 4
53 52
41 35
63 5
76 21
3 15
43 52
115 44
113 25
129 84
64 37
110 45
96 8
56 14
44 13
132 58
62 56
60 15
7 62
147 101
136 39
114 99
123 28
101 29
75 8
20 15
133 130
47 3
5 13
24 17
34 57
7 9
139 86
30 60
35 32
49 4
120 42
29 56
32 11
35 2
124 51
64 9
18 21
88 57
5 4
25 1
49 17
84 66
53 5
90 17
2 53
92 24
118 8
128 118
124 43
67 1
125 52
55 53
8 13
67 63
112 7
43 3
55 37
59 4
0 7
36 6
132 127
55 20
94 18
72 29
146 132
146 34
41 32
140 125
66 21
123 6
143 117
67 53
138 110
53 4
123 30
117 17
44 19
32 63
82 53
73 6
53 1
36 8
132 120
64 61
32 59
56 47
62 2
75 37
50 66
138 83
62 11
51 62
28 59
65 20
50 4
134 89
70 8
128 43
57 37
138 109
34 51
24 4
135 98
124 15
35 29
35 47
138 78
8 9
75 66
67 66
88 35
146 35
101 21
76 4
129 70
54 18
39 19
42 7
96 61
99 26
140 105
64 60
82 10
123 2
18 3
72 6
133 135
82 55
44 14
27 20
32 14
34 63
119 57
62 59
137 40
45 8
24 47
47 4
75 61
4 17
124 25
33 57
90 21
47 44
130 105
104 25
93 8
5 11
45 66
139 87
119 48
53 20
41 24
2 4
60 3
75 13
73 7
93 17
110 47
49 44
69 7
8 63
138 126
119 21
56 63
67 17
10 1
52 20
58 37
98 27
33 48
20 19
90 20
129 32
61 52
143 122
59 43
137 69
84 25
7 32
84 5
84 49
88 45
14 15
46 11
49 63
101 52
113 32
32 62
62 55
68 2
30 49
75 57
145 119
126 6
18 13
67 57
68 1
130 114
25 64
110 21
48 49
27 21
136 98
30 45
37 19
35 1
15 18
128 104
32 57
124 30
138 90
64 63
30 63
143 125
139 129
15 20
92 27
42 6
132 85
32 18
6 59
93 58
36 50
26 25
55 8
26 30
29 16
93 43
36 27
145 133
48 55
51 21
32 2
37 14
35 4
101 43
92 25
65 14
60 61
48 17
113 27
33 60
125 47
75 45
120 26
124 64
3 18
82 65
58 15
134 31
10 20
26 27
37 13
17 10
5 21
10 2
60 54
36 7
146 70
119 13
62 65
65 13
90 8
7 14
84 29
98 7
84 48
41 25
44 17
35 11
16 3
58 66
146 111
134 84
130 78
99 7
56 43
62 17
10 19
6 65
67 20
119 52
123 62
122 20
23 30
60 63
23 24
132 31
102 7
56 66
35 8
55 9
64 46
92 23
44 9
92 30
1 15
22 4
32 61
64 59
7 47
18 19
102 64
123 56
130 39
100 19
72 27
60 58
119 43
75 43
7 66
56 59
125 9
2 58
51 65
146 120
24 60
143 110
62 7
45 44
90 4
50 7
34 50
116 8
124 4
97 4
47 14
53 21
95 14
81 17
44 4
86 8
25 2
57 66
23 26
125 43
56 48
67 18
63 11
68 18
118 7
104 51
143 114
1 18
93 35
48 43
136 78
52 3
114 23
7 50
101 18
132 84
66 16
30 9
84 44
110 2
96 6
46 61
93 56
2 16
3 44
81 21
101 50
2 44
64 55
124 6
93 6
43 49
115 17
55 4
115 18
59 37
46 2
55 17
34 61
34 59
147 67
146 84
34 1
88 66
113 28
104 64
54 65
98 24
101 58
54 3
35 21
125 45
67 4
101 14
51 7
83 87
123 51
143 86
66 47
45 55
98 31
56 44
104 8
18 4
88 60
21 15
30 44
146 36
43 10
84 8
59 9
52 12
133 72
96 18
12 19
122 19
67 50
45 9
7 49
124 48
61 16
96 37
32 21
143 77
140 102
57 61
26 50
62 47
60 14
110 65
59 52
122 12
48 20
103 3
116 3
53 10
87 34
16 20
84 52
5 20
110 46
122 18
139 33
51 46
41 28
97 3
28 51
125 57
143 116
33 62
132 34
114 42
41 8
91 42
81 3
32 37
48 21
101 20
120 99
124 5
96 43
96 2
118 56
101 54
127 6
67 14
129 89
146 23
62 46
61 2
29 65
67 49
49 61
82 56
7 10
106 33
75 1
102 35
61 37
101 59
5 1
2 10
33 34
114 24
24 7
26 24
140 92
24 55
82 30
8 60
75 11
146 127
134 33
143 121
50 55
1 17
101 56
138 125
29 53
72 31
125 3
61 4
66 11
57 47
26 56
110 56
63 1
139 123
114 6
25 45
139 127
88 51
32 64
82 46
15 14
140 22
64 15
30 37
62 54
61 11
101 17
62 8
84 45
65 9
68 16
84 15
22 19
125 63
147 129
64 44
87 23
82 64
7 63
40 19
63 61
67 3
7 53
7 17
133 76
96 7
28 2
57 3
62 53
120 36
44 10
52 11
46 5
48 15
132 99
33 2
139 24
24 25
104 32
101 8
73 8
96 14
113 34
138 105
5 37
61 10
119 63
138 131
96 58
88 28
15 17
75 10
22 3
57 2
56 52
50 47
57 8
110 3
61 9
125 58
67 8
136 38
35 10
91 36
129 107
118 59
2 55
4 52
99 33
62 9
145 146
5 61
78 19
113 51
124 32
97 13
60 4
115 37
17 11
29 37
75 20
25 66
132 80
95 20
87 42
123 57
118 50
30 46
30 18
54 37
29 62
106 28
2 43
2 14
107 34
35 25
8 37
102 33
5 10
71 8
81 1
119 61
29 9
63 4
16 4
45 18
87 31
28 27
82 59
132 86
119 66
135 78
127 7
37 5
26 60
64 16
143 129
30 59
117 1
46 63
13 19
119 65
116 1
32 47
140 117
125 4
98 34
59 46
52 10
50 3
60 9
48 54
60 46
146 129
82 51
104 27
129 24
66 3
36 35
93 25
64 20
138 118
139 88
101 7
72 23
99 31
32 20
57 20
35 51
124 3
56 45
34 54
140 76
32 55
119 29
35 55
1 52
2 17
134 123
77 3
48 8
61 15
31 30
32 65
139 28
56 7
62 21
117 2
13 11
77 5
8 66
8 45
31 34
75 54
60 56
123 60
100 14
30 8
29 11
144 118
98 99
55 2
26 28
42 27
14 13
51 45
143 112
50 13
133 83
144 81
24 35
145 143
47 20
136 40
17 18
14 9
138 108
65 21
147 25
132 107
66 1
124 47
45 53
104 30
10 18
35 63
25 47
5 52
51 47
37 4
66 63
124 46
88 29
29 49
84 50
52 15
6 46
102 25
26 35
32 9
106 24
35 44
140 124
120 31
16 14
104 26
2 1
124 54
134 88
84 10
24 61
75 46
2 52
45 4
45 63
7 51
65 63
117 13
82 6
101 3
32 1
106 51
37 15
57 53
29 47
134 86
56 4
59 8
113 7
28 63
66 17
1 44
32 3
27 43
49 2
83 88
43 15
0 3
146 42
61 17
7 13
51 58
54 53
7 55
64 50
51 10
126 1
133 117
30 11
47 53
6 35
29 10
54 4
124 9
46 17
146 99
64 7
68 17
45 46
113 33
133 129
116 7
114 33
129 87
93 3
62 58
34 5
138 80
125 21
79 44
27 57
119 8
25 20
2 5
100 21
29 48
56 9
66 10
16 12
7 20
136 83
10 21
46 21
30 50
7 64
54 63
113 26
98 8
110 9
118 51
6 5
67 44
29 8
67 21
124 29
32 5
138 112
67 5
139 35
59 18
52 37
123 32
30 43
60 11
143 139
6 51
51 20
0 6
11 14
49 53
90 3
84 60
84 4
39 12
22 21
88 64
32 58
28 46
110 13
67 62
54 17
92 6
29 3
76 13
146 123
54 49
110 63
59 11
124 11
72 26
64 14
68 9
58 16
61 14
119 59
32 25
2 45
54 1
7 1
32 43
56 16
72 8
58 1
67 37
137 129
20 13
139 80
33 28
48 65
140 93
105 12
48 13
93 5
0 4
58 10
58 9
114 36
24 46
7 44
51 4
50 10
137 71
30 15
51 8
133 100
110 11
2 59
33 35
51 66
103 7
52 4
7 57
35 53
99 42
135 106
58 11
138 43
6 54
99 35
137 138
50 18
25 13
69 2
77 1
84 56
0 1
65 10
47 15
24 20
61 3
6 58
62 43
9 20
35 20
54 9
130 129
92 34
65 17
27 37
92 35
139 113
3 10
14 12
2 21
28 61
50 20
128 41
66 20
147 118
84 59
107 25
96 56
135 72
123 8
146 24
82 43
32 51
56 15
145 118
62 5
96 3
52 5
21 12
75 55
26 8
116 13
117 12
140 96
34 2
24 44
40 12
96 17
93 37
93 4
27 46
36 34
97 1
110 44
50 52
36 25
137 87
119 20
26 32
30 66
45 14
72 30
27 45
125 15
88 25
49 47
134 42
64 5
7 30
24 21
35 14
119 55
64 65
32 54
129 31
146 113
60 66
94 14
49 9
137 103
129 33
67 55
59 10
