17 5
15 8
15 2
15 9
14 13
15 7
23 9
12 9
20 16
15 12
14 4
18 13
20 0
21 16
20 1
14 3
19 7
19 20
7 1
14 7
24 3
20 21
20 8
24 10
24 4
6 4
19 0
0 1
6 2
21 1
24 7
5 1
6 10
15 10
24 8
18 2
6 13
21 22
15 4
15 1
18 3
23 4
14 8
6 9
23 10
15 11
17 16
4 5
23 11
18 4
17 1
14 1
23 13
11 9
12 11
24 11
17 4
6 3
24 12
3 1
20 22
6 1
14 12
18 1
16 5
20 17
20 5
6 7
12 1
5 4
23 1
14 9
24 1
19 4
10 1
20 12
18 12
3 5
18 7
18 10
21 9
16 1
20 7
23 3
21 11
15 3
14 2
14 11
6 12
24 2
2 1
14 10
6 11
24 13
23 2
4 1
16 4
23 8
8 1
15 13
18 8
24 9
18 9
23 7
20 4
23 12
3 4
13 1
17 3
18 11
6 8
