5 9
109 67
95 58
78 59
118 48
113 54
107 108
9 23
112 85
101 6
98 56
16 27
40 3
35 7
96 30
19 8
92 5
20 33
20 31
59 60
60 3
112 38
51 3
77 2
82 24
103 104
47 2
79 58
58 20
107 86
40 11
49 52
97 8
62 56
66 58
3 23
30 32
4 26
46 7
102 5
92 56
113 58
79 54
56 19
99 55
86 52
17 15
109 79
31 30
115 44
68 12
36 24
66 53
71 59
67 58
14 25
80 11
7 27
52 59
16 15
114 67
62 3
14 21
6 31
86 57
35 25
3 27
111 84
102 68
87 22
16 31
18 21
71 58
2 13
7 33
42 2
63 53
113 46
55 10
49 58
95 53
25 22
113 48
42 8
46 2
53 21
39 3
112 91
82 11
115 87
103 67
35 21
58 18
4 24
46 27
17 7
102 62
55 7
108 57
78 56
12 16
22 2
23 11
110 102
17 31
10 34
45 16
112 102
94 55
27 30
66 55
57 53
19 25
60 53
1 8
70 55
17 10
45 10
102 99
98 55
9 1
18 1
2 30
2 21
9 7
97 10
6 18
87 1
59 19
32 34
118 47
1 24
107 51
35 9
43 2
106 68
111 28
7 13
83 1
1 30
108 49
103 44
11 23
79 52
12 31
97 18
112 4
16 34
97 2
102 63
13 22
20 13
93 26
103 64
108 70
3 21
71 63
10 8
67 26
49 62
60 14
29 23
16 1
18 15
95 3
106 98
8 27
17 19
94 56
45 7
26 21
31 32
55 3
113 37
106 13
59 55
18 30
89 2
35 33
9 11
58 8
111 69
1 13
96 33
22 32
45 8
108 76
106 20
70 58
27 13
28 24
3 20
119 43
25 23
22 31
61 53
3 9
78 12
96 21
6 13
26 11
47 3
29 27
111 91
3 26
18 22
108 95
118 56
96 24
2 24
52 56
115 51
44 17
43 32
5 23
60 16
46 58
108 59
109 64
78 5
28 3
84 11
68 54
67 3
98 6
1 25
87 33
108 78
114 92
92 59
94 54
20 15
59 18
66 6
107 103
28 2
113 75
119 102
64 56
68 59
57 3
112 83
36 33
24 30
9 24
98 16
112 86
70 53
115 76
108 102
76 3
23 33
14 13
68 14
2 11
112 49
71 60
58 16
18 2
8 2
87 27
103 106
59 53
87 26
107 102
79 63
40 1
24 11
66 54
118 37
66 14
46 26
112 82
50 3
94 58
109 102
97 9
56 53
46 60
45 20
9 20
115 67
96 2
46 9
5 15
115 80
47 24
118 68
65 34
117 115
5 2
20 8
58 53
55 14
23 13
108 56
103 105
16 2
44 13
15 21
12 2
112 39
14 22
54 18
31 11
75 60
14 11
8 11
27 11
119 6
107 65
26 16
45 53
106 50
97 16
91 24
17 2
64 63
63 52
118 102
112 76
16 13
23 32
53 6
61 57
115 74
19 20
91 1
42 25
6 19
46 15
44 46
118 97
62 58
29 31
65 33
70 3
58 6
53 24
22 24
54 55
45 12
108 62
63 60
4 27
80 1
86 54
106 55
53 27
36 2
35 12
58 60
55 58
66 52
12 27
112 48
72 3
1 27
65 1
113 59
100 58
26 32
86 58
101 92
60 9
35 1
36 31
66 56
45 25
119 5
25 34
118 72
14 19
4 19
53 12
64 52
42 18
56 6
84 24
46 16
25 13
102 45
108 58
58 9
111 112
15 30
14 16
74 2
10 25
78 54
28 1
106 60
62 60
10 31
54 7
109 106
70 57
10 23
3 19
112 69
106 48
64 58
36 30
52 60
68 6
78 58
56 10
92 54
5 1
24 32
56 17
43 11
59 56
113 63
45 2
59 12
15 27
108 13
118 95
87 16
93 58
29 21
52 5
8 13
54 19
93 3
77 24
16 24
87 21
10 18
17 16
26 33
27 32
49 54
46 56
10 1
99 58
75 56
43 24
10 33
62 53
61 58
65 32
6 20
95 63
81 2
26 10
12 23
98 14
71 62
12 21
18 25
15 31
112 105
31 34
98 58
100 57
45 19
111 85
53 7
60 25
94 60
106 37
119 118
17 33
19 27
65 11
43 30
107 64
109 104
48 3
14 1
106 70
3 8
100 53
61 62
57 5
96 13
87 23
42 31
115 72
97 25
87 9
10 21
8 33
94 53
111 105
9 13
1 23
14 17
60 12
99 60
102 56
106 5
63 55
18 13
93 12
96 11
31 33
14 15
92 60
18 8
113 68
15 23
66 57
69 3
113 56
114 0
15 33
27 33
52 6
102 75
97 53
6 10
55 17
93 60
5 10
14 26
95 57
87 2
13 33
45 13
45 11
62 6
97 20
29 25
7 21
10 32
12 11
111 89
118 20
35 19
6 22
17 8
79 57
12 26
81 1
66 59
42 13
7 30
67 5
80 2
108 52
102 47
59 58
115 96
7 2
10 15
26 22
115 49
30 34
21 30
97 6
26 18
40 24
67 14
58 25
107 44
98 3
113 20
14 2
67 12
102 78
118 75
21 31
42 21
24 22
26 15
93 59
94 17
15 8
113 13
53 19
4 2
56 20
99 12
118 55
85 3
75 5
111 82
5 14
115 89
5 31
100 63
44 45
87 30
22 1
14 23
68 56
54 14
4 16
64 53
12 25
8 21
80 3
20 32
36 22
111 77
102 13
93 17
115 40
57 60
4 5
35 23
35 22
116 6
5 16
114 65
108 75
18 24
29 13
67 56
10 22
60 18
110 44
113 76
3 15
84 2
102 52
82 2
62 57
115 79
108 97
4 1
46 10
26 8
6 8
103 102
58 2
29 33
111 83
35 11
111 107
92 57
93 5
3 22
97 3
78 26
98 17
38 3
42 34
87 8
19 15
75 6
61 52
75 53
26 30
95 59
63 56
35 26
42 11
18 9
5 11
118 59
35 17
87 13
15 2
60 1
112 65
25 24
42 7
56 16
106 76
74 3
95 62
25 11
118 13
45 23
78 53
71 56
106 99
63 3
18 32
42 15
2 25
1 21
96 1
19 2
102 50
17 25
11 30
3 17
25 31
27 23
63 62
60 27
39 2
109 100
29 2
21 13
14 8
20 22
111 49
19 24
61 14
12 20
11 22
9 32
8 1
67 17
44 47
107 109
46 19
112 88
96 8
101 40
10 30
118 106
10 2
118 52
61 3
111 104
24 31
8 32
70 52
100 56
54 60
68 55
103 100
1 32
70 60
108 37
56 7
26 24
110 106
56 1
96 7
11 31
3 1
98 19
102 97
16 22
112 47
18 11
113 57
119 115
6 9
95 54
62 5
14 31
45 6
64 57
65 24
113 98
99 56
96 32
53 1
17 13
112 51
42 32
108 47
64 62
5 8
82 3
113 78
36 32
6 23
3 10
8 34
58 26
3 13
4 17
2 32
17 9
44 48
67 55
10 24
115 86
118 60
106 47
117 44
6 24
9 33
4 8
23 31
15 34
97 17
106 58
115 4
68 5
8 22
78 17
113 99
58 19
2 27
54 5
115 85
10 7
57 56
96 16
89 3
5 24
35 18
61 54
56 8
17 1
52 53
112 79
102 54
58 1
42 20
119 93
94 14
42 22
115 71
21 11
7 24
99 5
43 34
44 12
26 23
100 3
89 24
112 72
114 93
62 14
112 89
1 22
54 6
107 100
115 64
7 15
100 55
40 2
53 22
106 62
55 53
75 12
108 45
110 67
29 22
118 49
11 13
92 53
35 2
20 34
20 21
58 3
53 9
98 53
52 54
60 7
99 6
95 52
25 32
46 6
59 14
60 10
96 31
53 23
29 34
108 60
97 27
33 34
10 16
18 34
26 9
42 1
102 55
114 96
112 77
4 15
3 7
3 5
13 11
54 26
118 70
112 6
53 26
5 20
115 39
115 69
113 55
9 22
35 27
10 27
112 73
71 57
94 5
115 91
27 34
21 22
113 95
118 58
68 58
112 113
113 106
37 3
77 3
39 24
53 25
46 12
87 24
4 22
59 26
25 2
90 2
26 2
93 54
60 15
96 20
98 7
106 57
3 2
26 25
108 50
100 59
54 58
49 57
77 1
14 20
42 9
43 22
55 6
55 56
119 40
102 20
112 96
35 30
66 60
56 5
19 33
98 10
113 47
96 27
54 56
15 22
9 21
18 19
91 2
20 27
7 23
112 67
97 60
113 62
106 63
54 3
83 2
18 33
108 46
112 71
64 54
56 12
29 32
54 12
70 62
46 8
114 66
56 14
112 100
60 17
118 98
12 22
58 17
107 71
92 62
119 36
71 6
97 12
83 24
63 14
64 60
102 70
106 75
19 31
106 54
107 110
116 102
118 46
75 3
42 19
26 20
45 1
20 25
52 12
6 11
55 60
86 60
20 30
108 72
9 31
118 63
9 16
15 25
16 32
75 54
7 1
78 14
6 21
82 1
57 54
118 54
25 21
55 16
97 26
86 59
47 11
115 102
58 10
96 25
60 5
41 3
65 30
43 1
106 102
86 56
92 52
45 15
79 53
26 27
6 27
101 77
55 26
19 7
63 54
3 14
92 3
44 25
1 11
46 5
115 82
57 14
21 33
22 33
18 27
15 11
58 12
17 27
7 34
88 3
112 74
87 18
16 20
12 17
115 113
27 1
114 71
42 27
26 31
64 55
57 55
57 26
16 8
94 3
42 30
115 77
7 20
13 34
113 52
8 25
36 1
22 34
118 57
115 38
14 27
5 26
118 76
35 10
16 11
100 60
11 34
108 63
111 44
55 19
45 17
118 62
44 49
42 24
5 17
98 26
5 22
112 90
45 27
114 86
97 14
108 99
107 74
102 95
87 32
118 78
74 1
110 64
108 55
67 59
27 21
75 59
78 55
12 15
119 92
109 105
116 40
93 53
23 22
35 15
110 104
71 54
46 53
4 14
14 24
70 5
20 11
12 13
45 5
113 72
4 20
115 37
27 31
57 6
39 11
23 34
35 16
3 16
7 16
9 2
112 104
95 55
27 2
110 105
17 24
84 1
46 17
27 22
60 2
42 33
110 79
19 1
56 15
110 100
119 35
5 13
109 44
57 58
12 10
11 32
45 24
71 52
16 30
101 39
87 11
111 102
87 15
12 1
97 5
22 11
25 33
5 27
55 5
79 60
35 20
102 57
19 9
108 54
18 16
26 19
12 24
117 40
12 33
19 30
56 27
113 50
7 8
106 59
5 6
89 11
13 32
69 1
115 41
99 59
78 60
112 50
101 102
21 34
87 7
80 24
67 54
111 80
17 18
53 11
10 20
59 54
6 15
98 12
15 24
75 26
98 18
115 81
53 18
102 48
97 1
26 13
16 33
54 9
3 25
118 45
52 55
16 25
63 58
70 56
30 11
113 45
115 73
118 5
113 97
29 1
53 17
107 67
108 20
20 1
19 23
59 17
2 31
56 25
112 80
115 88
21 23
95 60
60 56
26 7
75 55
6 7
106 56
4 11
101 93
29 24
12 9
108 48
112 40
102 37
93 6
57 59
36 11
97 56
111 6
19 16
12 18
70 59
61 55
106 95
118 50
4 9
61 60
106 72
19 11
6 30
45 18
8 30
61 5
16 21
43 31
116 93
25 30
113 102
98 60
59 9
2 34
12 30
6 1
115 100
54 17
9 8
13 1
14 10
17 23
61 63
10 11
54 53
46 3
65 13
17 32
73 3
43 33
14 18
21 1
115 83
52 3
1 34
4 21
108 5
97 19
96 15
90 3
62 55
71 55
23 1
87 17
108 106
13 24
56 26
42 16
61 59
18 7
117 102
68 3
12 19
17 30
74 24
60 8
91 3
66 3
58 15
60 20
117 118
96 23
19 21
3 24
59 10
115 48
52 14
13 31
113 49
68 53
75 58
9 30
58 14
113 5
100 54
68 17
94 6
53 2
4 12
15 32
94 26
14 7
62 54
9 27
102 60
18 31
45 26
19 13
112 64
24 21
58 56
106 97
3 18
1 2
27 25
55 12
3 6
8 24
102 76
54 16
7 32
6 12
21 32
83 11
46 20
66 5
18 23
24 13
58 7
53 15
53 5
63 5
102 106
17 21
36 34
22 30
102 46
4 18
87 19
107 79
107 96
87 20
101 44
65 2
106 46
4 6
67 10
45 21
115 65
84 3
29 11
3 12
93 55
118 99
93 56
103 79
2 23
56 9
59 6
81 24
83 3
78 6
4 7
98 54
7 22
53 8
9 34
60 19
30 33
5 25
19 22
89 1
59 3
42 23
54 10
4 13
6 2
79 59
20 2
14 9
99 3
7 31
96 34
94 12
35 13
56 2
112 41
13 2
27 24
1 31
5 21
36 13
26 17
108 68
45 3
93 10
53 20
47 1
98 5
59 5
10 9
23 2
87 31
112 87
58 27
79 62
115 47
61 56
46 14
87 25
92 55
36 23
44 6
79 56
17 22
15 13
23 24
67 6
79 55
86 55
15 1
8 31
78 3
56 3
4 25
5 19
8 23
115 50
14 12
7 11
25 1
3 11
64 3
60 6
67 53
117 107
7 25
57 12
35 24
112 44
101 38
5 12
4 10
102 72
46 1
111 88
52 57
21 24
35 8
0 2
106 49
56 18
102 59
53 10
6 17
36 21
92 58
9 15
113 60
0 3
102 49
99 54
55 18
98 9
9 25
45 14
113 70
53 14
62 52
63 59
35 31
94 59
5 18
60 26
33 32
62 59
4 23
106 45
5 7
46 18
20 24
67 60
100 62
21 2
64 59
86 6
12 8
102 58
108 98
100 52
52 58
10 13
115 90
87 10
92 63
24 34
97 7
19 32
106 52
23 30
10 19
112 37
102 98
55 9
0 1
29 30
16 23
68 60
97 15
6 25
112 81
17 20
53 13
12 7
106 78
31 24
13 30
53 16
75 14
90 1
24 23
70 54
119 29
45 9
63 57
17 11
111 38
20 23
95 56
2 22
44 50
68 26
93 14
39 1
114 61
115 6
26 1
111 81
18 20
116 92
70 63
96 22
58 5
81 11
14 6
19 34
114 94
