23 2
13 5
25 19
39 1
34 7
23 1
33 1
26 1
0 1
13 29
25 8
47 11
45 4
10 5
10 3
46 2
27 14
43 45
3 5
45 40
34 8
27 6
31 8
47 6
31 1
46 21
0 2
31 4
25 9
26 8
34 17
22 5
4 30
23 9
25 13
1 3
36 1
45 44
32 8
34 1
20 6
24 5
47 14
32 3
34 13
14 6
38 5
46 18
46 19
10 13
33 6
7 8
26 21
39 5
27 11
23 3
27 4
34 9
46 7
12 5
2 5
34 16
28 1
12 1
34 20
23 11
46 8
39 33
47 4
4 5
27 21
10 6
47 19
31 17
33 5
43 37
47 16
47 21
20 5
13 4
27 13
26 0
32 12
32 17
24 2
32 22
32 0
32 9
23 20
46 1
34 5
45 28
31 5
34 14
24 6
10 7
32 1
25 5
32 5
3 30
10 20
45 24
47 22
43 28
46 12
41 12
5 29
27 3
34 19
45 14
9 8
47 20
25 21
31 15
31 2
23 14
26 9
15 5
12 8
31 21
17 5
25 18
31 12
43 17
12 9
32 18
43 24
31 18
25 4
28 8
10 18
25 12
43 44
32 13
47 12
43 39
25 22
32 14
23 18
14 30
47 2
20 4
31 6
15 4
23 4
34 21
10 16
33 2
46 22
26 16
33 4
32 21
25 6
12 6
32 16
10 0
27 18
25 2
31 14
26 12
26 18
9 29
34 6
27 19
45 33
27 2
34 11
26 5
22 9
42 29
45 9
17 8
27 0
3 29
25 7
25 17
47 15
23 13
26 15
25 16
46 14
34 0
27 9
34 4
13 6
7 4
46 15
41 40
32 15
45 5
23 6
23 21
34 3
47 9
47 0
11 5
31 19
46 11
9 2
33 9
33 8
10 19
27 1
39 2
10 17
23 8
28 5
26 20
45 8
10 8
26 3
35 15
10 11
47 13
7 1
23 19
47 7
27 15
31 22
23 16
34 15
24 4
27 20
17 4
26 7
0 6
45 39
9 4
27 7
46 5
15 6
32 19
10 22
5 4
25 1
46 9
47 17
14 2
31 13
45 12
11 4
28 4
35 0
26 19
26 22
4 6
21 1
10 15
31 11
32 20
37 5
34 2
10 21
46 17
23 15
5 6
46 13
46 3
26 6
31 20
40 1
45 1
47 1
39 38
23 0
45 22
46 16
32 7
31 0
33 7
4 29
43 12
25 20
27 8
45 6
31 3
32 11
37 2
12 4
25 14
26 17
14 33
10 4
47 3
10 12
47 18
23 17
26 13
7 9
28 9
25 15
21 9
10 9
28 2
26 4
45 41
14 9
47 8
45 17
46 0
17 9
37 1
10 1
26 2
0 3
11 6
27 12
23 22
31 16
32 6
10 14
23 7
25 11
2 4
10 2
6 29
32 2
2 6
46 20
27 22
22 4
7 6
46 4
26 11
34 18
26 14
33 17
22 8
34 22
27 17
5 3
4 3
25 3
14 1
8 29
45 37
34 12
23 5
37 38
31 7
22 6
27 5
0 5
30 29
28 6
27 16
23 12
15 3
6 30
0 4
47 5
32 4
14 4
31 9
33 40
46 6
25 0
8 4
15 2
5 30
