15 14
18 13
23 9
20 19
17 9
11 8
22 1
20 1
23 2
16 3
23 5
0 7
23 6
11 6
17 8
10 4
17 1
22 4
12 4
0 6
0 8
21 4
10 3
22 8
18 20
11 7
13 14
17 7
16 8
21 6
18 19
17 3
12 2
12 5
13 7
0 9
17 4
12 7
16 5
10 2
11 4
11 9
18 8
11 1
20 13
23 8
2 15
11 2
21 5
2 14
23 1
22 6
21 2
10 6
12 8
10 5
0 4
16 2
20 24
23 3
10 1
16 1
12 9
17 6
21 9
11 3
22 2
15 7
18 7
20 2
16 9
7 14
17 5
21 8
16 6
22 5
20 25
26 14
23 4
16 7
10 8
0 5
13 15
14 15
21 3
16 4
17 2
18 2
23 7
22 7
0 2
21 1
22 3
0 1
11 5
22 9
10 7
21 7
7 15
0 3
10 9
