31 27
36 2
18 1
22 2
9 24
16 36
38 19
54 17
9 12
42 14
54 2
42 26
29 2
38 20
42 20
38 14
41 24
53 26
36 47
19 1
53 24
34 1
44 18
9 21
33 27
37 4
31 17
32 1
51 47
33 3
38 15
15 1
16 5
51 3
38 4
20 8
40 6
54 5
31 7
31 13
53 13
37 3
33 16
37 26
37 10
9 14
38 26
53 2
9 25
51 30
51 57
33 7
41 10
39 1
31 24
53 12
33 26
53 20
9 1
9 2
33 30
9 10
17 1
13 5
53 29
41 7
42 10
37 22
41 19
31 1
38 22
9 20
41 4
37 15
33 21
9 18
33 0
31 18
9 0
55 24
28 2
15 20
54 20
31 25
41 28
53 25
37 16
42 11
28 20
33 29
51 56
41 11
11 3
29 6
54 4
37 7
33 25
40 5
55 18
32 2
37 20
3 2
54 22
36 22
53 0
54 11
38 13
45 1
55 1
15 2
54 0
42 21
25 8
21 2
15 10
37 17
55 15
9 5
49 13
42 23
38 10
41 21
33 1
37 11
37 13
41 0
41 18
38 30
42 7
42 22
42 2
55 13
9 19
31 3
51 16
49 45
33 12
41 14
42 18
55 22
42 29
55 19
1 10
53 27
42 30
39 40
39 2
42 3
39 3
40 3
18 2
53 18
33 23
34 36
49 6
33 28
4 6
42 17
31 10
45 35
53 21
37 25
28 5
15 3
54 12
1 3
36 52
49 51
37 28
37 14
9 17
14 6
31 11
4 3
55 26
31 5
53 1
37 18
53 22
9 23
54 1
41 26
41 2
16 1
46 8
49 32
33 10
38 1
7 8
29 3
33 17
41 5
55 30
51 32
31 19
54 7
9 7
55 16
37 29
53 17
38 29
44 0
53 3
25 3
54 23
54 27
27 3
46 1
55 28
37 23
42 19
12 6
31 26
19 3
1 2
53 30
42 0
13 6
41 20
51 46
31 28
45 3
41 16
41 29
47 6
21 3
33 15
51 48
9 30
39 5
31 2
33 11
31 29
42 15
53 16
38 18
54 14
41 13
36 20
17 3
37 2
38 5
54 15
42 5
12 5
38 11
53 19
37 27
55 0
36 4
41 27
53 23
51 14
37 30
12 2
55 4
55 10
13 3
41 23
54 16
55 29
14 5
53 4
42 24
36 1
55 3
54 25
4 2
33 24
33 18
54 24
54 19
33 22
54 30
39 6
55 11
0 1
31 23
33 5
54 29
33 19
38 24
24 3
37 0
4 5
51 5
37 21
25 35
38 0
55 12
38 16
49 39
19 10
33 4
31 15
38 25
42 16
41 12
51 6
0 2
31 0
55 20
39 13
31 4
11 2
38 3
16 2
38 27
36 40
34 3
16 43
15 8
2 3
48 14
0 3
9 15
12 3
41 1
38 23
42 1
33 14
25 2
32 3
54 28
16 6
55 17
37 12
48 47
34 35
9 26
9 4
54 13
53 7
1 8
53 28
25 1
55 5
53 10
9 13
55 21
51 39
42 13
22 3
35 3
55 2
33 13
55 7
51 22
9 27
44 17
29 5
51 45
2 1
41 15
49 34
5 1
30 3
42 28
9 22
36 3
2 8
34 2
53 11
2 43
54 3
9 11
38 7
38 28
42 4
38 12
36 10
31 20
13 2
55 27
53 14
42 27
33 20
43 8
31 21
51 34
54 26
36 12
33 2
16 3
42 25
36 5
37 1
40 2
41 22
31 30
37 5
26 8
54 21
41 25
51 13
31 22
28 6
27 2
38 17
31 16
37 19
18 3
53 5
28 3
3 43
55 23
30 5
41 3
49 14
51 58
55 25
53 15
31 14
37 24
31 12
41 30
51 36
9 28
51 2
9 16
54 18
41 17
49 50
42 12
38 21
46 3
17 2
55 14
9 29
9 3
3 8
30 2
38 2
54 10
5 2
