59 23
69 19
123 54
0 21
123 94
66 32
58 60
79 13
100 3
79 33
18 19
13 12
17 10
99 18
119 108
103 41
114 61
36 7
121 53
123 112
0 20
13 11
44 40
100 6
99 21
23 5
79 22
24 19
42 29
1 25
87 11
20 6
123 47
122 33
93 29
61 10
15 16
132 103
70 8
69 10
116 60
43 40
119 56
58 61
32 3
29 3
128 66
121 84
128 96
28 27
86 11
86 12
9 3
4 16
10 15
49 7
87 2
133 128
116 43
34 1
133 51
122 31
64 10
2 25
69 9
0 22
121 108
78 12
18 23
29 0
23 8
40 15
128 63
14 10
10 2
74 16
87 21
92 13
41 40
17 19
30 10
55 0
12 11
60 15
79 29
128 52
51 8
71 8
0 3
59 14
17 21
42 21
128 36
121 63
27 18
67 41
80 23
94 44
1 11
38 10
12 8
29 2
7 16
3 7
22 14
59 4
11 25
0 5
62 10
66 10
59 3
13 20
63 44
87 16
33 20
119 121
96 6
22 16
54 44
64 22
21 12
38 1
89 15
13 5
29 12
44 27
43 13
9 15
17 8
5 17
115 118
9 7
21 10
10 19
24 10
42 10
128 82
129 85
51 16
83 12
64 14
32 12
40 42
14 2
121 87
76 32
115 87
55 29
99 17
29 10
60 3
54 33
98 0
42 33
0 9
29 22
122 23
123 74
93 2
119 36
49 11
26 17
40 23
33 5
75 40
98 9
59 21
88 23
123 48
19 25
95 32
97 41
52 8
93 15
121 62
69 11
121 106
55 22
19 7
28 12
27 15
14 1
10 22
18 12
53 42
0 19
64 5
32 17
8 7
19 1
13 7
90 19
26 11
97 40
17 12
15 17
96 7
50 10
42 14
116 114
4 21
10 0
60 21
121 112
5 16
87 13
119 107
52 32
26 8
117 77
87 9
27 13
104 73
17 11
101 88
68 43
132 81
32 13
40 4
121 100
42 5
132 62
58 64
101 103
128 39
20 5
18 11
73 41
36 8
122 67
58 62
21 19
115 30
103 33
98 33
119 102
132 44
64 20
132 59
23 13
17 7
38 6
87 15
23 7
59 5
104 113
58 23
104 39
2 3
29 14
131 58
128 58
39 13
73 67
122 61
40 32
121 48
128 100
85 11
27 17
123 89
0 14
16 12
44 18
68 44
71 6
38 23
103 114
87 10
58 66
60 12
123 70
115 116
33 6
13 0
33 2
21 7
121 36
100 10
76 10
67 44
20 21
29 9
13 17
28 14
20 16
28 19
129 56
14 11
128 37
40 27
20 22
64 32
98 28
85 6
121 56
114 81
0 23
10 18
115 96
13 33
5 10
16 8
5 1
116 63
78 7
117 105
34 8
33 10
74 8
69 6
119 92
75 44
49 12
118 105
114 31
21 6
27 7
23 10
38 2
99 3
18 3
90 47
32 11
121 74
32 6
28 5
20 3
118 109
115 53
53 2
65 20
21 8
116 57
26 19
94 13
69 29
38 12
65 40
32 0
40 13
3 16
26 12
29 17
18 15
118 73
49 8
16 6
87 19
11 3
22 17
121 107
129 94
89 21
23 6
68 42
44 9
123 68
13 29
45 13
44 33
52 12
100 7
9 2
116 97
123 100
65 15
34 12
123 125
55 2
59 32
132 42
23 15
2 16
76 8
93 42
100 21
32 7
7 6
5 3
69 12
42 4
121 52
99 11
2 17
69 0
59 33
18 7
22 11
73 40
119 113
18 21
8 3
104 112
44 13
60 23
23 1
84 32
93 40
128 57
31 10
41 18
89 17
129 102
129 49
34 11
11 7
27 10
1 12
64 15
30 25
29 19
123 53
29 20
32 21
16 1
28 16
32 16
20 11
55 5
75 28
32 28
36 12
65 33
13 2
100 1
133 132
42 15
78 8
114 43
87 0
104 50
26 3
16 25
90 21
90 17
80 18
5 25
87 17
10 4
59 9
21 25
12 17
41 9
121 39
115 73
15 10
23 4
133 85
59 10
65 13
118 107
116 62
117 111
33 27
115 74
50 42
69 21
100 11
99 9
92 10
42 18
92 11
132 67
36 32
27 12
88 17
32 4
88 3
104 109
116 55
2 1
3 19
41 27
65 10
13 16
20 4
114 33
39 42
79 9
76 12
128 83
133 49
32 29
59 13
128 84
114 97
129 130
31 13
17 16
60 17
22 10
80 20
0 15
6 1
116 33
32 20
10 12
30 11
92 32
18 17
50 28
3 11
64 29
44 32
129 125
22 4
84 11
27 6
55 13
98 5
38 8
72 8
129 51
29 23
114 98
14 17
53 44
78 6
52 7
10 1
44 10
55 42
51 7
18 2
93 13
122 60
35 13
76 6
116 81
55 18
115 117
82 32
23 17
23 21
119 35
103 97
129 48
0 12
35 10
27 4
99 12
12 25
0 1
15 7
18 4
93 27
42 23
2 7
117 109
81 32
2 8
95 13
116 41
18 8
22 1
100 12
0 16
104 79
99 10
80 13
80 22
19 8
117 112
71 7
27 0
93 10
97 28
60 13
42 2
64 9
32 18
4 11
69 2
64 0
100 2
123 79
72 11
116 80
88 89
96 12
11 16
80 42
33 8
42 32
42 8
28 18
128 74
39 44
33 12
20 1
98 14
33 3
43 44
9 11
23 19
74 12
101 102
119 63
69 7
88 90
128 50
55 20
18 20
55 9
97 29
121 99
93 28
33 21
8 6
40 9
99 8
83 32
121 77
133 94
101 37
89 90
64 40
87 7
28 22
123 126
0 10
20 12
68 28
57 10
3 1
114 65
62 13
52 11
115 79
26 18
115 31
32 15
14 21
9 8
121 110
121 66
41 0
41 29
103 65
63 67
115 39
93 9
103 67
100 19
99 2
26 9
114 44
18 14
90 2
103 23
122 59
41 10
79 14
20 10
101 93
121 73
94 40
61 13
0 4
9 21
8 25
4 6
23 12
88 2
79 28
67 13
9 17
66 13
74 25
22 8
40 22
104 77
119 58
40 2
119 91
5 12
132 97
21 16
0 8
41 22
97 33
32 14
103 57
132 55
11 6
7 25
56 21
12 1
20 14
53 40
5 21
104 105
129 103
18 9
87 8
132 60
93 20
29 15
33 14
34 25
33 15
51 1
64 27
123 71
28 9
117 50
0 11
21 11
65 0
26 23
21 3
38 7
129 3
101 94
128 2
103 62
79 40
1 8
22 21
92 7
41 5
69 13
129 78
24 25
93 22
88 15
65 18
20 15
93 18
20 19
2 19
24 16
67 43
71 12
101 54
44 22
68 33
121 45
55 21
121 111
122 44
94 43
33 19
91 13
15 1
59 11
38 5
18 13
119 103
27 20
101 56
75 10
20 17
88 21
5 11
27 14
122 80
93 23
55 27
116 67
69 16
65 29
114 55
44 29
8 19
4 25
85 7
26 28
86 7
118 58
119 2
119 115
123 127
128 31
42 22
34 6
128 79
132 41
23 11
96 11
64 42
60 5
123 46
23 2
85 25
100 8
18 5
22 19
131 93
5 4
13 15
123 88
28 2
60 4
89 0
38 14
79 42
96 8
44 28
9 10
115 104
114 57
104 107
45 10
40 10
48 19
119 110
117 108
42 12
10 11
26 21
87 12
15 25
84 10
132 114
119 93
60 9
75 0
7 19
23 25
32 8
39 43
71 11
33 11
22 6
3 8
12 7
5 19
122 40
32 10
100 25
119 95
54 42
40 28
117 106
33 4
128 72
99 22
4 8
94 33
75 29
39 10
13 4
116 103
72 12
43 42
4 12
40 14
36 11
9 5
80 29
103 42
52 10
73 33
59 29
89 3
121 105
118 114
13 9
0 6
13 14
64 23
3 6
118 108
121 91
24 1
98 20
89 2
14 7
55 28
29 11
64 13
63 42
119 84
60 28
10 17
34 7
15 19
43 41
2 6
83 13
41 23
119 48
80 0
29 5
60 0
40 33
97 42
104 106
75 42
117 79
58 63
121 61
28 3
119 105
128 73
119 76
13 10
84 12
40 20
50 44
121 31
117 113
15 21
41 13
103 55
95 10
9 13
122 114
122 57
69 17
128 99
73 13
30 19
116 66
103 60
24 6
58 2
20 23
84 7
97 20
32 23
10 29
98 23
73 42
19 16
33 22
104 108
33 23
131 128
26 10
128 61
84 8
59 2
77 25
0 7
9 12
9 16
80 41
36 10
27 16
51 11
78 1
116 23
19 12
27 2
65 42
103 59
55 12
59 27
123 30
133 2
9 1
36 13
13 8
44 0
103 98
59 20
17 3
13 3
65 14
28 20
42 0
78 11
118 77
99 1
116 59
132 80
122 43
42 13
85 12
118 50
41 20
118 106
28 29
72 7
117 103
80 10
75 33
30 7
10 23
60 27
15 8
97 0
42 9
55 32
57 13
23 14
114 23
122 98
22 2
62 32
52 13
26 13
43 32
29 7
50 13
42 20
4 7
122 62
59 0
17 1
116 42
121 109
17 6
50 43
133 103
31 32
79 41
16 7
27 21
10 16
58 59
26 16
38 15
18 22
18 1
87 23
4 10
99 28
86 25
59 17
118 111
101 58
88 9
97 10
30 12
121 37
69 3
5 6
68 13
114 103
100 4
72 32
131 132
42 28
20 13
121 79
117 39
132 40
29 16
22 12
29 4
129 2
87 6
99 27
104 114
59 22
26 27
99 19
15 3
123 124
116 65
114 60
119 112
121 46
128 30
123 99
14 4
129 86
75 41
38 17
33 28
70 6
5 7
38 19
29 13
56 19
65 32
132 33
26 5
121 58
32 22
79 20
114 63
55 10
122 66
32 19
2 21
53 41
60 18
76 11
115 93
49 6
94 41
16 11
129 38
33 16
92 12
123 90
119 106
118 113
44 20
11 19
64 2
28 1
55 17
64 33
60 2
58 21
104 111
99 16
29 8
20 8
72 13
73 44
132 57
103 44
132 63
10 20
32 5
23 16
65 23
15 12
121 96
119 111
121 83
33 1
121 35
81 10
5 2
61 32
98 40
123 109
99 15
103 80
93 33
49 25
123 75
12 6
37 32
132 66
121 88
76 13
64 28
78 25
78 16
38 21
41 32
99 7
82 13
90 3
3 12
13 18
121 102
114 66
55 4
33 7
26 20
122 41
29 1
122 65
32 2
79 0
70 12
59 28
60 20
50 40
13 21
121 93
114 64
24 11
68 41
9 14
115 100
65 9
13 28
67 42
97 9
10 7
38 11
9 22
51 25
100 16
96 25
80 33
103 31
121 72
14 6
14 3
12 21
83 7
60 14
98 32
87 29
128 122
118 79
12 19
35 32
71 10
1 6
15 2
101 2
99 13
0 13
63 40
116 64
89 47
74 11
98 10
54 40
122 97
80 28
133 24
10 21
54 41
28 10
68 40
131 115
2 11
65 28
118 112
99 4
43 33
99 29
29 21
13 23
2 12
70 7
24 12
14 15
114 62
44 41
46 47
121 113
116 98
60 32
4 3
55 33
65 22
59 12
27 3
23 3
123 96
10 14
98 27
119 52
99 0
98 42
38 16
93 14
37 10
22 13
133 34
114 80
21 1
75 13
39 40
28 17
42 11
27 9
79 10
121 103
28 7
58 17
132 65
9 20
118 110
104 103
9 19
129 54
12 16
30 8
88 19
114 67
121 57
103 63
8 11
6 25
97 44
15 11
43 10
94 42
70 11
51 12
104 110
128 45
119 120
54 43
121 30
55 14
14 5
0 18
119 77
50 33
129 24
122 63
86 8
123 69
29 6
121 122
58 29
10 3
10 8
60 33
82 10
65 5
67 40
59 8
118 103
27 5
98 13
114 41
22 23
15 4
4 17
39 33
64 18
122 64
42 17
84 13
89 29
132 61
27 1
3 25
89 19
116 61
28 11
41 33
14 25
87 3
8 16
10 6
114 40
93 5
80 40
58 0
13 22
28 8
57 32
26 1
17 25
32 27
38 3
76 7
80 9
85 8
128 35
41 15
59 15
26 7
40 5
26 22
119 72
128 26
45 32
13 1
128 92
117 73
69 23
60 22
121 2
93 0
133 54
19 11
33 29
27 29
42 27
132 64
26 29
128 53
132 98
58 9
33 0
117 114
15 5
91 32
5 8
33 13
41 42
40 29
0 2
22 3
121 50
40 0
75 27
116 40
86 6
123 102
128 87
10 9
26 0
129 88
65 27
103 81
115 50
50 41
117 110
128 93
38 4
3 10
117 107
55 23
99 5
73 43
121 82
60 29
52 6
9 23
60 10
37 13
56 3
30 6
132 43
97 27
59 19
55 15
26 6
14 8
2 10
22 7
89 23
88 0
18 6
132 31
83 10
117 58
14 13
13 19
119 37
33 18
128 81
133 86
128 103
83 6
14 16
103 61
27 22
103 64
18 16
121 81
39 28
29 18
114 59
9 6
4 1
98 18
79 27
51 6
14 19
128 91
129 93
97 32
79 18
9 4
40 18
116 44
26 2
43 28
28 13
41 28
27 23
30 3
27 8
98 15
119 88
132 23
28 15
26 15
30 16
131 103
122 81
74 7
44 42
28 21
98 22
97 13
14 12
115 58
97 18
99 20
32 9
32 1
114 42
97 22
118 39
12 3
80 27
92 8
33 17
115 103
28 6
103 66
58 65
20 2
69 8
100 17
119 83
116 31
38 13
4 19
104 58
15 6
59 18
115 99
128 62
41 14
20 7
1 7
88 29
72 10
39 41
89 9
28 23
79 23
83 11
99 6
122 55
28 0
22 5
122 103
99 14
0 17
27 11
54 13
103 40
33 9
19 6
24 7
99 23
103 43
98 29
121 92
133 93
24 8
67 33
122 42
13 6
22 15
28 4
18 10
123 87
121 26
69 15
26 14
26 4
74 6
83 8
27 19
81 13
