71 10
54 6
33 12
47 5
72 1
34 3
32 8
47 8
24 3
77 12
45 2
23 11
35 12
54 4
23 6
13 4
46 3
63 3
41 2
57 8
68 17
55 7
23 12
33 5
33 4
62 8
75 5
0 6
43 9
0 8
81 9
27 1
35 2
21 3
70 7
75 3
55 10
74 9
23 10
27 5
55 1
60 8
81 78
31 9
57 4
70 2
32 10
23 9
77 1
73 3
54 12
74 8
44 9
75 12
80 17
56 9
63 8
60 9
75 4
72 3
13 6
52 8
25 9
0 9
67 29
56 8
39 9
21 11
23 2
15 4
61 11
5 17
40 8
13 12
13 2
63 14
46 14
81 83
81 2
52 1
47 7
13 1
39 11
81 6
43 3
77 11
70 3
81 86
34 4
73 11
66 8
32 5
81 3
13 5
46 12
54 11
46 7
63 5
77 4
26 1
28 8
45 1
13 3
64 2
30 9
63 11
75 2
19 5
48 2
66 11
74 10
27 10
59 2
53 9
77 7
34 2
32 4
39 3
27 12
25 14
24 8
4 17
77 8
63 1
81 14
76 3
70 11
26 4
46 10
27 9
54 8
27 4
25 11
81 87
34 1
78 79
43 6
81 84
38 7
34 14
11 17
46 1
60 3
16 8
62 7
21 8
64 8
39 4
61 14
43 14
44 11
37 8
5 29
30 2
64 9
13 11
24 2
47 12
19 3
52 11
81 10
23 5
66 9
35 8
76 10
49 17
19 2
69 17
26 11
0 10
19 6
53 10
13 10
32 9
30 5
61 9
52 12
59 6
47 10
27 7
39 2
23 1
47 2
14 17
46 4
72 9
63 4
51 2
21 6
3 17
81 5
0 4
45 7
55 5
54 10
21 9
39 10
54 9
74 4
53 11
55 4
81 11
55 3
39 8
81 8
26 2
38 12
27 14
0 12
32 2
54 14
77 3
38 8
47 9
67 1
76 14
51 12
36 3
41 3
21 7
76 12
47 4
70 4
0 11
77 9
34 9
77 2
39 1
0 3
43 11
22 17
77 10
35 1
66 1
70 8
64 12
20 17
59 8
66 14
65 1
45 8
19 9
81 85
51 7
54 2
65 10
26 3
75 14
43 12
6 17
74 2
62 3
52 2
62 2
36 8
53 8
81 12
80 1
77 5
46 9
10 17
34 7
45 10
27 2
76 1
30 8
23 8
63 10
1 17
70 1
36 12
40 3
47 3
81 1
58 11
76 11
0 1
55 2
75 9
45 14
62 11
38 9
42 11
65 8
38 1
47 1
47 14
72 4
0 5
55 8
65 14
35 4
70 10
75 8
63 2
30 1
43 8
32 1
36 1
45 12
55 12
51 4
23 3
54 7
46 11
43 1
13 14
60 12
33 11
18 17
21 14
39 7
21 4
76 7
37 3
13 7
38 3
76 2
74 11
41 10
19 12
33 2
70 9
65 9
62 4
52 3
13 9
21 1
47 11
76 4
65 11
13 8
64 4
55 11
43 5
75 1
72 10
78 1
37 1
23 4
65 4
51 14
24 1
0 2
55 9
54 3
24 11
76 9
38 10
38 6
32 12
28 10
43 2
75 11
62 12
12 17
60 2
81 82
19 1
21 12
20 1
0 7
26 10
54 5
57 2
70 14
53 5
75 7
73 9
63 9
45 9
75 10
65 3
2 17
23 14
32 11
27 6
15 11
66 2
53 2
43 10
42 8
37 2
21 2
72 11
27 3
21 10
76 8
43 7
38 11
50 17
41 7
36 9
66 4
23 7
43 4
21 5
30 10
32 3
59 3
81 67
24 9
30 3
81 4
26 8
19 11
26 9
70 5
42 4
27 8
37 14
51 1
38 5
54 1
46 8
26 12
32 7
42 5
38 14
42 2
81 7
24 7
46 2
