35 13
31 12
22 6
32 6
36 2
55 4
14 29
18 8
20 12
37 3
28 9
34 5
53 1
2 4
27 14
45 13
23 10
44 4
42 10
28 15
20 11
46 15
54 8
24 9
48 2
45 6
7 4
46 3
36 15
48 9
34 14
28 14
33 11
56 6
52 5
24 11
21 13
28 7
28 4
50 7
41 12
27 6
23 13
18 9
12 25
18 13
55 6
55 15
16 3
16 12
17 5
37 14
42 7
12 30
40 13
18 11
24 4
35 1
17 3
49 15
8 30
50 10
33 10
0 5
15 29
28 11
26 12
6 4
48 15
50 6
19 10
50 11
51 8
42 9
46 8
32 12
43 8
56 13
53 9
54 12
46 2
23 5
15 25
38 11
31 11
8 4
53 4
43 6
34 15
0 11
49 4
21 5
52 12
33 2
38 15
12 29
35 6
47 13
34 9
44 13
56 12
21 3
49 12
37 12
35 11
40 14
41 2
45 14
46 13
54 7
49 11
44 12
50 13
21 12
34 10
39 4
37 5
20 9
32 7
35 8
32 9
55 7
56 7
23 1
20 7
50 8
56 3
24 12
17 15
32 14
43 12
27 2
41 15
48 1
16 10
38 14
26 10
54 11
47 6
43 14
36 11
27 4
26 14
6 30
40 6
20 5
48 4
26 15
54 1
40 7
10 25
42 5
48 3
23 9
42 6
36 3
49 6
41 11
32 4
1 25
41 14
55 12
36 14
47 11
23 3
19 2
43 3
52 1
35 4
17 8
26 8
0 3
16 1
50 5
0 14
38 1
55 10
45 3
35 7
45 9
36 9
32 5
31 2
28 13
27 15
34 7
55 13
26 6
17 12
48 12
44 2
41 7
22 11
27 8
45 12
44 1
19 15
28 2
50 1
46 11
54 13
55 11
7 30
21 7
21 1
51 12
2 29
17 14
51 5
28 5
36 1
37 9
33 3
24 5
37 13
47 2
44 3
49 3
53 10
22 13
8 29
50 3
46 7
45 4
53 12
28 1
28 8
37 10
51 7
16 14
51 14
44 15
52 9
18 1
27 12
37 1
5 25
17 10
8 25
44 9
53 8
41 8
20 1
23 12
26 9
39 1
39 10
31 15
47 3
43 10
46 4
41 10
39 6
49 10
47 15
16 15
45 8
36 10
52 10
16 2
31 3
18 2
27 9
51 10
49 8
43 13
36 12
17 2
0 2
33 6
46 12
3 30
20 8
41 6
48 11
34 13
44 14
20 6
54 6
36 8
54 3
44 7
26 11
39 3
39 9
16 6
26 13
45 11
31 14
39 13
37 6
40 5
53 13
52 2
28 10
17 6
0 13
38 8
17 7
47 8
56 4
0 6
42 11
44 8
46 1
33 9
20 15
1 4
36 13
0 4
52 15
46 6
23 15
31 7
19 13
41 1
19 14
38 4
22 15
42 13
22 5
0 8
21 15
48 14
24 8
26 2
16 5
42 15
51 9
20 13
51 2
33 15
27 11
34 8
48 8
40 11
21 8
20 4
33 5
31 10
20 2
19 3
43 1
40 15
53 11
32 3
53 7
38 12
17 4
22 3
49 9
54 10
50 9
26 1
40 2
32 2
35 10
42 3
35 12
47 4
55 8
51 1
33 1
55 2
51 11
48 6
2 30
54 15
17 9
53 5
35 9
40 4
56 15
53 14
37 15
52 3
49 13
21 10
43 4
16 7
37 4
17 1
41 4
27 5
32 13
24 7
39 12
22 10
35 3
37 2
50 15
24 15
16 9
36 6
1 29
28 12
31 4
49 5
19 4
24 25
56 1
42 4
41 9
19 12
19 9
28 6
38 3
24 6
48 10
22 9
47 1
56 10
40 10
55 9
39 8
19 5
18 7
49 1
32 10
55 3
52 8
0 9
41 3
19 7
56 5
38 10
21 2
38 6
45 15
52 13
52 7
10 29
31 6
26 7
28 3
18 10
19 8
16 13
56 8
23 14
52 11
32 8
27 13
52 4
34 6
15 4
17 11
47 9
36 7
15 30
42 2
56 14
17 13
53 3
23 7
13 29
34 12
39 15
35 2
48 5
51 6
33 12
1 30
27 1
31 13
47 5
22 14
49 7
35 14
47 7
54 2
47 14
32 1
35 15
21 6
18 4
43 7
47 10
36 5
56 9
38 9
31 1
0 7
42 12
9 4
44 5
49 2
43 15
53 6
20 3
27 3
22 7
39 7
33 13
41 5
45 10
23 6
53 15
38 5
42 14
13 25
33 8
18 5
39 5
23 8
45 2
3 29
53 2
39 14
43 9
51 4
3 25
43 11
22 2
5 30
26 5
51 15
52 14
6 29
46 5
55 14
44 10
22 12
7 29
27 7
40 3
39 11
32 15
55 1
26 4
42 1
12 4
50 2
52 6
5 4
34 2
46 10
19 6
44 6
16 8
54 14
0 1
38 2
48 7
0 12
21 14
38 13
57 25
34 1
22 1
40 1
23 11
40 12
35 5
23 2
47 12
54 4
39 2
50 14
38 7
20 10
45 1
21 11
22 8
42 8
18 14
43 2
20 14
55 5
56 11
54 9
46 14
34 11
16 4
27 10
16 11
21 9
18 12
41 13
40 9
22 4
18 15
49 14
0 10
3 4
34 4
18 3
18 6
54 5
33 14
48 13
19 11
2 25
14 25
45 5
34 3
5 29
43 5
51 13
44 11
46 9
45 7
40 8
50 4
26 3
31 9
31 5
56 2
21 4
33 7
24 1
19 1
32 11
37 8
51 3
50 12
0 15
37 11
57 58
31 8
37 7
