24 3
31 5
31 10
41 18
40 15
9 1
6 22
4 5
40 20
6 21
38 15
4 2
25 7
32 13
25 22
28 19
11 1
25 11
7 2
32 0
31 18
26 14
28 10
18 1
9 5
40 16
28 16
28 13
40 22
25 12
40 12
40 8
24 22
40 17
9 3
41 22
19 1
24 9
38 34
30 4
19 23
6 3
37 27
26 16
25 13
8 2
40 1
28 0
28 3
26 12
28 12
40 5
31 4
34 23
25 21
18 2
38 22
41 16
25 9
20 3
11 29
41 21
30 8
6 8
38 27
21 5
6 7
33 3
41 17
40 7
24 10
28 21
24 12
34 29
24 11
40 14
12 2
19 29
37 15
10 5
31 16
0 1
25 4
15 2
10 2
13 3
38 36
2 3
13 2
12 30
38 30
31 1
25 8
28 2
28 11
15 3
18 23
21 3
2 29
9 2
11 3
12 3
36 5
24 17
18 29
26 7
36 35
8 1
25 16
6 16
31 9
41 14
26 9
27 5
38 35
40 3
26 20
28 15
7 3
41 7
25 10
6 2
6 18
6 20
20 2
41 0
40 0
22 2
41 10
25 17
28 14
25 3
41 11
6 10
18 3
24 13
41 19
31 22
38 2
41 9
24 2
28 4
37 38
31 19
3 2
25 14
28 22
26 13
6 9
26 3
28 20
30 3
8 23
28 1
38 5
38 3
28 5
25 5
26 18
24 4
40 10
41 8
26 0
34 1
25 19
6 0
24 20
6 19
33 5
26 21
6 13
10 3
0 3
22 3
41 13
8 5
6 15
24 21
8 3
25 0
41 15
6 4
34 3
31 2
26 5
6 14
25 15
26 17
25 18
36 10
24 5
31 11
31 7
25 1
27 3
26 19
40 11
26 10
30 39
31 21
41 5
30 2
41 20
21 2
40 21
6 1
31 17
25 20
24 18
37 10
11 23
31 13
38 10
41 3
31 20
6 17
24 19
41 1
19 3
40 2
4 1
24 15
11 2
26 8
31 0
4 3
33 2
37 9
27 2
40 19
14 2
31 14
27 9
26 1
31 15
30 5
6 5
25 2
26 15
26 22
26 11
24 1
0 2
35 5
35 1
6 12
41 12
19 2
31 3
28 9
38 9
40 13
24 14
41 2
24 8
41 4
6 11
38 12
24 0
3 29
28 17
40 4
13 1
24 7
26 4
28 8
40 9
28 7
40 18
24 16
28 18
30 1
31 8
26 2
31 12
