15 12
5 15
43 9
32 5
12 16
62 21
15 20
56 28
64 1
15 10
1 20
71 3
12 15
71 46
36 15
5 22
46 17
22 18
38 45
3 11
45 11
17 27
13 10
4 20
54 1
65 1
46 12
16 17
57 1
58 1
33 4
2 19
38 43
71 2
16 11
45 20
66 3
35 9
5 10
47 13
40 9
8 12
34 4
7 3
53 3
36 20
68 3
38 5
9 18
39 15
45 13
1 15
4 19
47 18
5 11
13 18
4 21
36 10
50 5
30 15
38 1
44 9
11 29
67 4
16 15
2 20
24 21
55 21
24 16
61 12
1 18
40 21
49 19
55 22
40 22
4 16
24 17
71 48
35 17
49 16
13 22
65 5
30 13
19 28
32 2
45 14
30 16
42 17
4 18
43 18
53 2
48 20
44 11
46 11
40 15
43 22
48 14
36 17
15 19
43 14
8 13
61 16
12 22
36 21
0 4
36 22
36 16
40 20
17 28
54 5
8 15
63 28
16 21
33 1
12 10
49 15
47 14
31 1
71 45
32 3
63 27
4 12
42 9
69 56
28 27
38 48
30 22
22 28
35 10
3 19
28 29
37 18
8 21
1 22
69 14
68 5
2 10
48 10
14 29
39 19
47 19
22 29
7 2
35 14
8 10
44 13
0 3
44 15
69 63
71 35
0 5
47 21
36 13
16 22
15 14
8 14
47 11
30 9
57 5
15 21
39 14
3 20
46 22
6 1
42 12
71 43
62 13
66 4
62 15
41 14
23 5
21 16
48 22
61 13
19 29
41 13
7 4
44 19
8 9
38 24
0 2
59 3
68 22
39 22
20 27
49 14
4 11
42 15
44 12
24 22
14 28
38 46
57 2
39 18
35 19
22 14
17 29
47 9
35 13
6 3
5 18
61 15
11 28
40 17
16 20
37 19
16 10
12 11
45 17
46 14
35 15
41 9
52 3
24 11
36 14
13 20
24 10
9 20
54 3
43 17
37 20
64 4
12 18
51 2
38 44
58 4
18 28
47 16
67 5
45 19
71 24
41 17
42 16
37 13
8 16
21 14
71 47
33 2
42 14
35 20
64 5
10 29
4 17
21 15
48 18
5 14
46 10
56 29
42 13
55 9
53 4
26 29
49 17
51 5
62 16
46 21
43 13
71 8
22 19
35 22
60 5
16 19
68 1
37 10
29 27
49 10
57 3
58 3
26 27
36 9
15 22
69 26
47 20
62 9
48 19
38 47
55 16
66 2
12 20
49 11
37 14
37 16
43 21
31 3
2 14
62 22
59 2
40 10
71 39
1 14
54 2
25 4
53 5
56 27
46 20
38 4
8 20
55 13
25 3
33 5
44 22
48 21
45 18
4 22
1 11
58 2
45 12
48 15
71 37
51 4
16 18
42 22
1 17
71 42
43 16
21 18
46 15
9 19
49 22
41 16
66 1
45 9
42 18
3 18
31 5
24 13
31 2
45 22
42 21
60 1
71 41
3 22
38 36
24 20
38 39
24 12
49 13
38 35
21 20
71 40
46 19
24 18
35 21
37 9
35 12
23 4
39 20
6 2
3 15
32 4
30 12
43 20
24 15
67 3
49 12
2 17
65 3
8 11
65 4
42 20
49 20
50 1
12 21
70 14
27 29
37 11
34 2
38 2
4 14
38 8
11 27
53 1
70 22
2 15
21 17
36 11
55 15
65 2
26 28
48 16
40 11
50 2
21 12
7 5
41 19
34 1
15 17
59 1
38 41
4 10
13 19
71 44
71 1
12 19
60 3
38 40
51 1
47 15
46 9
57 4
9 17
45 21
49 21
23 2
55 12
59 5
25 1
25 5
7 1
18 27
38 49
48 11
14 27
23 1
62 12
3 10
15 11
48 12
60 2
47 22
12 14
41 15
20 28
6 5
9 10
52 4
27 28
1 19
29 28
9 14
5 19
61 21
70 19
40 16
44 21
68 2
20 29
41 21
44 18
23 3
6 4
41 10
35 18
38 42
36 18
52 2
37 17
8 22
13 17
47 12
42 11
49 18
46 18
3 14
48 13
66 5
54 22
71 36
22 10
45 10
16 12
43 10
46 16
58 5
30 21
50 3
39 17
42 19
63 29
9 11
70 11
3 17
51 3
48 9
44 14
22 11
48 17
67 1
5 17
40 14
44 10
33 3
37 21
10 28
47 17
13 14
37 12
8 17
13 11
71 49
35 16
21 19
40 12
2 11
18 29
59 4
69 22
60 4
22 20
44 17
41 12
52 5
21 10
22 27
44 16
0 1
40 13
37 15
41 18
40 19
15 18
43 12
24 19
2 18
43 11
61 22
44 20
43 15
10 27
39 11
41 22
5 20
16 14
61 9
31 4
38 3
23 22
32 1
34 5
40 18
9 22
38 37
35 11
2 22
36 12
46 13
25 2
37 22
64 3
39 10
12 17
52 1
8 18
67 2
47 10
68 4
21 11
45 15
21 22
42 10
64 2
50 4
54 4
41 11
36 19
43 19
8 19
19 27
34 3
24 14
45 16
1 10
15 16
41 20
