101 43
53 49
99 5
43 16
96 47
19 24
113 86
61 5
32 19
114 38
9 4
55 10
108 51
98 19
110 14
55 52
63 10
18 6
64 62
90 53
6 24
98 32
114 75
16 21
54 32
47 14
32 26
9 16
6 25
2 19
55 12
89 45
72 6
10 8
71 50
42 51
83 44
114 92
95 40
7 10
119 39
120 104
101 62
99 45
117 101
115 52
55 40
55 43
76 24
72 54
53 47
99 6
17 31
46 47
119 94
110 79
7 16
20 4
16 4
17 4
12 8
50 55
18 10
2 7
113 37
28 4
79 42
6 21
95 7
98 5
96 42
5 32
115 54
48 18
53 46
79 52
26 24
91 6
90 52
47 40
30 21
83 55
64 17
16 11
113 85
58 6
73 1
109 104
45 32
19 18
100 43
35 10
77 55
47 18
26 12
9 13
7 4
110 10
42 7
115 66
26 3
64 27
59 11
100 32
33 14
114 76
19 6
96 54
78 5
39 4
56 52
99 43
55 1
20 24
14 3
96 51
21 24
13 10
88 10
72 45
19 23
109 41
49 7
114 104
119 120
62 14
51 19
95 20
9 12
117 66
114 57
104 46
64 23
120 79
78 1
33 26
121 117
62 8
96 49
41 54
95 16
116 77
84 3
55 6
4 10
61 9
39 3
77 32
5 9
2 23
94 11
117 104
28 3
81 21
117 41
117 39
121 104
64 19
117 30
42 6
11 24
40 9
70 2
69 5
41 6
13 3
91 2
47 7
108 48
16 15
39 5
0 5
26 18
116 72
90 46
20 3
51 47
100 52
95 26
53 48
72 46
56 48
99 2
54 20
59 1
42 9
114 58
108 56
114 67
32 3
84 4
81 23
113 104
112 107
52 7
50 47
100 12
44 25
75 53
51 27
116 102
117 92
47 52
22 12
51 6
43 25
50 44
47 25
27 24
58 5
101 26
22 8
111 57
49 55
62 1
95 2
15 11
42 47
110 42
62 27
61 43
40 3
53 27
23 16
113 107
12 24
110 108
110 82
53 40
25 10
92 2
110 67
79 6
9 8
43 15
40 8
64 40
56 7
114 66
108 14
6 15
52 3
1 11
77 44
32 22
39 6
48 40
110 48
101 14
40 7
102 15
76 11
52 10
26 9
14 11
120 51
115 68
39 1
18 3
101 18
56 9
111 41
35 21
52 18
7 3
26 10
41 53
65 68
52 43
56 40
116 90
56 18
22 6
48 43
79 22
111 106
48 51
3 11
113 57
64 13
9 21
83 45
101 6
88 24
85 24
88 7
51 2
105 65
5 6
120 66
48 62
38 1
89 55
20 17
55 26
109 102
7 13
42 62
61 52
98 22
54 44
6 13
26 20
27 18
35 3
72 5
61 19
55 25
116 96
32 10
76 31
104 49
112 57
30 31
116 60
64 7
10 15
80 24
101 17
4 31
102 12
19 13
112 104
70 5
27 17
28 6
50 54
5 27
14 6
94 31
27 31
12 16
47 27
46 13
114 95
100 62
10 4
20 8
53 56
7 22
5 16
114 73
17 21
51 44
114 106
10 3
77 52
22 31
108 100
79 26
68 55
49 40
89 42
55 16
119 109
38 4
52 12
99 19
2 16
100 5
113 114
62 21
9 15
100 46
14 24
79 47
88 23
79 53
22 21
116 80
83 54
65 7
62 25
99 32
33 19
105 104
83 5
98 62
54 7
64 18
59 31
48 6
101 24
6 10
64 14
88 4
6 23
24 31
104 66
95 25
83 51
4 17
7 23
54 52
33 24
9 6
32 23
49 26
115 100
74 1
8 4
61 2
2 17
22 1
61 51
95 23
20 12
55 7
115 45
71 46
71 52
26 23
62 12
101 12
114 30
75 45
115 46
56 47
108 42
10 21
95 1
114 89
25 1
43 20
2 44
6 12
43 2
25 11
110 45
96 52
57 6
4 23
89 52
65 69
80 20
66 2
14 4
117 73
88 3
100 26
35 1
115 104
27 15
100 9
99 51
45 22
2 18
100 44
24 11
13 14
55 32
109 95
101 20
2 4
64 24
43 19
22 18
100 48
13 1
26 25
45 51
11 31
27 14
52 21
46 48
102 18
56 46
71 55
26 11
101 8
9 19
56 51
112 108
25 8
108 82
40 13
74 3
121 95
18 8
52 16
95 17
20 25
121 35
73 2
84 24
3 10
42 40
18 25
86 2
82 2
89 46
6 16
102 21
2 40
71 2
96 46
41 42
49 52
52 26
98 51
40 19
32 20
55 2
109 110
55 19
73 4
56 13
27 3
49 48
104 53
114 36
21 3
10 1
90 47
64 9
33 10
88 14
71 49
41 49
34 24
71 42
47 44
52 15
104 98
84 1
2 43
13 8
5 10
115 79
33 18
48 52
71 51
45 43
49 32
108 52
4 24
33 1
99 56
43 21
33 17
90 56
52 20
15 3
80 14
37 6
95 27
61 25
104 69
3 15
79 54
102 6
7 25
50 5
7 26
97 1
30 4
103 95
55 14
54 9
82 5
12 10
104 10
99 7
6 8
7 27
100 2
76 3
13 23
66 5
53 55
34 11
96 55
72 52
33 4
27 20
53 52
80 21
117 38
1 3
79 45
110 53
121 64
85 5
18 21
6 18
117 90
114 63
113 78
12 18
75 44
109 112
49 12
110 100
5 18
19 12
32 7
98 25
5 15
45 44
63 24
62 7
45 42
100 27
23 1
101 25
64 25
7 14
102 11
33 3
52 23
22 15
68 2
47 26
50 46
19 25
114 90
43 9
116 89
42 52
53 45
114 102
51 32
99 26
15 31
23 8
75 52
7 19
98 55
40 12
116 29
119 117
77 45
48 7
108 67
112 75
83 52
44 18
48 19
83 42
19 14
114 83
100 19
77 42
45 49
15 4
73 24
92 5
45 20
102 25
13 24
44 12
117 70
108 99
18 17
74 4
54 56
41 2
104 108
32 6
42 46
50 56
100 51
1 21
119 104
16 3
78 4
7 12
62 24
64 10
77 51
20 6
68 56
51 7
17 24
32 14
42 19
51 43
55 9
117 75
46 18
98 12
46 27
61 62
62 32
12 1
6 14
103 63
105 60
110 104
48 27
46 9
61 18
48 14
49 14
70 24
102 17
117 67
83 47
111 108
97 4
74 24
9 20
44 13
19 8
108 68
17 10
113 95
108 47
75 2
75 5
115 55
43 13
54 42
12 4
38 6
98 18
101 10
117 89
64 8
2 62
117 95
32 9
89 54
1 31
16 10
83 2
45 6
61 32
65 66
5 44
120 45
10 31
17 3
45 5
6 17
120 48
25 16
55 22
25 17
5 13
120 82
35 31
108 98
13 15
45 52
14 17
26 19
54 5
79 19
66 6
115 10
115 51
53 44
7 15
95 13
53 51
59 3
53 32
118 17
44 6
121 33
99 49
62 15
113 106
61 26
56 27
26 16
85 1
52 40
104 54
61 22
116 76
75 46
117 57
56 5
77 6
7 11
54 2
26 6
14 18
64 2
12 15
84 2
114 88
52 25
119 95
22 27
29 24
101 22
104 67
25 23
14 8
44 62
43 7
116 81
51 14
102 14
42 14
48 25
44 4
113 93
28 2
105 41
87 4
88 2
6 22
113 28
54 22
88 17
71 5
53 62
5 20
79 9
52 22
25 24
42 5
81 24
5 25
104 99
50 2
33 9
109 101
5 23
114 101
46 7
72 48
48 13
40 23
4 1
49 6
28 1
115 49
117 93
64 15
3 21
99 53
44 24
117 115
41 5
116 74
64 26
52 44
15 1
61 47
17 11
70 1
71 56
88 1
87 6
121 10
95 10
101 23
49 43
83 46
0 2
64 12
26 1
53 2
72 43
35 8
102 10
80 23
79 13
43 17
40 25
103 38
110 54
5 4
40 15
44 19
58 2
14 15
120 100
98 52
75 56
27 25
5 14
75 42
64 21
30 1
4 16
45 46
86 4
121 94
47 62
48 32
104 79
47 43
87 2
117 58
117 37
1 24
9 10
22 10
83 49
13 18
7 1
57 2
42 43
89 51
86 5
13 31
44 14
72 51
50 43
64 4
89 56
61 14
18 31
26 22
108 49
114 65
48 20
5 62
47 23
40 18
17 1
101 16
19 11
77 2
34 31
89 48
99 27
41 44
109 65
115 50
32 16
48 12
55 17
26 15
102 4
6 40
4 21
35 4
77 5
40 32
43 1
49 19
67 2
23 24
64 16
23 3
33 21
5 22
75 55
73 6
113 91
79 32
13 17
22 11
120 52
8 11
32 24
77 49
49 20
68 5
117 76
44 5
33 25
98 27
42 12
13 21
44 17
56 49
54 46
20 10
5 21
79 48
76 4
27 4
57 5
9 25
113 87
56 12
114 68
77 62
64 5
56 25
0 4
110 55
50 51
109 89
2 26
95 4
19 20
109 88
28 5
121 59
21 31
6 4
55 13
95 21
75 49
62 26
93 5
114 115
2 12
26 17
117 68
9 23
116 101
87 3
55 20
98 13
4 3
42 18
102 8
62 23
113 84
112 60
20 18
32 17
71 53
104 68
63 21
50 40
78 2
104 14
85 2
47 4
65 67
100 20
40 1
42 2
61 7
30 3
86 6
96 48
104 50
96 5
54 27
117 102
6 7
46 20
44 32
16 1
99 46
5 7
46 14
64 32
113 65
98 40
6 43
42 13
42 44
90 45
7 24
79 43
72 2
111 75
99 9
61 40
71 44
43 14
96 6
115 98
52 62
104 52
120 98
54 62
47 10
42 48
25 3
23 11
71 54
45 27
55 47
9 1
117 83
95 3
115 69
83 53
112 65
83 6
117 65
46 32
48 22
54 6
78 6
40 14
43 26
110 69
56 6
51 26
62 9
4 8
40 4
79 49
72 55
45 13
17 15
17 16
14 1
14 21
26 8
83 50
46 22
4 11
32 11
59 4
19 17
72 47
79 62
45 26
46 5
2 20
44 10
51 20
53 5
56 14
84 5
25 15
64 3
90 54
25 21
49 44
73 5
120 46
41 52
121 96
33 16
77 47
71 47
44 16
115 108
110 50
101 32
99 55
7 8
43 3
49 2
45 7
44 15
97 3
77 40
5 40
62 18
108 54
121 39
75 51
99 52
40 26
115 47
95 43
19 15
62 17
108 46
27 21
54 40
77 7
51 55
104 100
43 23
14 10
120 49
12 21
52 32
90 42
27 12
20 15
72 50
54 26
86 3
54 51
49 27
110 49
37 2
23 15
90 51
95 8
70 4
18 11
12 3
22 4
51 12
32 4
32 13
68 46
27 13
8 24
47 17
53 54
56 22
79 55
30 24
22 13
41 45
42 25
48 5
14 23
121 34
109 111
98 14
42 20
43 24
117 91
46 25
49 46
110 68
13 4
52 6
102 31
19 21
32 15
32 21
50 49
23 4
110 99
102 1
12 23
25 6
53 42
114 37
75 6
32 27
51 25
105 107
20 11
95 22
53 9
118 59
98 6
101 27
77 46
65 32
114 41
101 5
47 22
61 6
103 65
101 15
114 69
50 42
120 54
96 56
55 3
5 19
120 56
36 6
45 14
72 42
15 21
52 27
101 21
23 21
45 55
116 71
95 18
100 56
95 9
99 62
77 54
54 43
45 18
14 25
54 19
87 5
114 85
25 31
33 12
44 22
118 104
51 9
54 48
64 20
98 2
49 47
103 96
114 39
120 99
2 6
32 12
61 27
109 75
22 14
40 5
117 85
98 44
5 3
114 93
62 11
21 4
52 13
116 61
62 6
97 2
118 34
18 16
43 18
115 82
87 1
100 55
48 47
108 55
77 48
88 5
44 2
2 9
51 5
22 25
18 23
79 40
59 24
43 32
15 8
7 6
46 2
104 42
78 3
32 18
79 27
105 83
42 26
115 56
111 65
55 18
96 2
16 8
101 3
56 62
118 96
7 17
77 53
21 11
45 25
44 27
103 39
114 86
71 43
40 24
118 39
39 24
75 50
95 12
101 19
95 19
43 4
61 55
41 50
96 53
2 25
44 21
56 20
111 107
15 24
98 47
113 92
35 16
12 11
120 53
44 1
43 22
56 44
56 55
68 49
109 105
109 30
112 106
108 79
120 14
52 14
116 30
54 49
68 53
54 45
41 56
20 23
41 43
14 31
1 16
62 16
68 42
46 26
90 49
12 17
71 48
2 22
6 3
111 83
79 51
120 10
60 31
27 16
49 25
85 6
44 20
113 36
56 32
96 45
102 24
117 69
2 27
79 2
51 18
5 17
117 97
38 3
79 5
52 24
46 43
105 57
104 48
12 14
108 45
27 8
115 53
75 47
0 3
115 67
93 2
62 4
100 40
63 23
55 27
56 26
43 8
44 40
17 23
23 10
41 46
47 13
44 43
115 99
47 20
53 43
56 2
18 4
2 15
7 9
48 44
90 55
26 14
27 10
100 42
13 12
6 20
40 6
62 19
45 12
87 24
51 13
88 32
82 6
3 31
71 6
110 52
8 31
9 22
43 62
5 1
27 1
49 22
69 6
62 10
2 32
101 7
26 4
20 16
100 13
41 48
91 5
40 17
36 2
114 70
81 10
95 62
79 7
9 27
114 97
112 41
10 11
9 18
52 4
89 49
22 24
44 7
46 62
99 40
2 14
46 51
100 45
94 24
80 10
72 56
53 13
85 4
98 9
52 9
120 55
120 47
19 4
6 1
98 7
33 23
48 2
77 43
12 31
121 120
73 3
95 24
79 46
52 17
44 26
103 104
7 20
32 1
45 40
62 3
46 40
13 6
70 3
63 17
51 62
20 14
95 32
72 49
39 2
41 55
99 22
99 44
110 46
117 88
38 2
25 4
114 82
88 6
96 50
35 24
95 5
111 104
113 109
53 6
43 40
61 20
16 31
79 56
117 82
42 22
55 44
47 3
101 40
104 55
37 5
47 19
104 56
100 22
98 20
10 24
54 55
55 62
99 54
116 88
101 2
2 10
116 0
95 14
97 5
46 19
52 1
49 42
114 60
102 16
7 21
120 67
67 5
46 12
46 44
40 20
13 11
52 19
108 10
86 1
110 56
114 84
49 9
77 56
88 21
97 6
45 9
27 11
47 21
41 47
85 3
113 63
40 16
33 20
22 20
30 11
84 6
9 24
20 1
35 15
108 50
13 20
117 84
76 1
35 11
109 90
115 14
89 53
70 6
47 16
33 6
104 45
120 68
105 108
117 86
19 3
27 6
95 6
4 15
120 108
119 65
99 48
95 15
118 63
62 20
50 52
49 62
97 24
22 3
45 48
21 8
33 15
88 20
48 55
50 45
49 5
68 45
49 51
103 37
45 47
55 23
108 53
44 9
22 17
54 47
50 48
78 24
93 6
46 6
43 10
114 107
7 18
100 6
61 12
47 1
75 54
19 1
64 43
54 13
56 45
19 27
17 8
33 27
3 24
42 55
44 3
64 6
99 42
64 22
6 19
26 13
9 11
61 13
42 32
19 10
83 56
109 83
20 21
99 47
120 50
67 6
100 7
40 21
43 27
113 68
9 3
21 1
79 44
2 5
14 16
40 27
92 6
68 47
89 47
115 48
118 95
110 51
6 9
43 6
43 5
110 98
27 23
6 32
6 26
19 22
41 51
33 13
112 83
83 48
8 1
49 13
61 44
96 44
72 44
0 6
98 26
5 43
8 3
120 42
19 16
38 24
110 66
26 27
12 6
13 16
22 16
53 26
46 55
44 23
5 12
33 11
55 4
20 31
105 106
56 42
22 23
16 24
18 1
62 13
32 25
48 9
105 75
5 26
48 26
101 1
53 7
102 23
65 23
0 1
69 2
45 62
53 19
18 15
101 9
45 2
72 53
38 5
42 27
33 8
1 15
23 31
43 12
18 24
51 22
71 45
46 52
26 21
100 49
98 43
75 48
9 14
47 32
80 17
104 51
110 47
2 1
81 17
49 18
51 52
109 76
50 6
1 10
51 40
101 13
13 25
45 19
117 36
56 19
115 42
47 15
50 53
111 60
40 10
101 4
102 3
55 5
120 69
108 104
2 13
36 5
114 91
53 22
47 12
56 43
108 66
6 62
104 82
104 47
47 6
64 1
32 8
90 48
33 22
108 69
12 25
9 17
47 9
2 3
100 47
