39 14
46 55
32 43
96 57
102 1
86 3
28 56
46 25
32 56
59 31
36 2
79 42
89 31
104 20
100 46
56 38
58 9
84 27
3 59
86 18
71 42
39 19
29 38
56 59
50 55
10 59
93 47
26 62
9 63
58 52
24 15
58 43
92 25
27 63
102 11
30 31
35 24
93 10
58 33
57 61
100 14
86 25
74 10
7 14
79 4
103 11
54 29
102 21
5 25
96 44
86 1
88 28
75 45
75 4
51 25
85 41
53 61
79 10
88 25
58 5
26 30
85 4
74 6
93 24
58 27
87 14
88 12
101 5
88 16
97 15
97 34
89 60
67 38
74 42
74 34
14 38
45 41
35 27
71 54
84 44
41 65
86 27
89 82
36 22
7 59
85 28
70 5
104 19
89 20
101 49
88 10
83 24
11 57
56 65
91 3
51 67
12 25
46 11
21 18
12 38
77 12
5 51
99 47
50 62
25 38
96 22
84 43
99 20
69 48
81 17
39 23
98 49
55 31
96 28
71 3
97 43
96 6
91 33
28 61
2 52
41 14
92 54
98 32
7 30
0 27
96 52
6 51
85 54
56 55
91 47
72 17
74 32
77 26
70 21
91 27
92 8
70 51
92 27
33 29
58 12
84 48
4 43
22 41
95 32
97 49
99 7
1 62
48 67
20 38
47 38
51 41
95 11
13 25
104 12
92 5
50 41
4 29
51 64
86 23
28 14
96 15
74 25
70 56
13 57
88 21
6 66
79 54
54 25
98 54
0 20
95 26
90 13
34 14
81 32
9 43
75 5
29 14
77 32
51 62
88 53
28 48
88 54
77 25
89 57
10 15
36 28
77 28
32 15
88 22
6 29
104 51
27 31
39 43
101 54
89 48
87 4
33 62
10 57
96 14
27 29
69 41
76 32
102 41
81 2
5 65
86 21
36 1
70 27
75 15
69 50
0 16
87 50
21 11
56 64
69 3
101 41
27 38
77 11
71 48
93 6
101 21
104 13
85 43
7 43
71 22
101 12
75 26
56 67
69 25
71 40
90 33
1 50
95 10
69 47
97 23
74 9
76 15
72 31
97 48
90 56
39 16
21 15
99 23
85 11
2 55
99 43
71 13
5 67
2 67
92 57
95 17
6 62
69 5
41 66
81 50
97 19
36 8
72 40
84 49
86 11
58 53
58 46
70 3
96 24
88 5
51 15
75 2
90 31
32 30
24 57
35 6
87 17
84 9
10 41
54 65
5 61
35 15
79 26
69 8
27 15
27 52
102 40
86 31
71 21
34 31
75 13
0 34
85 42
75 28
27 41
91 50
85 16
85 49
96 1
101 48
69 29
70 23
76 13
101 53
69 11
104 3
91 24
27 25
96 46
38 25
37 38
81 11
28 12
100 32
45 38
71 25
86 53
95 47
79 18
6 31
101 32
26 66
94 4
79 57
16 12
48 57
70 17
39 27
83 3
84 20
103 10
40 25
76 28
52 31
35 23
26 63
36 6
22 38
92 9
39 18
96 2
58 45
103 40
90 6
49 59
35 14
85 2
21 51
44 38
93 17
96 7
71 1
57 15
96 26
70 42
103 12
83 7
10 55
89 17
2 62
100 26
81 14
79 22
35 26
58 44
57 55
84 5
32 51
102 5
90 51
87 27
76 6
5 64
97 14
57 18
91 40
99 9
81 60
24 30
58 8
103 26
79 31
21 38
98 52
50 57
81 48
33 56
85 5
95 9
90 82
71 19
75 46
81 51
1 48
102 17
71 45
71 15
7 15
83 6
0 21
72 7
71 60
26 41
38 31
5 14
90 15
76 46
41 25
57 67
96 49
100 54
0 15
35 7
13 56
4 65
28 50
102 4
90 26
76 45
8 41
7 63
93 51
77 34
101 44
35 5
102 8
32 41
93 48
102 51
67 31
55 12
2 18
84 12
58 15
32 55
102 33
58 54
97 16
70 19
71 47
36 16
10 61
5 55
104 32
55 25
88 42
85 17
7 57
90 42
86 24
21 62
58 40
41 31
99 52
97 2
6 63
86 60
36 33
2 14
92 51
93 13
4 31
33 57
48 63
104 22
100 44
52 63
88 13
26 18
75 44
89 51
104 6
76 34
66 38
97 57
84 8
87 21
1 41
70 45
5 43
84 82
41 29
13 14
89 7
9 62
72 10
74 48
97 41
9 50
94 21
77 42
92 43
98 33
85 27
36 4
10 29
2 31
33 64
26 59
4 30
104 4
103 24
84 24
93 50
99 16
49 31
92 50
4 61
22 25
4 15
42 59
15 12
10 67
34 56
87 48
102 10
52 29
13 29
39 32
104 48
99 5
83 19
103 53
84 16
26 15
86 54
54 41
94 43
100 56
95 16
44 11
6 56
33 48
6 57
83 27
71 56
93 18
99 22
75 12
7 11
58 57
50 38
103 46
75 24
35 25
9 25
92 20
35 13
77 6
90 10
94 19
91 32
83 30
77 45
89 26
35 28
88 52
58 7
70 50
94 22
101 56
52 57
102 20
94 40
1 30
75 31
9 59
13 43
39 55
10 63
95 33
99 24
81 31
87 15
58 20
103 15
87 60
9 57
36 31
76 30
28 62
94 51
66 25
5 12
76 24
71 5
95 1
75 16
69 13
10 18
72 2
58 1
92 6
99 17
58 13
71 2
1 18
24 55
32 66
86 52
70 10
94 10
30 61
52 65
27 62
100 4
1 51
88 51
84 1
0 32
23 59
31 38
104 27
94 82
48 59
104 31
54 30
87 47
6 65
102 31
21 50
101 1
57 62
44 68
84 19
9 48
79 6
4 41
69 44
5 30
70 15
75 48
11 15
85 48
85 19
39 46
100 52
92 48
72 23
77 9
91 20
89 2
0 3
74 1
102 50
15 38
58 17
48 12
71 27
70 52
70 34
97 31
99 27
94 33
27 59
74 33
6 43
99 8
57 25
55 38
101 33
54 62
88 45
69 4
5 62
100 17
60 38
102 47
100 43
13 63
94 54
88 26
29 66
4 25
69 30
39 52
95 24
51 63
76 42
85 60
90 1
98 4
89 41
59 12
55 59
58 19
30 62
36 12
21 61
21 67
100 16
9 64
76 33
101 4
13 64
54 14
102 15
6 48
96 17
87 5
79 11
75 19
91 25
97 51
87 51
91 12
76 22
95 13
86 50
30 38
95 40
102 19
24 65
70 6
96 23
87 20
36 23
103 42
28 65
104 34
79 51
93 45
21 63
89 25
10 50
79 52
56 18
81 49
36 29
21 31
86 22
85 46
34 67
100 7
29 62
19 25
102 2
76 3
87 41
88 11
72 24
48 41
50 64
99 41
81 41
57 31
96 11
102 49
6 38
86 7
72 27
13 11
75 47
29 63
85 1
87 10
92 49
101 13
98 16
36 17
92 28
95 2
88 40
0 13
95 8
90 52
93 52
22 55
101 34
19 12
57 63
69 27
50 30
91 4
6 67
28 18
1 61
29 57
101 9
94 46
93 23
39 57
29 59
24 11
6 59
92 26
91 7
69 7
35 3
102 12
78 38
44 14
58 18
33 50
79 7
94 7
88 17
2 56
90 53
70 7
51 55
97 47
2 61
45 57
94 18
85 21
74 15
98 3
100 22
23 38
84 2
58 48
60 31
69 24
39 3
35 30
34 55
79 16
48 29
71 57
95 60
69 54
53 38
84 25
4 18
92 3
97 11
100 5
85 3
0 8
0 19
104 1
71 31
47 61
11 12
71 41
103 17
75 27
92 45
0 24
84 52
34 61
95 7
75 23
11 61
85 57
93 3
75 42
67 61
95 41
83 31
86 42
39 21
92 60
69 9
7 61
71 14
41 64
13 38
103 31
66 31
99 48
91 46
93 12
77 13
91 11
50 66
72 29
99 21
9 38
75 7
72 11
32 18
0 18
39 53
91 15
71 33
32 25
39 9
53 68
35 12
7 48
94 53
86 12
24 66
36 11
56 11
94 13
94 9
58 21
100 45
41 15
70 32
2 59
9 51
102 43
90 16
79 3
102 28
34 11
96 53
24 31
77 46
32 31
101 26
101 10
69 43
94 31
89 5
72 32
4 50
70 54
102 53
102 26
99 13
103 28
89 54
34 30
9 41
19 15
33 31
97 27
93 60
25 12
36 32
1 15
93 8
33 38
35 29
94 48
9 12
69 26
92 17
15 61
103 48
81 23
92 2
70 40
10 52
90 12
51 30
98 34
98 11
33 63
24 50
4 52
92 42
45 31
84 7
92 23
34 29
24 52
74 24
92 13
7 65
27 67
95 44
89 22
85 24
3 31
71 28
12 31
45 55
70 49
100 31
9 52
71 52
69 57
84 15
104 52
102 7
79 1
56 25
89 3
85 9
79 17
96 8
100 25
99 40
75 20
96 32
36 15
30 66
1 29
72 5
71 29
103 16
104 10
76 19
52 41
96 56
10 12
26 48
100 10
91 19
69 12
88 6
70 48
88 33
83 32
79 30
57 11
97 12
99 2
76 4
91 60
92 1
72 6
81 26
100 42
13 52
84 31
47 31
71 46
21 64
16 38
99 4
48 14
28 66
70 24
71 7
36 9
91 41
36 13
27 56
52 66
98 42
21 56
9 55
94 1
99 31
22 59
89 12
47 25
72 33
36 25
43 12
90 7
104 50
1 59
29 41
39 40
27 64
69 21
50 15
2 50
29 55
71 43
28 31
4 56
89 23
98 13
13 65
94 42
35 16
87 23
9 29
77 1
88 19
102 25
94 14
86 34
32 64
66 12
9 66
98 19
46 68
88 18
101 31
103 1
97 53
101 40
52 67
103 5
49 25
88 1
79 20
28 55
102 6
7 12
28 30
98 5
27 57
69 23
81 1
58 50
45 14
98 28
91 51
70 53
93 42
10 51
39 24
33 55
99 46
81 21
6 18
51 12
34 51
76 1
1 66
39 50
101 11
79 56
101 14
44 41
51 11
97 28
99 25
50 18
84 6
97 50
70 47
79 34
2 48
86 47
2 30
33 67
86 33
58 51
4 62
5 52
91 18
69 46
92 44
98 50
94 49
87 24
25 31
91 43
0 6
77 48
79 5
103 33
69 51
81 16
13 50
99 26
0 26
91 17
4 38
89 28
64 61
41 11
0 11
76 10
24 62
70 8
74 31
95 19
6 50
24 59
94 27
10 11
92 82
84 17
74 5
83 4
5 38
86 51
72 28
77 17
99 19
87 53
97 40
14 59
101 2
100 51
48 18
103 54
88 4
24 43
1 52
7 50
88 2
51 57
32 29
1 55
74 22
93 20
54 38
85 32
91 13
91 44
72 19
21 30
33 66
33 65
103 7
99 10
10 66
81 10
69 14
87 16
52 25
91 5
93 2
51 59
104 9
91 6
24 51
28 15
93 9
99 6
83 25
102 52
81 25
83 8
95 28
56 12
1 65
93 28
44 55
24 56
98 14
47 59
56 14
57 38
77 29
39 11
88 23
72 8
10 64
75 8
29 12
79 48
69 42
33 11
35 19
58 32
46 12
84 45
79 50
75 25
54 57
4 12
87 49
98 41
79 44
101 42
87 18
64 59
79 40
76 8
85 23
104 8
84 10
98 22
13 61
46 57
87 45
36 7
34 18
91 1
95 22
39 1
96 31
34 38
72 9
96 4
69 33
32 65
32 12
10 43
2 43
84 33
36 10
0 2
97 17
98 25
95 43
102 46
41 38
87 19
81 28
0 12
104 25
92 40
48 11
39 56
85 12
88 47
97 5
88 82
85 7
72 3
4 57
74 20
27 55
44 15
27 61
4 63
79 25
54 67
87 9
88 9
70 9
87 57
81 53
47 12
34 50
7 56
24 12
52 38
99 32
71 6
56 62
10 30
56 41
104 28
36 21
50 11
84 42
70 25
58 55
71 23
54 55
99 51
91 49
89 40
83 14
7 67
44 12
58 22
88 27
76 25
93 26
77 4
100 40
94 52
1 38
0 5
98 56
97 26
79 43
90 54
39 20
15 25
87 32
46 15
89 34
89 16
83 16
30 59
10 38
89 10
100 50
102 45
48 55
101 17
42 25
98 31
34 25
92 21
89 24
99 49
69 53
100 33
91 42
81 20
74 3
69 2
41 62
45 11
19 38
99 14
98 45
100 1
91 2
96 51
27 14
75 1
81 47
87 42
30 55
75 29
89 4
95 12
88 49
74 26
7 64
26 51
34 12
43 38
57 65
71 51
96 34
97 46
54 15
0 7
33 25
85 8
39 4
51 61
103 60
13 66
13 62
93 21
24 64
101 43
81 19
38 12
32 57
81 56
87 43
1 43
77 19
72 16
90 25
44 59
70 46
79 21
4 66
41 12
92 14
92 10
99 3
104 14
24 25
5 56
95 48
84 21
49 55
0 17
90 49
6 55
39 44
36 27
94 28
30 57
19 59
70 26
96 19
52 11
74 14
101 50
85 56
81 12
26 56
77 31
33 15
84 60
7 41
72 48
81 42
75 17
4 51
101 23
6 12
87 82
5 63
93 4
100 41
7 66
83 5
79 19
58 56
44 25
72 42
96 40
101 45
0 31
30 25
50 65
67 12
7 52
93 40
98 44
72 53
93 27
83 17
87 3
11 38
13 51
69 32
76 44
94 11
2 63
92 18
29 15
89 52
103 14
103 34
30 14
103 21
41 67
97 42
1 67
70 1
69 34
95 31
69 60
46 59
99 57
76 29
83 34
1 64
102 44
92 33
102 22
69 10
94 3
28 43
51 65
34 52
0 30
74 7
2 57
21 52
94 50
57 29
84 32
85 22
3 12
76 14
77 2
86 16
28 41
90 57
86 10
80 59
102 32
69 16
30 41
7 18
33 61
103 49
39 47
77 24
94 34
92 32
58 3
101 28
17 38
58 47
45 25
56 57
96 12
36 14
70 43
92 52
4 55
90 5
13 67
72 20
44 31
88 50
89 9
33 52
69 22
85 14
52 14
6 15
67 25
84 26
83 28
26 11
95 5
32 61
84 13
5 11
36 30
0 23
91 16
76 2
53 59
92 12
96 47
26 38
58 10
24 63
85 40
71 8
6 52
71 11
103 25
91 8
70 33
7 62
101 57
83 10
39 10
58 6
48 31
48 64
93 7
10 31
77 8
98 48
89 33
26 29
45 12
90 27
5 18
91 48
85 53
96 16
42 12
98 53
72 34
73 22
86 14
86 57
87 12
92 53
103 20
94 23
70 2
1 57
104 15
90 4
70 30
13 12
95 34
79 32
96 25
85 47
87 26
91 57
87 44
91 31
71 53
21 41
93 19
27 50
97 1
58 28
72 1
91 53
58 4
59 61
77 15
86 82
90 44
89 1
102 16
21 55
75 32
77 33
77 22
86 32
71 9
85 51
100 21
27 18
74 28
28 63
86 20
96 50
88 7
76 11
98 8
104 24
90 18
85 18
104 2
85 45
89 43
7 31
104 33
51 18
85 20
83 9
90 48
56 30
35 4
77 23
24 48
72 25
100 13
27 48
86 2
40 38
85 6
101 27
4 48
99 33
85 13
58 25
95 54
91 52
87 7
4 14
94 60
91 14
56 63
93 33
75 11
96 9
75 34
95 21
35 18
95 6
9 11
52 12
10 25
77 53
75 21
98 17
8 59
92 56
97 33
98 57
95 18
90 40
30 29
11 68
27 12
40 12
92 31
86 13
98 2
71 10
33 51
96 48
34 66
50 12
93 49
75 10
88 34
88 56
90 8
58 26
86 48
91 9
101 8
96 5
28 52
97 54
79 33
28 64
24 41
52 30
97 45
10 62
11 41
52 18
103 19
54 31
74 21
13 18
22 61
103 13
75 22
41 61
97 24
95 4
2 51
87 33
83 22
51 66
100 28
100 23
81 13
86 6
93 43
77 20
29 61
87 56
96 3
88 43
79 28
95 57
43 31
94 57
99 44
26 31
100 6
79 8
36 5
81 33
92 19
26 64
72 47
88 46
95 27
98 7
22 31
7 51
89 8
46 41
21 25
32 63
36 20
77 7
43 11
79 13
100 12
90 34
71 12
91 82
72 12
39 48
99 56
34 59
2 64
58 16
70 11
88 48
87 1
39 12
102 57
39 26
46 31
103 30
13 48
77 14
70 41
44 57
21 43
57 12
89 45
90 50
89 46
94 17
4 64
99 42
39 15
28 25
87 40
89 27
26 67
9 15
84 22
84 11
86 56
86 40
70 31
39 33
39 31
8 31
75 9
75 30
98 46
81 24
0 28
93 32
31 25
51 31
27 65
95 46
52 15
89 47
90 24
48 30
5 41
101 51
91 28
81 8
54 59
101 19
21 48
57 59
93 16
52 61
81 5
74 16
102 9
97 32
6 41
103 29
87 46
69 17
44 61
90 28
93 82
13 55
104 16
84 51
30 15
13 30
92 16
14 12
84 46
5 50
79 41
94 12
97 52
69 19
101 7
102 3
34 41
69 6
34 43
77 3
26 65
104 23
72 4
96 54
88 24
52 55
83 33
95 50
85 25
96 27
103 6
96 45
97 6
3 25
76 17
50 31
96 33
98 21
84 18
69 31
21 57
6 30
85 31
0 1
74 19
91 23
83 20
94 56
93 22
0 14
56 29
81 27
5 15
39 6
70 12
104 26
102 56
52 62
18 38
6 14
85 44
95 53
98 47
39 49
103 22
76 21
91 56
36 19
6 25
100 11
86 9
77 21
79 9
79 47
104 5
89 42
36 24
104 17
33 30
16 31
92 24
86 44
83 26
89 6
103 8
100 20
102 14
32 11
86 45
101 3
32 62
81 82
50 59
21 65
1 63
103 18
93 41
2 66
95 15
93 14
58 2
86 26
86 17
95 82
74 2
93 25
98 43
94 26
5 66
27 43
76 23
87 25
1 11
48 15
104 56
76 20
103 9
6 11
35 9
4 67
11 14
1 25
92 34
27 66
88 3
69 45
34 62
71 17
48 61
42 61
41 18
14 61
97 20
42 38
14 25
81 3
66 59
14 31
92 41
99 1
98 15
0 4
45 68
103 43
99 11
91 54
26 61
100 24
26 12
41 55
7 29
5 48
88 60
93 54
9 30
80 38
58 41
35 33
84 14
70 29
39 54
94 5
100 53
90 46
2 38
88 41
90 47
35 34
77 47
84 34
2 29
5 59
33 41
49 38
97 3
92 46
40 31
69 28
34 57
80 11
94 32
29 30
95 42
57 64
19 14
58 42
58 23
99 45
15 55
56 15
26 52
45 59
89 44
50 67
28 57
71 4
84 41
34 15
84 23
69 56
21 59
4 11
102 48
91 34
35 8
26 25
33 18
36 18
24 67
88 32
79 53
88 15
98 26
95 3
54 12
84 53
14 55
32 52
35 31
103 2
39 2
51 29
29 25
35 2
32 38
2 65
97 25
29 31
99 34
48 62
32 59
93 11
33 14
92 22
77 5
84 56
26 50
85 26
35 20
85 34
22 12
24 18
58 14
9 31
70 22
9 14
101 24
79 27
54 11
33 59
28 29
87 6
8 55
52 64
93 57
86 5
71 26
98 6
83 13
89 15
92 15
21 14
39 5
50 25
36 34
72 49
1 12
76 7
85 15
95 52
70 13
54 66
102 13
100 15
87 2
97 8
101 46
0 22
103 23
9 18
103 45
70 60
58 34
41 57
100 47
98 10
77 27
66 61
83 21
91 22
71 30
86 4
28 38
67 59
76 9
41 59
0 33
87 54
84 54
92 7
5 57
86 46
2 11
7 55
98 51
100 19
87 52
81 22
90 14
33 43
13 41
100 9
87 34
26 14
90 20
89 53
71 34
84 4
10 56
70 14
34 65
50 14
88 8
10 65
36 26
34 64
16 25
96 13
81 57
51 38
1 31
85 82
98 1
89 32
87 8
45 15
84 28
90 43
54 63
102 34
57 30
41 30
27 11
74 12
90 21
58 31
81 52
46 38
45 61
5 31
93 53
71 16
94 41
101 47
72 30
1 56
2 15
89 21
89 13
8 38
58 11
46 61
103 4
79 46
99 54
74 27
50 63
32 14
9 67
86 49
2 41
42 68
87 13
95 51
103 44
71 50
39 22
33 12
98 27
93 5
98 24
6 61
7 38
83 29
69 40
86 43
57 41
21 29
101 15
96 41
9 56
99 28
103 27
0 10
93 44
72 21
76 47
69 20
89 18
75 3
83 23
96 43
90 60
50 29
1 14
54 64
90 23
30 12
87 11
60 25
93 1
70 57
54 61
99 53
46 14
86 41
81 4
89 11
24 14
28 59
32 67
39 42
91 21
94 2
97 22
94 44
21 12
27 51
96 20
48 65
90 17
102 27
85 10
8 25
87 28
2 12
81 7
48 25
83 15
74 13
93 34
39 51
100 8
71 24
39 45
92 47
42 31
70 28
104 21
69 49
40 59
50 61
100 3
71 20
32 50
48 38
94 24
76 5
59 25
75 6
94 47
95 20
79 2
81 43
34 63
81 6
93 56
27 30
99 50
52 59
39 28
74 8
71 49
92 11
6 64
59 38
88 31
89 14
0 9
77 44
101 16
77 30
79 23
36 3
13 31
75 14
28 67
4 59
39 13
97 44
86 28
98 40
77 10
86 15
85 33
26 57
0 25
13 15
102 54
51 14
103 32
79 45
76 53
34 48
87 31
90 2
99 12
92 4
56 31
70 16
90 9
95 45
58 24
35 11
31 12
39 34
90 41
70 20
39 17
93 31
87 22
97 10
79 14
9 61
56 61
74 4
70 44
7 25
97 21
35 22
94 6
101 20
101 25
57 66
97 9
9 65
94 8
91 10
91 26
81 40
94 20
35 21
89 56
72 26
72 15
102 23
96 10
41 63
22 57
81 9
96 42
26 43
35 17
58 49
39 7
72 13
76 26
89 50
90 3
95 49
8 57
72 14
30 63
74 17
11 25
72 22
76 48
5 29
13 59
104 7
76 12
97 4
79 12
94 45
100 48
83 1
24 29
60 12
101 6
3 38
88 44
10 48
48 66
75 33
64 38
24 38
94 25
32 48
69 15
90 19
15 31
74 23
69 1
85 52
56 66
97 7
83 12
11 31
75 53
35 32
54 18
99 15
94 16
79 49
90 45
49 12
84 3
100 49
2 25
86 8
94 15
100 2
93 46
21 66
103 47
88 57
24 61
79 29
39 41
39 8
70 4
0 29
28 51
98 23
102 42
97 13
85 50
84 57
89 49
39 25
26 55
15 59
76 27
20 59
71 32
98 9
83 2
90 11
76 31
79 24
88 14
35 1
98 20
95 25
10 14
79 15
101 22
90 22
76 16
11 59
28 11
98 12
102 24
77 16
84 47
93 15
84 40
95 14
81 54
69 52
100 34
97 56
81 15
71 44
19 31
91 45
35 10
86 19
95 56
49 68
57 14
84 50
101 52
88 20
100 57
103 3
81 34
89 19
96 21
100 27
90 32
95 23
