19 5
7 14
16 1
18 2
11 4
21 8
6 10
21 3
18 6
20 2
15 1
16 5
13 10
16 2
17 1
19 8
0 4
0 7
7 13
3 7
21 2
9 3
20 5
19 6
19 4
0 3
0 1
9 7
4 13
16 8
4 14
21 5
20 4
17 2
20 7
16 7
3 8
3 13
15 6
20 3
12 10
18 1
7 10
11 3
16 4
18 3
15 3
21 4
20 8
13 14
12 14
3 14
4 12
17 6
16 3
0 6
20 1
0 2
21 7
21 1
3 10
19 3
8 10
9 1
18 8
11 6
9 2
19 2
17 8
18 4
11 2
17 7
5 10
20 6
17 3
9 8
9 5
19 7
15 5
18 7
11 1
15 4
4 10
11 7
21 6
9 4
1 10
16 6
15 7
0 8
15 8
9 6
3 12
17 4
11 8
17 5
14 13
0 5
19 1
11 5
18 5
2 10
15 2
