39 6
53 1
31 3
52 31
30 3
28 2
45 1
47 16
3 2
37 1
53 4
27 29
32 31
21 2
50 52
34 36
17 3
35 18
16 44
5 44
34 40
35 13
50 40
34 12
11 8
39 3
49 2
50 26
15 16
30 2
48 1
35 14
51 2
19 3
7 21
32 2
50 49
13 6
46 28
0 4
19 6
18 7
49 15
0 5
8 1
20 21
14 2
47 28
48 3
42 16
0 6
53 16
20 2
41 23
43 7
16 1
29 2
35 12
50 43
7 2
50 41
36 15
28 8
8 2
30 6
8 3
41 28
8 4
9 12
19 5
19 2
16 2
21 3
34 38
35 0
28 1
4 44
13 8
42 1
53 2
53 19
4 6
47 23
26 21
10 19
39 5
42 30
43 1
0 8
22 23
36 2
47 30
18 2
48 7
50 51
18 1
39 1
7 1
18 3
24 25
26 3
36 17
37 19
0 7
3 1
50 1
39 8
26 2
8 19
47 7
38 45
42 23
46 29
12 1
39 7
53 6
28 5
23 3
19 8
36 16
28 4
40 2
5 2
34 10
52 2
5 19
8 44
22 2
50 27
46 16
21 1
35 10
13 44
50 13
40 1
13 1
13 2
46 23
46 1
27 30
37 8
10 2
38 2
45 33
24 8
52 33
34 32
50 32
45 2
17 1
33 3
42 7
32 33
42 3
47 3
53 15
53 8
46 7
19 44
47 2
51 1
51 3
37 4
29 3
0 1
11 1
28 7
53 5
37 6
35 11
34 14
49 16
31 1
0 3
28 3
41 3
43 3
41 1
12 2
10 5
10 8
30 4
39 4
27 3
33 1
22 1
9 10
11 2
30 5
41 30
17 2
39 2
30 1
10 6
5 1
51 7
23 1
52 1
48 2
41 7
16 3
50 48
40 44
41 29
42 28
11 6
45 31
10 4
5 4
22 21
26 24
11 5
34 24
47 29
30 8
26 1
35 42
53 17
50 46
37 2
28 6
30 7
46 3
27 1
46 30
18 6
13 25
41 2
15 2
23 2
11 19
42 2
18 5
50 22
38 1
34 37
0 2
36 1
34 39
27 23
10 1
35 38
11 4
5 23
50 47
27 7
9 11
49 1
19 1
34 35
37 5
9 13
9 14
31 2
29 1
27 2
8 5
46 2
42 29
50 24
5 6
41 16
17 7
47 1
34 19
27 16
43 2
19 4
33 2
18 8
14 1
18 4
27 28
20 1
15 1
34 11
15 17
8 6
32 1
