143 26
125 8
1 4
88 12
121 25
71 4
124 41
85 41
82 12
44 31
75 21
122 27
132 37
117 37
95 63
44 26
33 25
78 66
154 27
62 66
9 13
95 79
61 21
132 41
98 26
143 25
125 65
10 45
134 2
95 60
103 35
40 12
155 11
130 12
142 33
98 3
0 4
88 14
46 12
40 26
144 40
73 48
101 45
92 35
78 2
97 61
75 34
70 48
73 37
133 12
75 32
116 38
96 64
116 21
67 37
157 15
2 13
119 34
53 8
61 64
58 61
84 48
28 29
103 37
9 10
122 3
35 29
121 14
62 63
96 16
117 38
9 3
53 4
87 12
0 2
150 13
146 64
81 21
48 12
112 33
141 96
103 32
157 17
32 23
46 13
80 18
2 4
149 12
14 12
101 26
28 39
86 15
48 21
53 12
93 1
133 14
85 18
104 8
75 37
156 13
94 4
80 10
132 34
132 38
75 48
11 16
58 48
94 65
114 3
139 12
85 30
129 8
122 41
123 12
107 19
102 33
122 11
116 45
111 38
7 53
67 68
77 21
100 48
68 44
101 35
122 13
126 36
1 3
100 36
104 3
146 12
157 27
67 21
11 27
100 37
77 32
142 26
85 44
106 37
75 36
9 18
102 38
118 26
84 21
8 30
134 3
109 17
71 41
95 69
80 11
123 18
121 27
58 65
153 3
140 12
73 21
46 3
132 35
105 26
119 64
126 64
122 46
5 7
87 33
152 25
93 96
116 36
84 40
133 48
104 10
134 11
48 35
84 38
49 32
99 12
94 16
96 69
37 29
77 34
37 12
80 27
89 14
128 96
81 35
140 8
92 57
84 37
71 11
8 41
117 34
10 11
154 4
72 52
11 3
84 32
96 52
157 16
120 12
85 59
72 17
110 30
28 12
100 38
122 17
83 8
101 34
86 18
134 135
125 68
109 15
80 46
111 29
4 14
81 40
7 52
24 9
80 14
99 8
117 44
151 14
47 17
110 39
73 40
149 40
84 30
28 32
134 8
111 31
124 13
67 59
84 36
92 48
71 8
7 55
34 12
101 41
99 45
71 14
78 68
140 68
129 17
145 22
124 14
7 27
78 8
142 12
10 14
53 10
62 61
0 1
143 12
39 12
71 16
95 3
95 66
88 16
104 16
101 44
151 12
86 44
62 38
146 10
11 14
74 15
89 3
97 69
31 12
111 13
150 32
93 6
81 37
97 68
9 16
42 11
80 3
49 41
9 15
144 33
72 53
119 21
125 12
85 14
97 66
86 4
124 8
110 31
131 17
28 3
95 42
36 25
155 27
128 94
121 26
78 16
126 48
134 53
75 38
2 16
131 68
101 39
106 17
71 13
68 13
147 10
156 15
103 48
78 42
47 12
27 16
70 51
24 27
119 32
128 1
81 32
110 36
28 41
83 12
125 60
103 36
142 48
117 36
94 27
5 6
101 36
116 31
53 11
114 31
157 4
49 37
74 19
142 71
149 33
92 34
75 17
86 12
10 16
90 2
106 32
132 36
81 26
129 12
148 27
114 12
88 13
130 14
107 33
73 13
126 66
97 60
74 3
90 27
145 25
124 15
9 4
131 65
22 26
111 35
126 34
37 23
43 27
150 35
117 41
72 11
99 13
39 22
106 36
70 71
151 51
111 21
129 54
62 48
67 60
150 45
75 30
125 3
117 39
96 60
121 9
130 51
97 13
72 27
68 3
156 3
61 69
61 60
126 37
125 66
148 15
110 45
84 46
28 36
132 21
75 13
117 32
98 12
119 38
10 15
106 12
46 41
142 51
75 68
77 36
148 11
104 13
104 68
106 44
147 68
5 1
85 27
92 32
82 46
123 8
32 12
78 69
96 66
4 26
86 46
67 17
71 46
117 30
119 66
110 41
67 48
156 4
74 14
134 71
110 34
110 48
150 36
98 27
116 39
81 30
67 35
126 60
93 95
112 25
8 12
85 46
154 9
71 15
76 57
70 19
84 45
86 3
112 48
101 32
110 37
8 26
147 69
34 23
75 63
122 15
99 44
28 31
73 45
7 16
152 14
101 37
140 3
78 79
103 21
111 36
68 46
146 3
92 38
47 14
58 63
86 68
58 37
131 63
96 79
104 18
116 46
49 26
116 41
94 55
22 25
116 35
110 21
1 55
61 38
97 21
131 64
95 68
80 41
120 9
8 14
78 61
3 33
71 44
10 26
134 137
58 36
95 15
3 16
38 29
28 13
40 41
145 40
102 26
144 57
49 35
152 12
6 8
50 48
83 51
132 33
152 26
131 59
44 3
85 8
119 62
132 48
113 11
94 3
35 23
111 37
49 39
156 8
119 63
124 16
50 19
28 33
47 27
126 21
71 12
73 26
10 31
1 91
131 13
102 31
125 64
95 13
73 41
119 17
144 51
157 2
104 44
14 15
122 66
2 15
148 3
31 41
116 34
114 33
96 13
104 27
48 34
139 14
157 13
154 2
62 65
46 31
112 12
107 48
103 38
103 34
116 37
108 8
93 94
140 64
114 26
102 30
76 23
73 34
61 36
7 11
84 26
49 29
124 12
97 37
109 2
71 27
128 6
89 13
2 79
106 34
67 66
134 136
2 42
143 9
94 53
94 64
81 36
150 48
99 3
121 11
80 17
82 10
126 59
56 51
80 13
8 33
87 40
85 13
70 12
78 4
0 3
73 30
112 71
81 12
132 39
93 7
76 25
112 19
34 22
122 18
56 57
111 34
129 27
127 18
98 11
85 11
49 38
119 60
61 68
140 17
101 46
53 2
104 4
29 26
14 19
129 79
129 13
111 12
155 3
126 13
67 69
109 42
101 30
155 4
119 37
94 66
53 13
4 13
77 38
42 27
122 12
38 25
27 3
58 59
106 48
58 34
80 15
4 12
47 3
61 35
72 42
50 51
111 40
121 4
9 11
127 12
27 15
97 32
53 27
78 11
117 35
100 35
24 4
31 25
78 64
28 40
126 38
155 9
157 79
116 40
47 8
81 41
117 48
96 42
148 2
145 33
86 10
10 18
141 6
49 21
96 68
153 13
11 4
142 19
126 17
24 3
109 3
35 12
11 18
122 4
29 25
62 21
62 68
47 13
94 17
43 11
150 17
139 11
108 19
11 15
46 40
94 8
149 31
111 48
146 68
78 54
78 13
61 48
127 14
95 17
95 64
123 3
110 13
70 25
121 12
58 35
1 11
126 63
2 10
156 16
110 40
68 17
62 34
9 14
124 30
24 14
111 39
122 44
72 3
61 34
92 51
50 8
8 29
95 65
106 45
103 33
2 17
100 21
56 22
37 22
28 21
21 23
73 38
74 71
153 4
58 62
61 17
97 64
108 12
82 13
128 95
7 15
124 26
62 64
44 40
81 33
102 40
50 12
44 13
3 14
106 46
154 3
144 25
150 37
75 10
28 37
124 3
74 26
58 64
61 30
113 27
33 26
96 59
28 34
48 25
8 39
58 38
5 8
83 15
89 15
148 66
129 42
127 27
97 65
73 46
89 16
73 32
100 33
74 51
108 51
128 7
111 30
9 17
67 64
77 29
6 1
83 14
61 32
149 26
133 51
119 35
120 26
119 59
97 34
146 8
67 63
101 40
102 12
76 22
97 38
21 12
11 13
78 27
7 42
102 35
80 66
100 26
126 69
100 40
122 8
1 52
77 40
154 11
104 41
127 8
107 51
116 32
82 68
107 15
48 37
102 41
145 51
84 13
58 66
152 9
77 33
87 26
102 21
109 8
124 39
78 15
140 10
10 46
148 13
146 60
44 12
96 27
146 66
96 63
32 22
78 17
150 41
8 15
89 12
51 20
151 19
72 55
99 17
68 10
148 17
72 16
148 69
129 11
154 26
150 21
109 11
43 2
56 25
92 19
3 12
73 44
117 45
35 25
107 26
37 25
103 25
140 66
131 66
10 44
27 13
102 29
92 37
148 8
76 12
122 10
49 34
134 42
95 2
155 2
86 66
72 4
7 3
14 51
85 10
47 16
109 16
7 54
133 15
157 3
68 12
87 41
1 90
38 12
49 12
121 3
157 11
53 17
141 95
58 21
100 34
141 1
108 15
130 19
88 15
96 4
75 64
126 30
150 59
104 14
24 12
81 29
85 12
148 79
47 18
2 3
115 57
107 12
108 14
58 60
118 112
86 8
70 8
47 48
67 32
80 4
118 9
111 41
72 2
126 68
103 40
109 12
156 14
75 60
132 30
95 8
74 16
109 79
132 29
126 32
70 26
61 66
85 66
94 91
77 48
96 8
1 2
10 3
61 59
129 2
117 46
62 32
67 34
94 90
10 39
62 60
10 27
116 13
58 32
86 41
75 69
146 69
107 25
82 3
97 35
11 12
80 12
109 27
106 21
111 32
120 14
21 22
110 26
84 41
84 34
123 14
142 15
85 4
31 40
124 40
101 38
106 30
90 11
123 27
118 51
117 26
1 53
109 4
123 79
62 36
101 21
132 40
145 12
1 17
25 33
109 52
44 41
61 63
42 14
86 17
104 11
153 8
131 61
47 11
53 79
83 19
100 25
77 37
118 57
100 29
92 21
150 12
49 40
61 13
152 3
134 138
28 38
1 27
131 62
142 25
98 9
86 11
95 54
96 3
31 26
85 17
47 4
127 4
47 15
101 13
73 35
85 15
150 30
126 35
67 13
111 26
153 27
92 12
85 16
49 36
129 4
40 33
104 15
75 35
38 22
148 64
71 18
110 12
28 26
127 3
96 54
72 54
28 30
85 3
77 25
33 12
119 36
102 34
120 25
102 36
62 13
95 4
88 3
95 27
139 27
70 33
101 31
94 52
103 29
71 17
102 32
144 22
49 33
61 37
104 46
116 26
122 16
38 23
129 3
9 12
133 19
48 32
80 44
72 15
97 63
134 48
112 51
80 16
96 17
116 44
109 54
117 13
58 17
117 40
82 44
77 26
25 12
97 17
53 3
62 59
96 15
140 60
109 13
123 11
74 12
106 35
118 15
81 38
148 4
50 15
104 66
101 48
78 60
140 69
71 45
97 36
156 27
156 12
4 15
3 15
104 17
85 45
67 36
67 38
2 11
73 36
86 16
118 19
95 59
7 4
94 11
113 2
86 27
132 26
24 26
153 18
127 11
153 14
74 48
119 65
78 65
148 16
123 10
141 94
117 21
24 25
99 41
7 17
97 59
56 12
157 8
1 16
95 16
96 11
124 29
70 15
27 14
36 23
132 32
102 39
95 11
94 2
131 60
81 39
149 3
100 32
86 14
86 13
134 4
19 20
31 33
116 30
46 26
84 44
78 52
106 41
133 16
134 27
124 31
116 48
140 13
62 17
144 12
77 35
148 68
153 12
27 12
133 8
48 38
96 2
92 36
143 14
157 54
98 4
6 7
118 33
103 26
115 20
150 34
3 26
36 29
106 13
84 35
107 40
76 51
62 35
110 38
78 3
80 68
106 38
126 10
8 40
33 40
10 13
4 45
48 29
119 61
80 8
71 3
48 36
148 54
104 12
82 17
122 14
62 37
71 30
67 61
102 37
4 16
36 22
99 46
36 12
81 34
2 27
110 32
75 66
110 35
117 31
35 22
130 8
145 57
7 2
118 25
118 20
95 52
85 63
148 60
28 35
150 38
75 59
149 41
