174 38
133 12
33 8
41 24
208 6
158 17
147 20
165 1
210 21
137 2
63 82
154 13
84 72
31 12
191 1
197 36
44 26
25 2
198 194
119 21
192 83
35 39
188 11
91 45
184 8
198 181
45 12
166 3
22 21
102 3
126 34
172 1
146 17
20 11
162 8
89 4
38 11
168 13
189 45
28 32
129 90
145 6
203 19
176 1
170 5
181 4
109 3
20 8
140 6
129 76
164 24
35 20
185 6
164 25
197 9
210 6
99 2
40 6
201 4
181 47
40 38
136 6
101 1
192 1
82 38
199 5
135 34
2 14
204 21
98 13
209 20
170 17
198 100
22 11
96 4
120 124
72 26
195 12
67 4
45 9
90 4
133 14
100 97
198 179
93 8
38 15
44 36
66 6
170 1
13 38
41 31
22 24
40 4
67 20
161 27
38 6
91 27
131 49
42 3
99 3
116 20
120 135
168 29
91 14
103 70
88 8
36 8
45 6
185 12
56 10
20 9
92 26
103 83
22 23
193 9
184 13
154 12
92 32
165 20
102 2
56 33
82 20
96 6
106 13
149 21
139 17
198 67
195 13
135 1
72 20
181 48
107 20
24 1
67 17
44 40
46 15
185 43
188 47
30 142
162 6
161 6
35 38
74 4
101 13
184 21
146 4
168 20
87 38
74 8
122 65
209 21
188 6
8 17
129 27
171 38
108 97
43 11
44 1
129 6
11 17
127 6
44 47
89 47
12 8
92 23
196 45
84 71
177 27
105 36
35 36
149 2
104 21
111 27
150 1
11 8
176 17
201 9
175 6
91 23
100 2
170 20
112 9
148 6
175 7
120 58
193 1
46 9
74 9
28 30
149 1
29 1
22 12
95 17
112 25
18 12
158 97
45 16
119 3
82 2
7 1
74 29
183 13
115 11
176 14
108 20
177 6
178 3
22 3
73 49
28 9
22 27
83 49
96 38
89 26
28 33
166 7
185 50
178 40
202 71
179 20
12 38
77 21
129 13
113 17
151 70
189 36
50 16
194 11
88 3
7 38
34 72
21 1
192 34
120 119
58 82
117 20
2 6
4 17
188 19
123 71
60 1
187 70
28 31
210 2
198 86
39 4
139 8
104 20
74 1
100 96
166 13
167 9
198 156
21 17
74 32
175 11
189 1
149 4
154 20
44 8
18 1
122 66
76 11
51 12
5 12
72 17
188 49
189 25
104 1
53 67
110 21
13 17
85 15
185 38
195 20
182 72
147 6
26 1
172 7
79 2
147 23
122 63
153 6
144 38
158 1
73 72
86 6
202 6
91 50
15 6
114 25
87 27
115 4
208 20
3 8
65 82
208 38
187 73
41 25
105 21
158 27
181 49
166 2
205 20
165 24
51 52
139 26
14 6
15 8
49 17
200 6
190 6
11 9
165 6
87 17
139 23
25 3
149 23
187 71
110 1
119 1
126 30
160 6
49 4
111 25
141 12
79 21
54 31
76 1
131 45
22 9
185 49
204 27
158 76
106 21
67 26
197 38
33 11
34 31
124 6
115 12
200 14
39 17
105 38
11 6
198 185
139 48
11 14
113 26
25 7
189 47
129 96
36 1
16 49
28 34
89 17
184 12
73 70
196 49
92 2
84 6
110 97
56 34
168 12
193 4
141 2
84 1
203 23
185 45
77 38
206 2
188 17
48 1
192 49
126 6
56 71
102 96
149 20
88 1
96 15
181 26
38 17
168 24
181 6
116 23
122 151
156 70
172 12
179 6
176 52
22 8
17 1
122 28
94 20
144 1
167 36
138 38
29 9
19 38
138 11
150 49
198 206
133 17
39 11
201 52
167 23
142 27
146 16
20 6
65 1
156 50
172 6
99 6
110 2
31 1
119 2
123 45
198 0
201 12
165 19
206 26
49 52
198 44
153 11
34 73
161 38
195 8
188 48
71 27
112 12
75 6
203 38
34 30
108 21
198 202
3 14
26 6
110 20
77 13
38 4
175 1
0 8
110 13
72 12
198 110
71 1
71 73
169 21
174 12
120 42
159 2
75 70
153 20
189 38
122 148
112 14
56 29
99 21
93 14
111 2
203 8
120 117
179 19
39 12
105 17
176 9
148 70
149 6
199 10
115 26
68 82
147 17
41 12
142 70
47 15
168 30
22 6
13 6
142 73
22 26
87 47
134 34
114 9
7 11
181 25
21 9
53 54
187 72
3 17
78 6
74 30
57 82
200 13
198 109
72 9
72 4
8 1
34 33
137 38
20 38
41 33
85 20
46 14
116 6
129 38
197 8
198 85
109 17
200 3
174 3
42 2
140 13
128 12
21 4
198 79
150 6
147 4
21 15
74 25
48 34
62 6
184 25
2 1
179 9
85 16
133 21
207 8
201 16
162 24
178 38
179 7
202 73
116 8
114 8
141 21
59 6
107 12
7 14
161 76
108 1
86 70
206 24
164 27
203 6
191 20
157 7
87 49
99 13
171 12
117 118
26 3
77 3
198 93
144 13
166 38
139 12
147 27
139 19
93 49
199 7
196 6
148 27
48 45
64 6
120 65
87 8
165 31
137 97
8 11
34 6
88 2
95 15
20 4
199 3
59 1
98 3
93 21
93 45
16 1
28 23
109 13
154 17
198 80
150 36
10 17
181 23
10 38
198 186
163 1
41 14
138 6
106 2
187 6
199 49
35 40
67 8
192 27
120 88
85 1
146 20
67 27
181 46
168 2
122 79
164 17
67 14
87 43
87 40
174 7
153 8
51 1
148 83
162 9
206 23
78 20
139 38
182 45
167 45
199 18
119 15
173 1
166 12
78 38
72 27
114 21
198 146
40 11
177 11
178 1
134 6
116 27
169 38
146 21
120 121
11 38
92 29
13 11
139 36
178 21
133 9
89 14
62 1
18 13
107 1
183 6
190 21
192 71
117 1
209 13
10 6
70 1
197 49
68 6
170 15
146 18
198 22
195 16
15 1
33 34
71 45
145 71
112 24
101 97
178 15
206 25
73 27
170 18
89 9
108 27
98 38
197 19
204 1
102 76
108 38
149 25
47 8
162 3
154 4
74 2
80 33
43 4
175 21
200 23
172 13
130 82
111 8
120 95
150 11
197 43
102 17
40 14
163 49
91 48
102 90
126 33
90 1
166 20
203 50
19 11
210 38
7 15
113 25
203 1
76 38
35 21
150 43
73 1
107 8
200 20
122 64
194 21
120 59
88 9
7 6
119 12
120 41
3 1
115 25
177 26
59 82
150 47
181 40
28 13
154 9
140 2
88 12
12 9
82 21
76 15
146 9
14 11
39 29
178 27
201 1
205 6
51 16
179 12
68 9
92 4
109 27
122 58
0 15
137 96
72 24
105 40
164 6
204 11
54 71
193 8
46 8
21 6
102 97
120 56
114 20
87 1
108 12
115 2
20 14
204 20
153 23
207 20
67 25
41 34
147 24
39 30
79 3
179 18
113 23
18 9
168 4
185 27
183 15
103 71
193 12
110 27
45 17
33 17
120 68
41 1
194 25
158 3
47 38
137 17
149 8
101 38
51 23
106 1
210 1
109 20
153 4
122 57
171 20
71 72
152 6
154 21
82 97
28 3
117 3
31 36
122 154
207 11
89 46
21 11
76 14
194 1
47 6
141 13
168 9
120 134
120 114
139 50
136 1
180 1
88 20
67 3
190 20
67 11
151 1
105 14
207 21
92 34
178 37
120 130
119 20
74 14
77 7
42 6
120 128
26 2
168 1
26 13
48 83
4 8
180 3
128 13
175 19
41 27
137 90
4 9
89 40
16 70
175 5
203 27
138 12
204 12
142 71
87 26
113 27
64 82
198 103
86 83
116 13
170 11
44 45
122 149
141 1
210 13
178 2
169 1
92 20
122 147
95 90
165 40
113 6
75 45
174 13
147 8
17 11
193 38
79 13
176 38
167 1
92 31
35 15
74 24
111 11
2 17
97 14
123 6
198 173
91 6
14 9
44 48
105 20
41 11
122 59
168 6
108 3
106 6
159 12
125 6
111 12
128 20
95 97
119 13
154 11
22 2
54 33
205 12
8 15
90 8
163 50
159 3
110 96
170 2
96 17
198 197
113 9
161 1
184 27
24 6
13 4
199 21
197 48
82 1
108 6
137 12
181 36
4 1
133 26
142 72
31 19
198 114
85 19
89 43
39 31
153 17
177 8
36 38
87 25
180 21
128 15
70 71
94 7
123 73
112 1
204 26
149 13
145 45
171 21
48 73
16 6
95 2
7 17
14 1
131 34
207 6
199 15
198 128
181 14
92 9
206 4
14 4
111 14
184 23
195 2
198 136
203 48
111 13
96 1
10 11
131 27
206 1
29 14
111 20
96 11
86 72
50 4
195 7
9 38
86 71
33 9
161 97
120 122
39 14
9 4
184 20
128 1
115 27
111 24
155 27
53 64
105 9
168 26
168 32
206 8
184 24
66 81
105 15
8 6
198 167
129 2
44 46
44 12
185 46
83 1
170 8
70 73
126 29
67 23
51 17
207 1
146 19
36 6
141 3
136 3
171 6
105 31
130 1
90 11
193 15
53 61
53 69
150 25
100 21
167 19
120 131
177 14
37 15
150 14
19 9
189 49
104 38
172 38
154 26
122 55
35 2
95 76
116 11
21 14
126 39
176 16
198 193
93 9
189 11
201 23
85 3
23 9
185 40
101 17
208 1
45 4
185 8
102 13
198 139
200 27
153 2
157 13
53 66
90 15
204 24
189 26
167 6
82 13
63 1
106 3
164 21
176 12
46 1
146 7
51 15
177 50
177 43
72 14
13 9
39 1
199 6
207 13
19 4
197 23
50 38
162 27
195 1
103 34
113 21
107 19
44 50
71 83
172 3
137 15
35 3
115 1
112 11
186 15
203 9
18 7
110 90
150 38
38 14
107 18
8 14
156 6
146 6
171 13
56 6
95 12
44 49
177 38
188 8
198 66
84 73
72 1
198 177
145 73
110 6
175 15
195 10
49 1
203 46
117 13
154 3
198 175
175 10
67 21
54 6
64 1
155 45
180 7
87 12
97 4
167 46
201 17
44 25
107 7
87 45
50 52
123 27
150 45
19 1
115 8
209 6
50 9
97 6
15 38
162 17
162 1
198 163
39 32
181 27
69 6
169 20
92 14
83 73
41 23
50 11
28 27
84 49
35 4
199 14
177 25
73 45
92 30
128 27
144 3
138 14
190 3
139 11
182 6
147 1
46 11
44 11
109 97
172 20
164 11
31 32
178 14
51 38
0 21
159 20
145 1
111 6
170 3
140 3
47 11
74 3
201 14
149 17
107 95
178 12
139 1
203 47
105 2
199 17
25 20
0 4
44 23
194 3
200 1
170 21
94 2
85 18
204 14
117 2
154 6
180 38
91 47
111 9
17 9
120 80
37 38
46 4
0 11
170 7
177 1
202 34
181 17
39 16
97 17
91 26
76 9
99 38
140 7
54 75
107 2
34 71
198 112
29 38
201 6
139 4
90 17
91 4
120 133
123 1
74 11
48 72
194 4
22 20
167 43
93 13
70 27
111 21
178 36
100 27
204 9
80 29
94 12
108 76
14 38
156 45
0 18
102 6
146 12
85 5
55 6
125 20
95 3
153 21
198 152
86 34
162 11
157 21
135 207
115 20
76 4
202 1
124 40
177 36
165 36
142 34
33 12
128 21
101 6
25 21
23 11
158 20
120 64
170 10
91 9
37 4
120 127
198 107
93 15
137 27
54 39
29 4
35 7
206 6
23 6
15 11
158 13
159 13
190 2
167 92
37 11
194 27
204 3
175 9
184 4
191 3
158 96
48 70
139 9
202 50
112 2
92 27
165 2
177 23
50 14
92 12
23 17
2 4
174 1
37 8
189 4
15 17
83 72
87 11
200 17
197 4
114 26
18 19
167 12
207 12
75 49
208 3
54 34
149 27
78 43
189 6
23 8
27 1
194 13
87 50
188 50
188 36
118 1
167 168
40 9
137 76
185 17
138 1
35 1
84 34
207 23
183 118
49 38
184 1
21 8
85 6
120 125
114 27
159 6
133 6
98 6
167 38
179 11
204 13
150 23
114 24
62 82
10 1
106 7
209 3
78 7
114 11
97 8
189 43
131 72
79 19
155 83
94 1
36 9
34 1
72 3
61 1
74 34
109 38
188 12
147 25
178 6
153 24
107 102
155 1
168 23
165 12
72 8
44 14
163 70
161 21
203 45
190 1
164 23
189 8
79 12
148 73
148 34
125 43
164 12
150 19
186 4
205 15
137 21
18 36
112 3
49 8
188 9
184 17
138 15
147 26
112 21
198 137
89 23
161 3
132 1
178 19
155 73
35 12
30 52
136 21
79 38
147 2
99 7
22 4
135 71
94 3
131 73
16 83
144 12
142 49
145 83
181 38
170 6
87 19
53 57
12 15
168 14
47 1
12 4
145 70
102 27
120 35
108 96
102 15
46 6
35 29
146 3
129 15
109 96
49 11
93 4
41 21
183 12
149 9
116 9
36 11
195 6
85 8
131 70
35 37
113 20
149 26
107 21
93 10
33 30
95 27
204 25
175 3
142 31
75 72
133 27
128 90
207 27
194 8
7 9
109 1
167 47
169 7
162 23
115 6
39 34
114 2
75 34
197 6
28 2
18 37
206 9
115 13
162 4
93 19
200 11
153 27
206 11
48 27
202 45
157 2
184 26
182 71
164 13
177 45
13 8
41 8
154 8
26 12
16 72
42 13
198 108
92 17
133 2
201 8
206 27
28 21
78 13
40 17
10 14
120 69
79 7
85 17
168 8
28 11
168 3
105 4
28 4
98 2
98 1
150 26
122 68
87 6
128 3
17 8
107 100
115 24
193 17
198 119
164 2
122 150
155 70
148 49
106 38
161 2
185 4
54 29
122 61
42 15
109 21
183 3
150 4
126 32
150 8
28 1
139 27
198 87
53 55
91 25
113 8
179 21
141 20
154 27
136 52
102 12
187 49
140 20
46 17
195 18
60 82
57 6
150 12
101 76
163 6
33 52
184 11
18 27
165 3
181 92
31 29
154 23
204 6
138 17
197 14
198 101
144 7
20 1
162 21
60 6
153 12
158 6
93 18
37 17
22 17
125 3
87 36
206 20
7 4
205 1
79 36
35 9
103 49
199 12
120 57
70 49
193 52
128 6
176 15
142 1
185 48
188 14
100 20
175 2
73 71
134 70
87 23
41 9
87 46
49 6
0 10
198 203
181 168
178 31
152 1
146 15
3 4
199 20
144 21
63 6
100 6
161 96
29 17
33 31
164 8
35 27
75 83
202 27
198 200
167 8
176 6
18 11
76 8
0 16
120 39
146 2
115 14
17 6
35 41
196 50
189 19
198 145
198 199
203 14
192 6
184 9
185 36
53 63
185 11
198 192
189 23
77 12
43 9
92 1
30 32
112 13
47 9
110 3
164 9
177 49
178 20
26 7
131 6
72 21
149 24
178 13
198 78
96 8
210 20
100 1
58 6
120 62
28 8
91 1
179 3
78 3
43 8
178 4
157 12
3 6
174 2
77 6
107 6
95 21
91 11
111 17
76 6
159 7
144 6
134 49
104 6
22 1
198 102
44 19
122 54
19 14
28 17
188 43
169 13
129 20
73 6
82 6
23 4
129 21
35 24
90 6
8 4
105 7
170 12
0 13
88 25
86 45
123 34
42 20
53 58
9 17
53 56
115 3
135 45
175 14
18 38
210 7
194 17
191 2
25 12
162 25
88 4
129 17
164 1
72 11
203 36
82 27
94 6
188 23
34 29
101 90
158 2
27 6
39 33
165 13
185 14
107 101
115 9
150 27
199 13
148 72
101 27
50 8
105 24
169 6
167 40
50 12
91 36
199 8
154 25
181 50
49 16
200 25
10 9
34 70
13 14
53 62
131 1
107 16
111 4
141 7
168 33
194 23
134 1
167 49
66 1
133 23
51 4
206 14
2 11
99 1
50 15
198 161
134 27
91 49
101 3
9 11
169 2
12 11
188 46
157 3
133 13
22 25
49 15
75 73
175 4
117 52
41 26
202 70
107 10
177 40
34 45
153 1
28 14
132 6
119 118
150 40
185 19
127 1
175 17
79 1
35 11
66 33
23 1
107 15
36 17
107 17
200 8
208 2
54 1
159 21
40 8
199 1
167 14
192 72
191 21
2 8
70 34
41 6
176 8
91 38
107 110
88 24
50 1
165 17
195 9
131 71
74 6
164 20
89 48
198 24
72 25
89 1
31 30
76 17
104 3
167 17
44 17
45 1
105 19
43 6
128 76
2 15
4 11
21 38
25 6
82 15
206 13
111 26
95 20
201 11
114 17
89 25
186 1
192 45
122 155
34 32
109 12
167 27
101 15
43 15
198 51
85 13
113 13
78 36
28 24
75 27
155 6
184 2
88 26
136 15
181 11
110 38
36 15
181 43
171 1
183 52
45 11
205 2
157 38
110 76
107 9
197 27
111 1
140 12
157 6
100 3
147 9
22 14
169 3
67 6
91 43
74 23
114 4
164 3
100 90
11 4
110 12
142 6
66 164
18 17
140 38
93 17
83 6
123 49
42 1
23 15
0 12
122 152
90 14
91 40
189 9
133 11
4 6
48 6
41 2
47 17
153 9
205 3
90 38
116 4
135 6
35 33
103 72
78 21
106 12
67 13
139 49
56 31
89 6
35 19
19 15
198 1
177 48
45 52
70 6
41 32
148 1
74 27
198 195
139 46
0 9
0 3
128 17
182 49
175 8
198 115
203 11
199 16
195 83
165 37
161 13
122 60
89 45
111 3
69 82
194 2
113 14
115 21
187 1
79 6
71 6
97 38
33 1
56 1
193 6
109 90
99 20
36 4
126 1
194 26
108 2
120 136
195 14
208 13
78 2
198 184
190 13
109 2
43 14
18 4
159 38
186 23
10 15
5 6
17 15
200 9
46 38
139 45
114 6
53 68
0 7
39 8
166 21
56 39
19 17
147 13
151 50
112 26
178 17
107 14
137 13
42 21
120 55
9 6
39 15
107 4
200 2
206 17
196 1
92 3
139 6
179 5
158 12
116 24
105 37
198 117
182 70
87 9
150 9
116 2
18 6
89 49
146 8
134 45
82 17
133 1
133 3
168 11
198 50
195 21
123 72
10 8
4 14
120 126
14 15
191 13
193 16
173 6
170 4
137 1
33 32
40 1
93 3
16 73
28 12
174 20
185 92
128 2
41 20
165 21
146 13
204 23
166 6
159 1
8 38
107 5
8 9
74 26
202 72
129 1
144 20
207 3
49 14
193 11
195 5
101 12
16 27
143 1
0 14
200 21
162 13
147 3
180 2
161 20
93 2
33 29
77 1
186 8
9 1
156 49
185 9
167 11
85 4
151 6
23 14
122 116
177 17
86 1
18 20
72 6
47 4
153 25
179 16
175 18
33 14
198 205
83 70
14 8
184 6
147 12
86 49
129 12
201 15
11 15
189 17
44 27
140 1
181 9
20 17
35 17
115 17
120 18
103 73
66 52
180 6
33 38
197 45
97 15
147 21
145 49
85 21
168 25
122 69
158 38
0 20
198 91
53 59
0 2
178 9
207 26
135 72
186 52
150 50
92 11
35 6
182 1
12 17
117 6
118 6
150 17
45 8
136 20
105 1
18 24
136 2
116 1
198 111
88 14
168 17
143 7
7 8
33 15
82 76
116 25
2 38
105 12
198 127
100 76
20 15
86 27
121 1
95 13
170 16
47 14
83 45
108 17
114 1
112 6
105 13
209 38
82 12
48 71
45 14
205 13
141 6
91 8
193 14
91 12
70 72
95 38
197 25
171 2
31 39
198 160
98 21
122 56
133 8
185 26
41 17
49 9
195 19
55 1
113 1
116 17
19 6
180 12
165 7
204 4
199 19
29 11
195 15
93 6
169 12
210 3
89 19
175 20
163 45
187 34
84 70
116 12
74 20
122 74
66 32
165 38
40 15
195 17
203 17
129 97
145 34
122 130
178 7
93 16
168 21
168 34
210 12
92 6
43 17
2 9
189 40
28 25
183 1
125 2
123 70
78 12
110 17
29 15
198 129
141 38
83 71
96 14
177 4
177 12
165 11
128 96
194 20
90 9
148 71
18 40
85 10
205 21
95 1
112 17
92 33
125 12
188 4
105 3
198 154
93 5
150 48
138 9
57 1
192 70
179 8
208 21
206 21
108 15
143 20
43 1
170 13
72 23
89 8
48 49
14 17
204 8
39 38
153 26
38 8
12 14
109 6
74 31
79 20
191 38
191 6
137 6
187 83
149 14
198 176
102 1
92 24
122 62
172 2
99 12
113 12
34 39
19 8
71 34
138 8
207 9
28 20
175 16
154 14
145 72
130 6
197 26
15 4
154 24
87 14
167 25
65 6
54 32
120 132
78 1
73 34
185 23
82 90
145 27
88 17
113 3
0 6
197 1
189 46
112 23
179 10
80 81
136 13
50 6
61 82
151 49
31 6
200 24
207 25
206 12
35 14
93 7
187 27
9 15
135 27
101 96
179 4
0 17
198 170
34 27
0 5
165 15
87 48
174 21
18 31
100 13
139 43
179 14
18 15
77 20
13 15
194 6
153 13
100 17
113 11
197 47
71 49
170 19
96 9
74 17
88 27
105 11
114 12
93 11
107 13
197 40
185 1
128 97
70 45
194 12
91 19
74 21
162 20
84 27
93 1
197 12
23 38
162 2
34 49
56 32
45 15
198 113
92 13
85 80
165 4
143 3
183 21
107 109
155 72
13 1
164 26
45 38
174 6
147 11
198 196
167 4
39 52
49 12
117 15
108 90
54 10
189 50
200 26
155 34
177 46
85 9
203 40
207 2
26 21
119 6
108 13
66 29
137 3
194 14
181 1
188 27
139 47
5 1
198 201
207 4
146 5
177 9
143 6
154 1
165 9
82 96
185 168
120 60
134 73
182 73
51 8
194 24
33 39
44 38
207 24
188 26
114 23
33 16
199 2
18 14
128 38
74 12
158 21
197 17
25 38
53 60
15 14
160 1
185 47
182 34
31 52
153 3
186 17
164 4
103 27
140 21
180 13
179 13
138 4
25 1
28 6
154 2
161 17
113 2
100 38
44 43
120 137
199 11
175 13
72 13
181 45
50 17
88 21
26 38
51 6
116 3
186 12
183 20
203 25
146 1
201 38
135 73
149 12
149 3
181 8
10 4
197 46
116 26
35 31
199 9
110 15
11 1
112 27
151 45
55 82
103 6
88 11
150 46
143 21
179 17
120 24
35 13
3 11
199 4
101 20
165 14
153 14
101 2
203 26
198 89
95 96
192 73
142 45
143 13
135 49
143 2
17 14
176 11
53 65
166 1
51 11
194 9
189 12
129 3
103 45
41 29
189 14
195 11
16 45
175 12
157 20
125 13
4 15
188 45
87 4
82 3
88 13
198 204
114 13
180 20
157 1
182 27
114 14
75 71
142 32
136 12
139 14
41 3
209 1
184 3
97 11
69 1
183 2
43 38
89 36
203 49
51 14
28 26
113 4
199 45
122 153
198 95
125 21
44 9
39 6
109 15
112 8
179 2
172 21
85 11
102 21
120 109
119 52
94 13
147 14
121 6
37 1
167 50
114 3
39 9
12 1
33 4
125 1
92 25
120 54
144 2
158 15
197 50
173 161
12 6
188 25
16 34
164 14
67 2
103 1
137 20
207 17
182 83
67 9
162 14
146 10
56 30
33 6
204 2
18 21
100 15
41 13
177 19
146 14
89 11
112 20
54 30
85 2
26 20
29 8
186 16
170 14
22 13
156 1
138 52
198 153
207 14
186 11
85 14
92 8
161 90
17 4
18 3
79 43
178 24
148 45
143 12
25 13
204 17
158 90
15 9
181 19
107 108
38 9
51 9
104 2
95 6
107 11
185 25
197 11
9 8
111 23
89 38
107 3
167 48
91 17
42 12
203 43
120 123
171 7
189 48
94 38
162 26
126 31
102 38
67 24
41 30
139 25
91 46
97 1
106 20
3 9
187 45
113 24
189 27
133 24
133 20
72 2
101 21
165 27
116 21
155 49
61 6
186 6
112 4
77 2
171 3
86 73
125 15
92 21
133 4
149 11
124 1
161 15
44 6
71 70
84 45
138 16
117 12
206 3
16 71
109 76
203 12
3 15
190 38
188 38
75 1
139 40
198 162
85 12
89 12
3 38
102 20
74 33
41 4
58 1
0 19
44 4
4 38
17 38
179 1
100 12
136 118
97 9
104 13
188 1
146 11
198 189
170 9
35 32
83 27
29 6
200 4
168 27
209 2
42 43
198 188
37 9
178 11
168 31
200 12
116 14
161 12
186 38
134 72
131 83
105 27
162 12
196 70
74 13
93 12
195 4
37 14
177 47
203 4
184 14
89 50
94 21
56 75
93 20
9 14
176 4
18 2
85 7
0 1
88 6
188 40
117 21
98 20
120 63
198 105
37 6
67 12
181 12
88 23
186 14
28 29
83 34
38 1
202 49
120 129
186 9
179 15
155 71
115 23
105 6
195 3
89 27
160 161
143 38
78 19
36 14
198 183
167 26
135 70
68 1
67 1
