70 5
37 11
24 17
87 33
125 58
6 16
22 13
29 33
32 3
69 6
85 41
57 38
125 68
27 7
107 34
107 27
40 14
25 13
27 4
32 17
108 17
117 89
57 17
126 82
5 13
44 6
90 7
38 34
28 26
102 7
7 32
42 31
39 31
95 37
24 11
29 1
27 34
27 29
124 108
1 15
128 98
41 28
40 20
124 43
90 36
58 23
38 5
93 16
58 60
98 33
103 59
23 13
5 38
60 42
61 41
25 11
67 70
129 118
61 57
6 27
8 3
97 27
71 6
5 18
69 11
63 32
54 5
30 16
51 31
131 111
15 3
64 10
46 1
130 79
22 24
42 18
6 13
21 3
5 29
37 29
30 14
22 4
54 20
97 39
86 10
117 74
69 7
121 80
107 26
35 17
125 90
74 8
63 36
15 11
40 17
100 61
46 15
41 16
23 19
4 11
24 29
21 17
5 30
3 17
88 6
130 73
131 97
130 65
39 36
56 4
35 14
22 33
97 6
14 17
88 7
102 20
109 110
32 31
107 4
81 15
97 58
15 2
98 38
122 116
57 5
65 6
7 38
3 15
51 6
1 20
0 8
128 100
108 29
106 57
44 7
119 56
27 3
98 7
69 2
111 58
26 16
62 39
47 2
70 8
50 29
105 3
2 4
5 34
20 11
125 62
124 114
24 19
25 30
3 16
23 17
13 11
98 37
43 19
62 58
117 58
25 5
108 14
13 16
6 57
33 11
60 41
7 5
74 5
22 30
7 27
40 24
36 3
126 54
122 64
8 33
126 93
29 15
102 2
32 24
103 60
111 117
2 24
41 13
84 39
35 36
28 31
23 4
85 38
90 38
38 27
81 33
5 25
127 43
94 61
39 38
41 24
98 32
56 41
104 8
127 72
31 13
39 26
64 31
84 61
124 35
26 29
56 27
80 56
22 34
54 4
58 38
35 27
0 7
8 18
60 7
13 19
126 50
57 14
130 71
76 5
84 41
6 26
22 5
14 19
92 19
108 27
120 91
29 20
5 27
111 89
63 28
56 25
64 29
55 58
61 56
121 67
21 18
60 4
126 12
127 68
34 31
125 106
98 34
105 15
118 98
125 69
112 80
24 14
27 11
126 100
7 24
91 57
91 6
57 20
37 14
119 68
42 25
60 33
94 23
99 57
81 1
38 2
130 117
87 4
89 58
124 80
60 37
4 24
100 57
95 38
7 40
57 36
3 20
24 18
89 60
7 39
38 42
126 84
38 6
117 71
99 59
5 4
103 58
25 31
49 9
52 16
69 20
72 7
46 20
38 32
128 24
36 32
31 29
31 20
39 3
118 107
26 4
23 3
82 5
25 17
82 40
107 25
37 25
111 61
47 5
16 18
28 29
128 99
2 1
34 5
60 32
60 26
124 54
37 4
93 11
35 4
38 41
125 111
118 97
121 91
97 37
52 11
31 33
99 62
109 67
130 89
82 56
3 13
107 1
119 37
50 23
7 1
88 5
56 38
46 2
112 114
49 12
100 58
59 39
127 111
23 31
82 7
97 57
34 29
26 19
56 30
41 34
102 1
36 29
48 8
60 57
78 11
85 61
61 8
109 23
84 36
39 30
24 3
6 2
51 16
33 14
40 38
51 7
26 17
39 29
28 15
119 103
38 33
93 20
4 20
42 26
39 14
87 11
57 32
32 18
7 36
42 4
63 41
41 11
75 62
102 4
37 24
38 1
30 13
8 26
127 107
13 20
57 25
111 62
126 9
130 56
61 6
125 59
25 29
7 4
39 11
56 6
31 26
89 61
57 34
83 12
81 4
98 39
127 80
42 29
63 1
51 32
102 16
18 1
3 24
77 20
25 24
103 6
95 28
72 5
118 108
122 98
8 6
125 73
98 11
36 34
67 36
58 41
1 17
41 29
36 14
120 113
28 32
32 20
122 73
32 33
40 15
41 23
111 68
131 22
39 25
8 20
118 67
108 5
83 50
106 6
28 3
121 116
97 25
125 72
52 15
40 26
38 26
107 30
98 6
40 1
70 6
45 5
131 101
24 20
58 36
40 6
92 17
57 16
87 15
41 5
119 69
34 13
112 113
102 11
8 25
32 15
59 56
61 58
5 37
62 60
1 30
40 42
90 41
85 36
37 3
53 16
7 29
53 13
108 20
54 24
40 5
40 4
61 36
85 39
117 59
120 80
130 63
35 31
36 41
63 57
120 114
31 16
127 44
27 32
31 19
63 26
22 15
100 56
42 28
17 3
107 33
78 10
111 69
85 7
58 27
51 28
82 37
18 19
61 38
62 56
35 24
127 69
84 60
27 2
126 110
117 62
131 46
131 21
29 13
66 1
98 1
29 17
8 14
118 81
121 114
46 17
77 5
63 37
109 99
42 33
124 94
90 39
93 2
13 3
8 23
106 5
6 30
124 70
6 5
92 20
39 7
59 37
98 31
29 2
5 14
124 71
84 7
8 7
34 15
75 60
27 24
84 42
17 16
56 13
2 14
37 17
71 7
25 16
130 70
124 88
80 6
22 27
39 16
60 56
58 39
59 40
43 3
16 13
53 30
106 37
105 2
81 2
28 30
98 4
85 56
57 11
63 60
105 16
87 2
14 18
108 13
2 15
37 7
33 20
48 5
98 2
6 7
122 95
127 47
58 6
40 18
38 7
58 25
98 27
127 65
36 6
33 15
23 20
24 33
124 67
27 13
109 97
97 60
18 11
40 39
127 79
31 30
14 2
63 34
3 11
14 1
126 108
14 20
35 26
6 42
98 24
106 7
125 89
51 15
89 38
106 8
5 17
51 25
111 72
51 24
84 57
124 105
26 30
61 42
2 19
108 11
100 62
56 34
77 1
67 72
67 73
81 19
95 29
57 24
90 40
38 15
75 59
32 19
128 111
8 31
39 23
22 16
57 26
130 61
23 14
126 75
29 3
79 6
131 55
100 59
59 7
34 14
28 24
23 26
28 18
34 3
128 92
99 7
121 115
82 58
0 6
92 4
129 67
117 85
59 61
60 2
98 26
59 6
60 16
15 19
129 130
54 29
126 0
60 27
39 5
105 19
84 58
124 81
20 30
90 60
38 24
5 28
56 5
57 33
107 37
26 18
35 29
35 18
23 2
75 40
3 26
28 14
35 16
21 2
36 16
6 39
130 69
42 3
46 13
27 18
58 56
117 111
37 33
8 36
125 37
61 28
1 24
131 10
131 66
126 81
50 11
63 42
130 58
8 15
118 112
120 111
58 28
107 41
58 7
100 37
119 73
43 1
29 18
124 87
57 28
126 87
121 113
61 25
83 9
1 13
52 3
118 94
76 60
36 5
96 6
2 3
28 2
25 3
117 61
55 60
8 1
107 7
117 79
67 68
4 3
93 4
53 14
48 6
15 4
54 3
125 71
5 2
128 95
5 41
60 40
15 18
43 2
35 41
90 57
111 37
56 37
62 57
51 14
6 32
43 16
85 57
98 3
95 31
22 18
7 20
124 116
41 14
40 33
65 8
17 1
23 34
128 46
41 6
36 38
40 31
24 15
69 16
36 28
7 34
124 74
15 16
20 15
67 69
90 37
25 2
60 38
34 19
6 31
37 27
23 29
4 1
107 32
37 18
54 33
37 39
28 13
51 30
42 11
56 57
117 60
124 44
127 84
72 8
23 32
25 32
55 59
30 4
36 24
25 15
18 20
125 117
35 23
91 62
37 32
56 28
85 42
80 62
53 20
31 24
40 2
89 41
56 32
64 11
6 29
60 25
108 24
97 7
32 14
39 42
8 32
36 20
107 42
121 111
89 36
128 123
32 11
37 31
130 62
59 57
89 39
93 1
36 2
8 39
21 19
34 24
63 2
127 88
108 19
111 106
55 6
126 114
109 98
0 2
128 55
98 25
119 106
70 7
55 57
7 3
52 1
77 3
39 13
14 3
27 15
6 37
55 56
127 74
124 64
32 26
55 61
129 127
66 3
119 111
51 11
100 5
119 72
6 34
57 29
8 5
98 41
34 2
106 39
31 4
41 7
7 37
84 56
108 16
53 2
22 14
130 103
120 116
46 16
25 14
60 13
20 13
2 31
98 42
53 33
124 69
111 70
22 31
124 49
81 11
101 6
98 36
27 20
41 15
131 23
111 65
119 117
90 56
28 11
112 117
6 28
119 60
75 5
75 58
75 56
6 20
36 33
101 62
54 16
106 60
11 18
25 19
31 18
13 18
41 31
124 110
33 19
25 4
68 8
32 5
32 29
125 74
117 72
23 33
124 65
106 40
127 23
118 91
32 1
122 96
55 62
103 61
4 16
124 113
94 56
42 5
56 24
128 10
90 42
87 16
46 4
57 39
51 27
59 5
128 86
118 93
9 11
111 90
103 57
17 19
127 105
106 61
41 4
6 4
60 30
24 13
5 23
32 16
36 30
40 34
109 55
76 61
87 1
124 23
8 34
57 42
92 16
117 69
74 6
128 53
121 84
119 89
101 56
125 85
41 30
66 19
39 1
127 81
1 26
26 20
107 13
99 61
34 1
16 15
42 30
33 17
99 60
57 3
37 23
25 27
77 11
28 33
31 11
131 52
23 30
11 17
6 1
124 73
2 20
37 34
101 60
24 4
98 29
60 34
14 15
35 42
42 34
130 106
44 5
34 26
107 2
52 4
29 30
58 40
33 1
102 8
4 18
2 11
7 23
118 87
38 3
67 71
122 115
28 5
35 38
1 29
122 97
25 20
1 11
95 11
84 37
33 30
108 26
6 24
91 7
106 42
41 25
76 37
67 23
124 96
30 17
51 3
30 15
41 26
118 120
68 5
51 26
36 18
122 67
27 5
35 6
127 125
32 13
34 4
74 7
90 6
21 11
56 42
36 11
99 6
57 6
35 5
124 111
53 19
59 62
97 42
103 7
126 49
108 15
45 7
76 57
50 31
13 15
8 11
93 3
117 65
108 7
131 100
26 13
63 7
43 20
124 48
42 16
82 57
117 106
33 13
127 48
111 63
128 101
1 19
36 42
117 73
31 1
84 6
17 11
22 17
54 1
39 18
105 20
128 110
77 4
92 11
57 30
52 18
40 27
106 41
117 70
50 10
27 31
3 29
5 11
38 28
59 58
107 11
67 56
35 1
84 5
107 17
16 19
27 19
6 3
31 17
43 4
100 6
53 11
63 25
25 23
111 74
127 102
21 15
26 15
2 17
71 8
24 2
8 30
89 5
28 20
108 18
126 101
13 4
54 31
126 105
53 4
51 2
38 16
58 8
14 4
51 1
36 7
36 17
119 70
42 23
101 57
62 37
35 2
30 3
124 10
62 5
67 38
39 15
118 80
58 5
75 6
35 30
5 24
128 97
1 18
6 11
28 1
11 13
25 26
55 7
111 71
30 2
40 32
112 67
46 19
111 79
24 30
119 65
127 96
118 121
80 7
67 31
56 16
126 95
98 40
104 7
75 37
85 40
25 33
131 130
14 11
108 30
119 90
56 39
16 14
6 23
118 105
85 5
60 28
108 31
50 24
33 4
55 5
57 7
124 72
5 36
25 34
13 2
119 63
38 4
30 18
111 85
61 7
94 60
2 13
60 31
56 23
4 17
76 58
42 17
6 14
108 33
4 15
117 90
31 15
103 62
76 56
57 37
125 61
51 19
39 4
4 14
80 58
24 26
111 60
21 4
40 13
35 32
56 7
126 43
130 90
79 5
91 58
91 60
38 30
42 14
129 111
42 27
120 117
26 11
20 18
69 3
130 74
93 19
98 5
14 16
112 84
60 3
18 2
125 56
76 40
38 11
40 3
57 31
130 111
36 13
2 26
126 94
107 40
6 36
22 26
63 29
51 29
103 56
46 29
35 33
34 20
60 36
22 29
112 115
63 56
126 83
121 117
119 79
91 59
122 124
5 1
129 97
117 103
5 40
37 6
60 39
79 7
37 16
71 5
9 10
20 29
15 20
39 41
107 5
3 18
98 13
30 19
36 31
35 3
66 18
7 25
125 70
46 11
8 24
85 37
25 18
66 16
127 108
37 28
69 1
40 16
41 18
30 20
124 125
120 115
118 84
4 19
5 32
18 4
62 7
17 2
124 83
52 2
37 36
122 111
4 32
122 113
125 103
27 30
100 60
45 6
40 36
38 20
124 97
126 86
127 67
82 6
61 5
7 26
112 116
26 33
125 65
87 19
13 17
29 19
107 38
3 30
104 5
53 3
96 5
56 29
42 7
51 4
23 18
38 31
40 25
89 6
27 17
108 3
98 16
29 4
75 57
56 31
37 5
39 28
63 40
39 2
53 15
58 37
97 5
89 57
33 3
124 79
69 5
35 28
53 1
105 1
8 29
131 98
4 30
29 16
127 97
57 2
51 23
36 26
104 6
124 115
99 56
34 30
34 17
60 8
63 31
22 6
32 4
82 39
40 23
23 11
124 102
122 123
7 41
51 33
122 44
126 115
35 37
37 41
28 25
122 104
52 17
0 1
82 61
40 7
20 19
56 36
76 62
92 18
29 14
27 33
94 58
108 34
98 14
42 6
5 39
7 30
20 17
6 41
2 16
35 11
109 64
6 38
6 17
40 41
35 39
119 85
42 15
22 2
98 17
77 2
101 61
124 107
31 3
131 37
35 7
107 14
28 17
85 60
131 92
130 37
56 2
95 23
111 56
128 66
42 20
96 7
111 73
37 40
42 24
47 8
5 15
56 8
124 84
7 17
130 68
2 18
26 2
60 24
33 18
56 33
97 40
61 40
8 16
124 68
119 71
57 27
11 15
66 11
66 4
51 18
41 3
69 4
108 23
37 15
29 11
89 40
62 40
25 7
12 10
97 56
22 28
128 64
61 37
127 54
85 6
65 5
101 58
63 39
35 20
54 11
124 95
6 25
39 20
26 14
81 16
54 2
33 16
99 5
112 111
16 30
61 60
8 42
17 15
51 5
66 20
13 14
127 87
47 6
85 58
41 32
23 1
5 31
7 28
47 7
7 16
119 58
80 57
63 4
117 63
90 5
40 30
25 1
127 98
57 40
39 32
63 6
57 23
26 1
8 13
42 32
107 23
76 6
124 91
105 11
87 29
60 6
15 1
127 93
37 1
49 50
5 20
17 4
127 94
107 16
40 28
3 19
88 8
127 70
27 26
91 56
1 16
120 67
122 114
82 36
127 71
36 15
107 18
118 111
57 4
23 5
54 19
57 13
80 59
41 2
98 20
127 35
53 18
35 13
22 11
101 5
124 93
22 20
63 8
106 38
28 4
131 127
39 17
128 52
131 53
35 40
99 37
35 15
103 37
38 14
95 36
92 15
8 28
80 60
2 29
126 99
107 36
128 78
90 58
27 14
22 7
126 55
41 33
7 11
52 19
119 59
62 61
37 42
36 1
4 29
122 23
117 56
109 95
107 24
27 23
89 37
39 24
53 17
31 5
56 1
38 18
51 17
41 20
75 61
52 20
103 5
127 91
4 26
39 34
12 11
8 27
37 38
77 16
90 61
60 23
63 5
84 40
56 26
60 5
76 7
38 29
5 26
91 61
65 7
75 7
7 2
11 19
108 2
2 30
107 31
98 28
102 6
7 31
8 38
37 13
60 29
98 30
125 79
21 14
117 37
64 24
125 63
63 27
109 100
76 59
46 3
119 62
127 73
100 7
89 42
57 1
69 8
112 91
63 38
31 2
68 7
0 3
124 45
97 38
131 99
24 16
130 60
101 37
87 3
30 11
42 13
61 39
62 6
34 11
79 8
6 40
2 32
38 25
30 1
46 18
24 1
46 30
39 27
23 16
36 27
126 76
43 11
32 30
68 6
126 107
109 111
56 3
101 7
89 7
59 60
82 60
118 43
22 25
125 60
32 2
37 26
81 3
23 24
28 27
117 68
8 17
107 3
35 34
106 56
89 56
37 2
128 23
28 23
17 18
39 33
34 32
28 7
41 1
0 5
109 45
122 110
22 3
41 17
28 19
130 85
58 57
122 118
1 3
106 36
46 33
5 16
44 8
0 4
62 8
28 34
27 16
38 23
107 39
80 61
46 14
21 20
51 13
5 3
106 58
130 72
111 103
119 61
21 16
108 1
42 1
27 1
13 1
17 20
48 7
92 2
22 1
120 84
36 4
97 23
8 4
35 25
102 3
37 30
67 74
111 59
26 3
55 37
51 20
63 23
126 77
41 42
21 1
72 6
54 15
98 23
93 15
38 17
8 41
23 15
40 29
66 2
109 101
84 38
107 15
22 23
59 8
119 74
28 16
122 45
95 24
63 24
49 10
45 8
16 11
18 3
39 6
97 36
31 14
34 18
105 4
92 1
34 33
20 16
38 13
36 23
127 45
118 54
51 34
124 47
4 31
41 27
7 14
97 41
37 20
16 17
56 40
99 58
58 42
22 32
101 59
33 2
7 13
81 20
42 2
108 32
118 119
107 20
40 11
87 20
34 16
107 28
92 3
18 16
97 28
4 13
124 98
107 29
102 5
130 59
129 98
8 2
108 4
107 6
36 25
