21 3
42 3
37 29
37 45
15 9
40 4
31 22
41 7
15 7
42 6
25 5
19 2
40 12
27 13
37 9
19 5
0 13
40 6
24 1
19 6
23 10
37 43
23 3
31 2
24 11
42 8
0 1
27 5
20 3
19 12
14 5
21 2
21 9
15 10
18 2
15 11
42 11
14 8
16 17
14 12
19 7
18 13
0 6
38 17
20 1
40 5
41 1
31 34
44 1
24 13
21 10
44 13
18 12
41 13
42 12
15 1
18 5
25 4
24 5
41 4
19 11
13 5
27 7
20 13
18 8
25 9
14 3
27 6
40 1
20 7
13 1
44 5
15 13
41 12
22 10
0 12
25 1
29 17
14 7
31 32
23 5
28 7
28 12
37 8
21 4
21 13
23 1
40 8
44 11
25 3
37 38
21 7
44 12
20 2
27 9
44 6
23 7
27 11
22 4
42 5
25 13
23 8
18 4
24 2
28 1
44 10
42 7
21 6
27 12
28 6
21 12
24 10
14 2
37 33
18 1
31 26
38 6
23 13
41 9
19 3
44 9
13 6
37 35
25 2
41 11
24 12
20 11
19 4
20 12
23 12
25 7
37 6
37 46
15 12
15 4
20 9
42 13
27 4
18 3
41 5
27 10
14 1
14 10
24 4
18 6
20 10
26 10
41 10
20 4
26 4
18 10
31 16
40 7
15 2
28 11
14 9
15 8
18 11
15 5
27 2
27 3
25 6
0 4
24 6
42 4
37 16
19 1
27 1
37 47
44 3
14 4
20 8
19 8
44 4
23 4
29 30
15 6
19 10
25 8
31 36
44 7
31 37
10 6
44 8
14 13
42 2
27 8
40 3
21 11
25 10
0 7
42 10
42 1
40 10
0 3
21 1
37 34
24 7
18 7
38 10
0 10
40 9
28 2
14 6
19 13
15 3
0 2
28 4
20 6
40 2
23 9
23 2
24 8
37 32
0 11
28 8
28 13
24 9
21 5
41 6
28 3
40 13
20 5
28 10
43 17
31 33
37 36
41 3
21 8
41 2
44 2
24 3
40 11
41 8
23 11
0 9
37 13
43 30
23 6
25 12
14 11
37 2
28 9
10 30
25 11
42 9
0 5
18 9
31 35
19 9
38 39
28 5
0 8
