29 32
100 47
118 59
93 45
97 33
8 6
108 65
36 26
34 6
117 86
64 3
61 23
14 1
102 43
6 11
93 23
48 35
18 11
89 25
57 60
99 11
45 23
99 23
63 45
110 39
37 13
97 31
53 28
34 10
112 52
36 31
30 34
61 8
26 10
46 28
100 45
50 47
51 17
119 17
16 24
113 48
103 93
103 59
62 24
26 3
66 48
46 18
34 23
90 14
10 1
107 108
48 47
40 12
55 1
49 24
118 72
100 25
19 31
59 25
30 36
118 65
58 23
97 25
111 105
12 6
27 28
12 8
101 14
108 49
49 33
27 11
16 21
22 13
72 51
47 21
90 8
19 14
71 48
36 9
10 28
47 13
47 19
70 29
9 13
17 27
30 33
8 15
3 1
45 18
108 94
29 36
53 7
20 7
22 33
114 4
82 13
99 35
90 11
12 1
14 28
75 10
6 10
113 47
30 11
116 87
95 51
43 25
68 48
97 12
41 26
22 10
11 12
97 32
92 22
29 3
104 66
32 0
86 5
17 32
62 49
86 32
98 7
23 31
106 49
32 23
63 17
44 51
41 32
67 8
29 21
14 32
115 103
76 3
36 18
86 23
22 8
75 5
116 75
18 9
112 89
93 46
33 7
51 30
50 25
97 8
67 13
81 14
31 3
32 7
20 11
87 5
97 24
28 1
41 3
17 34
23 34
106 94
98 23
19 9
17 5
16 18
99 10
92 45
18 13
101 27
113 99
33 21
44 17
112 66
14 3
113 101
12 9
56 11
30 10
97 11
68 45
116 88
20 13
18 5
107 83
42 11
7 0
114 96
115 44
81 11
68 51
78 1
16 30
49 47
118 100
25 29
35 14
104 44
119 118
27 6
112 81
27 9
22 27
16 10
104 57
46 36
86 36
6 0
111 107
77 23
17 25
17 28
67 10
111 112
97 5
71 35
100 24
25 46
24 18
11 9
25 12
76 12
118 47
66 49
118 71
103 35
112 39
96 3
45 8
94 29
45 30
103 17
30 20
87 36
95 47
21 8
53 15
36 10
6 8
111 61
70 46
33 11
44 25
75 6
45 33
90 23
100 23
37 10
29 34
112 85
14 34
114 64
51 24
87 29
37 3
92 23
113 17
23 26
87 33
45 13
27 33
41 11
75 11
30 15
71 45
93 24
110 57
98 9
95 17
108 58
37 8
118 35
10 0
41 8
118 106
47 46
112 44
24 34
86 14
109 66
101 28
18 7
31 34
79 49
4 3
45 22
34 13
27 34
36 28
30 5
86 9
29 18
11 18
53 9
69 51
31 13
46 20
72 23
111 86
34 1
33 10
70 47
30 8
100 11
47 14
97 30
84 50
70 50
27 15
87 18
15 1
65 25
88 50
97 3
50 51
6 7
30 18
30 31
11 6
100 18
41 30
21 5
114 88
67 14
36 32
48 11
54 3
113 58
40 0
47 17
98 3
53 18
70 17
59 47
87 30
113 93
41 5
35 31
51 29
112 87
112 97
56 8
23 3
19 11
20 0
25 13
53 32
75 13
17 23
113 36
95 23
116 78
30 27
16 27
31 15
5 10
14 0
114 69
87 13
29 11
86 25
118 50
110 106
80 3
19 20
25 17
22 21
36 34
26 11
51 27
23 5
103 51
18 0
25 36
41 13
111 91
95 50
75 36
11 5
93 20
32 1
73 74
111 43
26 12
81 23
87 19
36 19
103 71
106 95
25 10
81 8
92 35
71 46
37 11
87 24
16 36
49 26
75 9
35 23
117 87
24 30
24 35
36 23
29 25
36 27
99 3
11 13
102 103
103 50
71 30
114 37
87 14
28 13
101 8
118 60
97 18
103 65
106 99
86 33
93 35
116 74
61 24
36 7
32 3
46 30
53 33
10 7
54 28
50 30
43 24
16 11
12 3
25 14
30 7
45 46
46 35
116 54
108 17
35 19
17 9
104 106
97 35
115 85
81 3
20 1
109 38
64 13
16 23
45 28
115 65
11 14
106 77
34 8
78 10
40 14
75 23
64 14
52 11
9 11
21 11
87 6
17 12
70 24
86 8
79 24
87 22
25 22
27 21
19 33
68 29
82 8
36 5
80 10
17 31
41 12
29 30
71 25
47 11
53 13
51 25
106 35
49 31
23 32
114 84
112 105
19 8
22 6
32 8
112 16
20 15
63 46
18 15
16 20
28 3
47 32
46 33
41 35
56 14
113 94
50 35
18 12
97 36
66 50
86 20
109 70
83 18
66 24
95 24
46 5
51 33
35 20
113 51
16 13
87 26
118 17
46 26
51 46
78 3
54 32
100 36
36 8
45 34
49 46
22 31
79 48
108 71
27 18
112 82
114 70
24 26
88 51
47 23
69 24
111 39
70 25
106 36
46 11
117 107
70 49
86 18
24 22
93 47
76 23
97 17
106 65
45 12
19 15
31 5
21 9
24 33
14 15
10 21
113 59
93 33
69 22
9 0
35 13
27 14
118 58
37 0
41 7
118 48
53 34
10 6
51 11
110 79
6 15
107 82
49 29
116 103
25 18
115 86
47 22
18 23
10 5
53 10
86 19
99 13
109 79
97 10
44 29
45 11
29 10
19 10
62 45
33 6
19 21
98 14
114 62
102 87
17 13
82 28
11 33
37 1
98 20
47 25
24 45
112 83
102 88
45 14
19 6
110 70
95 49
63 29
67 11
102 61
119 103
75 19
16 25
86 28
106 50
33 32
72 25
36 20
32 10
26 34
71 29
16 14
35 11
35 10
13 28
99 27
112 58
36 12
19 26
109 105
86 46
103 99
5 15
17 19
34 21
115 77
56 3
115 84
63 51
97 27
90 13
13 15
87 21
95 30
47 31
22 32
29 8
32 11
64 12
41 23
63 50
93 36
33 9
26 8
49 27
71 24
94 47
48 17
45 17
30 26
34 3
104 39
20 9
18 8
71 23
86 6
5 7
81 15
3 7
37 15
33 31
112 74
111 57
88 17
79 45
90 25
24 14
40 7
92 27
17 10
98 6
112 70
107 81
82 23
16 34
102 18
28 9
22 20
68 49
101 36
115 61
35 7
88 47
46 9
46 3
59 24
56 10
48 25
16 17
86 17
98 13
107 87
86 27
50 24
111 42
49 25
13 7
68 46
108 47
118 51
112 18
45 19
29 33
101 17
5 11
47 36
20 10
17 14
115 90
75 12
104 38
21 3
23 21
9 8
26 5
9 3
22 14
46 10
101 25
107 97
90 12
17 6
32 5
57 32
92 17
113 72
31 12
75 26
68 17
6 13
35 21
29 35
48 36
22 23
13 21
18 34
70 45
106 101
37 14
97 28
37 23
30 6
27 20
19 28
76 14
108 103
61 10
97 22
110 66
18 32
89 12
33 28
97 26
24 23
75 14
14 21
78 0
27 3
26 13
50 49
23 8
37 12
56 6
106 48
87 46
22 26
113 100
16 6
12 5
25 23
26 21
92 25
97 19
9 12
62 17
86 22
26 18
30 13
51 19
83 51
30 9
106 60
23 11
94 17
106 17
28 5
47 35
97 13
9 1
53 12
62 48
53 31
99 28
50 22
84 51
114 83
98 18
23 14
107 57
89 23
18 6
29 27
88 49
63 48
118 49
98 34
103 94
92 36
102 54
113 71
49 45
29 28
33 18
51 23
75 20
98 15
29 14
6 12
45 10
34 0
114 97
61 3
112 77
5 14
40 6
46 34
115 83
106 100
72 24
99 25
18 28
69 46
35 34
30 35
25 26
87 9
115 67
27 10
27 26
28 10
115 43
21 13
25 34
16 22
23 28
101 23
3 9
46 32
112 79
61 14
30 12
11 19
42 23
45 26
85 25
20 28
21 28
52 23
112 80
22 3
35 36
55 15
92 30
112 61
79 51
33 12
118 94
64 10
82 10
25 21
14 9
119 115
115 81
29 22
27 12
69 45
95 29
11 7
28 8
50 29
41 28
113 103
98 33
16 8
63 22
24 32
22 28
119 18
9 15
87 3
86 12
2 3
51 22
69 48
31 8
48 24
48 22
93 14
117 57
41 34
81 13
110 105
95 45
14 5
69 17
65 11
111 59
115 37
27 31
64 8
40 8
13 8
18 10
102 86
115 80
80 11
17 22
101 32
94 45
36 33
56 0
67 1
31 10
86 11
76 24
101 11
90 10
33 20
63 25
9 10
28 0
32 12
46 19
94 11
33 8
94 30
103 77
49 36
21 6
57 58
39 15
31 28
112 38
23 20
87 31
113 106
34 7
24 27
25 11
15 0
45 9
78 12
93 22
62 25
107 109
100 17
111 76
80 25
23 9
113 35
55 10
6 3
53 27
25 32
34 32
80 24
53 11
89 8
91 25
46 23
32 9
98 5
75 30
45 3
42 25
36 3
101 45
98 32
11 15
46 22
78 15
16 5
35 15
46 8
86 13
103 106
103 60
25 27
20 14
10 15
112 113
49 19
48 31
46 31
114 105
21 23
101 35
61 13
55 0
24 17
11 27
33 14
30 28
3 15
56 1
87 34
113 60
45 24
3 0
79 46
34 28
20 21
115 113
75 34
10 12
63 49
8 5
103 36
52 24
26 7
86 29
75 21
97 9
27 8
102 57
69 47
14 10
107 66
118 99
16 33
25 20
10 8
112 90
29 6
104 103
19 12
63 47
118 36
22 30
7 1
99 17
32 6
111 54
119 41
112 103
98 10
43 23
113 65
13 9
18 3
13 3
33 34
106 47
119 86
88 46
107 103
106 59
22 19
95 46
112 57
31 14
57 45
115 89
31 21
87 23
46 24
41 20
47 29
93 27
33 13
33 3
33 26
108 51
94 35
36 6
5 3
18 14
26 28
88 24
17 21
84 48
14 12
107 86
11 8
48 33
29 5
0 1
87 27
6 9
108 99
65 23
114 82
93 18
45 32
109 39
112 42
17 18
61 11
94 25
26 14
32 28
30 23
47 27
80 23
117 115
111 87
97 6
48 45
75 8
49 22
45 35
22 11
25 35
50 46
17 26
109 57
114 2
78 7
21 1
29 13
119 78
51 36
92 51
5 12
75 18
94 31
97 21
55 13
44 48
27 19
23 6
28 15
113 95
31 23
41 9
112 60
20 12
45 5
47 34
35 9
98 21
68 25
32 13
95 48
64 23
21 10
57 35
114 98
94 27
27 7
76 10
115 82
71 51
115 52
95 25
80 14
97 34
36 14
53 5
107 110
68 24
23 27
71 49
25 28
10 13
114 81
30 21
29 9
53 23
45 36
36 15
44 47
119 88
64 11
10 3
31 32
39 0
114 68
40 9
24 19
116 73
77 25
93 29
94 19
41 21
53 8
59 50
86 30
82 1
8 7
69 29
112 65
89 14
106 58
110 103
89 3
29 26
115 79
118 95
107 104
34 15
79 47
35 32
97 20
53 3
32 14
11 28
50 45
45 6
45 31
41 31
75 32
17 33
69 50
19 5
84 49
57 59
46 14
56 13
24 11
87 17
31 20
50 48
46 25
11 21
24 20
67 15
107 79
83 47
45 20
78 14
29 20
92 11
46 12
114 67
94 46
108 101
80 13
72 45
98 8
89 10
62 47
83 50
93 30
92 47
44 49
21 12
56 9
20 5
103 72
116 55
69 49
95 22
39 1
13 0
75 31
108 59
16 19
112 86
68 50
9 14
114 73
110 38
106 51
67 3
94 33
70 23
72 22
28 7
94 26
98 12
100 35
67 0
55 12
104 70
92 48
7 15
25 33
69 23
46 17
49 17
115 87
23 33
81 12
109 103
86 31
72 49
94 24
5 9
12 0
19 7
78 13
94 36
26 15
30 3
51 49
115 59
119 56
106 71
23 35
99 32
96 74
100 14
17 35
28 14
72 47
108 72
21 15
66 46
108 100
75 3
22 35
87 20
103 95
103 48
34 12
62 29
48 46
66 47
47 18
27 5
44 24
26 6
101 18
76 11
5 6
20 3
119 74
111 38
107 84
32 21
5 1
100 27
28 12
42 24
14 7
112 59
22 5
71 22
109 106
35 28
69 25
75 35
71 47
81 1
113 49
92 46
99 8
49 35
88 25
80 12
116 86
40 1
21 14
108 60
106 72
75 28
77 24
36 21
14 6
112 67
35 8
97 14
41 14
66 51
70 51
108 35
23 19
92 49
41 6
93 26
62 22
5 13
55 3
41 18
107 70
35 27
20 34
16 3
8 3
116 18
31 9
45 25
48 23
86 21
16 29
76 25
80 8
31 18
92 24
87 12
53 21
41 10
82 11
17 8
23 13
97 23
13 12
50 36
24 25
53 14
20 23
114 92
70 48
55 14
34 9
13 5
93 31
53 6
82 3
8 0
104 105
16 32
35 6
81 10
114 63
117 103
11 31
118 93
115 98
38 1
47 45
29 31
22 18
46 27
117 118
85 24
11 10
32 15
47 33
111 103
112 43
27 32
60 25
63 24
52 25
88 29
75 33
72 50
35 26
94 23
93 19
115 16
87 32
24 31
108 77
103 58
118 77
34 5
29 17
18 20
86 34
16 28
81 0
23 12
118 103
20 32
93 17
46 21
119 87
16 9
98 11
107 37
5 0
72 46
17 36
21 7
88 45
99 14
33 15
24 46
104 79
68 47
12 28
6 14
28 11
79 50
29 23
87 10
115 66
49 48
26 9
29 19
115 58
56 7
14 8
87 35
41 27
31 6
101 3
92 19
72 35
55 8
99 36
111 18
119 40
44 46
103 47
31 26
47 26
93 11
17 3
107 98
111 85
60 24
70 30
17 20
23 36
44 23
72 30
23 18
13 1
87 28
26 20
28 6
45 27
108 93
89 24
62 46
10 9
110 44
3 5
91 24
72 48
35 33
82 14
75 27
48 19
79 25
31 7
11 26
62 50
50 23
71 17
66 25
35 18
108 50
66 45
27 23
106 93
36 13
109 44
18 21
87 11
48 30
62 51
47 30
90 3
112 37
19 18
103 100
9 7
119 55
48 27
61 12
72 17
25 31
115 70
16 31
11 34
24 29
98 26
19 3
47 20
94 22
16 12
82 15
51 35
98 31
45 21
107 67
27 13
81 28
11 32
33 5
44 45
25 30
33 23
46 13
56 15
86 35
76 13
82 0
71 50
40 11
83 49
24 36
30 19
115 57
8 9
11 20
22 34
68 22
19 23
55 7
86 3
60 23
22 9
115 60
44 22
5 8
48 29
30 14
16 26
115 18
84 18
49 30
34 11
49 23
78 8
89 11
31 11
108 36
23 10
99 45
93 25
86 26
19 32
50 17
51 45
19 34
40 15
106 103
46 6
118 101
113 50
76 8
22 36
53 20
115 97
84 47
12 7
19 13
37 28
88 48
82 12
57 18
22 12
86 10
22 25
12 15
46 29
68 23
72 29
65 24
107 44
56 12
40 10
108 95
34 14
17 11
35 5
70 35
17 30
86 24
53 26
44 50
8 1
59 48
16 35
87 8
58 25
48 26
21 0
87 25
14 13
41 33
70 22
61 25
20 6
98 28
41 19
92 29
112 98
108 106
103 101
53 36
25 45
36 11
40 3
35 12
89 13
51 48
115 42
35 3
26 32
20 8
29 12
113 77
53 19
26 23
112 84
11 3
58 24
29 24
40 13
41 36
6 1
67 12
45 29
51 47
108 48
112 54
103 49
99 18
30 32
83 48
94 18
