20 10
84 78
26 11
73 2
109 5
28 34
95 1
89 38
6 4
86 38
68 8
30 42
67 11
91 38
91 40
68 2
6 48
0 2
102 48
95 33
44 32
83 34
44 7
107 18
48 19
69 18
69 31
95 6
60 8
27 14
25 13
83 31
41 4
99 43
61 17
18 40
80 13
60 42
85 3
92 78
104 2
96 41
98 9
98 2
42 47
99 1
44 41
29 42
91 29
81 11
7 52
98 5
71 35
97 30
6 29
7 42
107 10
27 13
68 40
1 42
7 29
6 49
100 30
88 31
34 49
84 21
44 18
80 7
43 34
45 1
81 36
45 15
83 23
95 35
7 48
92 36
0 21
37 32
91 11
86 5
37 54
67 6
20 29
65 21
94 23
71 5
109 9
57 2
45 9
86 6
102 54
59 14
108 3
41 46
108 19
100 41
97 7
37 53
21 19
77 16
90 5
97 23
94 5
18 52
1 13
82 33
72 16
69 22
92 3
4 40
81 6
86 1
88 11
37 36
95 37
41 48
87 36
72 22
93 23
41 42
104 14
84 35
94 11
90 10
28 23
59 5
65 11
61 6
20 42
58 35
57 11
86 43
73 13
17 19
73 8
17 34
86 16
88 33
59 23
86 3
81 39
93 38
93 31
68 11
79 17
106 35
3 19
71 20
89 11
14 10
30 10
85 20
77 23
95 10
98 12
75 7
97 16
60 2
61 2
81 20
26 12
97 40
72 43
42 29
96 5
58 5
72 37
43 36
35 8
59 22
96 32
99 12
45 14
85 13
17 36
77 40
81 41
39 51
57 1
42 13
92 34
73 12
86 37
96 21
82 6
1 8
58 11
80 40
93 43
88 38
91 15
88 7
85 12
29 47
6 37
56 17
109 2
91 39
6 32
61 16
44 21
59 30
28 2
71 15
98 8
72 33
81 9
87 19
72 31
34 36
109 10
84 42
100 12
29 8
26 10
96 7
100 5
84 5
80 6
42 7
18 48
94 15
92 10
92 16
43 42
84 6
65 18
92 12
99 39
93 12
81 40
106 21
100 9
92 18
58 14
66 20
81 12
89 14
92 5
0 13
85 40
20 48
99 32
26 16
88 3
106 39
90 3
91 21
86 17
100 14
80 14
16 32
88 6
43 54
99 14
18 41
58 21
76 54
98 6
20 37
80 9
80 31
43 40
45 30
51 19
72 42
59 1
87 34
88 2
93 19
39 46
93 15
28 29
26 1
73 36
9 54
1 36
93 29
94 16
90 23
106 13
73 21
81 21
27 8
92 13
89 2
100 32
86 15
45 39
94 6
83 8
68 10
42 40
45 8
58 43
108 21
71 4
83 18
30 49
1 49
25 17
89 40
96 31
25 14
93 34
85 30
94 7
71 19
67 10
87 37
77 2
41 55
1 43
45 19
40 54
27 22
27 4
92 1
6 19
6 41
1 55
82 12
57 8
96 6
59 10
82 8
84 33
20 52
107 3
42 55
3 29
1 48
59 40
66 15
86 33
73 43
3 40
89 18
37 33
89 19
67 38
34 4
104 11
69 15
25 18
88 78
61 18
94 3
107 17
57 21
3 42
27 15
93 8
87 7
87 1
57 19
34 33
91 32
100 1
66 9
89 16
27 18
92 37
93 21
53 48
91 36
94 32
6 55
43 13
29 40
24 22
104 10
72 21
37 10
44 15
87 11
66 16
80 34
29 33
45 29
68 12
67 23
1 34
87 31
98 37
42 53
20 4
29 43
102 53
92 35
100 19
83 21
34 29
91 23
45 42
25 12
20 34
72 6
83 17
27 7
40 42
91 41
87 78
97 33
3 34
89 21
27 21
6 10
91 16
90 37
1 50
74 7
60 30
45 37
96 38
80 42
101 48
28 39
37 46
70 17
92 32
60 15
73 31
16 52
73 41
96 43
77 41
83 38
84 1
92 2
69 19
42 10
69 5
58 8
62 54
34 19
98 39
9 19
82 78
59 36
77 15
106 9
83 3
41 52
85 11
38 54
98 19
81 19
93 1
88 29
30 29
97 6
77 42
93 11
59 6
3 46
90 13
44 12
99 41
82 38
42 46
83 29
97 31
37 40
106 6
66 1
27 10
79 2
60 18
39 48
91 35
60 32
93 39
61 23
16 49
14 19
73 16
81 33
93 40
57 30
97 5
45 40
43 4
66 11
77 22
57 3
24 2
88 40
92 6
77 34
42 33
88 30
89 31
97 41
16 37
16 40
82 16
106 30
72 2
20 50
90 29
98 43
100 35
106 16
94 39
44 42
95 22
89 32
72 35
39 19
28 9
59 20
39 32
89 10
84 9
57 32
108 41
26 15
40 4
93 33
26 21
3 13
85 19
45 31
66 14
100 20
88 13
104 9
85 32
83 22
81 38
95 43
84 18
30 54
97 17
42 8
20 33
72 39
92 7
95 32
94 34
90 78
44 16
93 17
59 38
80 43
0 4
98 3
84 11
67 15
59 17
74 17
84 23
106 33
8 54
71 36
43 33
18 7
59 32
100 42
87 14
38 48
42 19
35 52
48 54
80 11
18 36
44 20
77 36
94 9
86 9
93 7
104 22
57 20
0 17
43 49
0 5
104 12
68 15
99 17
93 2
34 55
86 20
79 8
73 22
81 22
82 42
91 33
65 3
80 41
71 9
3 50
85 38
90 43
97 34
60 22
97 9
89 8
20 36
71 14
59 42
71 12
81 78
88 9
108 12
37 19
88 12
27 23
77 10
16 10
107 20
87 40
61 11
57 23
16 36
82 1
99 35
39 50
41 49
37 51
49 40
87 15
82 10
77 5
88 41
24 6
65 23
36 40
106 3
7 34
77 38
25 1
24 5
53 40
93 20
64 54
68 31
77 11
86 21
100 21
84 32
0 16
16 50
85 16
25 6
58 32
58 18
45 33
81 14
5 36
29 53
72 14
18 53
107 1
96 37
6 47
43 29
58 23
83 35
20 8
88 17
73 3
89 42
95 17
7 10
82 15
5 29
89 22
69 20
3 48
58 39
0 10
94 19
98 14
84 22
27 12
73 6
73 23
88 14
44 43
0 14
71 11
94 43
87 5
106 10
71 29
90 41
55 48
96 1
97 35
99 11
83 1
45 10
57 34
77 32
54 19
67 22
94 14
9 48
28 6
98 18
1 40
6 43
5 48
60 10
60 19
22 54
85 37
84 17
89 37
79 14
28 7
106 22
98 35
96 34
104 8
82 9
16 13
108 8
80 18
97 20
99 30
42 48
98 17
67 4
88 18
71 42
96 30
87 23
109 22
79 16
85 29
37 13
28 41
68 7
60 7
45 38
77 7
79 21
69 6
39 42
90 14
24 18
87 2
80 17
97 43
93 5
73 14
5 43
31 19
28 14
10 54
87 20
39 34
80 3
69 7
59 2
95 9
41 53
60 12
58 29
84 30
41 33
38 53
97 3
39 52
20 32
25 4
84 3
45 13
104 15
69 8
77 31
81 31
95 29
69 9
91 1
97 18
1 47
72 38
26 4
89 5
95 31
82 21
11 54
58 17
25 22
106 8
5 42
91 31
34 43
79 12
30 8
24 15
96 19
107 23
98 20
99 6
68 1
60 39
3 37
84 40
83 33
109 12
57 6
71 21
89 13
66 8
20 43
79 18
16 34
106 15
97 21
58 15
28 38
84 12
67 18
86 12
66 12
108 10
73 1
79 3
102 52
76 48
45 36
59 18
17 54
65 9
59 33
99 42
86 19
25 23
60 11
77 39
27 6
100 43
20 49
84 7
87 39
88 32
100 39
96 23
0 7
71 22
72 10
0 6
86 8
98 38
98 22
98 32
18 33
73 7
20 53
95 16
16 7
80 32
89 12
82 14
72 8
107 19
97 8
43 52
69 3
41 36
98 29
82 11
88 34
37 34
97 11
61 15
72 17
80 8
18 50
59 35
7 43
66 17
16 48
86 31
18 49
60 5
68 38
107 5
60 23
66 6
72 12
79 22
61 21
72 30
72 41
93 6
94 1
67 2
44 34
5 54
77 6
85 2
72 13
24 21
84 43
95 30
44 37
106 11
29 13
100 10
35 19
34 32
91 7
90 33
18 10
29 46
40 36
80 36
12 19
26 9
39 49
92 9
109 15
108 37
73 17
85 1
97 12
90 40
95 21
67 7
59 16
73 9
28 20
73 5
60 34
92 31
92 29
18 13
108 17
100 33
85 41
100 3
29 48
80 15
44 9
92 11
34 54
57 9
65 17
60 9
82 22
87 8
87 21
16 33
88 42
66 5
26 19
97 29
60 43
28 31
73 30
108 15
81 16
18 8
97 37
92 43
82 3
58 42
21 36
68 3
15 54
96 20
99 7
65 5
95 23
3 52
87 42
96 22
107 14
91 3
40 34
58 10
72 18
65 20
95 19
90 15
67 30
65 14
0 3
39 47
108 11
84 20
45 32
37 8
81 5
91 43
41 10
45 23
65 22
90 1
86 23
100 40
3 7
24 10
108 1
6 54
84 10
85 6
39 43
39 54
87 41
108 16
18 29
77 21
97 32
31 36
84 13
84 16
96 17
11 8
96 14
34 53
87 30
59 7
3 32
99 33
92 20
29 32
36 48
73 42
30 53
100 23
88 39
86 36
106 23
97 19
82 43
45 2
28 13
79 6
7 54
37 55
98 30
20 19
58 3
44 30
100 7
83 13
42 54
28 16
66 2
69 11
84 14
44 8
0 9
79 11
96 42
90 34
83 14
69 16
83 10
92 33
45 5
45 43
43 32
44 1
71 39
87 33
92 15
13 36
94 12
65 12
45 16
82 18
22 48
58 34
1 52
90 17
103 54
18 55
18 4
94 29
41 47
94 40
42 49
39 36
24 1
67 21
77 12
28 30
44 14
100 38
82 20
24 9
25 10
16 43
69 1
81 3
60 29
73 38
45 22
85 18
45 11
51 54
45 35
92 21
87 16
90 36
99 29
27 3
26 2
87 18
87 22
24 11
73 35
45 34
82 40
89 41
61 22
83 20
98 11
29 7
31 54
44 38
20 47
69 12
85 39
98 7
79 23
4 7
21 54
71 7
27 2
106 38
88 21
97 22
14 48
71 37
30 43
72 3
57 35
24 8
97 39
81 1
81 37
87 9
97 14
67 5
73 10
93 16
104 17
57 18
60 40
87 35
61 12
3 53
43 47
18 47
82 13
30 48
81 17
79 9
37 48
100 29
58 9
86 42
89 15
107 2
71 30
81 35
28 17
73 19
81 15
91 22
57 17
57 41
99 34
75 17
41 7
39 29
82 29
44 23
83 78
34 8
44 39
106 12
69 30
20 7
27 19
43 8
89 36
37 43
30 34
77 29
16 53
27 16
1 51
57 22
90 9
1 53
88 22
84 31
2 19
73 11
60 16
71 2
73 4
1 7
95 8
25 16
39 55
81 32
45 7
91 6
59 31
60 35
96 16
90 18
84 34
42 51
109 19
86 7
28 42
90 6
72 5
24 4
66 22
65 16
92 30
99 18
10 8
89 29
59 41
106 17
83 40
92 17
61 30
96 29
109 23
68 5
25 8
21 48
27 20
88 37
38 52
82 5
94 35
85 14
18 19
66 23
77 17
1 29
58 20
80 20
6 53
104 19
37 42
80 39
94 20
100 2
25 11
95 41
80 19
86 32
57 15
93 42
43 10
29 50
37 47
25 2
61 9
66 19
44 33
82 35
42 32
106 5
90 39
61 8
59 21
95 5
17 43
79 10
60 21
86 18
61 35
37 50
98 15
87 3
58 7
43 50
35 54
30 52
65 1
68 9
77 1
84 8
85 33
3 10
28 37
91 19
98 10
1 33
90 16
77 33
93 22
12 54
90 8
95 3
25 15
106 14
1 19
98 1
73 15
94 8
83 39
60 20
89 20
83 41
106 7
93 10
11 19
108 14
87 38
93 18
100 11
58 33
4 19
18 32
43 48
25 20
61 1
41 29
16 55
45 41
96 11
66 21
89 17
77 20
41 34
28 19
1 4
100 18
42 52
88 5
38 8
44 31
95 18
81 42
92 14
39 8
71 43
106 32
66 10
88 35
3 47
91 17
33 54
82 39
88 43
10 19
80 33
90 19
26 7
68 19
59 12
57 43
4 48
57 40
34 10
71 10
79 15
86 78
73 34
91 14
57 42
25 9
15 48
93 41
90 42
89 35
29 51
68 17
57 5
16 8
57 33
65 15
91 34
18 42
3 8
81 34
3 4
72 4
58 19
2 48
72 23
39 13
30 19
82 30
94 18
82 17
73 32
82 7
99 22
83 19
0 22
45 20
19 54
101 43
36 8
96 15
89 1
81 7
6 42
41 51
18 51
43 55
18 37
44 19
91 9
68 18
80 1
39 4
104 5
73 20
61 20
86 30
31 48
80 2
99 15
34 13
6 34
96 3
94 33
5 34
86 11
99 40
96 8
28 36
73 37
67 3
91 20
81 10
82 2
57 38
40 43
91 2
85 23
92 42
29 4
45 18
108 2
81 2
59 8
71 34
84 37
96 10
0 15
68 21
80 29
85 21
30 36
39 33
59 37
101 34
68 30
107 37
83 9
42 50
69 2
71 41
71 31
83 2
69 40
24 17
39 40
1 32
58 31
43 51
67 31
45 3
10 48
71 13
89 30
72 36
72 29
83 7
95 20
88 10
93 32
69 23
109 21
67 9
96 40
83 32
57 29
29 49
83 11
42 4
80 16
95 14
3 33
84 38
88 15
80 37
82 34
80 35
102 8
95 2
24 19
80 30
28 1
77 14
60 33
99 2
107 21
68 23
16 19
96 39
20 41
0 20
99 38
37 7
16 41
101 42
82 31
94 22
68 4
84 41
65 6
91 42
71 17
26 5
71 32
85 35
29 19
81 8
57 31
85 15
44 29
90 22
32 54
93 30
0 12
71 33
99 31
73 18
97 1
92 19
90 2
72 34
6 8
88 19
57 14
68 16
28 12
34 50
27 5
28 8
45 17
85 34
57 39
34 7
71 1
58 2
57 12
97 2
18 46
85 7
27 9
26 22
61 5
44 35
100 37
85 43
90 12
61 10
0 8
100 34
6 52
98 33
36 54
72 15
29 52
67 20
4 54
84 29
61 19
107 8
51 8
92 40
84 19
27 11
77 35
59 15
55 54
44 6
81 13
60 38
29 10
60 6
69 14
55 19
63 17
45 6
106 1
51 48
76 7
58 37
85 36
41 40
0 18
18 34
23 48
41 54
68 22
67 19
42 36
72 7
83 6
34 48
71 8
20 46
65 2
108 6
24 12
90 38
44 5
68 14
71 18
100 6
3 41
57 7
72 20
85 5
42 34
95 40
65 19
25 5
72 1
87 17
41 19
5 19
96 18
108 22
107 16
39 10
20 13
83 37
58 38
104 23
88 8
58 16
85 8
34 40
60 14
85 9
87 10
67 17
24 14
98 16
91 12
86 40
18 43
98 34
44 11
95 12
30 7
16 29
43 19
34 42
69 4
68 6
83 42
92 39
44 36
57 36
88 1
60 36
108 23
41 13
0 23
89 39
58 36
66 18
81 23
28 10
97 10
97 15
6 50
7 53
109 14
109 11
91 37
67 8
28 3
95 38
82 41
77 3
35 48
28 21
89 7
71 16
27 1
100 31
34 52
89 23
85 78
24 16
6 13
15 8
80 5
84 39
36 19
60 3
79 4
95 11
16 54
91 18
88 16
26 23
28 11
72 11
86 39
2 54
84 2
99 10
80 12
99 20
107 6
103 48
95 7
6 36
90 20
17 8
55 4
92 23
101 54
58 12
93 35
71 3
53 19
94 38
25 3
89 33
72 19
94 42
82 37
59 19
35 53
81 30
86 34
25 21
94 21
85 22
90 32
20 55
24 20
83 5
107 12
1 10
71 6
57 37
96 9
93 37
6 7
77 37
106 20
26 8
7 19
106 2
85 17
87 13
94 37
26 13
58 6
59 11
45 12
108 9
69 38
37 4
41 43
82 19
1 41
6 33
16 47
17 29
37 29
95 15
44 22
29 55
100 15
67 16
77 19
90 7
80 10
87 6
107 41
41 8
91 10
92 41
72 32
14 54
86 41
98 21
29 34
29 36
99 19
73 29
1 54
12 48
1 46
3 36
3 54
96 12
107 11
34 47
96 35
41 32
26 3
77 18
106 19
28 40
43 46
17 40
94 10
77 78
82 36
92 22
0 1
89 78
89 6
86 35
13 54
106 31
18 54
94 2
106 18
93 14
73 39
87 29
86 22
67 12
26 14
17 48
6 51
80 21
80 23
28 33
98 31
90 11
107 15
87 43
59 39
101 19
44 13
59 43
99 5
81 29
99 16
59 34
40 29
82 23
88 36
89 34
108 18
95 34
26 17
3 49
67 14
108 20
29 54
67 1
79 19
91 5
83 12
100 17
100 8
71 38
88 20
58 40
28 15
26 20
86 10
89 3
60 1
58 41
34 51
96 33
81 18
109 8
107 22
98 42
3 55
59 29
69 10
13 40
58 30
61 14
7 8
26 18
83 16
27 17
44 2
90 21
0 11
16 51
6 46
100 22
25 19
41 50
94 17
28 32
67 40
86 29
39 7
81 43
65 10
91 8
60 41
60 17
45 21
90 35
24 23
86 13
100 16
87 32
28 35
44 40
98 41
94 41
93 9
86 2
57 10
58 22
42 43
79 5
24 7
97 38
82 32
28 5
20 54
99 21
104 21
66 3
6 40
83 43
86 14
28 43
28 22
89 43
79 20
39 53
109 17
96 2
85 10
99 3
92 8
99 8
80 22
3 43
94 31
73 33
71 23
84 15
59 9
44 3
16 4
24 13
98 23
105 54
83 15
0 19
90 31
101 29
16 46
87 12
77 9
59 3
95 42
89 9
98 40
79 1
85 31
23 54
94 30
80 78
92 38
17 42
44 10
72 9
44 17
37 52
77 43
26 6
77 8
97 42
24 3
91 30
108 5
25 7
34 46
60 31
83 36
61 3
20 40
43 53
7 36
99 9
80 38
43 7
90 30
68 20
20 51
28 18
3 51
93 3
1 37
91 78
84 36
83 30
16 42
60 37
91 13
37 49
69 17
99 37
99 23
95 39
69 21
88 23
57 16
51 40
85 42
107 9
58 1
65 8
