37 10
34 1
25 18
25 13
3 2
0 1
6 5
38 27
25 14
41 11
26 4
26 10
19 3
34 23
38 5
35 1
26 19
4 5
19 29
26 8
24 2
18 23
25 3
18 2
19 23
0 2
25 17
25 16
26 18
38 3
25 21
26 12
24 4
8 3
41 18
25 1
6 20
18 29
32 0
24 7
38 12
33 2
40 0
6 18
38 10
41 17
25 5
41 12
6 15
15 2
26 0
28 2
26 13
31 2
24 1
28 10
30 8
37 27
28 5
40 18
28 7
24 19
19 2
40 1
38 9
8 5
26 7
25 20
6 21
27 5
11 29
6 22
25 19
8 1
24 22
40 14
28 8
6 0
40 16
41 16
31 13
40 17
31 1
30 1
11 1
6 1
26 14
7 2
11 23
9 2
40 8
31 21
4 1
26 11
12 2
26 20
28 1
40 2
28 22
30 3
37 38
28 18
4 2
40 19
41 10
6 8
12 30
25 9
41 21
40 20
0 3
41 4
24 16
41 5
28 3
9 3
40 21
25 4
31 7
10 5
38 35
31 15
25 15
24 0
41 13
24 17
28 14
25 10
32 13
28 15
6 2
34 29
38 36
38 15
31 19
22 2
24 9
33 5
31 12
27 9
28 16
24 21
35 5
26 15
31 22
24 5
10 2
26 22
25 22
36 35
31 16
4 3
6 4
38 30
41 20
8 2
24 10
26 16
26 2
41 15
40 3
28 21
11 2
2 29
31 5
26 17
38 2
30 5
31 11
21 3
24 15
18 1
24 12
28 17
8 23
6 12
31 9
38 34
30 4
18 3
26 5
22 3
26 9
6 9
6 10
6 19
41 22
40 11
41 2
41 7
36 10
6 16
31 8
26 3
40 22
33 3
30 2
31 3
10 3
41 9
28 0
15 3
13 1
24 18
24 20
24 14
25 2
2 3
40 15
31 4
9 1
25 7
40 5
40 13
20 3
24 3
41 14
34 3
20 2
30 39
6 3
26 21
7 3
40 12
31 20
41 1
24 13
31 17
26 1
21 2
19 1
41 8
3 29
27 2
6 13
6 7
31 18
13 3
12 3
28 9
31 0
25 0
28 12
21 5
24 8
40 4
40 7
14 2
31 14
40 9
13 2
25 11
37 9
6 17
37 15
24 11
9 5
28 4
6 11
28 20
41 19
11 3
31 10
28 13
36 5
25 12
38 22
41 0
28 11
25 8
27 3
6 14
28 19
40 10
41 3
