39 8
39 5
38 9
21 18
28 15
21 16
39 13
39 9
44 13
29 10
6 11
19 4
37 13
39 14
26 4
16 9
37 12
34 0
25 15
38 41
0 1
25 1
39 7
42 10
42 9
40 4
43 14
43 8
20 10
43 18
39 18
31 3
27 6
40 13
2 1
26 17
2 8
39 3
28 7
45 15
21 7
20 9
14 11
31 4
23 12
23 10
42 12
45 18
40 16
16 4
21 11
19 18
34 8
26 1
42 13
25 3
42 3
29 12
42 6
45 9
8 16
42 18
43 9
45 6
29 14
18 6
45 16
19 8
42 11
43 11
39 15
43 1
39 12
34 16
24 11
29 5
42 8
38 16
26 8
38 36
20 4
29 11
31 16
26 14
43 16
2 18
10 6
34 38
9 1
42 4
34 1
44 15
17 16
31 17
23 14
5 27
43 10
24 12
24 9
26 10
21 15
25 6
26 16
19 7
20 16
44 18
26 11
23 1
31 14
40 5
33 8
43 15
23 6
45 12
38 1
28 17
21 12
23 15
44 5
2 7
33 9
31 18
38 17
26 7
38 5
28 14
24 14
31 5
24 1
20 3
21 14
26 5
16 15
2 3
25 16
29 7
21 3
28 18
43 6
20 17
34 37
2 6
1 12
33 7
21 5
40 11
25 5
44 1
39 17
23 13
34 36
39 4
31 8
17 9
28 11
2 10
19 13
29 1
19 14
23 11
24 15
45 3
41 11
31 6
44 17
43 5
2 15
21 13
28 9
43 3
26 18
39 1
21 6
19 17
20 13
19 9
21 17
17 8
23 16
45 8
45 13
25 8
33 18
29 15
2 11
33 16
21 10
2 5
45 4
31 15
40 18
28 16
40 9
44 12
19 15
25 13
38 37
20 15
45 14
21 8
40 1
19 3
24 18
19 12
9 8
24 7
19 1
25 18
44 9
42 7
30 15
44 16
26 13
40 7
17 4
8 9
29 13
45 10
20 12
29 4
39 6
44 7
24 5
31 1
26 12
45 1
29 6
2 17
39 16
34 35
19 10
42 15
1 13
38 30
40 17
24 6
38 35
44 4
24 13
43 4
42 16
43 13
20 18
43 17
26 15
28 12
20 5
19 11
38 8
24 4
26 6
42 17
25 12
40 6
32 11
33 6
24 17
33 14
34 30
33 13
28 5
19 6
45 17
25 17
24 16
28 3
23 8
40 10
23 9
21 9
38 18
2 16
9 16
34 22
23 7
34 13
16 3
44 8
2 12
25 14
2 14
40 12
2 4
25 11
37 1
39 11
33 5
25 4
33 17
24 3
42 14
28 4
21 1
29 16
45 5
28 10
20 7
28 6
19 16
22 15
7 1
42 5
23 18
23 5
39 10
29 18
8 1
43 12
20 14
8 4
33 15
27 11
31 13
20 11
44 11
38 7
40 15
31 12
24 10
23 3
45 7
44 14
24 8
33 3
5 11
28 13
25 9
2 9
33 12
29 3
26 3
23 4
28 8
33 11
42 1
43 7
19 5
44 3
33 4
38 0
28 1
31 10
31 7
44 6
29 17
33 1
25 10
23 17
41 15
44 10
17 1
40 8
31 9
38 4
31 11
2 13
38 12
9 4
33 10
40 3
45 11
20 6
25 7
26 9
29 8
20 8
5 6
40 14
29 9
20 1
21 4
13 1
