25 10
21 4
36 2
27 19
33 32
6 16
21 2
6 13
12 13
21 10
33 37
36 7
6 10
33 28
6 18
35 12
21 3
10 2
11 2
21 14
17 13
33 14
22 2
35 3
29 19
14 2
36 0
24 12
21 7
22 13
36 8
6 12
21 1
36 14
18 2
26 5
6 14
28 27
35 10
8 5
22 16
6 2
9 19
36 10
33 26
26 1
13 5
18 13
20 2
24 2
24 7
21 11
35 1
22 14
6 7
0 2
18 14
6 3
24 19
33 19
22 11
22 8
36 11
33 2
12 7
6 15
18 19
36 18
35 13
35 0
9 14
2 5
21 0
36 16
15 1
24 34
36 17
14 13
22 3
29 33
17 2
23 5
6 9
10 3
21 16
0 3
8 1
33 12
35 9
33 31
9 2
6 1
36 3
29 31
21 17
22 17
22 1
19 13
36 12
22 4
21 13
33 20
6 17
36 1
14 5
33 18
6 11
21 15
29 20
29 30
33 9
0 1
35 2
36 4
33 24
35 15
3 5
21 12
17 14
9 24
22 7
22 15
35 16
10 1
29 12
35 4
6 8
12 14
12 2
6 0
22 9
21 9
22 10
35 8
21 8
22 0
36 13
35 14
6 4
24 14
1 5
22 18
16 2
33 30
36 9
8 3
8 2
33 27
35 11
21 18
25 0
22 12
29 32
35 7
26 3
36 15
35 17
4 5
35 18
2 23
