81 42
78 35
94 4
66 11
50 45
66 17
0 13
84 30
60 16
70 8
14 44
81 45
82 38
51 4
90 4
62 20
83 3
81 6
73 4
0 14
76 36
11 1
72 19
41 43
71 2
67 12
51 36
50 15
66 15
82 35
47 3
75 2
67 23
76 14
81 39
77 30
56 22
55 35
90 2
95 35
103 4
56 35
49 27
83 30
41 27
50 34
99 16
58 8
102 17
51 7
90 16
68 7
15 27
62 6
67 19
99 15
103 1
102 10
9 44
104 10
9 41
26 27
56 5
50 12
68 1
72 16
58 15
55 17
80 28
14 45
74 9
19 40
102 16
94 41
52 26
50 43
0 17
37 7
2 28
72 9
74 7
70 9
14 40
11 44
60 17
102 30
46 20
15 6
50 30
8 39
92 89
57 11
82 41
65 8
81 14
47 6
65 22
12 27
74 8
103 18
80 15
77 14
67 14
66 10
61 4
67 1
57 4
73 2
60 34
57 35
76 1
79 19
17 24
33 20
10 41
50 3
100 35
94 36
103 17
61 20
5 43
72 18
98 8
33 8
77 4
81 11
76 9
104 8
55 7
47 35
99 36
16 25
36 25
99 6
81 13
60 36
51 8
31 22
98 15
9 25
75 3
59 1
104 34
60 15
58 1
55 21
80 38
99 22
95 48
76 35
50 1
73 1
96 11
82 9
55 8
63 4
76 20
58 19
81 12
57 13
60 14
62 2
98 23
68 10
74 4
100 19
31 18
74 6
81 7
102 19
104 11
12 44
37 18
1 27
51 52
90 22
94 9
80 12
62 1
81 18
13 9
50 44
63 18
71 9
95 1
4 44
4 43
31 20
84 1
7 25
81 16
26 44
12 25
31 7
74 39
101 30
59 21
77 22
87 25
97 2
10 44
95 3
84 17
33 7
84 4
73 15
84 21
60 13
56 36
13 45
82 43
12 42
31 5
74 30
72 13
56 12
59 20
4 42
66 1
73 52
96 16
103 12
47 22
10 25
51 15
90 5
80 34
8 42
8 41
67 3
72 2
92 49
4 27
95 8
1 28
96 6
46 34
82 4
91 26
26 41
92 80
67 15
33 2
61 9
82 40
104 48
55 18
102 23
99 2
96 35
57 14
68 9
50 21
49 41
80 42
69 3
37 2
33 3
77 13
22 28
46 35
37 9
56 9
50 16
101 18
67 7
51 22
103 6
79 20
95 9
34 26
50 27
58 11
47 8
63 5
96 10
56 10
94 26
61 8
66 3
0 16
104 21
48 26
80 11
77 7
94 39
0 21
73 8
76 21
19 44
47 2
50 26
78 3
79 9
103 13
79 21
15 43
12 45
94 38
81 4
57 10
77 9
57 15
48 25
81 30
72 20
0 19
19 28
94 43
67 34
90 12
41 45
57 7
47 5
69 7
10 27
56 11
104 4
62 7
84 2
8 40
3 27
71 1
57 22
7 27
50 42
81 2
4 26
55 9
84 13
78 1
74 18
65 34
102 15
33 10
60 10
57 19
82 36
5 41
56 16
99 8
104 23
81 41
46 8
51 21
62 18
3 44
99 17
60 19
55 4
19 45
50 22
100 2
9 27
96 48
81 43
19 8
55 15
10 40
102 2
56 13
57 5
65 7
5 25
63 2
95 5
77 15
74 5
102 12
102 35
60 1
0 6
98 7
102 18
104 1
10 43
96 13
57 16
54 43
29 2
76 19
4 41
55 36
72 36
64 4
82 45
74 10
103 2
73 5
47 20
70 6
17 26
94 25
31 30
80 45
103 15
56 17
59 4
92 86
60 53
95 52
55 19
51 9
102 14
3 43
56 8
0 5
80 24
101 4
0 20
13 26
95 14
39 26
60 48
73 16
4 40
19 27
66 14
72 12
0 4
72 22
67 10
98 12
19 24
96 19
21 27
13 25
97 4
79 8
50 18
50 9
58 20
69 5
90 14
12 40
58 10
79 22
69 4
99 21
98 20
58 34
89 25
19 25
92 88
51 5
96 20
37 1
62 3
15 24
54 38
72 34
95 7
5 42
35 26
57 53
32 1
96 2
62 5
69 8
31 6
12 9
98 5
11 42
94 7
104 18
7 39
68 19
73 13
50 2
63 22
55 20
33 14
80 2
98 16
98 11
94 8
33 5
3 41
88 24
69 6
73 7
67 5
51 30
67 21
96 4
94 42
63 20
26 40
55 14
64 1
4 25
78 19
95 21
74 2
98 10
65 36
80 22
67 2
12 41
51 20
103 22
58 3
78 4
51 48
80 43
77 12
51 11
49 2
58 14
61 7
10 26
48 27
100 9
100 22
79 30
60 4
13 44
90 18
58 22
74 26
74 11
81 36
47 4
101 1
83 5
57 30
104 2
39 41
90 13
59 22
15 45
97 52
83 7
35 27
59 36
72 30
84 22
78 6
103 20
37 8
69 1
55 53
67 17
74 3
81 10
58 12
100 36
55 10
11 24
78 9
81 17
102 6
49 45
94 40
78 8
98 30
33 30
77 18
97 3
98 13
90 11
26 43
91 27
9 40
82 34
66 19
102 3
76 6
41 40
71 7
68 3
80 17
82 8
36 26
60 23
20 27
102 48
103 7
95 34
98 6
67 20
71 4
33 34
41 42
62 4
104 20
11 6
76 7
58 16
41 44
98 18
11 26
99 20
99 19
51 35
73 21
99 1
54 45
54 28
6 27
46 30
82 28
70 7
103 3
31 9
30 39
98 2
36 39
77 52
22 25
66 7
15 41
103 30
49 38
83 1
57 9
13 24
58 17
80 40
11 9
92 50
104 12
18 25
95 11
98 19
81 27
80 3
104 7
73 11
50 5
72 7
94 44
3 45
78 18
56 21
101 2
5 44
51 14
57 12
29 1
98 22
96 18
67 8
80 1
46 2
66 5
70 5
17 27
77 8
94 27
66 34
104 52
16 45
99 30
102 20
51 10
84 9
75 5
74 12
46 6
73 20
33 16
58 7
35 41
82 39
55 1
97 23
97 5
77 2
84 8
2 27
67 35
50 8
62 9
71 3
7 42
82 26
102 8
73 35
19 39
96 30
84 12
38 25
94 35
103 35
65 1
95 16
11 41
51 18
78 20
66 23
47 34
56 19
0 8
90 48
58 2
57 20
83 2
3 28
49 1
7 43
99 3
77 16
73 17
5 27
54 40
104 3
33 15
103 10
80 5
103 48
50 11
55 5
46 1
96 12
97 1
104 16
90 3
33 13
29 4
54 42
14 25
15 42
82 1
96 22
90 17
59 8
95 22
19 9
87 24
18 41
82 42
80 39
102 21
98 52
92 54
56 2
20 25
80 7
103 52
80 36
0 12
26 42
100 30
60 6
31 21
67 22
55 2
94 28
83 18
103 53
89 24
50 10
49 40
85 24
50 36
64 5
73 9
32 2
60 9
66 30
58 30
98 4
95 12
104 13
96 3
91 39
71 5
80 13
4 28
35 39
66 22
50 13
2 25
6 28
0 10
62 21
76 30
92 82
100 3
92 85
78 7
77 5
14 42
73 14
55 13
23 26
19 43
80 27
58 35
66 18
17 25
33 1
99 14
96 21
80 8
63 6
80 14
30 34
99 11
8 44
39 40
72 1
29 5
79 3
103 16
73 36
10 6
54 26
7 44
21 28
16 9
95 6
58 36
16 42
100 21
63 3
71 8
98 53
62 22
75 4
84 16
90 52
57 3
48 24
7 40
72 15
96 53
73 12
77 11
51 23
99 12
51 13
100 6
60 18
57 6
10 42
49 44
60 21
63 7
11 43
55 34
74 38
96 17
55 6
41 25
56 3
15 25
9 26
60 5
34 25
58 4
104 35
10 24
80 9
84 14
16 43
76 22
77 1
66 36
100 34
11 27
101 9
95 18
98 1
72 21
94 30
103 36
46 7
90 23
27 25
66 52
29 3
96 7
50 40
66 16
57 34
13 43
55 3
98 3
51 3
80 30
101 5
81 8
21 25
7 45
51 6
66 48
1 25
58 18
47 21
16 41
73 34
33 17
99 35
98 9
63 1
58 53
99 4
37 6
18 27
60 11
72 5
29 30
39 43
68 5
80 16
31 2
4 45
30 27
61 5
66 20
70 2
50 35
14 43
77 20
85 25
66 2
102 9
66 9
20 28
72 10
103 9
70 3
51 53
39 25
56 15
82 6
74 13
33 12
104 22
57 36
72 11
50 20
99 7
29 8
3 42
73 23
5 45
63 8
58 5
104 15
29 9
56 30
98 35
100 20
73 22
0 7
75 1
60 8
67 36
26 45
60 52
66 35
75 6
67 4
60 3
48 28
29 18
55 16
58 9
102 7
72 8
0 11
56 34
84 5
95 20
100 1
81 34
11 39
83 8
72 4
81 15
7 26
74 16
34 39
5 28
96 8
47 7
65 9
57 21
72 6
50 6
93 27
16 27
61 6
7 41
60 35
65 6
102 11
0 22
12 26
16 26
59 3
17 41
63 9
16 40
92 87
79 4
99 18
73 10
13 41
79 6
100 4
95 17
104 19
32 4
12 6
37 30
92 93
95 19
81 1
95 2
38 27
94 1
82 30
80 44
103 14
30 25
86 24
103 34
34 27
65 20
78 21
9 39
15 9
59 34
101 8
74 35
74 24
59 7
67 18
102 22
61 2
84 18
82 44
60 22
72 17
56 7
99 34
49 28
98 14
100 7
60 12
92 74
3 25
100 5
57 17
78 5
32 3
66 6
31 4
82 25
49 26
46 3
19 6
36 27
81 24
84 20
79 1
70 1
19 1
26 25
65 35
95 13
50 41
33 18
23 27
80 35
61 18
94 34
81 26
16 44
36 41
101 6
74 17
94 6
86 25
29 7
11 40
98 36
96 9
102 5
13 40
34 41
84 6
62 8
90 20
80 10
47 1
60 7
50 7
82 7
97 30
11 45
3 40
33 22
98 21
76 34
51 1
94 45
46 22
51 19
104 53
102 52
80 6
51 34
3 26
96 34
73 30
23 24
0 1
57 2
76 8
54 44
66 8
102 36
81 38
66 12
79 5
70 4
0 15
8 27
96 5
73 3
84 11
80 41
78 34
81 9
15 26
5 40
80 26
90 15
103 8
83 4
51 16
88 25
33 4
29 6
102 13
104 36
79 2
74 14
0 9
5 26
55 22
30 26
46 4
32 6
93 39
46 36
49 42
50 38
65 19
96 1
68 4
69 9
67 6
66 21
0 3
78 2
84 3
104 17
50 14
67 11
68 6
92 91
68 8
81 5
56 4
84 7
9 45
80 20
78 22
19 42
73 48
67 16
39 27
33 11
101 3
54 39
91 41
96 23
72 35
74 41
74 27
78 36
35 25
98 34
13 42
0 2
83 6
80 21
11 25
12 24
84 15
10 45
59 35
33 21
81 40
97 48
22 27
47 9
31 1
102 1
96 52
74 34
46 9
15 40
73 18
58 21
67 9
41 26
57 8
82 27
12 43
59 9
104 5
46 5
65 30
59 30
95 30
51 12
95 53
90 21
77 17
9 8
57 18
78 30
33 19
0 18
8 26
60 30
96 36
6 25
99 5
79 18
47 36
104 9
33 6
92 81
81 3
66 4
8 45
39 42
74 15
71 6
56 18
81 44
103 21
9 43
58 6
38 39
99 10
23 25
100 8
56 53
80 18
96 15
50 17
67 13
83 9
39 45
56 20
33 9
97 8
103 11
14 27
99 9
60 20
98 17
95 36
95 23
54 27
49 39
33 35
23 28
55 30
101 7
59 6
99 13
16 24
77 21
54 41
58 13
15 44
47 30
96 14
8 25
63 21
28 25
50 39
61 3
57 1
60 2
13 27
95 10
59 2
74 36
66 13
56 1
9 42
67 30
74 1
69 2
55 11
51 17
95 15
49 43
39 44
65 21
103 19
100 18
104 6
92 94
81 35
34 8
104 14
33 36
31 8
50 28
18 26
72 14
103 5
102 34
59 5
97 9
72 3
56 6
14 24
102 4
90 1
55 12
8 43
61 1
104 30
67 48
68 2
61 22
103 23
95 4
97 7
56 14
51 2
61 21
46 21
79 7
98 48
67 52
31 3
