67 45
24 17
40 16
13 14
48 2
80 6
58 56
76 17
40 10
20 2
74 0
28 18
67 57
41 39
94 32
78 29
43 35
57 21
27 5
91 11
65 40
76 53
63 9
81 28
67 27
75 33
39 16
72 32
4 1
79 51
43 32
60 19
40 0
65 38
60 16
72 39
85 50
93 31
78 21
51 15
44 14
84 33
84 55
86 30
82 21
91 27
60 5
58 53
13 8
82 37
28 14
13 20
38 13
36 12
49 19
59 55
65 5
57 18
60 52
82 0
78 0
94 38
83 49
39 49
22 40
80 27
86 13
1 10
81 35
79 16
85 34
74 10
78 37
62 26
70 56
44 21
27 12
75 45
92 9
94 39
78 47
50 15
61 34
45 15
63 48
75 21
90 33
60 26
33 2
80 21
44 32
67 34
39 6
67 6
51 13
67 54
72 28
90 49
53 12
42 11
56 3
79 46
37 21
58 30
77 52
1 0
62 32
59 40
62 37
89 34
1 9
22 36
62 29
63 35
51 3
90 24
55 9
42 20
22 33
88 24
84 28
92 32
63 25
40 19
42 5
62 45
44 5
48 9
79 35
38 9
80 56
18 3
93 10
77 38
93 53
83 0
76 36
90 28
62 1
77 23
42 37
55 8
13 12
72 31
74 56
83 56
44 10
49 5
1 5
64 34
82 35
13 19
79 27
55 14
21 8
82 27
22 23
79 53
58 5
13 10
63 5
26 21
56 10
57 15
65 17
58 9
90 16
72 30
82 14
78 40
84 39
40 20
78 28
43 18
65 18
90 51
78 36
14 5
67 49
38 1
59 14
81 29
62 54
85 16
43 4
59 31
61 54
81 21
78 6
39 1
38 21
40 4
65 39
10 5
84 56
41 24
76 25
74 30
77 10
22 19
80 9
70 26
76 6
59 28
58 38
28 12
86 52
61 33
13 9
86 16
84 45
65 25
91 14
36 51
85 21
42 4
21 2
62 53
67 56
40 9
74 31
61 47
51 0
57 13
77 16
59 21
25 15
88 5
84 32
44 51
48 21
90 57
87 5
61 13
78 23
39 56
92 28
70 57
90 36
79 34
21 15
42 29
54 6
82 57
67 0
27 11
83 27
67 23
51 18
20 17
91 26
44 33
72 34
59 16
16 9
94 26
91 57
76 35
33 13
91 25
28 13
36 19
65 24
21 17
33 21
41 30
26 15
61 16
86 50
88 23
90 38
36 47
82 46
61 28
94 13
39 5
39 54
56 4
39 18
75 40
76 16
65 28
77 29
18 9
89 32
65 34
74 13
70 33
86 31
76 40
60 47
49 21
76 23
79 55
70 37
38 2
94 27
62 39
64 33
80 26
79 32
86 35
22 10
38 7
86 45
76 1
81 14
62 36
79 30
74 36
85 28
41 25
65 9
58 16
33 15
18 17
90 5
81 27
84 52
75 36
61 49
83 17
55 2
1 6
67 24
77 5
41 32
75 27
80 36
84 17
67 29
80 37
44 6
67 11
48 13
77 28
70 50
85 35
18 5
60 40
0 6
21 20
81 0
83 45
70 30
28 49
77 46
67 52
77 34
9 15
49 17
19 20
86 28
90 46
25 57
37 15
91 10
58 29
85 45
44 26
28 9
74 37
48 4
76 49
82 30
1 3
91 6
56 6
0 2
49 6
63 24
86 51
82 48
22 18
44 30
70 25
94 4
75 4
60 39
76 56
36 5
59 26
13 3
57 0
74 50
60 55
53 3
57 1
80 28
60 6
86 57
22 38
63 31
55 16
31 10
86 5
66 15
82 13
83 29
12 17
80 24
18 20
28 20
89 23
65 36
59 12
77 17
93 36
58 49
8 17
90 29
58 25
18 2
39 21
58 32
81 40
63 18
78 50
10 2
62 24
85 46
40 14
74 57
82 4
91 16
49 10
90 35
39 14
54 19
91 17
54 12
72 5
40 2
86 39
1 21
49 12
67 9
43 24
56 11
79 33
40 5
54 14
59 5
61 29
38 14
57 9
70 16
34 15
62 52
40 7
10 15
91 49
80 1
58 26
61 17
28 21
67 50
36 16
65 19
36 8
81 13
40 51
67 32
40 21
13 18
85 52
83 47
44 25
36 3
67 21
44 45
44 55
49 13
78 1
59 53
80 11
61 0
82 17
48 5
90 48
82 1
91 45
21 7
83 5
83 24
82 10
78 33
59 39
69 4
67 19
13 1
58 13
77 45
60 48
43 28
78 51
54 20
42 32
81 54
85 29
27 47
41 36
85 26
62 13
76 29
57 4
38 3
81 71
19 18
81 46
61 37
79 12
90 47
36 6
79 0
21 1
57 16
60 4
21 11
77 39
27 20
70 6
86 6
25 54
94 25
60 18
49 0
55 20
38 4
81 24
76 28
77 56
77 21
85 49
27 19
4 21
39 53
83 57
62 27
47 15
41 18
75 50
85 9
49 15
4 0
40 13
67 18
76 14
28 47
79 13
59 56
93 51
13 4
51 4
36 0
77 30
38 53
54 0
83 37
93 38
91 30
55 10
80 30
70 49
67 33
76 33
21 14
83 32
22 25
82 40
68 33
80 53
84 38
80 57
89 9
83 28
88 10
14 15
67 37
52 15
78 11
74 29
91 35
21 13
22 32
56 5
84 30
22 26
51 20
81 9
59 9
86 53
42 10
62 28
25 7
91 24
80 16
56 21
28 11
84 0
80 13
74 48
27 16
58 47
63 32
60 49
44 47
44 54
86 24
42 30
44 37
80 34
60 20
56 19
72 36
54 9
90 14
44 39
1 18
40 57
21 19
25 20
74 12
83 10
76 57
61 19
40 17
75 5
19 5
9 2
75 23
77 49
81 34
61 21
72 9
59 35
58 57
28 7
27 57
36 21
44 11
52 5
92 27
19 3
38 0
4 14
58 4
92 49
54 10
86 49
37 1
36 17
1 15
70 27
88 32
67 12
22 28
1 20
65 48
85 10
65 23
76 55
37 0
51 10
79 40
21 5
13 16
81 57
25 8
85 30
79 26
58 50
72 23
42 9
86 47
80 39
43 11
25 1
78 24
76 12
58 21
90 10
38 47
76 5
49 4
59 32
51 16
93 39
90 40
56 2
58 28
56 7
43 26
27 7
44 40
38 15
92 51
91 39
90 13
84 25
82 24
35 15
74 16
70 5
70 17
94 21
84 49
44 16
62 19
82 6
25 56
82 49
53 10
91 52
80 31
76 9
44 46
91 47
54 16
86 32
40 15
92 31
90 11
65 20
11 15
56 1
55 19
91 33
57 17
76 32
18 15
72 35
18 8
44 57
22 4
94 9
90 34
70 28
62 55
62 17
61 57
86 56
25 53
14 2
8 2
46 17
93 29
80 12
92 38
42 23
93 56
70 39
40 53
41 9
60 38
90 21
78 45
79 57
25 2
39 11
75 32
58 14
61 18
91 4
55 6
82 53
36 7
78 5
90 55
78 9
83 52
67 1
25 19
79 10
18 10
60 51
27 9
25 11
43 10
77 31
47 4
60 0
20 1
76 11
22 35
85 57
81 37
21 18
86 17
84 31
90 54
4 9
38 20
70 21
79 50
80 23
54 11
58 12
67 36
42 35
51 12
28 57
78 57
77 1
78 56
91 28
82 11
59 48
58 52
62 0
62 40
28 0
67 38
1 12
90 0
38 49
18 19
60 31
55 11
83 25
38 56
76 34
85 56
85 5
81 11
70 55
41 33
37 2
55 5
83 14
70 53
61 6
90 56
44 31
84 54
63 19
33 1
60 28
5 15
58 23
84 24
86 10
74 4
80 4
89 29
77 51
48 14
81 12
6 15
13 21
44 28
79 45
51 1
28 6
84 57
21 0
81 5
91 0
13 7
68 4
26 14
36 2
43 27
39 13
41 26
57 7
59 4
75 17
17 14
18 1
54 2
74 38
60 30
39 9
86 36
74 47
74 45
61 50
84 26
80 10
80 71
91 9
59 37
82 9
70 52
67 28
94 1
93 27
83 54
83 9
61 31
28 16
41 29
84 40
85 24
65 26
76 51
94 36
58 55
76 37
25 16
60 14
56 13
75 48
38 5
91 51
93 25
81 52
36 4
72 20
90 39
44 13
88 9
92 34
92 54
90 45
38 57
77 26
53 2
53 0
78 25
53 13
65 46
56 12
78 13
60 57
28 4
67 5
70 29
94 30
77 25
91 13
93 23
91 54
62 6
85 54
75 56
92 25
78 16
42 12
59 52
82 29
74 46
50 2
57 8
70 38
57 6
85 13
75 53
76 13
61 4
27 56
90 25
59 36
40 49
44 27
78 55
38 17
62 10
63 36
80 25
20 0
74 25
80 17
43 39
75 31
60 29
13 6
43 31
76 52
19 2
8 5
33 0
83 55
33 14
78 12
0 14
67 40
48 10
72 38
75 6
79 52
44 17
78 46
77 53
77 6
43 36
62 23
59 24
60 46
44 4
27 17
62 20
88 33
79 1
70 10
91 31
54 7
90 1
48 15
62 56
75 1
82 26
49 16
67 47
94 0
90 27
42 31
93 24
74 52
82 12
40 8
82 23
61 39
22 31
94 29
83 30
76 48
25 49
81 26
41 23
80 35
21 3
13 2
38 51
62 46
62 4
59 34
0 17
81 25
89 35
83 71
78 71
75 54
83 36
44 12
85 39
26 0
62 38
70 4
40 3
76 50
75 24
86 55
39 8
75 9
85 38
49 14
61 38
79 17
25 9
58 51
25 47
55 3
91 32
78 4
4 15
49 20
22 30
89 33
82 51
41 31
65 30
41 20
79 54
53 16
75 71
79 24
77 27
60 21
86 38
75 49
42 36
25 4
67 10
53 8
82 45
76 0
59 51
80 5
22 37
84 36
63 20
9 5
94 31
53 4
0 1
80 55
78 52
90 9
55 21
81 47
41 11
25 18
75 16
93 34
49 18
37 13
72 10
93 32
55 1
82 54
51 8
90 26
0 4
74 26
65 35
86 34
85 0
58 6
60 56
75 13
83 34
81 17
49 9
81 30
59 47
65 37
82 34
27 13
1 7
86 33
79 47
68 34
36 56
17 13
20 18
84 50
81 51
51 2
51 9
59 13
81 6
84 10
74 54
83 1
74 33
86 0
59 49
78 30
91 40
61 36
67 20
90 53
72 27
61 27
80 32
90 4
43 20
81 38
81 36
43 40
84 48
53 6
77 0
88 29
72 40
28 15
77 36
59 57
78 48
43 37
86 25
93 49
56 15
51 5
20 15
22 39
25 17
90 6
22 5
91 56
55 12
56 18
76 39
36 9
78 32
90 31
79 5
74 32
83 23
38 16
62 51
61 14
0 3
57 2
19 8
60 10
42 25
59 54
83 26
53 18
60 32
44 56
70 36
43 9
78 35
25 21
79 21
90 17
58 37
70 51
55 0
78 39
92 24
84 47
54 3
89 30
82 47
36 54
60 17
84 35
85 48
80 38
79 37
75 39
91 5
85 17
25 0
74 17
86 27
81 55
92 26
27 6
85 4
20 5
32 3
58 24
77 24
18 0
39 57
79 48
82 50
38 54
60 9
42 18
76 24
76 47
77 54
80 29
70 45
44 50
55 17
92 40
72 33
85 25
16 10
54 8
82 55
79 71
92 5
28 56
41 19
63 28
41 40
62 9
32 17
79 56
62 31
28 19
53 5
83 39
91 38
54 21
56 14
36 49
82 36
75 25
85 51
27 15
85 40
42 39
84 51
24 14
53 1
85 36
84 6
86 46
19 13
38 18
94 5
70 13
62 25
93 5
84 1
21 12
55 18
65 27
59 50
49 2
29 15
59 6
93 30
51 21
90 12
51 17
19 17
83 53
83 50
84 13
59 1
25 3
32 15
22 9
90 50
94 28
79 39
78 10
88 34
61 25
59 11
55 4
81 48
80 48
61 5
26 1
41 35
14 17
1 4
40 1
19 1
54 13
16 2
41 10
74 23
53 20
78 49
70 31
61 32
11 14
89 10
67 35
76 38
4 10
94 10
61 30
61 55
76 45
20 14
61 52
39 17
85 47
75 11
62 49
74 11
27 54
27 1
58 54
53 9
58 36
0 20
83 33
19 9
76 31
61 45
91 37
61 24
41 28
53 7
12 15
80 46
43 23
82 32
1 2
67 31
74 34
91 23
85 6
62 14
61 46
93 40
93 9
91 53
18 21
65 32
58 46
90 30
85 53
79 28
81 10
81 53
27 4
76 30
22 12
49 1
70 34
60 33
36 14
92 33
63 39
75 30
40 54
80 33
75 38
86 54
83 48
93 28
36 11
57 14
40 18
57 20
78 14
51 11
75 55
58 31
62 50
58 40
22 24
62 47
91 48
20 21
75 34
17 1
86 21
25 6
94 50
77 57
60 35
28 2
59 30
82 52
85 33
59 25
43 29
44 29
39 3
21 16
49 8
76 54
60 13
39 2
76 10
38 8
72 26
63 52
91 34
76 71
92 10
1 16
58 48
62 30
70 32
82 25
90 37
18 14
41 34
76 46
63 33
39 10
1 14
80 49
70 40
27 0
63 34
84 4
65 10
62 5
25 13
1 11
83 4
44 35
42 26
56 17
74 53
51 14
70 24
46 5
53 19
48 0
91 55
56 8
4 13
62 33
36 18
19 10
53 14
49 7
84 29
81 49
77 48
75 37
27 51
56 9
62 34
1 17
83 12
21 4
55 7
74 51
25 5
41 5
76 26
61 53
60 24
30 15
70 23
11 17
61 9
78 17
81 45
77 47
22 20
74 35
72 25
86 4
20 9
74 5
39 12
0 9
61 26
79 38
80 54
75 52
70 47
92 29
54 18
89 31
28 53
8 15
20 13
61 20
59 38
82 5
1 19
27 49
28 51
22 27
74 14
75 51
70 71
83 16
21 10
77 33
60 50
80 14
51 6
59 45
38 10
13 11
0 5
22 34
82 31
91 50
43 30
18 13
51 19
0 11
44 1
91 46
55 13
82 56
19 15
83 21
75 14
94 33
44 0
54 4
27 53
79 9
0 12
36 20
67 51
83 11
19 21
41 38
19 0
74 40
75 46
60 25
67 16
36 10
60 45
25 12
0 19
63 26
63 10
84 46
58 10
80 40
39 4
80 45
92 36
58 34
60 37
92 35
77 40
83 31
42 27
74 27
81 39
38 12
82 38
78 26
67 25
27 10
49 3
59 23
84 9
72 18
79 6
94 23
54 1
70 54
91 21
4 5
67 13
28 54
77 13
23 15
43 19
28 10
58 0
72 37
67 53
67 39
92 30
82 16
59 0
59 46
60 1
77 12
81 33
74 39
33 17
86 48
36 1
80 50
60 23
76 4
75 47
78 53
27 2
0 18
31 15
63 40
84 34
94 35
13 15
79 23
85 55
40 56
0 7
36 57
60 54
38 11
77 32
75 10
74 55
81 31
83 13
70 35
72 29
56 20
85 27
65 4
65 33
44 23
93 57
28 3
42 19
85 32
84 5
70 1
38 19
61 35
83 6
43 25
90 32
0 16
65 29
17 21
44 36
39 0
28 17
37 17
72 24
0 15
84 16
83 46
74 49
77 55
77 37
59 33
77 14
75 28
70 46
36 13
44 34
58 45
63 30
88 30
61 56
79 49
50 14
78 27
75 12
86 29
86 40
57 10
58 1
43 34
77 9
83 35
46 2
31 9
17 15
61 10
75 0
58 33
57 11
80 0
46 15
1 13
63 27
40 6
79 31
61 40
84 27
74 9
49 11
21 9
77 11
62 57
70 0
56 0
89 24
42 40
24 15
93 35
61 48
79 14
84 53
28 1
92 53
77 35
92 39
21 6
84 23
94 24
91 12
55 15
81 56
27 21
40 11
53 21
88 35
41 37
51 7
26 13
54 15
67 14
41 12
58 39
91 1
44 24
25 14
36 53
65 31
69 15
42 34
63 38
81 1
70 14
83 38
82 33
78 54
58 35
77 50
0 21
42 38
0 10
67 30
63 23
74 71
33 5
39 20
89 26
83 40
70 9
92 56
43 33
1 8
61 51
90 52
81 23
94 34
13 0
58 27
79 25
86 9
79 11
57 12
63 29
81 16
67 4
12 14
75 57
44 38
81 4
73 15
25 10
88 26
85 31
32 14
91 29
84 21
86 26
59 10
67 48
93 54
27 8
43 12
60 27
90 23
42 33
80 47
54 5
44 53
86 23
93 33
53 17
93 26
17 0
20 19
73 5
74 24
30 2
27 3
39 47
65 50
86 1
0 13
43 5
82 39
59 17
83 51
81 50
42 28
39 19
79 36
40 47
27 14
42 24
74 1
75 26
67 46
44 48
0 8
62 35
81 32
85 23
39 51
62 16
80 51
28 8
85 1
78 34
20 3
94 40
79 4
25 51
62 21
39 15
43 38
75 35
76 21
54 17
78 31
28 5
44 52
60 53
48 1
82 28
13 17
79 29
91 36
58 11
44 49
4 2
56 16
57 19
59 27
88 31
39 7
89 5
13 5
67 55
76 27
38 6
78 38
82 71
74 6
27 18
59 29
74 28
57 5
20 8
74 21
16 15
62 48
92 57
53 15
53 11
77 4
22 11
80 52
41 4
92 23
61 1
62 18
41 27
57 3
61 23
67 26
72 19
60 34
58 17
77 71
87 15
20 10
19 14
40 12
36 15
22 29
60 36
44 9
75 29
