5 2
19 1
25 5
13 3
25 4
20 12
25 13
3 2
26 16
5 1
23 12
26 2
5 4
13 2
2 3
19 4
26 13
17 8
7 17
8 1
13 4
3 4
10 15
2 1
19 0
23 5
23 4
26 10
15 1
17 4
19 15
26 12
10 8
15 2
1 2
8 2
3 5
25 18
19 10
25 8
10 1
7 8
10 3
2 4
21 24
18 2
7 5
8 4
4 1
25 24
17 1
26 5
25 22
23 2
21 23
20 8
17 3
23 3
21 8
17 5
10 4
7 14
21 15
19 3
25 6
25 3
6 2
13 5
19 11
26 8
14 2
2 5
25 2
7 2
13 1
25 20
18 1
26 0
16 1
20 2
14 1
21 10
15 4
26 11
5 3
0 1
19 14
10 2
19 8
7 13
10 5
25 17
3 1
21 18
17 2
26 14
19 12
26 3
7 12
19 9
13 12
19 2
16 2
20 1
21 22
24 2
24 1
7 9
7 0
6 1
7 3
8 5
4 2
11 1
26 15
21 2
26 1
26 9
25 1
23 1
7 1
7 15
19 16
19 5
21 6
7 4
0 2
19 17
8 3
11 4
7 10
26 4
7 11
7 16
19 13
21 25
26 17
