0 3
83 1
8 24
95 37
85 38
92 34
97 23
100 6
96 43
98 1
75 30
18 24
13 15
52 16
90 26
91 24
35 36
92 22
88 2
96 42
29 3
98 14
79 14
95 41
95 27
50 10
76 3
69 1
29 27
61 12
95 12
68 15
77 14
100 18
0 8
77 1
44 15
82 12
98 31
13 2
96 37
98 9
96 6
96 1
96 11
52 34
67 9
58 3
10 23
44 22
58 43
98 27
98 40
62 15
47 3
66 22
92 1
87 8
88 1
89 3
78 2
61 9
86 8
85 36
76 9
60 11
52 18
25 12
25 3
9 23
72 55
61 8
79 12
35 34
60 8
66 8
58 14
86 14
99 15
70 24
65 8
29 5
67 12
65 27
80 14
98 43
99 27
95 6
48 30
35 37
80 30
16 24
71 14
48 17
48 36
95 7
94 39
74 24
85 28
17 24
79 41
5 56
78 34
63 36
67 38
65 6
50 8
50 7
44 40
66 37
71 16
33 34
53 1
85 17
90 8
61 18
33 30
63 15
96 4
87 4
53 4
47 9
35 5
47 30
52 11
98 30
85 22
52 22
92 30
52 39
50 2
2 24
61 2
92 4
98 37
79 31
5 24
99 22
29 30
96 34
87 34
25 28
61 4
98 18
35 1
83 34
85 3
35 30
61 34
90 39
61 6
67 8
98 91
62 6
90 14
63 11
48 22
48 5
35 12
58 1
53 36
58 4
48 12
92 6
99 39
96 8
77 9
35 18
63 12
25 26
61 14
35 7
48 34
44 41
84 18
68 11
98 10
100 37
52 1
48 7
98 12
52 9
61 22
48 31
60 4
58 11
13 18
12 24
4 23
29 6
65 30
77 36
85 26
13 4
53 15
79 3
35 31
29 2
32 4
48 37
66 6
98 11
11 24
63 1
65 16
81 3
95 22
0 1
95 30
67 4
95 36
77 34
96 3
89 12
52 2
17 23
61 26
96 9
35 14
83 8
58 40
63 31
50 36
97 49
96 22
95 2
90 1
50 17
50 14
61 5
29 31
98 38
0 7
53 9
47 2
50 1
71 34
29 11
21 18
5 1
53 39
22 24
64 17
58 15
53 11
52 8
65 3
50 12
35 3
89 8
13 5
93 41
71 12
92 41
35 10
71 15
69 39
77 8
13 9
5 55
69 15
58 34
4 8
53 14
95 11
96 18
33 31
44 31
35 42
29 1
98 15
79 27
44 36
85 12
63 6
93 5
50 9
63 41
50 11
61 40
85 10
62 3
26 24
44 9
58 12
95 26
52 26
65 4
76 30
98 22
96 12
63 8
96 5
98 8
78 1
0 2
85 27
80 11
33 1
90 11
84 38
98 3
85 34
87 1
68 43
50 4
92 18
5 57
85 8
58 8
67 14
63 42
68 26
77 43
36 8
17 8
4 1
48 2
63 39
79 34
50 40
92 8
52 4
92 12
95 18
29 8
63 22
35 28
65 10
47 36
86 1
90 9
96 30
58 38
93 26
68 17
96 16
65 22
58 10
44 12
66 5
72 42
13 11
99 4
44 37
89 1
95 34
96 2
85 31
36 24
69 12
93 22
64 14
13 8
61 43
47 14
61 36
5 49
9 70
92 5
18 56
35 11
88 34
96 7
98 28
96 36
99 34
35 9
59 30
61 15
70 28
62 2
85 6
13 3
96 15
61 3
79 9
77 2
93 12
79 1
63 9
92 14
0 9
95 42
48 40
80 2
96 14
69 2
62 27
98 17
85 11
4 24
65 2
95 1
44 2
98 39
97 1
0 5
48 3
61 41
52 3
48 28
50 39
48 1
67 7
44 11
53 17
25 22
58 17
44 1
63 5
35 39
0 6
95 8
83 14
84 26
51 11
88 15
52 17
36 1
79 2
13 16
80 12
44 3
41 24
61 30
48 6
93 8
80 15
52 38
63 2
19 15
95 3
35 4
85 18
88 8
95 39
40 34
58 36
87 10
98 2
20 12
90 15
62 30
48 43
61 42
65 12
95 5
63 30
96 41
63 40
98 42
67 30
68 22
29 10
5 54
88 41
62 34
50 30
96 40
25 6
98 16
32 17
98 34
61 39
1 24
96 17
48 15
12 1
25 18
32 8
32 1
87 11
52 15
65 1
61 7
72 74
63 17
78 8
69 8
79 6
96 28
48 14
78 15
96 10
0 12
35 2
69 36
58 9
93 1
99 5
85 41
96 26
44 10
89 9
14 24
65 34
48 26
90 36
53 2
44 34
21 22
68 40
78 14
5 8
67 1
69 22
85 30
44 7
48 4
69 9
35 41
0 4
48 18
98 36
43 24
50 5
95 43
50 43
47 11
98 5
44 8
61 38
29 14
69 14
5 23
35 38
64 15
66 38
80 39
92 10
85 4
92 27
60 1
87 15
77 40
68 8
13 17
85 9
48 8
13 10
12 8
4 49
97 24
62 14
67 41
95 14
85 1
48 10
66 18
13 1
98 26
79 8
42 24
44 6
52 14
69 3
69 30
63 3
85 42
48 11
48 42
35 17
94 27
35 22
45 14
17 1
39 24
63 14
80 17
44 17
53 22
63 43
95 28
65 17
51 12
0 11
58 39
72 73
64 11
52 30
50 41
68 1
66 1
92 17
80 36
29 15
61 1
46 14
62 12
48 39
83 22
72 34
44 5
13 14
95 40
0 10
69 11
44 43
53 8
92 15
61 10
35 43
79 30
35 40
33 8
98 7
48 9
44 14
98 41
1 23
95 9
44 18
79 5
82 34
85 5
35 15
97 8
35 8
100 3
67 2
25 27
65 41
67 11
47 15
52 36
71 2
68 4
58 30
