22 14
25 8
22 8
22 3
25 3
19 15
20 16
21 13
24 12
13 1
22 13
21 16
5 18
19 14
5 6
24 18
22 16
26 10
25 15
5 12
7 1
9 6
20 15
20 7
24 8
20 8
19 9
0 4
3 1
5 11
24 6
19 6
21 8
22 15
25 16
16 4
19 17
26 3
22 4
9 1
20 10
9 16
21 14
22 1
21 11
22 10
17 2
19 18
18 1
14 4
24 15
19 8
21 18
21 6
0 2
9 4
19 16
5 9
5 2
22 12
3 4
23 6
24 4
20 13
8 1
21 4
5 15
19 1
21 17
21 12
20 1
22 17
19 12
6 3
5 4
20 14
21 15
23 14
6 1
8 4
20 11
5 10
0 1
19 4
24 3
5 3
21 10
20 4
23 3
24 2
24 10
20 18
20 6
20 17
19 3
0 3
20 9
10 1
24 16
5 17
25 26
2 1
19 7
5 14
26 1
24 17
4 1
6 4
22 7
24 14
10 4
26 4
23 4
5 1
22 18
17 1
5 7
5 13
9 3
21 3
20 2
1 4
23 11
19 10
24 13
22 9
20 12
25 6
25 0
23 1
21 9
24 1
22 2
26 23
12 1
21 7
5 8
19 13
24 7
26 6
21 2
24 9
5 16
16 1
16 3
21 1
24 11
22 6
22 11
20 3
25 9
19 11
19 2
