15 14
6 2
4 16
11 28
49 20
44 13
35 20
41 9
13 20
1 18
70 14
16 17
3 20
19 27
37 15
14 28
47 22
46 13
37 19
71 44
30 21
3 19
15 21
34 4
47 13
59 5
56 27
53 2
67 3
49 11
60 1
46 19
8 22
30 9
35 14
52 2
36 22
45 10
42 14
70 22
54 3
15 12
71 1
16 21
47 20
37 16
1 10
26 28
8 9
48 10
71 41
3 22
8 11
13 11
30 16
5 19
64 5
5 15
41 10
16 10
2 20
62 16
52 4
67 4
37 22
36 16
71 3
60 4
47 17
2 14
45 18
24 16
5 18
57 1
6 1
46 21
54 1
42 19
53 4
40 15
38 48
32 5
34 2
15 22
59 1
44 10
8 15
61 15
47 21
71 39
2 18
61 9
38 46
22 29
42 20
16 11
34 5
35 16
40 13
48 19
40 10
3 11
37 17
41 16
56 29
65 2
27 28
16 18
29 27
17 29
40 19
54 22
44 18
42 21
48 22
49 13
31 4
21 14
2 15
42 10
32 4
9 22
16 14
37 21
2 19
48 18
3 17
34 3
24 11
20 27
26 27
8 20
19 28
39 14
16 15
50 1
37 14
0 3
31 5
35 9
53 5
40 9
68 5
12 20
62 12
38 44
42 17
24 18
43 10
2 10
12 14
65 5
49 21
10 29
67 5
22 20
38 35
71 8
45 9
57 3
49 14
36 21
0 4
9 17
21 19
68 3
44 11
4 17
24 12
23 4
36 9
49 18
44 9
45 16
63 29
8 18
42 11
15 10
21 17
58 2
43 20
63 27
69 63
57 4
1 11
58 5
36 14
40 16
35 22
39 19
6 5
18 27
13 10
34 1
71 24
18 28
41 19
62 9
68 4
45 17
38 1
35 12
58 3
25 3
42 12
4 22
36 15
10 28
2 17
70 19
43 14
64 1
16 20
55 21
71 45
31 1
40 20
71 46
69 26
49 19
8 17
36 20
60 2
45 14
39 17
42 22
22 11
44 20
4 14
21 12
48 12
46 10
47 11
24 17
9 14
43 12
30 13
43 17
44 16
3 18
42 18
2 11
37 20
71 42
38 45
8 16
37 18
21 16
40 17
46 17
31 2
46 11
16 22
67 1
71 40
27 29
38 41
43 16
5 11
20 28
52 3
23 5
46 22
33 5
8 14
7 1
41 11
5 20
25 1
37 10
39 20
4 19
15 17
48 11
62 15
12 10
44 15
68 2
38 42
71 43
67 2
41 14
44 12
21 20
64 4
30 15
36 10
23 1
41 21
4 20
64 2
62 13
47 12
35 13
65 3
38 36
71 49
9 10
24 21
38 4
42 13
51 1
4 18
57 5
71 48
8 10
69 22
17 27
35 11
7 4
14 29
8 21
24 22
18 29
46 16
11 27
36 11
48 17
22 28
13 19
68 22
40 18
40 12
45 19
56 28
21 15
39 15
12 21
47 16
15 19
33 1
54 5
15 18
2 22
55 12
44 19
5 10
44 14
59 3
49 16
46 9
43 21
49 10
66 5
22 18
36 13
24 20
58 4
13 17
51 3
0 2
61 21
13 22
71 35
1 17
42 9
33 4
22 14
7 2
33 3
46 12
59 4
37 13
68 1
12 22
43 9
45 21
35 19
52 1
52 5
21 22
48 9
10 27
41 20
22 19
45 22
43 18
59 2
50 4
5 14
12 18
23 22
48 20
42 16
24 14
69 14
66 4
4 11
38 3
45 12
49 17
60 3
30 22
1 19
71 36
69 56
16 19
47 15
66 1
3 14
43 15
66 2
17 28
35 18
36 19
41 18
41 22
53 1
21 10
6 3
46 20
55 16
50 3
61 12
51 4
54 4
39 22
40 14
61 22
24 10
12 11
29 28
61 13
54 2
41 17
7 3
37 12
38 43
24 19
4 10
35 17
45 15
58 1
9 20
9 11
5 17
0 5
21 18
31 3
50 5
38 8
51 2
47 14
61 16
60 5
51 5
40 22
38 2
42 15
55 13
37 11
49 22
66 3
4 21
38 40
1 14
44 22
45 20
7 5
12 16
44 21
47 10
22 27
8 12
41 15
23 2
35 21
40 21
38 49
39 18
55 15
26 29
38 37
23 3
3 15
64 3
65 4
24 13
30 12
37 9
12 17
65 1
50 2
15 16
40 11
70 11
20 29
55 9
49 12
16 12
41 12
47 18
35 15
43 13
46 15
43 19
49 15
1 20
11 29
21 11
48 13
28 27
47 9
48 14
46 14
4 12
33 2
32 2
62 22
43 11
25 2
71 37
45 11
15 11
47 19
13 18
44 17
38 5
41 13
15 20
12 15
9 18
32 1
3 10
32 3
36 18
6 4
36 17
48 16
19 29
14 27
45 13
62 21
9 19
22 10
71 2
39 10
71 47
46 18
8 19
12 19
24 15
63 28
25 4
5 22
39 11
43 22
48 21
53 3
0 1
36 12
48 15
38 24
8 13
35 10
1 15
13 14
38 39
38 47
57 2
55 22
1 22
28 29
25 5
