122 13
128 11
47 54
25 18
47 50
128 67
29 30
127 14
122 59
110 22
132 47
6 26
19 29
71 14
36 29
123 115
55 22
21 34
12 17
89 22
120 121
89 51
13 21
18 23
91 51
24 9
110 28
55 29
6 34
124 69
70 2
76 48
87 9
22 10
101 9
31 6
113 28
59 13
25 24
15 12
16 39
19 35
11 30
60 13
48 21
43 4
7 20
5 23
80 5
29 8
129 56
134 132
124 59
81 52
59 10
55 36
92 56
16 17
92 58
115 18
18 30
81 61
124 51
125 41
12 6
115 35
126 85
15 6
119 93
129 113
110 21
8 36
9 4
104 5
127 119
78 10
136 43
111 58
105 8
14 35
28 31
50 13
35 34
128 73
120 84
113 10
24 20
55 34
36 34
113 35
76 50
135 45
11 17
135 94
127 99
114 22
53 49
32 39
28 8
84 51
53 60
110 13
18 12
123 124
113 27
10 33
31 5
34 0
30 6
18 14
132 103
89 49
44 17
13 15
130 115
57 28
9 24
93 51
122 48
24 7
13 25
115 24
12 7
123 88
90 8
89 55
53 57
132 111
115 10
54 57
129 100
44 31
88 6
85 52
78 5
122 69
59 9
110 8
132 67
93 49
41 1
57 59
65 15
26 7
47 56
135 93
13 20
21 17
35 8
52 21
49 6
119 73
13 8
55 10
34 30
54 13
77 5
60 10
25 10
107 56
115 21
122 57
130 112
115 9
65 17
36 20
44 21
25 4
103 54
38 39
91 59
126 71
66 0
55 17
53 51
70 7
113 9
78 28
54 60
26 4
127 98
60 58
34 33
77 32
132 87
78 32
66 30
126 99
127 123
133 101
9 39
124 53
15 24
70 5
27 6
66 7
47 57
28 21
14 34
70 6
14 30
86 10
58 13
68 56
44 19
91 52
31 12
132 76
123 87
28 6
51 32
58 28
135 86
105 6
38 2
87 20
132 45
122 60
72 19
113 36
129 48
13 34
56 22
128 92
81 54
58 18
65 20
134 119
7 29
8 5
127 40
64 10
119 114
81 10
31 4
136 132
39 1
113 13
91 56
37 31
85 48
130 106
135 60
59 49
128 84
107 52
58 6
32 26
44 6
82 33
113 21
34 31
22 36
135 102
32 12
37 33
13 4
49 27
119 60
13 29
24 5
27 12
31 2
124 122
87 33
85 86
11 9
84 48
28 20
10 7
52 5
129 57
72 29
18 15
25 14
112 25
37 29
103 51
77 34
27 9
25 36
19 12
14 31
15 9
34 23
116 24
71 79
5 27
13 36
55 31
25 15
128 129
122 86
129 73
23 4
70 8
129 54
32 7
103 49
135 53
136 116
43 16
18 33
129 83
6 33
110 25
11 25
29 12
37 24
92 22
128 71
58 25
129 114
134 110
84 22
15 8
122 114
122 95
29 24
91 28
25 5
28 17
104 33
30 9
14 20
15 29
13 12
124 102
43 2
37 5
86 59
58 22
5 30
10 27
57 55
119 50
65 32
35 26
80 7
101 16
47 59
47 55
19 23
37 6
125 98
15 31
44 9
4 33
122 100
24 17
9 29
135 72
19 7
106 57
65 31
18 7
43 39
25 16
26 17
18 17
130 111
68 48
8 27
124 61
36 30
36 35
114 32
36 17
54 48
72 55
124 100
19 33
82 8
13 6
23 30
28 35
112 28
23 9
26 16
11 36
27 26
53 59
72 26
132 64
91 48
11 19
31 33
27 8
55 15
128 75
23 16
132 115
32 30
128 14
71 77
126 121
8 32
22 26
59 32
129 122
97 29
111 14
85 53
18 39
72 9
71 45
77 49
30 4
27 39
37 8
85 58
25 28
85 59
127 76
24 33
136 66
84 25
105 7
43 20
122 56
85 10
56 52
136 13
41 0
91 13
67 20
27 19
15 4
56 55
65 19
30 20
95 57
125 119
58 49
5 33
23 12
7 23
52 8
89 56
58 4
51 5
132 71
77 10
6 0
88 0
34 16
86 53
51 25
13 17
10 21
104 8
53 10
126 47
17 1
32 5
53 52
61 48
35 33
71 74
115 6
87 7
52 32
106 52
22 23
97 30
124 77
25 34
122 102
57 21
56 21
107 58
116 9
35 23
83 5
132 100
66 16
58 35
115 19
81 60
8 12
25 8
24 39
28 7
14 7
11 6
53 13
5 4
120 41
135 100
59 19
19 17
65 26
7 0
115 31
4 0
113 18
78 22
54 25
95 52
118 42
38 7
55 25
77 36
21 6
17 39
129 13
11 15
115 13
70 9
60 51
124 76
58 10
59 14
21 32
10 8
41 2
122 45
61 50
119 94
59 5
36 7
102 25
44 4
67 7
34 17
114 18
88 39
22 12
5 16
67 0
113 14
20 39
80 4
55 23
22 15
47 58
116 39
51 59
41 33
29 39
50 10
104 6
58 5
102 52
113 19
135 79
95 13
20 1
112 49
92 21
93 10
91 25
35 31
93 22
5 29
135 76
54 50
77 9
37 16
51 52
116 1
126 122
21 27
135 119
11 26
119 86
111 61
128 45
120 119
60 25
43 12
24 16
96 26
89 48
117 8
119 53
113 25
106 51
50 48
32 15
119 69
129 79
127 109
103 61
47 10
12 5
12 1
25 29
96 30
113 22
43 8
95 28
30 17
128 40
110 12
101 17
25 33
115 23
22 24
135 122
16 20
5 32
17 7
115 17
18 9
37 12
119 100
106 59
28 9
92 55
67 6
11 10
51 49
72 15
43 24
49 26
110 9
116 4
57 8
92 25
67 26
31 17
115 16
52 59
132 104
44 29
18 6
14 19
132 109
61 59
122 93
129 93
114 48
16 30
7 17
53 61
132 84
76 51
21 16
122 76
130 107
28 15
15 23
132 83
78 27
35 7
107 54
118 14
119 48
115 33
14 39
3 8
35 4
13 32
81 57
28 26
6 24
123 126
9 0
4 7
59 23
90 9
34 6
110 26
47 61
28 29
43 33
111 59
77 28
111 57
132 38
87 26
84 10
127 71
114 10
34 8
18 35
122 77
29 33
77 15
13 5
9 33
19 0
4 23
56 48
136 101
113 55
129 78
30 7
52 27
14 24
124 74
103 10
101 30
57 49
11 18
84 58
49 9
5 0
104 10
128 98
21 15
37 15
28 12
72 6
113 5
128 46
128 106
116 33
31 8
22 4
11 31
124 86
85 50
110 34
129 77
27 30
36 39
117 5
25 32
37 18
81 56
17 4
65 33
22 31
13 19
112 56
47 52
60 56
115 7
21 10
60 57
18 32
125 92
28 23
28 19
91 10
11 16
10 31
119 77
55 21
49 15
21 35
130 91
101 2
4 29
120 98
28 4
10 29
72 21
126 119
124 113
135 48
119 76
14 8
133 91
24 0
11 32
61 13
25 21
86 48
39 0
38 33
21 7
55 8
70 39
19 30
122 83
19 26
117 6
122 78
39 2
68 14
86 52
36 9
35 29
36 5
11 34
116 0
124 50
70 4
77 55
77 27
120 99
5 9
118 110
124 52
5 36
120 92
26 5
11 5
71 72
8 39
81 25
128 111
34 20
105 10
106 58
11 21
14 5
119 74
136 135
126 84
53 48
128 47
124 114
117 10
86 51
36 33
44 12
31 20
135 52
55 32
103 58
124 94
117 13
77 22
21 20
128 76
93 25
4 39
58 19
54 10
115 26
22 35
56 57
65 39
11 14
119 28
107 51
57 18
117 14
87 30
23 39
59 6
26 24
110 19
114 5
123 125
15 5
112 57
89 28
120 122
19 24
122 58
27 14
119 122
32 6
133 42
15 7
13 33
66 33
37 36
34 12
129 58
87 14
95 48
67 33
128 119
22 21
101 5
48 55
86 49
128 100
28 34
101 20
23 5
132 119
49 35
119 79
48 25
129 50
36 26
58 59
75 10
53 25
81 13
12 20
124 54
76 58
23 17
125 47
113 8
40 2
15 30
128 110
22 33
27 7
124 83
66 2
81 48
124 60
38 1
60 59
37 9
60 55
87 39
48 59
90 4
122 51
46 10
96 29
30 1
62 5
6 39
112 58
128 94
32 35
87 5
102 55
19 36
21 12
115 22
124 56
65 7
77 13
5 15
72 36
65 29
112 13
8 15
129 45
80 6
49 18
78 8
102 21
110 27
24 2
6 30
15 0
20 17
34 5
32 29
13 14
17 2
28 14
97 14
18 34
103 60
82 4
114 8
36 8
14 6
116 31
77 21
61 57
128 42
123 38
71 76
26 31
30 0
38 20
133 119
21 14
107 57
4 20
128 121
135 59
59 28
6 36
34 4
128 88
55 28
8 26
136 110
123 119
31 7
135 73
128 69
44 18
34 26
27 5
132 94
55 12
110 35
10 32
65 5
10 26
22 29
9 26
126 40
130 81
50 58
116 30
60 28
8 23
24 4
29 7
72 32
23 8
37 7
29 31
19 39
19 16
67 39
78 59
66 39
27 31
29 9
128 79
42 1
61 58
36 15
59 22
122 73
58 7
55 13
55 24
56 13
29 4
128 99
129 61
92 13
82 7
22 28
103 52
115 20
16 2
20 16
43 17
14 9
5 19
110 10
122 53
126 103
110 33
66 17
58 55
27 17
72 10
12 24
77 7
115 25
113 15
29 6
102 28
88 30
49 36
31 1
87 10
10 34
54 61
86 50
51 58
16 6
129 95
78 49
13 18
25 23
11 33
122 75
117 9
130 92
90 6
49 28
23 0
8 6
10 4
50 55
12 9
32 0
18 19
8 14
18 27
86 60
107 50
76 56
40 1
67 8
124 72
92 52
35 20
61 56
49 5
59 15
128 41
17 20
124 48
17 33
9 34
100 10
132 74
122 74
115 28
18 31
61 55
128 104
48 52
122 72
59 55
77 19
25 7
113 59
8 9
18 16
112 52
65 6
8 19
92 10
72 28
28 27
56 51
52 22
124 119
76 86
103 57
60 21
86 61
130 89
103 59
81 50
47 48
65 30
115 5
95 51
14 23
132 69
91 22
22 27
9 16
16 1
52 25
94 10
22 8
110 31
72 13
107 59
8 30
19 4
9 30
127 108
32 20
9 20
32 14
10 14
26 20
89 60
80 10
130 97
33 30
119 61
13 7
10 25
11 27
24 8
10 20
42 2
25 31
123 103
136 91
68 60
115 15
119 102
9 23
47 25
11 22
124 93
59 7
130 131
106 60
65 34
15 16
37 4
85 49
55 9
82 6
0 1
125 99
81 49
29 20
51 55
5 6
81 55
37 20
93 56
44 7
127 42
114 52
110 6
120 40
132 90
12 39
119 95
110 32
95 21
116 2
132 11
72 7
57 51
128 68
7 30
8 24
5 34
51 22
128 108
26 12
49 10
135 28
4 16
3 7
70 0
59 26
111 51
123 85
27 36
18 29
35 0
110 23
9 12
20 0
33 17
13 31
10 9
116 6
93 57
95 58
23 20
112 55
72 23
129 94
123 71
72 49
16 9
97 26
59 35
104 4
70 33
84 56
51 10
108 10
37 14
132 14
28 30
35 6
88 8
114 58
22 17
134 71
89 25
88 33
128 90
88 9
107 61
120 71
49 32
119 54
22 34
18 36
123 111
123 84
132 106
129 59
10 24
132 73
4 31
15 26
115 27
23 1
65 27
58 26
28 32
25 12
135 69
96 14
13 9
129 117
132 63
130 42
19 6
9 7
67 4
14 0
116 7
47 49
7 33
23 33
84 57
44 5
32 24
44 24
50 25
56 59
74 10
112 61
77 14
22 30
112 50
32 19
114 27
8 34
132 88
68 59
51 13
102 59
54 52
84 59
70 12
118 119
47 53
55 18
114 51
43 9
44 34
112 10
124 57
135 57
132 108
92 49
18 5
27 16
77 35
49 21
53 58
101 33
78 58
115 36
113 58
28 36
44 23
81 58
77 23
65 8
59 4
68 51
27 35
112 59
26 30
129 28
22 5
73 10
4 30
128 63
43 0
110 14
119 83
5 14
37 10
70 20
81 59
58 36
49 29
30 33
30 2
13 16
110 5
26 39
21 33
29 16
32 23
129 74
80 9
10 28
10 22
26 33
44 30
117 58
55 5
84 13
44 10
90 7
119 75
32 33
6 15
91 57
107 49
16 0
103 53
59 21
48 22
24 1
8 35
19 20
25 19
53 50
36 31
55 27
87 8
50 59
43 30
111 56
135 50
32 4
68 58
59 18
44 20
114 13
51 27
89 59
32 31
21 26
118 46
23 6
120 47
66 20
30 39
18 20
22 16
18 8
110 24
10 55
9 31
8 31
89 13
26 8
88 7
53 56
93 58
51 28
55 30
93 21
28 16
129 119
16 33
35 9
8 4
27 34
106 14
52 55
32 17
11 8
106 56
52 28
67 5
28 24
14 4
45 10
119 58
118 91
55 7
136 14
110 29
119 45
115 29
36 0
58 27
44 8
8 20
128 80
86 58
10 23
11 4
29 5
89 58
134 135
84 49
36 16
65 35
14 12
98 1
104 20
14 17
125 84
49 14
135 78
13 28
33 0
77 8
88 5
124 13
47 60
122 50
66 4
134 123
65 10
98 2
61 51
135 114
58 9
130 87
6 35
124 75
105 33
27 20
120 85
82 20
31 16
71 78
34 29
110 20
130 67
111 60
124 78
77 18
125 85
65 23
61 10
11 23
61 60
14 36
80 33
31 24
91 49
6 31
81 53
101 0
36 6
47 13
12 4
77 31
70 30
66 5
102 51
56 25
93 48
54 59
36 24
116 12
135 13
62 10
102 57
129 51
79 10
5 35
22 6
20 24
37 32
72 22
27 23
113 32
110 18
23 7
132 62
103 56
58 15
35 5
132 92
132 79
92 51
59 34
11 35
65 14
33 1
35 15
52 58
26 6
127 121
54 51
55 35
119 78
15 33
70 16
48 58
10 15
11 20
128 115
32 36
10 12
27 4
49 13
123 106
101 7
115 14
124 58
13 27
106 48
47 51
86 55
124 79
115 34
117 59
101 6
21 29
49 23
111 48
12 30
50 49
65 36
92 48
84 60
11 28
22 19
83 10
56 10
114 59
122 94
91 58
56 58
67 30
53 22
21 19
21 4
59 27
90 5
92 28
127 104
122 54
26 23
44 32
10 6
66 9
124 45
37 23
41 39
133 26
11 24
35 16
18 24
53 55
103 50
7 24
129 76
128 83
122 113
58 8
50 57
129 52
20 29
43 7
8 7
63 10
58 21
55 33
43 5
7 31
130 3
25 30
3 5
122 52
21 23
48 5
31 39
19 31
25 17
60 49
26 9
97 33
72 8
89 57
13 30
107 10
13 35
114 28
101 4
65 24
51 8
52 10
95 25
19 9
67 9
92 59
92 57
12 33
135 58
84 52
72 25
13 22
78 6
80 8
127 41
3 9
123 80
3 6
114 21
115 4
44 33
62 8
130 38
10 35
109 10
115 30
6 20
49 19
115 12
14 29
37 17
93 13
87 4
6 17
135 75
81 51
129 60
34 39
21 9
29 0
128 109
16 7
87 29
120 103
132 129
19 15
22 14
35 30
32 8
1 2
11 29
130 68
10 13
57 52
86 57
102 48
17 9
17 0
6 4
23 24
57 5
135 95
77 25
126 92
32 16
56 49
95 49
119 13
135 117
38 4
80 20
110 16
35 17
8 17
13 10
4 17
122 28
54 58
33 39
15 17
44 36
116 16
119 56
68 57
52 14
12 8
31 30
50 22
124 95
133 131
107 86
60 22
85 51
49 24
48 28
15 39
52 49
95 10
65 12
16 4
19 8
135 113
3 4
119 52
105 20
11 7
50 60
49 22
119 113
112 48
20 30
133 116
62 6
5 20
135 83
93 55
57 58
59 36
102 58
123 67
49 25
35 24
132 75
27 24
21 24
119 57
43 1
51 21
8 16
86 13
10 19
57 48
10 36
37 34
135 51
25 26
85 54
50 51
135 77
22 18
133 30
129 69
127 90
32 27
28 5
127 105
132 85
135 56
15 20
49 34
88 4
82 5
126 98
44 35
125 122
37 35
34 9
76 60
102 56
127 110
29 1
125 103
115 32
5 17
69 10
123 92
112 51
71 75
14 33
130 121
6 9
68 52
6 19
101 1
50 52
123 120
25 22
27 33
89 10
5 12
113 6
128 74
107 60
78 21
36 23
72 18
18 4
22 7
57 25
44 15
54 55
65 18
57 10
111 53
86 54
130 88
9 17
112 22
52 18
70 17
72 34
13 24
105 5
115 8
48 13
102 10
84 28
76 54
51 18
35 12
118 71
11 13
5 39
66 1
78 14
128 62
12 0
27 29
78 25
48 27
48 18
119 117
116 8
124 28
21 5
82 9
112 60
95 22
65 4
49 12
85 61
57 13
77 26
19 34
130 96
135 74
48 10
43 6
48 49
89 52
128 64
50 28
24 6
5 7
14 26
61 52
135 54
55 19
13 26
95 56
107 53
37 30
49 20
136 44
128 87
101 39
91 55
21 30
70 1
44 14
55 4
44 26
110 4
110 36
117 28
88 20
61 28
132 110
136 37
114 55
93 28
28 33
122 61
65 9
85 60
111 50
37 26
77 29
61 22
37 27
49 4
102 13
114 49
103 48
78 18
19 5
59 25
55 14
116 17
54 56
11 12
56 28
0 2
123 47
23 31
125 121
65 16
14 16
6 29
105 9
91 21
34 24
129 75
132 68
133 110
72 35
32 34
88 1
49 7
133 66
49 55
54 53
55 6
136 119
60 48
85 56
114 25
61 49
38 9
37 19
136 70
123 110
10 5
33 24
28 10
87 6
27 15
84 55
128 38
78 13
21 36
72 4
7 39
23 29
58 34
12 2
128 103
86 56
13 23
111 52
60 52
71 73
48 8
15 34
105 4
10 18
133 14
119 72
49 33
5 24
58 32
7 1
25 6
129 86
21 8
124 73
104 7
110 7
127 128
124 117
132 80
18 26
113 49
122 117
22 9
102 49
31 9
54 49
6 23
32 9
55 26
25 35
126 41
22 32
130 82
27 0
129 72
49 8
104 9
66 6
59 8
4 24
26 29
20 33
78 55
6 12
135 61
116 20
44 16
83 8
70 24
95 59
24 30
91 60
48 51
127 46
61 25
5 31
96 33
122 119
99 2
26 0
21 31
128 85
72 5
57 22
6 7
72 14
8 33
132 46
10 49
44 27
119 59
58 14
85 57
38 0
72 27
93 52
77 6
25 20
22 20
55 20
102 22
36 4
49 31
123 68
125 71
125 40
103 86
55 16
116 5
107 48
6 16
122 79
34 7
95 55
28 18
48 32
25 27
25 9
29 17
129 53
90 10
51 14
8 29
110 15
110 55
5 26
119 51
67 29
129 102
3 10
52 13
36 12
50 56
35 39
93 59
31 0
