49 9
22 5
35 11
51 10
35 7
14 15
13 9
46 15
18 11
19 7
19 11
11 5
14 16
21 9
27 4
52 6
51 5
18 4
19 8
36 45
46 0
22 11
49 8
29 7
13 8
53 7
20 9
20 4
0 1
50 10
13 7
28 8
32 31
18 8
52 5
33 6
27 7
28 5
26 6
26 9
22 9
3 7
30 5
33 7
25 10
50 7
53 10
29 6
18 10
29 4
51 4
21 4
21 8
45 40
25 4
21 10
25 11
51 0
9 5
18 6
36 41
45 37
45 14
21 0
20 0
22 7
26 7
53 5
25 8
21 7
52 4
51 6
50 9
3 11
17 0
25 5
26 5
12 5
8 1
52 8
52 9
2 1
21 6
13 4
49 10
12 8
27 11
13 0
11 1
6 5
35 10
18 9
50 5
25 7
51 8
53 8
3 0
28 9
28 7
46 47
18 0
26 10
25 6
19 10
22 6
45 46
33 9
33 11
20 7
50 8
36 37
53 4
17 11
3 6
33 0
51 11
36 42
13 11
28 0
50 4
36 43
17 10
17 6
36 39
52 0
27 8
20 8
35 4
13 5
45 11
52 7
36 44
26 0
27 0
17 8
27 6
34 30
17 9
12 7
50 11
43 16
45 34
3 10
50 6
49 5
11 4
25 0
29 9
12 11
52 10
36 23
12 10
36 14
43 15
36 38
35 5
3 5
18 5
12 6
12 4
28 4
12 9
35 0
27 10
51 9
45 8
45 9
22 0
26 8
18 7
53 6
33 5
51 7
46 1
35 9
22 10
49 7
45 41
53 9
21 11
19 9
23 24
19 5
3 8
22 8
20 11
33 8
29 0
45 44
20 5
22 4
26 4
29 8
20 10
35 6
45 43
29 10
52 11
29 5
25 9
50 0
3 4
46 48
49 6
29 11
27 9
19 0
17 4
45 2
20 6
46 5
26 11
6 4
3 9
13 6
36 2
28 10
13 10
27 5
30 31
33 4
53 0
49 0
35 8
33 10
28 6
19 6
17 5
49 11
19 4
28 11
49 4
53 11
21 5
17 7
12 0
42 24
36 40
