59 32
8 28
21 8
33 1
91 21
121 60
26 20
35 40
57 30
87 32
58 14
13 24
54 13
95 53
9 2
62 34
120 44
56 4
89 21
113 105
88 16
28 36
25 39
97 88
30 7
30 11
47 39
95 4
48 29
66 34
87 19
5 24
68 26
65 59
121 4
100 87
5 28
62 21
122 38
61 62
30 24
14 31
115 44
107 108
85 15
47 40
2 12
20 1
113 51
85 8
66 57
115 93
58 33
71 61
89 30
85 40
100 24
20 19
50 54
65 5
42 1
4 32
27 40
100 51
27 5
7 3
4 2
60 61
16 23
26 24
71 26
24 19
67 4
18 35
92 45
83 11
18 34
34 10
62 6
6 33
19 7
59 14
57 20
20 32
74 4
68 6
97 103
26 39
47 32
83 40
34 29
11 1
86 58
113 24
112 93
102 97
54 37
33 8
38 10
66 21
28 25
49 1
48 8
54 25
115 103
95 5
65 22
91 4
102 95
15 9
38 1
85 5
113 90
15 25
20 3
6 21
28 35
97 104
21 30
21 23
88 28
84 4
37 9
15 17
12 29
22 36
28 11
89 2
36 7
5 15
100 70
8 2
13 40
37 40
38 33
18 8
57 18
100 36
41 39
45 3
16 18
33 10
107 93
16 1
13 30
69 21
97 60
13 12
121 103
62 33
8 40
96 95
121 55
95 68
64 61
27 2
67 33
119 83
35 39
61 34
79 27
18 26
28 2
21 26
84 16
33 23
36 25
68 8
115 94
58 30
87 59
121 59
26 31
59 24
27 25
1 25
20 7
83 7
112 77
26 7
67 36
83 23
13 39
113 71
22 32
113 53
37 2
1 17
26 22
39 12
28 7
18 9
85 2
85 35
59 1
78 24
87 5
32 12
64 18
18 3
18 36
82 3
88 26
83 31
57 15
9 1
15 22
121 105
121 90
48 11
16 17
57 36
97 68
54 5
15 30
26 29
121 5
66 15
8 32
39 43
83 28
68 61
42 13
98 72
13 34
50 53
47 25
89 19
33 9
76 12
42 24
3 17
5 23
18 7
48 31
32 25
13 1
121 87
75 16
115 81
73 1
60 6
6 17
79 59
7 23
112 106
23 3
81 2
46 2
67 21
56 26
33 11
30 31
42 23
113 106
115 118
66 36
29 39
47 29
16 36
67 16
113 68
78 31
33 12
107 98
98 99
77 3
54 7
22 17
60 57
8 20
14 2
9 39
121 36
121 57
71 58
98 63
62 25
17 39
114 77
61 33
47 12
83 12
20 17
4 26
87 22
4 16
17 3
45 12
62 19
97 36
59 28
15 31
121 61
65 57
7 2
48 13
32 7
48 7
13 9
62 28
122 49
40 1
2 29
63 1
29 2
68 28
4 33
68 18
6 1
97 51
13 19
9 7
62 8
4 3
61 8
47 3
97 69
86 60
89 22
48 5
100 89
69 28
64 62
62 9
13 31
74 22
74 21
10 12
14 36
100 4
34 19
66 59
41 1
4 24
57 10
30 20
95 36
98 42
121 70
59 22
4 14
15 23
9 31
71 62
21 7
65 14
115 95
58 8
48 20
35 17
113 67
87 57
48 24
76 1
10 29
15 24
101 50
6 9
95 58
59 9
27 10
51 12
87 2
66 28
54 15
95 51
47 24
4 8
33 29
1 2
87 1
100 53
15 19
28 20
122 121
10 17
112 118
87 4
100 86
28 37
21 37
18 13
36 12
58 5
107 82
61 58
22 26
5 19
89 28
8 19
113 58
92 93
87 25
62 18
85 3
67 62
74 6
59 31
16 10
6 11
42 5
24 25
102 50
114 79
91 8
75 62
90 5
113 89
27 32
98 73
10 2
49 43
6 12
69 34
22 21
115 45
69 5
74 62
28 24
3 29
98 75
77 12
32 40
58 22
35 2
58 13
107 112
20 25
87 7
2 17
54 10
115 46
61 16
83 29
18 28
70 58
21 34
37 3
85 1
34 23
4 28
13 11
38 8
85 33
47 20
2 39
8 1
18 19
97 53
101 75
21 12
26 37
57 22
66 58
95 90
50 23
7 17
6 8
14 7
100 57
119 45
26 1
34 37
115 108
68 22
34 31
98 79
30 25
85 31
25 12
88 27
9 12
14 23
45 2
68 16
64 15
115 72
11 39
95 60
6 35
85 9
6 20
48 14
15 33
88 8
11 3
18 30
78 12
34 25
19 17
100 59
30 12
10 11
15 26
75 57
21 31
24 2
16 12
80 1
48 30
85 37
38 21
48 25
75 59
120 45
86 57
121 69
32 39
24 9
69 36
107 80
35 31
95 61
54 32
112 52
34 9
16 34
119 84
30 2
20 39
14 30
42 19
15 7
27 20
27 17
74 8
85 17
74 33
62 31
9 17
74 27
16 8
36 9
7 40
69 59
30 19
22 13
22 14
84 27
87 8
54 1
97 55
41 40
80 12
59 15
22 12
4 23
38 36
36 39
71 6
38 7
89 32
22 1
88 57
80 3
25 2
121 51
6 10
63 2
59 19
6 19
68 34
87 15
68 5
112 75
78 2
121 54
60 26
72 2
120 115
85 26
4 35
95 103
71 16
29 40
28 3
2 3
74 36
16 33
33 7
14 40
22 11
97 58
18 17
74 14
35 1
38 30
48 34
21 17
100 90
29 12
31 40
57 16
96 75
67 5
8 35
90 59
4 9
22 31
100 97
50 52
57 28
38 26
13 7
16 24
13 17
26 34
33 19
7 29
61 22
1 12
60 59
1 29
1 10
95 55
16 2
38 25
22 29
64 4
65 58
5 1
34 30
27 6
8 17
36 40
100 58
121 53
80 2
113 88
57 8
58 57
112 110
68 58
19 31
1 3
90 62
122 44
16 15
30 23
0 2
8 11
28 19
107 94
42 33
59 18
13 32
35 3
79 57
4 5
74 18
2 31
83 35
28 1
15 1
113 69
54 9
122 48
65 21
73 2
86 26
48 10
112 73
14 33
83 1
95 69
37 17
90 27
67 18
58 26
97 74
62 4
66 22
30 37
4 22
25 40
26 3
22 7
50 55
22 30
25 17
66 16
32 17
113 104
21 35
54 14
7 35
25 29
38 40
23 17
10 1
36 32
41 12
21 11
26 32
102 56
56 27
87 34
16 25
24 31
112 105
83 8
4 6
54 23
37 23
65 61
89 25
97 52
90 58
53 62
31 17
19 39
61 5
100 5
29 17
1 39
89 57
91 27
85 30
42 32
71 60
95 62
47 17
26 36
30 10
47 23
91 5
4 20
101 66
47 31
75 4
89 20
100 61
47 7
14 13
24 23
18 32
35 29
121 86
17 1
92 84
107 109
95 71
0 1
16 9
26 2
97 24
27 35
84 18
61 27
60 18
120 50
115 42
37 39
57 31
65 26
70 57
14 20
4 7
37 12
59 26
27 23
113 86
21 1
114 64
23 29
100 88
28 40
60 4
121 67
83 24
18 22
115 82
14 8
65 62
33 31
113 91
87 24
36 1
22 24
6 31
57 14
115 117
66 27
57 19
79 58
31 39
48 12
3 40
18 6
13 2
32 31
63 12
20 40
18 37
22 37
121 58
18 24
58 36
115 105
61 13
27 34
96 66
4 21
13 28
21 40
58 34
5 32
26 8
95 54
68 13
51 1
27 30
97 59
76 3
47 19
95 104
14 37
34 32
8 3
46 1
21 13
25 11
113 70
121 52
14 19
121 91
85 27
69 62
72 3
27 9
69 6
49 3
114 66
85 36
40 39
59 27
30 17
95 88
22 19
68 33
26 19
90 4
57 1
22 35
31 3
83 36
49 40
6 15
36 17
47 10
57 37
48 1
18 29
82 1
34 1
97 27
41 17
97 106
33 28
97 57
121 88
18 2
54 21
26 12
84 5
5 14
67 8
19 12
14 21
36 31
67 14
48 2
119 44
28 23
88 62
19 3
62 35
19 11
50 25
31 10
100 71
88 59
4 19
89 37
31 12
8 12
36 23
38 32
4 34
37 11
47 30
18 21
15 20
87 18
62 15
29 43
68 59
64 59
32 2
6 23
61 15
95 87
30 29
60 15
24 40
18 5
98 100
32 1
21 2
115 52
88 14
5 11
121 74
27 26
59 20
26 21
69 8
89 1
15 32
56 16
57 25
95 57
100 62
8 7
112 44
40 3
16 26
44 2
113 87
97 90
15 13
25 31
115 79
33 34
14 24
24 39
38 11
18 11
27 7
13 35
62 14
37 19
37 10
57 34
87 62
41 11
77 39
26 10
28 31
48 19
4 13
85 28
89 31
54 34
100 27
87 6
38 24
38 12
35 23
88 21
98 78
69 18
41 10
7 11
14 32
74 15
98 101
97 89
20 12
48 35
115 55
61 4
27 19
19 25
65 6
89 35
6 34
67 26
2 23
41 29
16 30
89 34
20 10
13 20
36 2
64 14
58 18
50 33
98 56
28 9
33 40
115 77
74 26
85 34
89 16
101 97
27 21
74 58
115 75
119 95
16 35
115 116
114 84
27 11
70 62
27 15
34 11
24 17
83 10
66 8
68 62
6 40
64 5
13 25
89 26
89 33
38 2
66 18
11 29
23 10
58 21
85 19
27 31
16 37
5 40
18 20
48 32
16 21
114 63
56 61
68 15
92 50
27 13
11 40
14 34
84 57
25 23
28 17
85 32
57 7
91 13
6 30
95 91
112 104
6 28
19 9
36 30
33 39
22 25
15 14
71 59
78 39
67 59
8 39
38 9
47 2
21 33
61 59
121 89
6 2
13 29
85 24
100 95
4 37
16 29
13 23
112 116
112 78
59 35
10 39
100 67
57 2
18 33
54 4
19 10
4 1
11 2
58 20
37 25
1 7
9 35
49 2
62 37
74 13
9 40
47 1
88 36
62 16
26 33
38 28
48 6
97 105
54 16
16 28
15 2
112 80
95 86
89 36
113 74
14 3
101 56
61 26
5 8
57 33
26 13
120 98
60 62
84 61
3 12
42 31
69 15
21 28
115 113
42 8
33 30
16 13
36 24
50 13
95 24
1 40
11 17
62 13
30 3
20 9
107 76
62 20
5 29
38 35
22 40
61 57
36 11
4 18
113 61
12 17
64 26
70 61
115 53
38 29
87 27
95 59
0 3
16 3
62 27
32 3
21 10
31 29
59 34
59 5
14 26
33 37
113 57
122 115
19 40
4 30
85 6
112 42
31 11
28 29
112 94
42 21
115 63
46 12
70 60
2 40
15 29
9 10
66 13
16 7
81 1
18 25
74 61
100 60
100 103
38 20
21 3
1 31
112 99
85 22
113 54
97 61
115 56
59 6
14 25
17 2
91 58
30 39
60 14
22 10
62 1
88 6
113 97
30 40
100 91
54 24
87 14
75 61
112 82
27 28
9 3
100 69
98 94
62 30
97 86
78 23
54 20
86 59
33 32
107 95
4 36
97 54
26 14
4 29
59 8
84 26
25 10
59 2
50 31
112 50
5 2
14 12
28 32
36 19
33 36
4 27
2 10
120 121
122 41
34 35
27 8
38 37
32 29
5 30
98 66
113 52
56 59
75 60
29 1
95 74
4 17
1 9
83 13
100 105
15 21
88 34
77 1
62 7
57 24
8 31
24 12
88 20
64 58
33 24
62 23
40 2
16 19
113 4
37 31
102 66
34 40
59 36
54 35
87 26
48 36
42 25
58 62
113 55
115 73
89 23
87 21
6 36
112 108
59 7
83 30
74 5
36 3
40 43
74 57
115 50
24 1
33 2
65 18
113 62
121 62
21 36
62 57
87 37
100 54
86 18
85 21
60 27
16 32
87 13
112 79
6 24
67 34
33 20
34 36
48 37
50 36
89 7
69 4
115 104
59 21
64 21
8 34
16 11
54 31
38 13
112 109
5 25
59 16
69 58
37 32
20 2
8 37
2 35
22 2
88 30
86 16
88 4
95 105
62 36
69 26
22 34
48 16
107 111
91 57
57 35
65 27
87 33
27 33
53 57
95 67
78 1
54 33
20 11
18 12
8 36
95 52
115 109
122 45
66 61
113 59
6 25
5 21
26 18
78 3
97 70
33 17
115 80
112 63
15 34
76 2
85 20
86 62
18 15
4 10
85 12
41 2
85 25
86 27
122 5
83 19
58 59
57 5
122 84
11 12
112 66
56 58
26 35
59 30
68 21
19 35
63 3
54 2
112 81
18 1
71 5
4 12
29 3
89 18
83 39
8 13
89 8
25 1
66 5
18 10
31 1
4 25
21 19
23 31
59 10
21 20
112 53
15 3
48 23
28 34
47 11
21 39
7 39
26 30
114 85
36 35
15 12
121 106
18 31
66 33
37 24
24 7
22 9
25 3
45 1
74 59
89 24
83 32
24 10
16 6
46 3
61 14
85 7
48 3
83 20
92 95
97 91
63 39
97 87
115 110
6 7
8 30
83 17
91 61
84 60
107 0
26 9
57 32
68 14
98 102
24 11
82 2
33 3
79 62
64 57
50 8
62 5
51 2
36 29
44 1
54 30
48 27
36 20
6 13
14 1
3 11
13 3
27 37
67 15
87 20
95 27
88 33
7 25
27 12
74 16
114 42
18 23
2 25
67 6
22 20
38 23
41 3
121 71
112 117
8 23
113 36
85 23
17 40
14 29
59 13
69 61
97 95
8 29
38 19
13 37
15 10
16 22
38 34
5 9
96 50
88 5
8 24
57 26
26 28
60 5
33 35
34 3
64 27
62 59
26 5
57 9
114 78
47 35
38 31
58 28
96 97
27 36
15 36
5 20
62 26
64 22
56 60
113 27
7 31
4 11
85 18
89 59
59 23
47 37
88 15
66 14
57 6
13 36
74 34
98 95
67 28
89 15
33 13
65 16
3 39
85 14
16 14
121 24
65 15
19 23
19 1
66 62
35 10
115 66
61 28
1 11
59 25
69 22
28 30
35 11
32 23
1 19
87 36
95 89
21 9
115 51
42 36
95 70
48 26
83 34
16 5
91 33
114 65
83 37
69 27
25 35
22 28
7 10
15 28
112 103
57 4
9 11
24 3
95 97
57 13
60 16
12 40
121 68
9 29
66 26
24 29
27 1
20 23
69 13
58 15
10 3
122 95
5 17
15 8
61 6
112 51
60 58
27 18
88 13
28 12
27 22
84 6
27 14
2 11
64 16
66 4
115 106
67 27
5 37
21 29
121 27
75 58
59 33
18 14
100 52
92 94
49 17
37 1
23 11
36 37
6 29
20 37
91 62
23 40
65 4
112 46
67 57
26 6
6 37
10 40
8 25
34 7
28 39
21 32
32 9
71 27
62 24
83 25
6 3
54 19
22 33
5 36
12 39
112 45
27 29
26 40
56 57
14 10
112 56
61 36
54 8
27 24
54 22
71 57
59 37
32 19
68 27
34 39
47 9
107 50
89 27
62 32
72 1
4 31
74 28
62 10
67 61
33 25
48 21
54 27
37 7
37 29
88 22
4 15
85 10
112 95
78 32
38 39
23 39
90 61
48 28
14 11
67 58
54 36
121 95
83 2
113 95
5 22
5 26
26 17
57 59
91 59
85 11
62 2
89 9
113 60
5 6
19 29
21 24
79 61
60 22
17 12
32 10
84 59
56 62
37 35
23 12
49 12
11 43
6 14
61 18
15 37
89 4
97 5
78 19
92 44
17 43
16 20
98 50
95 106
16 31
89 14
77 2
26 25
20 24
34 20
121 104
5 7
14 28
22 23
48 33
54 18
98 77
5 35
14 35
5 12
100 74
84 58
112 55
58 4
96 56
100 55
59 4
101 95
20 29
5 3
14 9
8 9
78 25
87 9
28 10
115 78
30 1
5 33
100 104
70 59
30 35
97 4
68 4
7 12
89 6
40 12
85 13
54 28
87 16
58 6
69 16
66 6
120 95
49 39
84 62
38 17
5 31
51 3
42 4
26 23
54 26
100 68
34 17
34 12
34 2
86 4
15 11
20 35
23 2
34 24
69 57
19 2
89 10
67 22
68 57
24 35
23 1
48 15
86 61
97 71
68 36
42 2
38 3
71 18
57 21
62 22
48 9
20 31
48 17
5 10
64 6
7 1
14 17
22 8
6 26
98 96
30 9
97 62
89 13
32 35
54 6
32 24
35 12
6 22
121 97
113 103
100 106
88 18
57 27
87 30
9 25
87 28
1 23
85 29
107 110
89 5
61 21
30 32
57 23
112 113
56 18
22 3
83 3
32 11
26 11
48 18
107 53
15 35
58 16
9 23
69 33
8 10
50 32
31 2
69 14
97 67
1 35
67 13
5 34
36 10
71 4
21 25
48 22
112 72
102 75
50 51
83 9
5 13
113 5
115 99
58 27
13 10
90 57
6 32
