37 24
16 101
42 54
70 13
97 46
68 21
43 80
16 5
44 86
68 11
16 82
14 4
28 11
16 56
13 60
48 46
4 27
5 59
56 79
46 85
9 14
16 55
2 76
28 8
5 82
43 81
48 51
28 42
28 46
48 59
28 12
28 17
70 76
22 21
88 83
13 77
5 81
88 91
88 74
88 56
111 114
96 55
14 56
2 20
110 65
56 82
43 21
57 7
48 23
68 14
14 53
88 86
56 78
111 62
15 24
15 86
70 17
70 5
88 58
8 7
56 60
68 5
13 27
111 4
67 39
44 46
28 29
48 60
88 65
57 24
88 52
5 46
46 60
63 64
14 52
28 10
46 77
97 7
16 24
16 73
70 4
13 19
56 59
28 47
48 50
56 23
97 84
4 23
88 77
103 4
70 24
4 25
100 70
48 55
70 21
65 56
14 24
13 57
75 19
56 24
97 58
14 25
57 78
111 112
13 72
17 21
13 23
88 21
43 46
103 5
28 13
62 21
28 35
0 2
14 58
3 4
106 1
70 73
48 49
56 46
44 60
5 80
97 50
70 54
14 77
88 53
15 75
28 45
63 65
88 85
14 73
97 57
111 51
65 82
48 54
110 5
88 25
57 19
14 65
88 19
16 20
6 7
1 46
18 19
68 8
43 59
65 95
88 46
48 24
68 37
13 54
68 16
48 61
88 23
14 54
14 60
9 11
88 92
88 80
111 44
13 76
56 7
2 7
13 75
54 7
3 5
96 56
43 85
14 19
68 71
68 31
16 85
48 57
28 2
13 24
107 1
88 81
44 24
16 7
44 77
13 56
97 49
111 105
68 17
56 80
115 4
13 74
68 24
111 57
15 21
4 20
62 7
14 7
28 14
0 1
48 53
2 21
28 39
20 21
88 54
14 5
68 1
2 22
108 5
28 43
88 55
111 30
28 40
56 76
88 60
13 4
16 81
57 23
104 105
109 5
16 19
16 46
57 25
28 37
1 80
28 36
28 15
88 49
9 10
14 23
28 30
65 57
111 48
4 7
68 12
1 19
67 43
1 84
14 75
44 23
88 89
48 52
28 32
111 58
9 12
107 2
44 25
14 84
46 24
28 44
111 113
88 61
88 24
28 16
56 81
111 8
108 4
70 23
88 76
97 93
14 26
1 82
68 15
57 20
111 5
88 82
1 81
65 80
68 69
111 29
1 85
48 19
111 36
44 76
44 7
17 102
28 38
109 4
88 7
68 10
28 31
68 38
70 75
97 95
28 41
57 54
111 65
97 98
1 24
5 84
46 59
16 26
34 66
13 5
68 44
68 70
110 48
28 34
44 22
97 59
14 46
28 5
9 13
13 73
65 55
28 33
28 4
97 22
88 50
63 56
4 21
28 1
16 4
99 70
97 52
44 84
65 24
14 57
111 14
110 4
19 7
65 46
4 26
97 65
48 58
9 16
14 21
14 64
111 6
5 24
111 97
48 56
44 20
9 17
14 76
65 81
115 5
97 20
97 56
56 55
111 63
9 15
111 70
44 57
111 12
48 7
65 94
4 24
16 80
16 25
63 53
68 13
88 90
56 25
16 59
13 53
14 82
1 76
88 64
65 93
88 20
14 80
14 83
56 77
44 87
68 7
111 32
16 21
