4 5
68 60
89 20
66 3
66 11
30 3
86 20
86 84
66 49
37 11
91 49
66 36
40 1
71 60
50 4
53 35
23 1
55 2
78 57
32 31
91 50
31 17
52 5
86 29
71 28
13 7
13 16
35 13
50 13
71 26
48 13
10 15
78 82
45 31
36 11
49 6
48 11
18 13
89 63
60 4
92 18
69 22
18 14
28 5
1 8
33 4
72 66
83 65
3 8
66 68
91 36
4 1
21 1
3 5
10 8
83 79
69 56
6 13
18 5
83 29
50 11
67 53
4 8
22 9
6 7
83 57
22 12
34 11
66 29
68 35
84 36
72 25
13 1
10 9
68 77
45 4
11 1
33 31
20 1
66 77
6 16
16 14
28 7
0 1
55 1
53 33
71 68
50 3
23 24
71 76
66 74
36 33
35 3
83 88
84 75
84 28
35 4
84 52
71 49
3 4
41 3
84 66
53 36
11 15
51 3
34 3
33 3
71 75
41 6
27 31
41 36
3 17
5 1
31 4
58 31
13 14
67 42
18 2
86 25
49 33
47 11
5 9
68 36
72 46
66 35
91 66
9 12
61 64
61 25
22 15
92 66
58 13
92 91
67 66
83 56
86 56
18 15
60 31
43 34
73 42
47 31
78 27
37 34
3 11
51 35
68 66
25 26
91 59
35 6
36 6
11 10
34 33
51 11
83 54
60 33
43 3
51 31
3 16
36 31
91 68
8 24
9 2
90 20
46 24
59 3
61 58
41 32
22 2
83 19
49 4
42 11
84 49
30 35
45 33
42 33
86 63
11 6
30 31
86 75
11 14
15 2
68 49
41 34
31 3
71 59
91 27
86 53
37 31
45 13
83 25
5 12
33 10
92 86
3 6
35 31
71 51
5 15
69 67
90 25
83 70
34 13
16 2
7 17
66 59
56 1
36 35
91 32
71 36
73 46
58 11
4 17
50 33
49 31
6 12
69 73
91 11
2 1
66 31
54 2
66 27
71 50
83 76
72 53
91 3
9 14
71 32
28 4
7 9
12 14
83 47
58 5
59 35
91 75
11 2
86 87
34 6
86 62
48 33
13 15
5 2
91 31
27 35
47 13
47 5
31 16
10 4
73 66
25 27
86 57
33 13
33 6
3 13
25 28
56 4
36 3
66 28
56 9
84 59
72 42
20 2
83 77
68 48
12 2
83 39
86 22
59 36
66 26
71 34
86 21
4 15
84 76
91 10
43 31
6 9
10 6
45 11
36 34
66 51
43 35
15 8
91 51
68 50
91 77
59 34
45 10
60 3
16 15
41 31
41 33
48 4
61 19
16 17
84 10
43 4
84 68
85 43
32 10
68 27
66 32
71 48
18 8
9 15
12 1
40 2
66 10
44 34
9 1
67 46
25 4
10 7
32 6
78 80
31 5
83 66
48 6
69 70
37 10
58 3
84 34
58 6
28 16
73 47
58 4
5 7
86 66
91 33
18 9
11 9
85 41
84 27
92 4
57 2
67 68
83 46
78 55
68 10
86 19
42 32
71 74
86 64
23 14
52 33
66 52
11 12
52 31
44 31
68 76
38 1
4 13
42 31
61 4
86 65
10 12
86 88
31 13
78 0
66 75
17 1
86 58
83 62
10 13
69 66
59 11
14 1
5 17
5 14
18 12
28 11
32 11
4 9
3 10
50 6
83 21
69 58
90 91
8 1
4 2
15 14
83 27
33 11
11 17
6 2
32 33
10 14
83 22
83 58
4 7
19 2
72 47
28 3
49 10
44 4
69 42
69 72
59 33
84 77
15 12
37 36
68 29
56 2
84 3
49 5
84 35
4 12
60 11
35 10
16 1
71 66
30 32
91 52
90 69
71 52
84 32
52 11
59 10
17 14
31 15
16 9
61 62
91 29
34 35
7 1
91 74
42 3
53 31
78 25
38 2
73 68
61 63
48 31
86 74
10 1
84 33
83 64
22 1
33 5
85 30
28 10
91 28
86 80
83 26
36 10
86 70
41 10
71 3
48 3
60 10
44 33
66 34
66 76
17 8
84 50
68 33
3 1
10 5
3 9
71 77
71 11
45 3
7 15
27 34
86 79
53 11
44 10
52 6
84 29
48 5
51 32
83 38
78 58
44 6
35 33
31 11
59 32
6 14
33 16
90 58
23 2
58 16
3 15
72 68
7 14
85 37
11 4
43 10
84 51
66 50
10 17
47 4
78 40
68 34
61 65
89 58
84 74
30 10
6 17
83 84
47 10
37 6
6 4
43 11
86 47
66 48
68 3
58 10
11 8
5 8
17 12
78 46
68 75
84 11
32 34
89 45
49 11
16 8
52 10
31 6
86 76
31 9
78 66
3 7
78 65
83 53
39 1
41 11
69 53
78 62
17 15
30 36
32 35
30 11
90 63
78 81
67 47
3 12
85 44
91 60
4 16
89 66
90 86
4 14
92 23
44 11
83 42
85 47
25 29
2 8
49 3
89 4
73 53
6 8
28 31
13 12
34 31
3 14
47 6
83 80
11 16
68 11
11 7
78 69
16 7
6 15
68 59
39 2
51 10
47 3
52 4
3 2
6 1
17 2
16 12
9 8
34 10
14 24
78 79
84 31
5 16
91 48
6 5
92 63
85 22
11 5
59 31
32 3
86 26
78 4
8 2
0 2
66 33
67 25
35 11
49 13
83 75
85 56
71 27
11 13
51 33
52 13
21 2
71 33
18 16
51 34
23 8
44 35
45 6
18 1
34 4
86 27
83 20
69 25
68 51
50 31
28 13
14 2
42 36
56 12
19 1
30 34
14 8
86 77
18 7
86 54
91 26
13 17
86 39
28 6
71 35
86 38
44 3
84 26
45 35
30 33
12 8
1 14
31 7
13 8
25 15
68 52
91 76
2 12
83 87
85 45
48 10
50 10
37 35
47 33
68 31
15 1
83 63
91 34
61 66
53 34
78 83
10 16
41 35
69 71
32 36
73 25
7 12
68 26
54 1
43 33
84 60
9 17
71 31
84 48
51 36
52 3
50 5
18 17
7 8
83 4
7 2
13 5
37 33
43 6
13 2
53 32
68 32
90 66
71 10
37 3
83 74
42 35
71 29
2 14
61 20
91 35
92 45
42 10
78 54
31 10
86 42
68 28
86 4
66 60
57 1
53 3
68 74
42 34
13 9
69 47
92 20
61 45
56 15
92 58
