id met_invertebrate met_primary_producer met_heterotrophic_bacteria met_dead_organic_material met_heterotrophic_fungi mov_walking mov_sessile mov_other mov_other_nonliving log_mass mass_missing
0 1 0 0 0 0 1 0 0 0 -4.1911141326401875 0
1 1 0 0 0 0 1 0 0 0 -2.211964130106118 0
2 1 0 0 0 0 1 0 0 0 -2.291458092196252 0
3 1 0 0 0 0 1 0 0 0 -3.756389060622321 0
4 1 0 0 0 0 1 0 0 0 -3.1442785841060914 0
5 1 0 0 0 0 1 0 0 0 -2.878591512309745 0
6 1 0 0 0 0 1 0 0 0 -3.2840843592981983 0
7 1 0 0 0 0 1 0 0 0 -2.5414710781365546 0
8 1 0 0 0 0 1 0 0 0 -1.8045856730444991 0
9 1 0 0 0 0 1 0 0 0 -2.4428837187113905 0
10 1 0 0 0 0 1 0 0 0 -3.5198262739729755 0
11 1 0 0 0 0 1 0 0 0 -3.689874083209051 0
12 1 0 0 0 0 1 0 0 0 -2.224247674090414 0
13 1 0 0 0 0 1 0 0 0 -2.9652881411782945 0
14 1 0 0 0 0 1 0 0 0 -1.8732891946438535 0
15 1 0 0 0 0 1 0 0 0 -2.3975497533263126 0
16 1 0 0 0 0 1 0 0 0 -2.7503942086554027 0
17 1 0 0 0 0 1 0 0 0 -2.416622442366439 0
18 1 0 0 0 0 1 0 0 0 -3.0576600246982197 0
19 1 0 0 0 0 1 0 0 0 -4.09366495819491 0
20 1 0 0 0 0 1 0 0 0 -4.145693958198919 0
21 1 0 0 0 0 1 0 0 0 -4.119186407719209 0
22 1 0 0 0 0 1 0 0 0 -2.5010830982559042 0
23 1 0 0 0 0 1 0 0 0 -1.961657668750236 0
24 1 0 0 0 0 1 0 0 0 -0.20528899583381566 0
25 1 0 0 0 0 1 0 0 0 -2.0201360132657102 1
26 1 0 0 0 0 1 0 0 0 -5.046240308266771 0
27 1 0 0 0 0 1 0 0 0 -6.133122185662502 0
28 1 0 0 0 0 1 0 0 0 -4.527243550682788 0
29 1 0 0 0 0 1 0 0 0 -5.209714835966758 0
30 1 0 0 0 0 1 0 0 0 -5.36251027048749 0
31 1 0 0 0 0 1 0 0 0 -4.276544327964815 0
32 1 0 0 0 0 1 0 0 0 -5.189767482004916 0
33 1 0 0 0 0 1 0 0 0 -4.747146969020107 0
34 1 0 0 0 0 1 0 0 0 -4.962573502059376 0
35 1 0 0 0 0 1 0 0 0 -4.913640169325252 0
36 1 0 0 0 0 1 0 0 0 -5.147520006363144 0
37 1 0 0 0 0 1 0 0 0 -5.170696227168975 0
38 1 0 0 0 0 1 0 0 0 -3.616890487197704 0
39 1 0 0 0 0 1 0 0 0 -4.019996628416254 0
40 1 0 0 0 0 1 0 0 0 -3.494915170738681 0
41 1 0 0 0 0 1 0 0 0 -5.266802734893431 0
42 1 0 0 0 0 1 0 0 0 -5.485452247339714 0
43 1 0 0 0 0 1 0 0 0 -5.046240308266771 0
44 1 0 0 0 0 1 0 0 0 -5.046240308266771 0
45 1 0 0 0 0 1 0 0 0 -4.954677021213342 0
46 1 0 0 0 0 1 0 0 0 -1.2466723307867151 0
47 1 0 0 0 0 1 0 0 0 -4.818156412055227 0
48 1 0 0 0 0 1 0 0 0 -4.835647144215563 0
49 1 0 0 0 0 1 0 0 0 -4.835647144215563 0
50 1 0 0 0 0 1 0 0 0 -4.835647144215563 0
51 1 0 0 0 0 1 0 0 0 -5.297569463554475 0
52 1 0 0 0 0 1 0 0 0 -4.835647144215563 0
53 1 0 0 0 0 1 0 0 0 -5.617982957425132 0
54 1 0 0 0 0 1 0 0 0 -4.167491087293763 0
55 1 0 0 0 0 1 0 0 0 -3.9544540623693325 0
56 1 0 0 0 0 1 0 0 0 -3.695548250250727 0
57 1 0 0 0 0 1 0 0 0 -3.760082685412345 0
58 1 0 0 0 0 1 0 0 0 -4.632644078973981 0
59 1 0 0 0 0 1 0 0 0 -5.447331783887806 0
60 1 0 0 0 0 1 0 0 0 -4.872895201635193 0
61 0 1 0 0 0 0 1 0 0 -15.022276394711152 1
62 1 0 0 0 0 1 0 0 0 -5.148130399270234 0
63 1 0 0 0 0 1 0 0 0 -4.361510743045363 0
64 1 0 0 0 0 1 0 0 0 -4.500312917381596 0
65 1 0 0 0 0 1 0 0 0 -4.896196279044043 0
66 1 0 0 0 0 1 0 0 0 -4.220403508742176 0
67 1 0 0 0 0 0 0 1 0 -7.552841968657781 0
68 1 0 0 0 0 1 0 0 0 -5.448550002027125 0
69 0 0 1 0 0 0 0 1 0 -15.022276394711152 0
70 1 0 0 0 0 1 0 0 0 -4.686132779630847 0
71 1 0 0 0 0 1 0 0 0 -6.069560405233299 0
72 1 0 0 0 0 0 0 1 0 -8.580044251510243 0
73 1 0 0 0 0 0 0 1 0 -6.440093374963888 0
74 1 0 0 0 0 1 0 0 0 -5.361510743045363 0
75 1 0 0 0 0 1 0 0 0 -5.416801226031377 0
76 1 0 0 0 0 1 0 0 0 -5.198596289982645 0
77 1 0 0 0 0 1 0 0 0 -4.966576244513051 0
78 0 0 0 1 0 0 0 0 1 -15.022276394711152 1
79 1 0 0 0 0 1 0 0 0 -4.826813731587726 0
80 1 0 0 0 0 1 0 0 0 -5.321481620959886 0
81 1 0 0 0 0 1 0 0 0 -4.869666231504994 0
82 1 0 0 0 0 1 0 0 0 -5.278189384787454 0
83 0 0 0 0 1 0 0 1 0 -15.022276394711152 1
84 1 0 0 0 0 1 0 0 0 -6.2716462179787715 0
85 0 0 0 1 0 0 0 0 1 -15.022276394711152 1
86 0 0 0 0 1 0 0 1 0 -15.022276394711152 1
87 1 0 0 0 0 1 0 0 0 -4.931814138253839 0
88 1 0 0 0 0 1 0 0 0 -4.562249437179612 0
89 0 1 0 0 0 0 1 0 0 -15.022276394711152 1
90 0 1 0 0 0 0 1 0 0 -15.022276394711152 1
91 1 0 0 0 0 1 0 0 0 -6.628932137728263 0
92 0 1 0 0 0 0 1 0 0 -15.022276394711152 1
