10 7
2 5
27 24
31 8
28 2
25 9
27 18
22 9
27 15
11 2
14 7
15 9
30 2
23 9
16 2
19 9
27 22
20 9
0 2
27 26
16 21
39 1
23 5
16 6
1 10
17 7
27 1
39 2
21 10
10 8
22 5
16 19
20 8
35 1
33 5
20 10
14 8
22 8
25 8
33 10
21 9
6 8
19 5
41 2
26 7
6 5
21 7
28 1
27 19
16 22
1 9
29 13
16 18
36 1
7 9
43 9
40 1
19 8
38 5
37 1
17 5
37 5
7 5
3 2
34 1
31 9
42 15
11 1
16 17
12 13
27 23
16 25
31 10
38 2
27 14
20 7
27 2
40 2
24 7
26 5
42 9
41 1
42 29
6 7
1 7
25 5
40 5
16 1
19 7
24 10
3 1
37 2
14 9
27 20
7 10
16 20
26 8
25 7
22 10
26 10
24 9
0 1
23 10
31 7
21 5
32 1
10 5
14 5
6 10
27 25
10 9
30 1
32 2
24 5
33 7
17 10
15 10
25 10
23 8
18 5
24 8
17 9
7 8
36 2
34 2
15 5
5 13
16 26
16 24
6 9
35 2
14 10
4 1
27 21
5 9
27 17
21 8
2 9
27 6
4 2
9 13
15 8
42 12
19 10
18 9
43 5
16 23
38 1
15 7
42 5
33 8
1 5
16 15
17 8
23 7
22 7
31 5
4 5
1 8
20 5
26 9
16 14
