110 106
117 78
77 54
61 9
78 3
106 97
57 33
23 20
102 64
96 42
55 59
69 3
89 14
74 42
23 15
81 54
27 0
88 16
15 21
109 49
35 3
118 86
54 42
51 59
45 14
116 79
92 61
72 59
59 31
91 18
101 61
72 64
114 110
116 8
87 35
115 91
57 55
115 47
122 90
41 20
90 61
75 59
20 17
21 32
87 21
111 47
21 3
96 34
60 35
52 61
95 37
114 108
41 22
120 118
40 22
88 33
62 41
34 8
40 36
33 24
76 55
95 9
105 28
115 46
116 45
92 12
13 0
106 43
68 57
30 14
117 90
57 34
109 60
21 0
12 34
113 73
99 37
37 30
74 52
102 58
62 42
47 55
62 59
82 16
61 37
13 17
29 33
116 62
9 14
121 58
65 59
111 49
69 0
34 4
36 13
61 41
114 82
87 14
15 16
13 18
110 107
94 35
58 41
111 102
83 13
102 60
54 52
103 20
96 52
24 16
71 63
30 19
116 95
64 17
57 63
13 19
23 19
77 59
116 49
36 20
61 64
3 19
38 15
97 64
34 3
100 9
109 97
77 33
100 36
15 22
76 41
16 10
70 53
32 14
100 22
104 12
49 12
53 64
9 0
72 54
12 21
115 83
54 15
36 32
42 9
68 52
13 21
63 42
114 106
85 41
31 9
121 62
13 16
25 1
68 56
36 18
60 8
109 40
12 18
42 16
94 52
48 42
96 12
29 9
94 13
59 58
71 41
34 24
109 104
109 75
24 17
62 33
122 88
33 18
121 54
109 52
36 24
48 35
121 94
106 57
55 64
71 12
68 53
77 41
100 7
88 12
115 44
63 41
116 43
122 89
87 4
54 60
77 12
61 31
33 16
9 7
45 30
31 4
58 12
58 60
85 9
36 8
8 0
87 13
82 15
45 34
39 15
12 13
80 12
69 18
37 3
99 12
81 63
32 24
51 41
116 109
111 63
45 31
29 16
88 22
92 63
92 53
85 59
109 77
60 34
35 16
116 56
118 38
99 24
16 17
61 36
69 15
83 0
33 12
22 24
22 10
52 17
76 52
32 18
90 63
87 10
117 98
92 56
121 52
101 60
29 12
58 35
106 92
56 64
42 8
101 64
77 52
98 3
111 103
109 47
116 57
121 40
110 85
118 46
73 0
114 86
121 64
35 20
99 34
111 67
3 7
13 14
33 34
45 41
20 15
82 3
68 61
69 17
30 13
110 81
57 59
63 15
92 64
53 57
106 54
9 13
6 22
8 18
112 109
50 10
22 0
24 11
107 73
71 62
106 63
109 94
99 15
88 24
40 12
62 54
122 118
54 13
34 15
11 4
18 0
64 9
75 63
9 17
64 41
107 25
36 14
15 7
106 95
31 35
62 52
30 0
24 1
110 112
56 58
23 11
20 3
17 18
55 37
52 60
62 60
111 59
53 34
97 61
4 19
87 12
116 101
15 17
85 64
53 55
81 12
58 13
18 10
31 37
50 16
48 12
111 101
30 20
104 58
32 7
109 45
103 12
31 21
41 42
23 13
12 11
35 14
48 61
94 33
53 58
99 22
40 8
48 64
100 32
99 18
95 52
61 33
110 113
3 0
66 17
83 18
65 62
29 3
64 13
85 61
11 7
12 14
76 60
72 41
115 39
29 4
120 106
81 58
84 60
116 58
107 27
45 35
9 22
89 35
120 110
92 41
118 50
111 104
121 41
111 46
17 22
106 59
106 40
64 22
76 62
116 63
40 33
58 36
70 12
116 54
109 56
83 16
21 20
41 36
104 17
86 12
117 84
42 21
106 49
106 103
21 11
115 25
83 15
120 44
72 58
52 16
100 11
82 11
102 41
119 90
66 14
48 33
54 12
74 55
104 63
17 30
99 36
69 19
61 22
92 59
14 7
113 68
12 32
71 53
72 52
37 10
110 111
11 19
87 30
116 59
120 89
4 11
13 8
6 14
32 11
109 64
96 58
10 32
15 37
90 53
76 64
117 71
62 12
8 19
15 4
94 9
100 30
56 41
18 4
111 95
107 44
23 18
116 47
35 9
92 52
37 24
91 16
14 3
44 22
112 27
84 41
35 15
111 8
51 62
109 106
16 0
72 62
103 13
64 34
37 11
113 25
64 42
22 21
107 26
36 15
48 60
23 3
95 15
33 17
23 17
118 99
47 52
34 10
43 12
115 6
41 13
69 13
63 64
120 88
60 20
51 60
88 30
121 46
61 12
111 64
116 77
99 8
81 55
111 52
15 30
10 24
92 60
33 14
111 97
111 96
20 11
117 23
63 13
10 0
109 54
70 55
34 30
24 14
36 11
30 18
106 60
96 64
118 81
60 31
76 33
54 9
77 53
74 58
118 23
40 37
2 4
115 74
31 24
95 13
69 4
97 60
17 21
105 90
62 56
26 1
104 15
90 52
70 61
121 67
121 59
9 3
48 34
88 17
73 19
32 3
95 33
33 11
29 15
106 41
72 57
68 41
54 64
66 11
30 21
42 7
77 56
101 58
87 11
30 10
37 19
68 54
33 8
48 22
122 8
6 3
48 13
34 14
65 56
115 116
35 24
106 56
94 12
68 58
30 24
8 7
10 3
118 100
24 3
17 36
23 10
53 42
89 31
106 77
96 57
69 14
102 55
15 24
60 12
60 15
63 12
51 12
109 8
96 60
41 16
111 109
58 15
54 58
97 31
56 61
6 4
7 1
117 85
121 63
87 20
117 6
48 52
70 54
30 7
111 75
110 100
31 32
22 32
89 21
32 21
84 56
60 9
9 21
56 42
110 99
106 94
35 10
6 18
14 24
12 15
76 61
55 35
33 21
29 37
24 19
71 64
69 10
65 61
111 55
109 96
20 18
24 4
36 7
67 12
51 63
68 12
77 55
109 43
15 20
115 86
53 33
12 22
118 43
52 12
42 34
52 42
115 108
74 34
112 74
121 79
95 41
15 35
65 42
50 12
52 41
34 12
31 7
60 41
40 34
66 15
116 52
70 57
15 8
58 42
3 11
94 37
64 36
65 54
35 7
87 3
109 95
22 16
115 49
114 47
50 13
30 3
116 75
55 54
29 30
37 13
64 8
88 11
20 16
110 83
99 10
114 9
90 59
74 64
83 21
91 17
117 28
42 11
94 64
41 14
31 20
16 8
71 52
91 10
12 30
57 64
40 31
31 19
40 17
81 53
97 15
61 42
82 17
100 31
87 22
106 79
69 11
61 60
44 9
19 0
111 43
55 15
114 25
51 61
104 9
104 60
115 89
100 16
22 4
12 20
65 53
75 57
58 34
42 32
88 15
17 19
40 42
116 96
9 32
111 41
90 41
45 12
42 33
34 16
106 64
42 30
13 32
111 92
103 18
72 63
8 16
51 53
32 17
24 21
105 89
18 7
118 91
113 109
81 64
117 70
119 89
116 64
68 59
75 12
59 64
62 34
14 19
32 13
52 64
109 92
52 37
4 1
24 13
48 15
64 33
15 11
74 57
67 13
33 4
99 32
88 42
63 9
79 12
119 9
22 18
121 95
35 18
22 8
41 17
102 59
42 14
59 12
51 54
34 19
116 97
96 59
6 9
84 58
114 73
40 15
17 24
45 8
35 8
91 14
48 9
22 17
88 35
99 17
87 8
78 4
35 36
31 36
88 3
28 1
95 42
109 79
96 53
64 16
9 36
6 19
58 9
41 8
15 3
52 15
13 4
99 14
62 64
59 9
83 10
56 63
32 4
42 22
76 42
44 45
32 10
29 34
116 103
111 48
59 34
41 9
77 61
115 73
88 31
85 55
24 7
117 2
12 17
118 69
34 35
44 41
106 102
106 76
9 12
53 63
115 84
15 19
91 11
74 63
8 15
116 46
106 52
9 18
65 57
85 63
92 57
103 8
23 14
13 9
96 63
35 12
29 20
103 15
118 9
29 7
52 34
29 14
89 9
54 61
74 56
66 18
118 67
110 84
14 4
60 13
57 56
9 4
90 57
40 35
122 29
51 56
117 72
29 21
75 55
47 53
70 52
40 14
89 8
118 39
61 13
100 37
8 11
37 17
57 62
33 20
106 104
112 44
101 63
68 60
82 14
114 26
96 33
84 62
9 20
100 19
57 52
36 21
8 17
101 59
102 63
42 15
99 11
74 41
53 54
65 41
63 52
116 55
103 17
59 35
38 12
18 3
88 13
31 8
48 16
111 53
99 35
88 18
115 80
95 64
106 48
89 33
77 42
77 58
121 92
22 19
31 12
75 64
65 55
10 11
99 30
112 25
33 32
114 115
16 14
54 63
75 60
29 24
71 55
89 10
17 4
16 3
48 41
100 24
83 7
45 10
30 17
89 24
70 64
103 22
53 41
117 51
6 12
23 21
64 12
111 79
95 61
58 33
60 16
109 48
57 60
74 12
44 49
29 32
13 30
116 102
35 37
87 31
31 11
35 4
87 16
15 10
37 20
83 11
3 4
52 31
9 24
75 62
70 63
56 54
46 12
11 24
100 14
121 61
90 54
70 62
113 106
65 63
103 9
22 14
10 4
102 56
113 74
12 9
58 22
121 48
95 58
75 41
71 42
33 10
81 62
47 61
118 79
21 4
111 58
89 20
110 44
87 18
65 52
56 34
115 67
35 13
116 41
91 21
87 7
7 21
94 31
17 20
9 15
34 37
99 21
31 18
15 14
84 59
99 16
100 20
106 96
45 13
17 3
81 60
54 41
6 11
16 24
23 0
35 11
34 32
115 85
109 61
8 30
115 50
9 8
16 20
116 40
94 15
87 37
21 18
45 37
89 11
114 38
122 87
4 0
117 73
32 16
33 7
69 7
72 60
105 106
51 52
9 19
90 12
82 13
89 3
39 12
12 31
115 38
29 13
90 62
118 68
18 20
16 11
115 9
62 55
20 7
114 28
93 12
37 7
97 52
117 66
114 27
42 17
112 106
36 22
55 63
41 30
7 19
106 75
30 11
20 4
75 61
57 42
89 37
60 37
60 22
85 56
45 15
21 14
74 54
42 18
95 34
16 19
91 15
41 32
42 37
116 76
61 8
55 34
88 8
6 13
0 1
24 0
33 35
41 34
33 36
39 13
96 62
55 61
111 61
9 11
7 4
33 3
100 35
27 1
87 15
44 48
81 61
121 104
40 20
105 9
56 55
12 33
18 11
97 12
101 15
75 56
121 45
6 15
96 55
59 15
100 8
73 1
57 12
56 60
30 4
34 36
6 10
41 35
113 81
37 18
121 75
76 12
94 63
57 41
10 7
36 4
115 26
107 68
88 37
99 3
54 34
65 60
56 31
115 100
94 17
35 0
36 3
103 3
30 15
107 108
117 74
72 53
99 31
94 61
97 55
83 3
88 9
111 106
69 16
97 58
56 15
67 15
95 31
92 62
59 42
115 68
57 54
84 54
6 21
58 64
118 74
113 44
120 121
22 3
105 88
59 52
37 14
115 23
58 17
88 36
94 60
106 53
30 16
13 20
53 62
109 102
109 57
53 59
59 60
60 36
75 42
61 17
58 52
45 36
107 81
118 89
103 10
107 109
42 20
31 10
99 42
87 24
56 12
122 106
88 20
121 47
99 20
21 7
31 16
75 34
103 41
20 19
12 37
76 63
106 47
71 60
84 64
121 8
121 49
71 56
112 81
89 15
121 103
88 21
65 64
51 55
118 83
55 42
58 16
7 14
106 55
114 93
40 13
55 9
118 85
113 26
55 13
121 109
14 18
61 15
99 33
7 3
109 62
17 8
121 77
89 30
94 34
33 15
89 42
34 20
117 100
102 62
84 52
119 88
97 59
15 36
33 31
82 12
118 80
85 62
104 13
68 63
31 13
6 20
87 33
104 64
99 9
13 24
111 57
13 22
106 109
48 37
100 10
45 16
118 106
55 12
9 16
62 15
42 35
17 32
115 81
11 0
54 31
77 63
15 18
118 44
89 17
34 9
77 64
36 16
24 18
68 55
109 59
22 11
51 64
88 14
34 17
89 18
27 19
115 69
72 42
115 82
77 62
51 57
22 7
111 45
47 58
34 11
8 13
61 16
45 20
56 59
117 83
104 52
44 47
14 10
110 69
34 13
89 32
82 10
29 35
77 34
12 24
17 11
55 58
31 15
57 58
35 32
110 74
16 21
37 15
116 92
13 36
111 76
12 36
6 8
106 101
59 37
62 61
112 73
29 36
121 55
45 9
70 60
58 63
84 57
61 34
7 10
51 58
76 56
60 42
42 12
118 6
42 31
106 67
109 46
110 23
42 36
97 33
70 58
50 17
16 30
45 17
111 94
23 4
70 42
10 19
7 0
37 36
40 9
8 10
35 17
87 34
109 103
71 61
15 9
63 61
66 10
2 3
90 56
37 0
59 13
109 63
42 24
66 21
58 31
57 61
21 19
121 60
50 14
41 31
16 18
119 28
90 58
88 32
65 12
106 62
110 6
72 12
102 12
36 19
101 54
29 17
89 36
89 16
89 22
34 31
13 3
32 15
70 56
97 41
94 41
17 0
104 61
16 7
18 24
15 31
12 8
19 1
50 21
52 35
119 106
53 52
55 52
118 88
68 64
97 63
5 3
56 33
66 16
71 59
100 17
61 35
37 9
85 58
112 108
13 7
59 41
48 17
84 9
101 52
100 21
74 33
90 55
47 54
84 63
41 33
74 62
33 13
41 15
29 8
34 21
12 10
121 57
77 60
64 35
71 57
33 37
85 57
17 14
66 3
20 10
48 31
83 20
75 54
110 89
52 13
54 37
63 37
94 16
83 4
75 58
96 54
121 97
12 42
31 3
92 58
101 55
91 13
55 31
121 56
53 61
111 60
116 48
45 21
16 36
59 33
53 12
115 99
8 3
114 44
8 20
42 3
91 3
95 63
113 27
15 32
97 54
81 59
35 19
115 88
55 41
31 22
60 30
24 15
116 67
13 10
101 12
52 9
113 108
122 121
50 18
38 13
33 9
109 76
68 62
109 58
20 21
47 57
20 32
118 84
96 41
115 27
37 21
118 82
74 60
118 49
9 10
22 15
115 43
45 22
117 99
87 17
8 32
14 0
60 17
97 42
106 46
76 54
32 1
37 8
97 34
59 54
64 60
121 43
34 18
54 35
56 52
85 53
54 33
16 32
103 21
76 34
63 16
99 13
6 7
41 37
119 87
70 41
111 40
83 19
118 47
75 52
107 74
6 16
96 61
121 101
20 13
63 33
95 54
73 4
53 56
14 20
95 60
81 41
53 60
121 96
90 60
34 7
44 46
12 16
16 22
17 10
33 22
72 55
52 36
81 56
12 3
17 7
90 64
63 34
89 12
76 57
31 30
76 58
100 18
77 57
101 41
111 62
37 22
20 24
81 57
83 8
5 4
109 53
110 68
94 42
59 63
58 61
63 17
92 54
109 101
109 67
20 0
22 30
16 4
34 22
9 30
115 79
31 17
35 21
106 61
74 61
117 69
29 10
84 55
8 21
88 34
107 106
62 63
40 41
30 32
121 102
89 13
66 13
37 32
111 54
50 3
8 24
23 16
7 18
84 53
29 11
13 11
85 54
83 14
64 15
40 16
102 61
35 22
104 16
70 59
8 14
29 22
116 94
33 19
110 50
82 18
7 11
35 30
76 59
87 9
29 31
60 33
72 56
116 104
24 10
96 56
21 10
63 22
95 35
106 45
47 63
85 52
64 37
63 36
88 10
112 68
45 33
41 12
29 18
42 10
45 42
116 61
20 14
109 55
55 33
100 12
87 36
121 106
50 15
117 65
114 88
59 61
65 58
115 106
121 76
102 52
40 30
115 28
6 17
106 58
117 5
69 21
116 53
103 16
122 9
100 3
58 37
121 53
82 21
23 7
32 19
8 4
22 20
48 36
87 32
37 4
52 33
75 33
64 30
36 0
55 60
74 59
89 34
105 44
22 13
116 60
33 30
91 12
63 35
42 13
37 16
111 56
64 31
100 13
111 77
37 12
102 54
85 60
52 22
15 13
12 35
92 55
116 106
14 11
83 17
100 4
95 12
98 4
36 10
62 58
39 16
110 88
31 14
118 116
63 60
36 30
81 52
36 17
114 89
100 15
71 58
71 54
72 61
18 19
112 26
94 58
32 0
51 42
109 41
106 8
104 41
41 10
63 31
84 61
