111 39
46 21
115 34
105 66
90 52
133 22
86 15
132 22
24 30
85 86
85 74
2 53
127 78
116 34
23 10
112 52
146 37
88 56
64 30
87 42
68 11
95 30
21 30
124 82
75 22
2 17
114 67
81 66
116 80
136 19
39 9
8 10
110 36
57 45
130 21
76 8
87 35
3 20
47 56
140 79
108 67
128 38
54 33
136 18
148 49
59 31
13 15
105 39
114 78
64 11
90 66
97 21
86 5
141 48
26 22
45 27
39 7
140 35
131 38
68 80
139 11
75 8
8 12
91 33
139 51
86 69
16 23
46 14
140 37
119 30
72 21
98 79
79 7
74 5
40 7
127 81
46 17
116 7
86 20
131 81
86 70
16 27
50 89
38 77
46 49
14 65
44 5
10 41
23 27
51 4
111 37
138 47
118 79
86 11
124 37
45 16
114 11
5 52
133 4
117 8
129 10
112 11
14 23
17 19
85 10
76 52
86 89
76 79
6 11
116 35
59 32
141 37
130 119
91 31
142 79
25 22
75 30
93 16
33 77
122 17
104 82
112 55
28 15
91 39
126 39
54 48
91 89
52 7
40 38
16 22
104 4
86 16
121 10
115 82
62 40
31 11
1 3
134 11
112 5
68 7
115 39
104 19
85 35
62 39
107 5
86 23
43 5
52 12
3 5
91 8
1 2
146 56
140 81
4 7
74 53
25 30
14 16
110 33
47 39
3 34
1 4
149 81
50 21
109 78
54 36
67 11
32 11
4 11
109 52
54 4
132 7
118 36
116 37
109 66
141 50
52 10
142 4
112 45
146 33
137 1
121 75
95 10
147 11
13 14
102 40
152 4
96 10
126 36
126 37
96 40
100 39
64 10
62 56
59 34
14 64
67 65
30 42
110 37
93 55
109 40
26 24
50 51
57 17
63 17
150 11
127 82
131 32
13 21
94 67
19 11
96 39
17 5
54 32
140 8
79 66
63 16
124 31
74 49
136 23
135 22
141 36
75 11
22 10
83 40
52 80
115 77
69 80
124 89
3 53
117 37
95 4
17 18
33 31
90 65
28 70
62 53
141 56
107 28
104 69
108 37
6 8
46 8
3 23
103 1
100 37
44 21
138 59
50 14
97 17
76 82
63 28
110 40
100 14
149 68
118 31
100 36
128 66
59 39
3 36
88 34
64 35
27 10
46 51
29 32
23 64
128 40
76 77
108 79
99 81
152 22
29 31
108 82
121 119
83 53
139 48
87 12
19 24
57 20
142 66
104 27
131 65
54 8
100 40
105 38
116 77
96 38
74 20
90 81
20 22
104 5
57 28
62 33
65 66
139 14
133 64
148 53
103 104
104 11
102 4
91 61
44 45
141 40
43 28
133 27
128 82
93 45
128 31
102 34
20 18
85 11
102 12
96 64
3 17
20 15
84 4
143 80
50 17
83 61
100 78
83 48
108 34
76 11
26 11
47 52
88 78
114 31
130 30
117 40
130 68
128 80
19 5
110 79
86 4
114 32
109 65
91 36
142 78
54 39
104 53
134 23
100 32
22 35
98 33
93 21
117 78
100 89
127 52
91 38
134 5
13 20
50 61
85 8
4 80
128 77
127 31
91 37
92 22
131 79
105 31
136 24
26 4
80 11
131 34
43 21
133 78
120 45
148 5
2 45
117 80
88 31
125 12
151 25
88 40
127 36
2 20
145 75
54 34
88 89
17 27
146 40
95 8
6 7
47 53
54 21
102 37
40 39
152 21
102 36
136 11
44 16
62 38
50 20
91 47
6 9
104 26
3 89
97 16
27 11
21 11
110 66
130 75
110 39
126 79
50 26
35 42
107 21
142 81
99 66
108 78
6 10
67 82
127 39
93 5
100 52
111 34
109 31
134 25
92 79
86 19
149 65
14 27
74 19
28 18
101 21
150 10
3 31
14 15
86 25
97 20
121 12
112 50
144 104
126 33
50 16
109 39
104 70
134 26
40 37
135 25
72 19
93 17
98 39
107 27
123 25
137 104
151 5
77 7
126 69
116 79
54 40
80 81
68 81
23 11
63 21
105 37
93 28
92 7
130 27
93 49
3 18
47 38
72 16
63 20
85 30
135 66
88 37
152 64
97 25
124 39
100 61
85 7
47 14
122 4
45 49
122 45
46 3
90 33
28 25
149 11
140 39
86 22
63 45
34 11
35 12
120 5
114 39
54 50
152 27
120 28
21 27
0 3
131 67
127 33
115 79
114 53
129 42
141 51
23 22
14 67
141 8
104 23
25 11
93 53
106 17
112 19
20 5
16 70
134 70
150 30
101 22
102 35
69 81
69 65
146 31
141 38
69 82
101 27
124 67
93 47
47 36
128 39
72 4
88 11
150 35
25 10
74 17
110 82
75 52
108 52
72 17
27 22
24 10
126 67
124 40
98 31
96 27
59 60
36 11
121 42
97 53
117 34
140 32
134 15
128 32
102 30
141 52
124 53
115 66
32 31
17 24
7 11
130 42
86 79
112 17
143 8
14 19
39 77
122 5
59 47
25 64
20 64
2 43
115 38
142 82
43 22
22 30
93 58
114 79
83 8
141 31
118 39
124 78
108 40
143 40
25 27
146 61
140 33
98 7
59 8
109 33
59 40
90 67
151 17
29 40
128 68
90 37
138 48
106 28
149 80
136 15
43 19
98 66
115 37
59 33
124 14
50 8
90 36
126 34
115 36
46 43
128 37
101 11
97 11
114 36
152 19
50 48
93 8
13 4
120 20
106 45
117 82
96 11
97 51
126 68
143 66
92 80
133 82
46 27
117 77
18 64
13 5
52 66
83 52
134 20
72 20
93 19
142 65
26 21
134 27
111 65
115 33
47 34
134 21
109 38
112 20
123 7
59 53
91 53
116 40
74 11
151 21
134 22
46 4
3 33
97 19
119 10
106 5
143 38
63 19
18 10
72 5
24 22
117 65
110 38
125 41
104 20
28 17
126 65
135 35
131 33
3 78
140 40
47 89
148 20
148 28
136 16
90 79
54 47
109 37
62 32
146 32
74 43
132 35
93 50
54 57
45 20
116 81
127 65
104 8
145 66
128 81
59 36
37 9
92 4
148 51
20 27
105 35
94 14
129 12
13 22
126 81
111 36
33 11
2 16
51 65
68 66
122 13
109 81
111 32
96 31
54 19
95 22
118 81
124 11
47 37
14 21
83 50
13 11
74 28
150 22
108 38
116 39
98 37
127 67
29 37
136 5
126 38
92 52
50 70
2 55
98 80
108 8
110 67
91 40
129 75
117 79
52 11
109 32
110 8
134 28
91 56
96 30
51 11
45 53
40 11
146 14
59 48
141 33
88 36
17 20
3 40
128 36
111 77
74 16
98 11
90 39
72 45
112 43
24 64
54 38
145 11
51 82
28 5
29 30
117 66
110 65
62 59
146 36
129 66
99 11
73 30
50 19
140 77
50 22
126 78
104 21
95 11
97 69
97 15
62 31
75 27
38 11
133 79
134 18
118 77
134 4
130 12
93 4
101 5
117 68
117 52
91 14
122 11
72 28
97 8
46 47
127 8
83 56
21 22
110 31
130 65
94 69
151 16
13 18
133 11
5 27
5 11
117 38
140 52
29 11
25 66
131 52
100 38
110 81
14 20
127 37
105 80
118 37
57 16
143 39
134 17
151 19
80 66
97 28
141 61
20 21
133 21
141 39
112 8
92 11
124 56
54 37
109 68
88 53
69 66
119 74
131 36
104 67
22 11
17 23
50 43
119 7
143 7
122 16
104 25
43 27
119 86
44 17
13 19
50 49
59 50
142 68
44 27
26 5
124 51
108 65
106 20
97 5
111 40
112 58
54 52
88 51
91 50
73 11
132 66
50 10
120 16
114 33
64 22
17 11
97 18
86 17
0 4
93 57
26 27
47 32
26 66
73 22
114 82
88 39
46 50
108 39
146 38
88 38
14 28
107 19
83 39
39 11
146 48
28 23
2 58
124 61
47 61
83 36
88 61
46 28
45 21
116 31
46 48
99 80
0 5
93 43
145 25
2 19
115 11
102 11
114 37
129 35
29 22
3 11
108 32
80 7
19 27
19 21
71 48
52 35
5 4
54 59
52 81
63 5
109 8
109 36
91 51
148 13
128 33
57 5
138 61
120 17
73 27
44 28
90 34
126 32
100 53
126 82
14 25
108 66
101 64
118 11
111 33
3 19
57 27
112 21
21 64
136 27
40 77
93 60
86 53
98 40
74 14
145 22
73 64
105 81
45 5
124 32
65 7
114 34
3 27
47 48
142 80
76 66
151 66
112 28
62 47
123 11
14 18
47 33
122 19
0 1
110 68
67 68
20 24
61 11
46 5
136 22
62 37
40 34
59 52
140 38
2 21
17 16
74 27
105 32
110 52
54 5
116 38
43 17
50 53
146 34
152 24
96 22
99 82
112 53
127 68
20 70
76 65
46 19
134 24
21 10
131 40
14 24
143 37
122 20
111 11
45 13
108 31
91 78
102 52
91 34
54 13
3 37
98 32
141 53
146 51
146 78
29 36
117 81
62 36
90 38
75 4
111 80
109 82
88 33
4 8
116 66
105 40
14 66
138 53
69 68
5 64
47 31
133 66
50 27
135 7
151 27
54 58
97 26
138 60
145 35
148 19
23 30
141 47
118 66
132 11
124 38
104 15
3 38
95 52
114 89
28 22
104 28
96 34
143 31
90 40
149 82
17 15
129 119
149 66
106 16
46 20
111 82
143 33
112 16
135 75
151 28
136 64
62 34
18 22
10 42
114 69
83 47
127 32
138 56
67 66
102 8
59 56
110 34
123 75
130 10
13 24
100 50
91 48
111 38
93 13
137 2
54 56
113 66
86 78
13 28
69 11
115 32
5 21
3 26
110 69
19 64
151 20
110 78
127 40
115 31
0 2
135 11
26 19
105 7
40 36
105 77
93 48
144 1
145 7
105 36
109 79
46 53
54 61
98 77
107 20
74 13
141 89
57 21
114 38
40 31
140 80
75 10
86 18
30 41
100 51
117 36
102 32
98 34
97 27
86 21
111 81
81 80
97 52
136 21
110 32
2 5
141 78
122 28
102 10
28 19
142 27
67 80
13 17
83 38
91 52
88 14
24 11
107 16
146 53
90 78
118 32
75 35
148 27
115 35
118 78
17 25
123 66
19 22
77 66
118 68
121 35
14 69
83 34
86 27
130 66
131 66
111 68
92 82
125 42
106 21
32 77
88 32
32 7
83 31
13 16
93 52
115 81
16 5
92 77
100 33
20 19
54 45
105 8
8 7
127 34
90 31
3 21
108 69
100 48
43 16
16 21
5 8
116 32
131 82
131 31
54 60
124 69
20 16
131 78
92 35
2 28
124 36
143 79
47 78
132 25
136 70
76 80
108 36
90 82
16 24
107 17
142 77
97 70
117 31
128 78
83 33
3 56
146 89
85 87
5 22
140 7
142 11
94 11
54 28
131 39
131 68
74 22
134 19
50 28
47 40
118 33
121 22
100 34
143 77
28 24
13 27
3 25
127 66
134 16
85 52
27 30
13 26
3 67
54 16
132 75
92 8
51 53
92 81
3 28
143 34
98 81
20 11
86 82
81 82
17 21
51 67
127 38
117 35
130 22
73 10
129 30
1 5
46 52
146 39
54 43
133 81
28 27
44 19
24 27
148 4
104 18
62 48
103 2
47 51
28 16
118 65
115 40
122 21
54 31
139 53
95 27
54 3
104 22
124 33
46 11
96 33
102 31
14 22
83 37
115 80
50 11
127 69
6 12
143 52
29 35
105 79
17 70
97 4
139 4
13 25
141 32
105 34
106 19
8 80
141 34
133 77
20 23
29 33
104 17
141 14
91 32
97 67
86 28
118 34
111 31
28 20
130 64
119 8
88 48
133 68
38 7
54 53
18 30
140 31
148 45
18 27
90 8
14 17
152 11
142 22
131 37
50 52
3 16
105 33
119 87
98 36
50 5
43 20
145 27
26 64
3 32
90 69
96 32
116 11
86 67
130 35
37 11
8 11
13 23
102 38
109 34
120 19
143 36
126 66
3 22
117 33
104 16
96 37
68 82
100 56
140 36
67 81
97 14
92 66
81 11
90 32
31 9
118 38
59 38
3 69
102 33
128 34
17 64
59 37
86 26
143 32
126 40
118 40
128 8
94 51
45 28
94 53
112 57
121 30
44 20
111 66
46 16
116 33
57 19
126 52
104 52
76 81
98 82
54 20
76 78
33 7
140 66
14 5
52 8
83 32
148 17
148 21
29 34
114 40
104 14
128 65
117 32
133 65
18 11
29 39
14 68
29 38
140 34
118 80
65 11
100 31
152 5
117 39
86 24
2 57
102 39
128 79
3 24
46 13
17 22
98 38
85 66
123 35
93 20
29 10
28 21
16 19
59 61
28 64
100 8
127 79
54 17
3 79
111 78
3 15
118 82
143 82
129 7
83 51
28 11
143 35
97 22
108 81
51 69
34 9
108 33
45 19
111 79
95 35
45 17
3 39
126 8
38 9
62 60
121 66
131 8
96 36
119 11
74 21
45 43
126 31
36 9
27 35
3 82
97 82
14 70
128 52
116 36
148 16
124 34
143 81
54 55
16 64
133 80
148 48
