77 54
21 6
67 52
46 1
33 14
30 16
67 23
7 3
16 6
79 15
1 5
5 3
19 7
44 28
58 10
17 4
45 35
11 9
50 14
26 34
43 10
44 21
33 27
77 71
87 30
73 64
80 50
80 22
5 7
22 1
82 80
45 36
45 27
34 7
5 1
18 3
67 34
44 34
73 76
28 24
62 18
43 4
57 31
28 23
1 12
21 5
73 70
73 33
12 10
18 1
77 15
79 80
25 4
86 67
39 4
24 11
88 82
26 33
34 12
16 7
44 32
26 27
23 10
63 14
80 29
59 30
36 28
26 23
34 1
44 33
70 23
73 29
79 67
79 46
26 17
79 42
79 43
3 9
46 3
50 22
75 26
6 8
73 63
67 61
54 10
57 27
61 18
7 8
81 48
23 22
62 30
50 23
82 15
15 10
15 7
24 19
88 25
33 22
31 18
64 22
36 29
48 31
53 29
67 28
74 67
57 33
70 34
27 12
87 42
26 36
57 34
51 17
19 1
67 30
33 21
19 18
63 34
75 57
18 5
18 9
88 87
65 38
7 9
82 53
49 22
33 30
81 46
63 27
53 31
79 40
77 60
52 27
14 10
63 35
1 6
80 39
41 35
2 8
34 19
80 62
33 31
71 26
29 22
57 28
87 22
52 30
3 4
50 21
73 32
35 29
61 17
67 40
33 23
14 11
25 1
22 10
67 29
32 20
82 39
22 17
17 18
57 35
87 61
6 9
33 17
24 10
77 58
31 23
16 18
36 35
77 69
63 33
2 5
6 1
87 76
48 17
28 21
87 64
67 32
62 34
50 20
80 67
32 21
63 32
46 8
44 36
73 41
79 37
47 32
67 22
70 31
67 27
12 7
34 4
7 4
73 50
74 57
35 14
30 21
19 9
21 1
20 1
19 4
70 51
14 7
67 76
27 17
81 0
82 54
31 32
51 22
45 33
34 18
73 31
82 46
53 34
62 32
74 49
67 33
46 9
30 22
82 60
13 20
70 29
24 14
75 49
74 26
22 14
25 3
70 40
51 34
82 59
61 19
51 23
12 5
70 50
49 31
19 6
47 21
25 10
80 14
27 19
80 51
81 47
70 62
30 12
47 35
77 78
87 41
59 15
16 4
88 67
61 22
2 7
32 16
6 10
23 20
79 53
20 12
32 1
60 1
24 12
31 27
32 19
65 56
29 27
19 15
46 6
25 6
32 24
43 1
32 14
23 5
67 39
87 39
87 67
82 55
27 22
51 30
22 20
64 30
47 14
64 33
27 32
14 19
87 14
71 72
13 6
63 29
36 21
29 32
68 26
87 29
70 33
25 9
21 10
20 15
39 1
68 38
30 15
74 38
19 11
87 70
17 20
23 12
50 17
38 42
11 10
37 1
61 20
77 37
30 34
71 75
80 32
44 17
17 19
36 22
23 16
79 69
35 21
30 11
55 1
30 27
61 34
67 41
44 30
30 32
13 12
87 32
19 5
28 29
27 24
57 23
61 23
70 30
5 6
54 1
38 41
26 21
51 27
29 21
44 23
39 10
47 17
22 11
1 11
67 50
13 18
85 25
67 70
71 53
28 35
48 35
2 1
70 41
1 3
71 38
73 22
77 56
35 20
77 66
18 8
53 27
70 35
23 1
70 42
75 69
41 29
71 57
79 39
28 31
70 76
68 69
68 49
68 45
73 27
70 22
34 20
36 33
1 9
68 57
71 49
79 66
13 22
27 1
1 4
31 14
73 35
12 3
82 26
37 10
5 10
23 21
26 30
62 20
61 15
73 51
59 31
74 45
64 35
15 9
44 14
80 33
18 15
33 19
80 61
73 62
61 27
79 76
14 4
32 17
36 14
23 24
80 34
33 20
79 56
64 34
80 28
17 16
29 34
87 28
20 6
61 1
49 21
50 27
65 66
82 67
15 11
67 42
41 28
11 4
70 32
45 23
73 40
64 27
16 5
11 1
58 1
79 83
21 16
23 18
57 24
36 24
61 32
77 41
48 16
73 39
10 6
85 48
59 27
80 42
10 8
22 12
48 32
79 57
59 29
17 1
79 58
35 32
47 34
20 18
34 5
81 44
29 20
79 26
37 4
12 8
13 11
47 31
17 7
2 12
61 21
18 7
38 40
26 29
14 6
86 38
13 17
23 14
28 17
29 33
70 39
53 15
29 31
31 17
56 1
79 59
55 10
29 14
44 24
71 73
49 17
62 14
11 5
82 84
32 22
19 3
32 12
22 15
86 82
51 14
79 84
38 11
82 42
53 28
44 27
18 10
15 4
62 16
70 64
2 9
63 16
80 23
32 23
16 15
79 54
26 31
11 6
48 27
86 87
23 7
62 27
63 22
80 40
29 30
33 16
20 3
25 8
29 17
36 17
36 32
50 32
50 31
87 63
49 34
11 7
18 11
59 32
62 15
24 4
81 53
27 21
73 61
63 30
64 28
17 11
47 29
56 10
51 33
27 11
2 3
64 36
17 10
24 18
48 34
82 66
48 23
88 15
30 17
16 1
15 3
85 15
73 14
47 22
52 28
30 23
17 15
62 24
45 28
80 41
26 32
34 23
10 3
23 11
7 10
71 55
33 24
87 35
49 23
48 22
9 8
36 30
45 29
35 24
49 20
13 21
20 4
4 8
51 32
28 33
61 30
87 62
35 22
51 21
36 27
58 4
87 27
70 36
34 16
86 71
87 52
80 63
67 64
60 10
48 24
53 36
31 19
31 21
50 33
70 52
85 67
29 16
7 6
24 16
12 6
52 32
71 68
46 4
24 15
41 27
1 10
11 8
63 31
15 12
28 32
87 36
14 20
67 35
87 31
77 67
80 31
22 5
51 24
38 15
47 23
21 19
50 16
22 19
52 35
50 34
32 34
77 38
28 22
63 23
45 34
21 20
38 16
30 19
34 22
16 12
4 6
73 52
82 41
59 34
15 6
28 27
75 38
29 23
67 36
10 4
75 70
22 6
3 8
82 40
20 19
71 59
59 33
18 12
30 14
70 28
48 30
79 13
82 49
67 31
16 19
5 9
24 17
71 74
27 34
28 30
70 61
27 18
82 56
61 14
17 12
23 17
82 38
47 27
24 7
35 17
49 16
64 31
73 42
87 34
31 34
51 20
82 13
52 36
80 35
11 3
22 18
48 29
65 48
74 69
46 10
32 18
79 49
2 10
21 11
70 67
67 63
80 36
30 18
21 7
82 83
28 14
30 20
20 7
13 16
44 29
49 32
13 15
2 11
21 12
47 30
53 33
6 4
71 46
15 8
27 16
87 23
19 10
16 20
28 34
12 11
57 32
32 15
5 4
30 24
53 35
12 1
41 32
68 70
44 35
62 17
13 4
73 36
19 8
34 24
13 7
16 11
80 30
68 67
82 57
70 27
27 14
73 67
70 63
62 22
0 1
24 22
14 15
16 10
48 21
34 15
45 30
81 59
52 31
27 20
80 70
49 14
38 39
64 23
44 22
1 7
79 60
6 3
51 31
21 18
67 51
49 33
20 5
26 35
62 19
24 21
82 45
71 67
73 30
57 29
17 5
17 6
49 30
81 49
80 76
29 24
79 55
15 5
57 30
44 31
23 19
57 36
23 15
62 23
59 35
87 33
35 16
35 27
79 38
22 4
80 27
75 45
24 5
71 45
4 3
34 11
10 9
35 23
52 34
2 4
45 24
61 16
79 72
87 50
53 32
53 30
20 10
52 29
14 5
23 4
31 16
47 24
87 40
62 21
45 31
48 33
36 31
21 4
82 72
27 23
12 9
14 18
82 58
34 17
88 48
80 64
13 10
13 5
24 20
22 21
14 16
35 30
1 8
75 67
80 52
49 24
60 4
13 1
12 4
73 34
32 11
33 34
18 6
64 14
47 33
65 67
31 30
35 31
36 23
82 37
24 1
4 9
26 22
41 30
82 76
34 21
15 1
27 15
73 28
13 19
31 20
49 27
73 23
21 14
36 34
51 16
52 33
48 14
64 32
2 6
79 41
77 79
45 32
33 32
7 1
26 14
74 70
22 7
22 16
14 12
79 45
30 1
21 17
70 14
50 30
10 7
34 14
16 3
87 51
19 12
5 8
31 24
35 33
31 22
26 28
20 11
61 24
14 1
82 43
26 24
21 15
67 14
88 2
67 62
88 14
35 34
13 14
18 4
65 15
50 24
14 17
64 29
