106 31
77 54
111 56
111 37
120 49
15 16
115 51
117 55
110 47
95 43
97 44
124 46
22 15
110 50
103 97
114 47
67 19
106 12
113 87
101 43
119 6
71 37
64 16
16 10
75 43
36 10
11 40
61 8
13 14
123 32
122 123
110 53
72 37
14 15
10 12
24 23
97 4
133 21
51 34
7 13
93 33
41 43
24 21
31 50
15 12
114 56
109 46
16 27
77 53
105 11
61 58
134 16
19 3
120 50
20 31
14 12
41 45
75 33
19 26
109 63
53 48
125 5
90 42
85 31
114 44
120 42
2 65
47 5
41 5
113 58
85 28
79 57
122 112
104 53
113 51
108 45
104 88
53 28
19 27
27 5
71 8
87 28
79 55
115 3
118 79
93 53
24 15
108 47
80 16
125 40
53 56
70 33
54 37
3 17
99 32
77 56
14 3
18 10
91 46
51 46
75 4
86 60
129 37
49 44
29 16
115 52
64 67
94 5
93 3
95 46
96 56
113 63
107 26
105 7
115 68
70 4
120 46
114 37
79 67
21 12
90 45
27 21
100 50
22 20
16 5
103 44
72 50
129 11
86 3
88 58
99 45
87 54
127 21
91 45
83 14
101 34
134 10
100 48
57 5
86 21
102 22
113 52
131 48
79 13
22 33
129 44
36 13
64 65
19 25
79 58
82 16
15 31
76 17
109 22
71 35
30 27
93 15
87 53
14 16
9 5
51 52
53 32
69 46
107 25
85 5
67 21
115 43
25 21
74 8
84 52
66 16
69 28
23 27
108 48
39 5
120 28
61 48
85 8
65 3
111 46
124 43
28 6
105 5
2 14
111 43
2 66
107 3
73 5
129 10
51 58
7 11
19 23
93 37
109 57
110 57
38 12
7 10
92 56
69 47
51 28
110 4
23 5
92 46
17 13
23 22
115 4
52 5
88 63
41 42
84 58
110 33
77 58
122 15
73 10
106 22
44 31
120 37
24 3
47 6
58 55
85 35
77 34
124 42
121 8
116 13
61 37
93 16
115 29
114 35
77 4
21 13
61 11
103 89
69 53
3 12
2 29
92 49
79 18
131 47
63 58
17 8
61 22
110 37
84 10
106 32
84 15
61 28
41 4
104 43
81 3
0 3
80 3
3 21
101 53
91 48
113 53
107 15
129 17
59 11
112 1
115 12
62 12
77 52
109 52
13 5
90 43
36 26
97 11
99 37
135 3
107 12
68 13
104 57
87 34
69 13
103 13
114 46
113 22
68 22
61 45
106 56
99 33
62 23
26 17
71 31
35 5
107 21
94 44
104 58
114 8
77 15
131 35
42 31
51 57
107 22
38 11
14 19
91 50
96 28
104 51
15 13
75 37
96 42
99 53
100 33
48 5
92 31
76 21
4 6
60 12
30 22
104 52
131 44
100 45
36 33
24 25
13 10
84 53
114 50
128 21
7 9
90 4
12 14
113 33
105 60
3 22
54 57
50 31
69 5
64 22
54 58
65 30
29 3
41 50
50 5
135 21
85 46
69 37
20 10
61 55
79 33
70 51
123 28
115 28
104 34
56 5
135 5
2 3
94 31
3 13
41 8
14 21
54 52
92 47
127 60
90 50
14 5
22 12
115 47
97 56
100 53
84 22
67 17
97 35
111 50
97 42
70 15
99 4
70 63
87 43
94 50
77 33
53 46
24 5
2 30
94 42
109 47
93 23
70 52
120 4
15 27
35 31
99 43
76 15
117 45
84 3
116 9
22 5
108 43
37 5
67 20
129 31
109 48
126 8
39 40
96 22
66 3
86 5
8 89
107 20
99 46
79 63
79 14
109 54
76 58
109 45
9 40
84 16
76 33
20 17
117 56
51 33
94 49
110 58
53 50
60 10
87 22
72 5
62 33
58 15
104 54
109 37
107 13
58 52
84 20
103 60
120 5
131 49
98 40
131 4
15 10
111 47
115 33
85 47
67 23
62 25
16 21
29 30
115 37
66 15
27 17
53 35
75 31
74 37
69 62
123 37
74 17
122 34
132 14
106 49
86 10
68 67
26 5
105 10
92 4
109 56
122 109
14 20
103 31
85 42
96 4
77 43
77 37
91 49
111 45
61 53
132 21
62 56
41 28
67 14
50 32
129 32
55 22
112 79
133 3
101 45
27 10
134 3
101 56
41 46
127 10
31 5
76 13
61 52
61 13
71 48
51 4
15 3
69 48
79 34
85 37
10 11
134 21
87 52
81 10
87 33
99 31
64 30
64 3
90 35
9 8
87 48
82 3
109 28
117 48
24 22
115 30
108 46
62 26
36 5
17 12
120 45
131 28
32 44
83 3
51 53
122 18
114 45
127 26
71 49
53 4
75 50
11 89
123 31
117 43
38 37
45 5
108 33
123 22
110 22
129 8
36 21
61 54
22 10
121 44
84 34
105 31
75 28
129 5
62 10
122 3
77 28
63 5
96 33
115 45
10 8
94 37
128 27
70 45
54 53
114 28
97 46
76 3
97 32
108 50
126 10
72 13
20 27
95 4
135 10
114 43
94 12
128 22
117 15
120 44
69 56
117 52
72 8
96 31
73 60
100 32
70 22
18 3
91 28
128 23
97 48
74 5
70 58
70 34
87 63
92 37
113 34
71 44
132 16
117 58
50 44
30 17
94 32
53 43
70 53
94 10
52 33
109 43
115 53
2 81
95 22
37 6
129 13
99 28
106 42
54 4
36 23
77 55
84 23
92 50
70 55
94 21
79 16
85 4
101 46
96 35
32 49
93 18
19 17
100 28
124 37
109 15
69 10
111 48
123 47
32 5
44 5
51 47
84 13
91 4
66 21
73 8
96 32
62 17
41 11
54 28
64 68
13 16
30 12
22 21
7 8
69 50
33 15
126 9
54 43
51 15
84 54
36 22
69 43
87 58
133 30
87 46
116 8
12 16
53 31
123 43
32 31
122 11
110 28
132 26
119 5
106 33
95 50
79 3
76 25
26 21
51 22
76 23
16 17
59 26
116 44
15 22
63 88
103 12
68 30
53 47
7 5
101 57
53 42
70 56
24 26
117 63
69 12
85 48
96 45
135 60
100 22
115 34
22 55
95 48
41 37
104 47
123 35
69 21
62 5
69 33
76 16
51 43
23 12
97 50
109 58
41 49
15 32
121 11
73 26
117 57
75 22
121 40
51 54
71 4
114 31
22 19
115 48
129 12
68 14
87 47
97 9
81 21
62 22
90 44
68 21
125 9
36 27
68 3
15 21
84 33
49 31
10 9
135 31
100 31
17 21
21 5
93 20
62 50
58 5
71 47
61 9
16 13
100 46
36 25
36 20
123 50
120 48
61 31
4 5
115 58
62 13
115 66
84 56
129 50
100 4
110 48
97 49
38 8
109 51
103 11
22 3
79 29
77 45
16 3
105 8
52 22
69 17
120 8
121 12
41 47
61 62
131 31
116 31
19 10
99 22
25 10
58 63
101 58
74 10
61 44
107 27
22 17
20 3
88 55
100 43
100 56
53 45
46 6
88 5
101 37
130 89
18 16
97 43
79 22
128 9
10 13
126 17
36 37
93 12
76 22
93 13
53 49
104 48
91 47
115 63
97 28
69 31
69 45
23 10
95 56
2 80
92 28
114 4
30 21
88 15
61 43
75 46
54 33
77 48
61 46
75 45
70 47
24 17
96 47
117 54
133 16
41 31
51 48
17 10
125 62
109 4
85 44
111 44
31 49
93 26
38 9
124 45
80 30
99 47
52 15
111 42
120 43
97 5
79 52
31 44
91 44
76 50
117 46
92 5
84 21
66 14
76 20
30 10
23 3
115 57
131 5
48 42
126 5
122 17
49 5
47 42
0 1
13 3
15 23
110 46
110 34
96 43
87 4
107 16
16 25
68 19
101 47
130 40
71 11
64 13
0 2
62 3
19 16
61 12
98 89
97 47
119 40
125 44
129 21
30 23
67 15
72 35
133 14
131 43
24 16
106 21
128 3
132 31
56 31
91 35
123 45
70 57
20 21
94 17
77 51
61 63
97 45
21 17
114 42
76 10
55 5
81 16
122 69
88 22
72 12
72 42
85 49
41 44
86 26
64 29
15 5
72 44
78 1
70 46
24 10
14 23
22 52
124 47
63 52
127 3
51 56
115 13
117 34
76 12
87 45
41 35
111 31
67 5
95 28
109 34
96 5
92 42
2 16
79 12
50 49
53 37
115 16
127 7
25 17
105 26
54 47
74 13
60 5
75 48
122 53
92 32
120 35
14 22
135 26
61 34
97 22
87 88
74 12
24 13
96 50
30 5
77 46
87 57
109 55
101 22
102 5
127 31
12 10
114 48
70 37
54 45
84 55
122 57
106 35
109 33
109 53
30 13
41 48
111 35
83 16
62 20
76 5
32 50
77 47
10 5
103 7
103 8
21 8
121 5
93 17
80 14
85 45
90 46
107 23
99 50
70 43
54 48
106 17
61 5
75 53
62 21
43 6
128 17
110 45
62 16
103 17
61 57
120 56
93 22
104 22
93 50
54 22
106 13
88 52
67 16
117 47
12 5
2 83
120 47
90 49
15 25
54 56
43 5
101 28
117 37
117 53
14 18
111 28
66 5
115 67
75 56
21 11
14 13
96 49
15 17
76 18
100 37
90 31
2 68
115 46
24 12
132 3
22 58
106 50
117 4
97 33
108 56
3 10
62 27
53 33
1 3
95 5
104 4
37 40
34 5
21 10
61 51
96 46
124 4
120 31
48 6
84 37
111 8
20 5
93 58
106 5
117 22
111 4
117 28
108 4
131 42
97 62
116 5
101 4
79 21
92 43
115 14
36 16
113 57
91 56
116 62
2 82
108 31
125 11
77 63
84 5
33 55
115 22
15 33
61 47
126 11
8 40
61 33
72 10
91 31
70 54
26 31
113 88
13 21
71 45
107 17
84 14
67 3
93 21
76 53
115 55
95 53
75 47
70 28
76 26
75 5
15 26
53 22
92 8
92 44
131 46
79 65
45 6
45 42
71 43
73 31
60 21
115 62
36 3
76 37
38 5
90 47
38 13
111 49
3 37
65 16
124 5
69 22
94 56
84 19
116 12
84 12
122 103
65 14
64 14
121 49
42 5
114 5
22 23
59 7
124 48
106 10
95 33
103 9
74 11
92 45
87 37
99 48
72 31
19 5
124 28
60 17
30 3
91 5
61 4
85 11
68 12
22 16
101 50
22 13
17 5
123 48
71 46
91 43
118 1
78 79
123 56
83 30
90 5
1 2
104 63
94 35
46 42
18 21
93 10
102 50
73 7
23 13
90 48
104 46
59 60
36 17
54 15
54 46
93 25
55 50
79 30
71 5
84 18
82 30
94 13
107 5
104 45
14 10
36 12
79 19
101 33
127 5
19 20
60 13
92 48
110 15
96 48
95 47
29 21
67 10
17 11
108 37
70 48
16 23
103 40
90 28
46 5
97 37
16 12
68 16
122 97
14 17
72 11
86 31
24 20
123 46
69 4
116 11
115 65
7 12
84 57
108 22
110 56
23 17
17 22
97 31
107 10
95 45
12 21
104 87
108 28
93 5
82 14
86 16
91 42
110 43
128 5
128 25
128 10
23 21
81 14
25 5
54 34
77 22
91 32
99 56
104 28
113 54
59 5
51 55
101 48
73 11
100 47
51 45
87 51
64 12
19 21
85 43
117 51
66 19
129 49
122 70
92 35
123 4
125 37
16 22
77 57
24 27
3 5
117 33
5 6
114 49
71 42
44 49
12 3
28 5
72 49
71 28
123 53
116 37
29 14
64 66
51 37
26 10
104 33
123 33
115 54
135 7
131 45
