46 27
6 22
89 36
34 24
43 40
37 11
61 36
42 4
24 9
121 56
127 92
80 59
4 14
39 23
124 94
118 96
100 62
57 45
62 37
130 62
3 13
90 37
9 12
91 57
71 34
115 100
102 14
82 4
61 5
130 112
66 43
36 19
22 8
80 48
44 41
32 9
42 40
37 33
125 78
88 38
89 34
112 40
119 113
56 4
57 34
85 36
111 25
124 82
5 14
30 20
48 19
50 20
43 8
25 17
75 19
64 37
113 30
103 41
71 6
37 40
111 36
48 30
72 6
46 40
24 21
90 65
117 111
32 14
90 35
121 75
61 27
115 29
90 43
78 39
64 43
17 21
40 33
43 14
35 18
26 24
35 14
62 44
41 15
81 65
64 61
47 49
84 3
45 23
65 36
22 3
44 24
106 18
55 8
34 23
126 99
41 39
84 7
98 9
78 60
104 27
4 25
41 25
111 8
51 42
60 30
106 26
40 6
121 117
103 4
44 9
107 62
38 23
65 37
123 102
25 8
59 35
62 43
43 10
97 10
47 20
65 35
126 80
64 48
23 8
51 39
116 83
131 130
33 31
40 17
89 37
46 33
73 61
15 1
13 10
104 45
16 14
39 26
8 17
36 21
23 11
100 48
65 29
48 40
106 41
41 42
47 40
94 3
74 5
110 37
85 48
38 13
60 27
125 58
130 110
25 23
88 50
34 39
66 28
121 90
37 34
21 9
40 7
41 5
34 42
74 15
35 40
130 44
111 48
29 43
29 47
110 40
16 22
35 41
90 50
44 4
61 38
4 24
41 27
59 64
66 22
71 35
125 61
40 28
55 9
37 46
34 21
100 30
103 65
41 32
68 7
83 64
121 115
5 10
69 4
124 69
108 14
66 39
127 104
62 29
78 50
26 15
23 21
45 35
104 60
97 1
112 41
33 27
31 12
88 65
71 36
13 21
95 8
84 5
38 46
114 104
21 12
96 45
38 22
125 79
96 60
36 4
51 8
33 26
22 13
41 11
65 31
41 28
87 4
6 17
130 64
49 20
19 12
16 6
124 67
96 57
30 25
4 10
63 49
123 103
106 42
50 23
81 45
104 7
48 37
127 83
81 48
70 41
8 23
56 58
63 47
71 33
42 26
31 20
40 23
78 38
59 44
71 22
88 44
114 107
116 90
31 10
41 26
10 5
113 48
66 14
3 17
61 22
66 32
118 115
57 58
10 7
52 13
130 28
63 58
112 50
44 34
78 29
36 14
70 28
46 20
127 53
94 9
29 4
40 25
64 65
91 43
115 48
58 32
61 49
57 41
31 14
28 21
129 104
97 12
112 38
100 57
126 89
43 7
86 47
29 37
87 47
62 46
87 45
16 23
42 20
56 59
110 63
103 38
35 19
110 4
36 30
30 7
30 5
43 15
57 38
61 39
41 22
39 9
8 21
16 8
33 20
75 30
125 110
115 112
40 12
26 21
105 1
15 7
87 58
62 36
107 48
9 11
42 27
66 23
114 75
38 17
29 23
124 76
57 48
17 11
71 4
47 7
74 11
46 21
88 4
34 6
100 61
47 10
49 14
107 64
66 41
45 36
45 18
104 50
117 44
4 20
62 3
104 20
80 45
78 40
15 13
58 49
66 50
27 21
49 15
123 92
30 32
50 21
31 27
8 12
115 61
50 42
124 122
109 6
22 15
75 76
103 47
104 3
50 15
18 21
38 9
4 33
117 49
30 3
103 50
90 66
11 1
68 13
111 41
111 46
32 11
94 5
3 8
31 28
124 68
55 21
62 49
91 49
46 9
48 20
4 13
57 66
80 58
22 14
129 115
95 13
112 45
102 13
119 62
26 23
39 19
39 33
38 32
29 7
32 17
28 20
126 84
130 33
22 12
51 17
52 10
113 4
26 3
90 63
113 60
48 21
14 19
61 32
45 17
23 9
63 44
112 3
51 13
66 30
40 26
10 0
106 5
58 43
106 4
38 50
61 43
81 61
117 100
4 28
44 49
115 49
16 17
29 50
19 8
66 27
95 6
90 36
35 17
109 21
11 5
45 26
33 24
63 38
75 34
7 11
99 31
45 33
25 10
42 8
3 6
37 14
16 12
101 26
117 60
43 39
63 35
100 44
49 41
124 54
14 0
111 40
43 34
61 47
37 31
17 4
44 47
28 4
32 24
126 88
44 21
20 19
7 6
61 6
65 38
125 111
97 14
9 8
123 75
96 61
119 44
57 29
94 13
95 3
40 22
119 122
5 21
74 14
52 3
34 33
85 66
59 29
71 7
46 19
57 39
21 1
26 22
55 5
57 60
15 3
20 7
45 15
30 19
120 96
52 11
35 3
88 58
3 22
61 23
37 27
46 4
118 116
97 0
112 63
71 21
59 63
70 24
65 41
81 60
96 58
126 94
63 20
30 17
44 8
78 61
39 8
50 24
45 24
115 58
91 37
99 62
7 12
31 5
51 24
130 113
52 6
127 67
35 42
57 44
127 77
75 49
58 28
35 50
110 49
30 49
80 57
18 5
109 11
45 50
112 32
71 31
110 47
50 27
45 38
22 7
41 21
82 6
129 127
23 12
53 4
34 19
66 42
104 29
4 3
60 35
60 7
30 34
131 31
62 47
86 37
101 40
59 48
98 8
90 62
74 6
125 59
86 62
43 25
130 63
45 34
58 25
18 4
10 14
130 122
6 5
104 37
35 22
20 17
8 19
119 64
34 20
48 25
34 3
89 66
29 40
107 35
15 12
58 37
100 37
17 12
49 24
32 7
97 8
22 0
112 33
46 28
94 14
113 61
46 31
90 61
38 18
87 57
109 9
52 19
119 91
7 0
59 62
101 8
125 64
70 8
111 60
4 23
110 50
66 45
26 12
70 42
85 63
75 77
38 27
3 24
61 34
130 19
29 34
113 62
104 5
98 3
8 24
114 115
44 17
46 13
43 18
19 3
34 31
124 79
87 44
64 47
32 25
43 24
48 49
9 0
27 12
51 10
86 64
32 22
46 39
40 9
130 66
87 66
13 14
13 22
70 6
80 36
81 50
36 17
115 113
58 39
15 6
55 7
20 6
105 0
30 28
128 55
74 7
48 47
111 37
110 39
57 35
42 18
50 14
50 34
101 39
107 61
55 19
46 24
125 48
119 61
18 11
85 34
37 8
61 40
87 38
61 46
109 19
112 46
107 50
31 4
124 104
39 7
61 25
47 30
96 66
107 63
47 46
103 26
115 78
76 4
97 6
49 27
55 14
17 10
66 60
78 27
32 39
25 11
23 6
87 65
117 76
112 48
113 63
4 46
27 22
31 3
60 25
72 5
126 87
78 48
125 49
82 13
29 36
42 19
78 47
60 36
88 43
16 3
12 0
113 29
49 5
17 3
103 48
83 45
59 66
29 8
3 26
70 17
98 14
103 40
115 28
45 20
89 65
78 17
20 12
127 94
83 57
63 26
34 32
63 37
18 9
103 39
50 33
65 60
40 15
118 84
50 31
112 30
15 10
103 37
14 21
81 36
28 14
42 39
57 47
72 3
70 4
51 9
45 5
62 57
91 45
100 36
84 15
44 50
65 30
29 6
117 91
66 44
119 117
86 4
42 11
78 43
112 36
129 103
110 46
80 29
109 22
84 0
63 30
70 33
24 8
6 11
25 22
46 5
60 45
127 96
100 66
87 43
18 14
78 44
32 15
44 39
131 89
112 39
62 65
75 35
109 10
91 29
58 24
37 10
44 32
43 28
43 6
53 3
117 33
88 29
45 49
63 40
47 15
110 35
61 8
85 50
129 106
101 7
9 13
31 8
131 103
125 76
97 7
78 45
110 57
4 31
81 66
77 63
107 65
88 57
65 48
20 0
81 59
62 35
47 25
82 3
38 25
50 8
35 32
98 11
48 39
45 41
83 44
71 24
60 33
37 41
30 11
48 31
111 57
35 31
38 8
64 4
48 4
24 15
65 32
110 41
44 22
128 104
58 23
104 41
70 39
27 8
70 18
104 26
56 38
130 50
38 49
40 24
23 10
16 11
62 4
49 4
21 11
13 19
46 11
103 33
15 8
78 22
37 39
130 29
129 130
44 35
20 18
50 49
40 39
91 65
40 13
29 25
24 19
11 7
90 57
29 49
91 63
9 5
116 75
33 14
83 29
98 0
31 18
42 9
49 7
49 17
115 77
71 49
81 44
110 45
100 45
48 42
41 17
33 19
117 112
110 44
111 33
85 45
85 43
19 15
81 64
71 14
78 46
11 13
90 29
45 31
43 3
38 47
57 31
60 44
73 64
73 66
64 29
123 72
43 30
44 26
32 8
131 127
3 27
29 41
58 66
128 89
61 48
125 77
62 60
99 58
101 20
104 18
101 27
42 6
49 39
18 22
70 23
5 13
96 36
74 8
60 13
111 26
44 48
57 50
70 21
72 13
123 115
60 40
47 24
108 6
74 1
70 32
34 11
125 91
37 42
55 11
37 20
35 25
21 0
16 10
78 34
51 23
96 63
78 32
130 58
27 5
81 37
26 18
56 57
63 39
101 19
33 7
26 14
16 4
71 40
100 35
110 65
98 1
80 61
36 33
42 23
124 53
49 8
75 36
8 18
28 24
6 19
28 15
36 39
22 6
127 99
57 8
21 3
61 4
127 103
27 19
124 109
51 27
46 49
90 4
38 21
51 4
47 43
10 6
63 34
106 21
50 41
40 10
80 50
125 60
123 53
119 48
42 15
89 61
20 14
16 19
111 39
127 75
115 65
45 48
78 28
86 35
96 38
48 26
62 48
35 24
15 14
86 50
11 0
123 109
107 29
119 28
65 47
117 64
115 76
82 5
106 22
127 72
47 19
39 12
66 7
56 35
63 3
104 38
126 81
4 22
59 60
58 47
14 10
49 26
38 33
7 19
119 110
37 30
33 25
34 8
80 60
24 17
64 63
50 48
43 22
127 102
26 10
30 40
113 44
16 24
119 112
26 17
30 22
56 61
8 22
58 46
24 18
30 23
114 54
56 37
37 43
115 110
3 10
68 6
87 48
97 5
90 46
59 38
29 13
104 6
39 28
106 9
124 102
113 43
43 13
51 31
48 7
32 10
88 66
25 4
101 5
43 17
39 31
101 6
27 6
28 6
48 28
19 5
73 31
48 13
16 21
32 21
51 6
47 23
61 18
130 78
65 40
63 50
37 24
30 13
57 25
38 43
117 58
58 45
78 36
35 6
91 4
80 64
39 14
65 57
50 9
58 35
65 23
32 6
51 20
50 26
110 48
103 61
86 65
63 31
120 117
60 21
23 7
26 19
80 37
87 50
45 43
50 37
120 75
106 32
61 35
99 64
106 15
113 66
32 27
56 50
58 3
47 21
27 20
48 41
51 18
130 77
104 61
87 64
101 21
38 40
126 109
119 59
119 50
26 7
31 13
65 66
118 119
60 18
23 20
47 11
43 49
9 14
38 7
68 4
131 51
61 24
111 47
66 46
87 61
35 46
4 27
109 12
113 65
46 42
91 44
121 83
46 32
17 8
60 20
84 9
112 49
8 13
87 37
110 42
52 7
39 21
33 22
55 10
51 11
3 33
72 4
23 4
110 43
42 28
58 41
101 15
15 5
38 41
46 8
61 26
36 23
5 17
57 61
56 48
85 4
17 19
15 0
28 9
111 45
39 18
46 10
21 10
60 42
60 24
127 90
4 26
62 32
107 45
34 46
119 115
43 9
52 5
40 11
71 42
104 46
89 60
44 20
45 4
29 5
35 26
31 22
101 13
2 5
125 29
33 17
37 19
104 23
24 3
55 3
48 33
41 12
63 7
100 43
51 25
117 57
43 41
17 13
70 13
58 44
29 20
56 63
85 30
32 18
35 23
92 3
117 50
106 13
110 32
33 13
42 13
58 26
59 36
85 65
24 14
78 66
88 47
124 99
78 26
131 71
118 99
57 32
71 48
39 4
50 43
19 9
64 44
39 10
114 31
4 40
115 91
131 104
39 27
39 5
30 18
62 66
93 4
45 13
104 24
98 15
60 28
119 100
27 13
59 45
37 25
71 46
104 49
111 30
46 3
65 63
111 63
83 58
46 23
41 4
57 24
62 30
109 5
82 14
109 0
39 3
127 122
86 57
127 82
40 27
123 95
37 4
127 69
60 38
63 60
112 66
49 13
32 26
44 43
36 8
65 28
104 13
51 14
49 31
124 95
100 47
45 42
35 21
34 28
94 8
46 15
26 11
94 6
37 47
80 62
36 18
71 28
48 9
71 26
43 23
113 36
45 8
73 60
44 33
87 29
59 50
85 44
101 42
124 75
84 21
43 27
30 33
125 122
86 30
41 14
111 50
5 12
106 3
42 22
4 7
119 29
3 7
78 49
2 3
47 41
25 21
104 33
6 12
47 5
26 13
89 48
89 35
109 14
51 32
44 28
101 3
78 23
78 37
24 23
43 31
4 41
45 40
123 104
18 15
20 3
112 37
89 43
42 14
71 43
22 11
118 75
127 79
32 33
104 35
4 17
111 31
130 60
125 66
39 24
119 63
119 60
87 60
100 4
125 117
10 1
45 7
71 41
20 22
108 4
66 19
17 7
126 2
29 27
30 46
51 46
65 45
66 20
106 23
71 8
31 23
39 22
127 95
11 10
106 27
104 32
60 43
65 39
87 30
110 29
89 63
60 26
33 3
130 111
20 4
48 18
19 10
25 3
70 3
86 60
20 9
100 38
88 64
131 107
63 29
80 38
118 94
31 15
42 3
9 10
86 36
78 18
71 13
48 6
47 39
5 0
24 7
58 31
50 5
41 7
49 40
73 44
86 58
28 25
44 19
71 38
61 41
124 73
36 26
4 18
118 83
16 5
47 18
90 44
27 14
19 14
72 7
51 34
36 13
127 73
131 109
102 6
29 30
70 19
29 3
111 28
44 3
17 14
57 36
31 24
35 33
46 25
48 3
38 14
112 58
98 10
101 4
32 20
45 3
125 19
60 15
6 10
39 13
35 34
100 29
32 4
101 17
111 35
44 15
9 6
63 24
21 7
125 57
24 22
41 19
84 13
57 43
0 1
47 28
127 125
36 27
107 38
58 38
47 17
61 66
34 9
57 3
46 7
111 38
41 18
44 46
131 115
66 25
41 23
127 76
28 10
38 19
117 122
25 14
18 10
106 24
72 8
33 8
37 15
59 4
58 36
85 61
60 46
61 30
89 30
25 6
61 3
50 19
87 35
29 35
38 31
117 29
60 29
97 11
33 9
124 103
115 66
124 56
58 17
34 40
119 79
66 4
8 5
127 101
13 11
36 20
42 17
3 25
78 41
57 40
117 62
45 30
20 11
18 13
63 27
58 27
16 9
16 7
85 35
3 19
100 50
15 9
25 20
36 43
22 5
104 8
58 20
32 28
62 58
27 17
112 44
28 11
24 4
32 40
66 3
98 13
65 44
16 15
35 30
111 4
4 42
124 96
20 21
19 6
58 34
115 64
61 33
60 17
54 4
104 40
38 3
40 14
131 74
27 25
121 96
63 28
23 14
66 36
90 49
78 35
30 6
130 57
44 40
59 61
31 11
7 5
7 17
34 10
65 24
50 28
42 31
96 65
99 61
38 24
113 64
37 49
88 48
71 20
70 26
104 25
58 4
57 37
29 18
45 28
55 6
81 62
20 10
102 3
8 6
104 47
45 21
94 15
47 3
4 6
4 19
39 15
65 46
35 13
36 6
49 3
113 45
23 5
71 23
112 65
79 4
51 41
86 61
52 15
38 26
84 19
75 39
50 18
106 14
27 18
119 57
83 62
58 42
63 43
52 0
8 11
28 17
39 25
37 26
33 4
103 49
35 48
60 49
106 17
49 28
37 28
86 63
52 14
46 26
51 49
125 65
118 56
23 18
36 22
48 43
35 8
107 36
2 7
58 48
99 63
100 65
127 93
99 60
40 31
81 63
48 34
127 109
32 19
8 14
49 23
110 61
130 49
127 31
108 13
30 14
60 22
85 47
104 14
25 7
44 6
11 6
45 6
41 24
84 6
101 24
34 4
119 77
60 39
38 34
36 24
51 40
39 20
61 45
35 39
88 63
96 62
15 11
80 63
48 32
29 22
63 48
124 125
124 92
38 28
91 30
34 14
107 58
33 15
48 27
12 1
61 21
56 44
127 56
47 6
131 16
39 11
109 4
29 33
36 15
55 0
35 7
107 59
38 20
128 97
84 14
51 26
49 12
104 36
63 25
46 6
16 20
38 39
35 20
78 4
66 47
95 4
38 42
64 36
19 13
62 34
49 9
89 62
71 32
29 46
103 29
124 101
104 22
27 24
98 12
47 33
57 28
106 20
4 47
46 17
124 108
28 13
112 29
102 7
125 50
35 9
111 27
43 5
75 31
102 5
51 5
126 73
44 31
117 59
117 113
45 22
18 6
36 44
46 14
64 35
101 41
56 66
116 96
61 7
24 11
131 97
51 15
110 66
106 25
103 57
66 34
27 3
5 11
56 62
29 19
3 31
33 28
78 25
62 41
40 19
25 13
100 60
103 32
98 5
119 33
91 38
3 28
91 62
52 12
120 56
115 59
113 35
106 49
126 107
27 7
70 25
45 19
75 23
37 22
124 84
55 13
43 42
43 20
27 23
125 100
66 38
30 21
27 10
110 38
91 66
117 65
99 57
58 18
60 48
31 7
74 10
124 93
130 117
71 17
36 3
24 20
118 73
116 115
3 14
70 12
89 50
104 4
113 50
18 3
47 32
123 31
83 60
119 65
59 47
71 44
103 43
130 79
78 20
18 12
50 32
36 38
70 31
115 122
61 20
38 15
49 6
29 48
119 66
29 44
29 45
88 45
71 19
89 45
73 58
34 22
73 57
60 3
125 115
103 63
64 66
103 42
29 17
103 34
26 27
36 48
14 12
103 30
78 30
47 8
41 9
63 32
56 47
47 42
49 33
18 8
47 27
106 39
3 39
118 104
26 20
48 8
65 43
47 13
108 8
57 33
66 21
58 33
43 21
64 58
6 0
44 23
70 7
24 10
75 79
70 9
23 22
36 35
100 63
129 118
6 21
35 28
65 61
106 33
19 21
128 109
32 5
90 45
36 28
101 46
73 63
117 77
124 72
49 11
45 25
29 24
128 98
44 30
41 33
111 42
30 10
13 0
66 29
71 50
104 44
104 39
40 18
35 49
48 15
108 7
43 11
131 98
125 63
57 49
119 78
58 61
97 13
90 34
56 64
82 8
60 31
109 8
103 36
78 42
4 5
128 31
119 58
25 5
81 57
86 29
120 90
25 19
91 60
130 100
70 40
18 7
26 5
89 57
101 18
48 46
3 11
110 31
101 22
51 19
7 21
22 9
45 37
37 5
45 39
117 19
23 19
57 4
81 35
63 36
45 47
47 26
124 83
60 4
62 63
70 5
130 91
117 115
17 5
62 45
44 18
74 9
21 14
29 39
6 13
36 40
20 8
28 22
66 48
23 17
56 65
37 17
65 50
104 30
7 13
29 14
36 49
101 9
40 21
115 33
42 24
101 11
41 40
40 3
43 19
36 50
32 23
91 46
32 13
18 19
85 57
62 38
119 49
117 78
36 37
42 5
34 25
9 1
42 33
26 9
103 66
28 18
77 57
91 48
56 45
46 22
31 25
61 31
29 42
112 47
39 6
111 34
104 43
25 24
131 52
40 8
104 48
47 34
29 32
37 23
57 63
115 50
62 61
116 56
118 121
57 42
51 22
99 66
14 11
117 110
101 32
101 23
123 54
128 107
4 34
130 48
65 42
38 5
30 24
115 111
44 5
31 21
3 40
36 42
108 5
58 29
34 49
61 29
100 34
29 28
37 6
125 28
35 47
126 85
38 35
50 22
89 47
11 12
36 34
115 62
94 19
115 44
2 8
60 50
66 49
119 19
4 43
52 21
87 62
31 9
61 44
36 9
64 57
24 12
23 3
23 13
60 6
90 30
81 58
104 34
44 27
22 10
66 40
36 32
102 4
59 57
65 4
44 7
66 18
61 17
48 23
21 13
2 4
35 15
50 3
88 35
127 68
111 32
95 7
66 8
39 17
44 37
71 25
73 65
72 14
57 27
111 61
59 58
29 21
82 7
41 20
123 118
3 21
8 7
61 37
106 28
48 14
21 5
116 117
35 37
103 45
112 61
87 63
27 11
68 5
115 63
111 49
99 44
117 79
109 7
60 34
43 46
30 4
111 3
109 13
29 26
61 28
34 5
48 24
78 8
101 25
28 8
101 49
4 30
83 61
66 17
37 13
115 57
43 33
4 11
106 7
103 3
94 12
104 42
124 31
7 10
3 5
81 38
28 23
124 77
81 29
98 7
18 0
60 32
106 6
70 22
62 50
60 37
35 4
17 15
50 46
28 3
118 103
58 8
57 23
112 42
59 37
24 5
114 103
127 54
119 76
128 115
60 47
36 46
78 3
33 23
34 7
35 43
91 47
2 6
48 5
123 124
101 10
83 66
91 35
112 35
115 19
96 29
110 36
129 75
115 60
89 4
74 12
7 22
50 17
61 50
85 29
90 48
23 15
50 30
102 8
71 39
126 86
71 30
89 58
20 15
26 6
128 103
28 19
21 15
19 7
73 62
106 19
65 8
90 47
22 21
38 30
49 18
104 17
95 5
115 117
33 5
85 62
85 60
103 60
32 12
41 8
111 43
110 60
35 5
41 3
47 31
125 44
30 26
130 61
36 47
94 0
61 19
36 5
6 14
111 29
123 77
30 39
41 10
94 21
16 18
124 115
108 3
131 106
4 39
88 37
110 58
20 13
50 39
89 29
41 6
49 42
111 65
17 0
65 49
71 18
33 10
78 33
31 6
66 35
28 7
5 22
93 3
52 8
86 44
36 7
60 41
103 46
111 44
30 15
88 61
83 38
63 45
25 15
45 44
34 26
50 4
63 46
101 28
34 15
106 31
35 27
31 19
106 10
64 45
106 40
106 11
130 59
17 9
63 66
80 65
112 60
42 21
5 19
19 1
65 3
70 11
20 5
124 90
127 84
27 15
29 38
66 26
16 13
127 108
4 8
27 4
45 27
48 17
113 58
56 60
34 27
117 63
85 46
25 9
11 14
43 4
48 22
112 57
42 32
44 42
90 60
50 7
22 19
119 111
42 12
61 42
19 11
56 36
103 35
28 5
85 38
91 36
85 58
44 25
78 31
45 46
37 18
75 78
37 32
64 62
26 4
83 59
71 3
58 60
109 3
107 44
40 20
94 7
51 3
92 4
55 12
112 34
107 57
90 38
130 76
33 18
49 10
98 6
34 17
49 32
3 20
110 34
70 14
83 63
66 31
86 66
77 58
36 41
74 13
50 6
86 38
42 25
90 58
63 33
27 9
78 24
47 14
107 66
89 38
28 12
110 26
89 44
99 65
63 41
110 3
21 6
96 59
60 19
51 33
91 61
66 24
75 43
101 31
118 120
118 90
42 10
55 15
31 26
51 21
42 7
33 11
103 44
70 27
65 34
63 4
30 31
49 19
24 6
114 89
50 40
71 15
110 33
49 25
131 55
13 12
60 5
74 3
101 14
45 32
65 27
8 20
34 41
10 13
40 4
112 43
58 30
65 58
91 34
4 49
37 9
49 22
49 21
9 7
91 50
65 33
86 48
114 95
56 29
47 22
103 31
65 25
111 66
17 22
34 18
7 14
96 64
74 0
88 36
29 31
64 50
71 47
30 27
30 42
88 30
38 6
57 26
32 3
26 25
128 17
64 38
33 12
83 36
84 8
125 113
65 26
63 61
111 58
30 9
26 28
50 25
101 33
37 7
30 41
41 31
70 10
104 28
47 4
21 8
66 33
38 4
125 112
115 79
80 66
4 21
100 58
59 65
61 60
127 115
80 44
46 41
10 12
117 66
46 18
107 60
85 37
110 30
106 8
17 6
130 65
28 27
51 28
37 21
70 15
63 42
3 23
3 12
43 32
88 62
104 66
31 17
68 3
41 13
125 33
26 8
57 30
63 8
71 27
33 21
32 31
87 36
52 9
120 83
36 25
83 65
45 14
38 37
29 15
84 12
86 45
104 31
117 28
62 42
40 5
50 13
120 115
126 90
109 15
71 37
131 33
103 58
130 115
5 6
33 6
37 3
112 4
63 23
113 57
25 12
43 26
47 9
57 46
91 58
8 10
66 37
58 40
68 8
60 23
51 7
70 20
24 13
34 13
19 0
64 60
80 35
30 8
50 47
88 60
68 14
71 5
125 62
86 43
38 48
17 18
58 50
117 61
64 30
117 48
36 31
67 4
