155 92
165 14
21 14
82 67
57 1
191 79
43 6
26 25
118 50
17 7
102 13
80 1
162 16
74 2
107 23
67 1
74 34
132 19
155 20
169 19
49 56
152 79
99 69
169 1
205 22
165 16
19 15
89 3
116 59
203 4
50 36
101 15
111 22
63 8
90 7
183 1
34 6
184 3
175 14
42 48
187 37
124 72
27 8
35 6
161 19
38 25
106 25
101 3
188 12
106 3
71 6
12 16
150 19
2 8
52 31
31 16
57 78
39 3
21 4
20 1
184 1
46 4
88 9
139 6
177 19
205 4
33 4
166 1
129 19
101 25
73 2
114 6
107 24
144 2
164 42
152 68
196 8
192 6
198 20
103 18
78 2
103 1
197 204
4 8
132 1
185 1
70 8
151 16
124 6
14 1
208 13
102 2
124 19
76 27
146 20
131 68
102 12
209 1
197 183
18 11
206 16
129 12
78 92
127 79
101 23
84 24
162 14
103 6
88 13
44 1
179 11
176 20
38 13
165 40
137 1
89 15
10 11
121 13
7 15
197 41
20 11
68 23
116 84
90 12
46 12
107 25
106 15
177 1
162 35
183 46
134 11
73 20
162 4
118 51
109 22
99 67
26 2
16 6
18 8
181 15
99 68
45 8
104 2
0 17
109 9
37 9
136 1
101 20
33 9
150 22
59 1
68 25
161 4
75 1
116 129
118 62
96 93
179 37
173 9
201 69
150 25
29 48
85 24
96 6
164 45
163 20
21 6
137 6
38 3
101 29
162 23
127 1
38 11
103 13
53 78
130 45
83 1
108 19
86 16
75 2
110 3
187 25
88 3
42 9
184 20
100 3
179 166
202 11
121 2
133 93
102 6
109 23
14 6
203 20
104 19
116 65
129 25
44 9
143 15
41 42
177 17
177 7
202 42
166 8
198 14
175 34
175 8
197 110
187 1
197 124
144 11
115 12
124 2
179 40
103 3
37 6
176 4
3 4
32 27
42 15
165 25
105 12
20 14
47 48
161 22
42 11
156 3
194 79
119 69
194 14
87 24
88 27
176 19
197 157
26 14
134 9
41 12
87 8
205 16
165 44
38 19
92 15
112 6
63 24
151 2
50 30
63 6
180 69
29 36
88 30
90 19
29 1
70 27
81 10
21 22
11 15
194 15
122 6
166 29
118 146
81 7
204 3
63 9
199 25
139 1
109 3
82 68
202 22
93 9
68 14
138 30
154 3
36 1
70 19
103 17
4 15
159 20
116 124
156 7
75 12
151 1
202 25
17 1
197 125
115 6
31 11
177 2
168 8
47 14
91 72
85 18
179 4
68 3
189 13
27 9
75 34
81 2
89 42
166 12
116 128
147 16
68 13
118 60
116 123
156 2
202 6
193 4
31 27
103 106
2 1
183 8
84 12
187 45
91 20
165 1
27 15
140 2
164 6
19 1
101 1
130 66
95 7
172 20
52 67
74 12
140 6
191 32
105 3
182 2
112 25
121 19
197 160
101 19
71 32
71 67
131 32
85 12
7 11
89 19
70 9
132 48
97 16
192 16
52 32
32 31
162 37
183 6
41 34
0 8
22 15
133 92
88 16
110 4
0 1
176 12
150 4
98 1
85 34
177 20
67 79
20 8
156 13
137 7
173 15
183 25
5 1
150 23
116 36
17 6
29 27
206 3
165 43
144 22
162 12
125 13
194 5
165 46
196 22
38 1
82 32
147 4
41 45
97 93
36 28
157 158
101 9
26 16
174 12
85 37
112 22
174 16
155 6
111 13
14 4
118 59
156 6
12 14
75 3
17 18
162 6
143 19
166 30
115 1
98 93
177 8
41 22
107 3
82 45
176 2
21 1
68 11
155 1
196 12
186 25
164 1
32 45
96 86
99 42
147 40
135 46
71 1
121 15
118 54
135 18
145 42
147 14
134 14
172 2
8 15
100 6
84 16
196 37
38 8
80 25
36 9
147 1
26 4
98 6
110 16
14 9
144 25
99 79
165 42
112 14
76 31
143 5
92 9
200 6
153 45
192 15
103 12
52 28
69 45
93 11
148 45
45 4
97 72
91 93
122 29
81 4
47 6
197 85
202 18
19 8
32 6
150 11
197 47
105 16
63 14
88 25
111 6
186 45
21 8
67 6
31 15
168 17
79 42
196 25
143 13
150 16
166 9
127 6
135 22
191 25
110 23
197 123
138 25
151 4
87 18
62 6
107 9
9 14
188 43
175 16
116 110
11 16
194 20
161 20
158 6
34 16
40 8
106 86
90 20
193 25
193 19
24 20
97 2
97 92
105 25
176 29
195 6
115 114
71 42
88 28
21 24
190 6
166 6
49 57
106 19
92 16
89 5
140 7
79 66
189 3
197 173
208 3
122 36
154 6
17 34
173 7
197 181
21 25
96 1
62 30
147 12
189 20
172 19
21 9
74 13
188 11
87 22
197 101
111 3
136 6
153 6
113 15
18 1
168 2
207 42
144 1
87 45
193 1
147 8
100 20
201 67
9 6
109 1
118 147
197 149
3 14
96 3
87 42
144 13
33 13
124 16
205 2
4 14
19 9
179 44
177 9
157 6
203 2
206 2
88 23
123 1
108 4
112 2
135 14
151 25
169 20
22 6
38 30
7 8
38 14
188 34
7 4
96 92
40 1
19 16
129 20
89 20
124 92
87 14
111 4
196 11
116 127
101 11
108 23
109 20
173 13
141 32
170 12
116 91
61 78
2 4
7 9
33 35
115 20
102 3
202 9
90 13
78 1
200 22
89 13
116 64
108 2
170 7
158 1
179 16
158 93
104 16
78 3
124 13
142 20
45 15
107 8
166 25
37 1
103 8
160 1
40 6
187 44
183 43
120 1
84 14
193 11
41 43
151 20
189 1
17 12
135 25
182 6
40 9
148 42
80 45
199 4
107 16
136 19
180 67
203 23
100 2
187 34
79 69
71 66
89 8
198 16
87 6
138 32
207 45
181 13
72 6
173 5
97 3
197 187
42 1
3 6
41 11
46 14
98 25
113 48
179 46
32 29
27 6
106 2
23 1
142 1
203 1
103 14
164 68
98 12
205 12
113 6
125 86
62 1
150 2
209 13
201 6
146 16
197 62
0 9
49 58
44 8
116 119
26 11
189 2
191 68
187 14
186 68
52 36
88 1
81 19
37 15
179 6
146 1
187 22
106 1
68 12
49 53
141 25
149 6
131 69
4 1
198 2
78 15
101 18
180 42
169 12
91 92
188 8
102 20
96 19
174 15
59 78
49 50
97 13
204 13
99 1
78 72
197 108
99 25
161 11
13 1
85 11
147 44
166 16
198 45
22 1
168 12
84 11
63 2
116 55
15 11
88 2
41 18
138 45
204 1
49 54
122 31
168 7
93 16
38 32
101 13
31 9
41 16
202 45
146 25
144 3
134 48
116 122
133 15
69 32
115 15
108 11
93 4
124 20
88 6
178 7
14 16
16 4
191 6
34 14
139 12
15 16
133 16
198 7
112 4
115 19
161 23
197 106
179 25
135 44
147 6
186 67
159 6
0 6
168 3
16 11
111 1
35 4
112 13
53 6
91 3
173 3
98 72
26 8
197 159
183 9
162 13
85 45
37 11
186 1
22 9
79 6
163 12
143 4
116 52
113 2
186 66
17 23
50 29
116 39
161 1
179 1
194 9
155 2
206 25
177 13
176 15
76 77
162 25
116 131
188 14
49 61
162 20
188 18
26 22
50 67
78 13
78 93
120 6
163 2
43 1
158 3
178 12
50 32
207 66
162 2
7 1
105 13
135 4
121 12
3 16
31 6
79 68
83 9
167 6
157 1
62 27
197 0
39 2
109 25
45 48
33 36
121 40
36 11
38 28
26 9
35 16
116 125
136 13
9 16
101 4
101 16
33 14
116 17
202 16
144 9
33 2
150 6
201 25
97 20
151 6
88 11
24 6
85 14
179 42
111 16
120 37
185 48
198 3
47 11
194 3
171 6
182 3
94 1
17 29
182 13
144 23
35 9
175 25
18 15
95 12
34 15
112 20
40 14
166 24
162 15
13 8
24 7
60 6
196 14
82 25
51 6
89 4
193 24
168 5
197 107
112 8
85 43
44 15
108 20
16 1
168 4
81 5
104 92
180 1
26 31
161 12
172 1
35 1
173 2
119 6
80 66
67 25
70 11
33 25
124 3
173 16
64 6
85 6
161 3
22 14
153 66
165 11
168 15
182 9
185 11
110 25
64 9
144 19
74 19
201 32
107 6
81 9
87 4
83 34
36 8
135 34
137 12
138 67
198 6
199 20
103 105
12 15
33 1
209 20
12 8
0 3
112 12
60 78
145 66
52 27
133 86
187 11
177 10
190 19
194 7
206 22
182 1
81 11
104 6
176 16
21 13
190 2
33 7
68 9
193 22
88 14
125 12
161 16
79 32
84 6
91 12
104 3
85 16
38 29
175 18
116 115
106 92
179 34
86 15
103 97
102 7
151 11
139 13
97 19
26 13
197 87
106 20
89 9
19 4
36 32
91 16
203 14
12 6
200 8
100 13
46 11
154 19
167 19
182 24
52 10
87 40
108 3
0 12
70 3
125 92
170 6
34 9
198 12
24 1
109 16
112 3
182 11
162 7
179 24
193 9
138 69
116 126
197 175
147 24
44 6
182 12
202 24
78 16
15 9
140 3
33 34
145 45
179 45
84 3
205 25
201 42
191 1
98 19
192 48
160 6
166 4
70 1
187 18
73 3
198 42
55 78
118 75
195 66
9 11
116 51
46 15
91 86
136 3
26 6
166 14
2 14
202 12
105 6
67 32
38 16
78 86
169 2
166 23
41 37
87 34
197 89
150 3
159 24
97 12
109 19
132 114
69 42
19 14
34 4
144 20
136 7
126 78
101 7
26 24
56 78
0 2
18 6
61 1
161 6
176 1
59 6
139 19
127 45
197 115
146 22
104 72
175 4
94 20
112 11
193 8
36 48
204 6
109 4
102 1
118 150
172 7
208 20
178 19
26 12
129 4
110 9
165 24
89 18
199 12
142 13
0 10
202 44
87 43
86 14
121 6
197 1
50 10
190 1
140 13
188 6
118 26
60 1
135 37
129 9
185 9
199 14
15 6
141 1
2 11
158 25
42 16
33 27
65 6
175 43
163 3
135 1
187 8
12 11
125 19
109 11
63 1
31 8
40 15
209 12
98 86
202 37
89 12
12 1
131 45
183 44
63 23
166 19
148 46
17 14
17 16
70 6
5 12
170 20
184 6
42 6
116 118
119 67
99 45
146 4
197 109
74 6
199 11
158 12
33 37
142 3
104 1
66 1
207 25
22 11
206 24
112 9
184 12
168 1
127 66
197 191
33 12
41 9
21 11
92 4
17 3
31 28
118 52
124 12
180 45
202 34
205 3
98 16
194 12
116 38
168 13
88 29
192 9
35 15
58 1
104 20
43 9
175 45
159 25
49 64
137 2
179 88
49 65
174 1
71 45
0 20
84 4
67 45
187 40
92 8
70 23
145 67
153 42
127 69
109 2
203 19
198 18
174 48
105 92
146 11
135 6
199 6
139 3
87 44
21 2
101 37
206 11
197 168
45 6
197 177
197 104
26 29
151 24
118 55
83 8
198 11
95 2
90 1
161 8
181 114
47 1
133 2
45 16
80 42
78 20
56 6
197 185
206 6
151 19
176 13
111 19
131 206
107 14
138 68
151 3
147 11
39 19
143 1
132 6
155 19
89 45
11 4
124 86
54 6
11 8
83 25
115 2
74 20
70 25
94 6
141 67
179 22
96 25
134 1
41 40
194 8
189 19
118 61
29 34
105 20
143 8
49 59
128 1
168 10
203 3
199 9
140 1
174 6
81 20
197 103
179 14
29 28
183 4
197 151
146 19
69 6
27 1
183 88
17 25
12 9
66 69
33 16
118 145
111 24
97 1
118 152
194 13
193 16
74 3
118 148
63 20
150 13
47 12
119 42
205 11
197 174
129 1
191 42
33 38
197 143
147 25
4 11
185 8
27 4
116 133
91 25
66 32
165 88
135 11
106 72
197 113
112 19
87 37
161 2
71 25
8 11
130 25
83 37
85 46
108 14
145 32
198 1
72 1
41 4
96 72
69 1
159 2
69 66
202 8
63 12
174 11
17 37
104 13
197 83
197 132
26 20
105 93
179 43
72 9
199 16
150 20
189 6
198 15
197 202
139 7
155 93
33 6
197 192
9 8
10 15
135 43
173 10
81 12
41 14
125 15
31 32
167 12
188 42
197 188
66 42
0 18
208 19
13 4
134 12
33 31
192 11
197 182
58 78
118 151
144 24
95 1
197 133
146 3
71 69
44 16
193 12
10 1
2 6
3 11
141 66
135 12
111 2
168 6
182 19
194 19
165 8
107 20
146 2
140 20
63 25
67 68
2 9
181 6
9 1
82 66
22 16
196 1
196 42
11 9
185 6
150 1
83 12
188 44
81 76
154 13
196 24
85 25
158 15
39 20
194 6
142 19
9 4
4 16
20 15
46 6
181 3
206 14
154 1
183 12
192 12
87 12
143 20
152 1
68 19
122 30
173 18
84 22
129 3
41 8
177 11
116 56
194 10
118 144
159 16
196 6
116 117
73 7
3 9
24 19
131 66
31 36
64 78
26 27
154 2
176 14
208 1
207 79
109 8
25 1
130 42
12 4
94 2
175 44
110 22
38 6
147 42
132 12
166 13
103 10
145 79
64 1
148 66
167 3
176 23
106 93
164 25
117 6
107 11
103 15
193 20
159 9
108 16
172 3
180 66
123 6
70 20
204 12
121 3
182 25
131 1
63 22
165 22
79 25
84 20
198 4
103 11
49 51
3 1
146 12
87 16
194 17
206 9
143 11
31 30
31 12
83 42
35 8
65 78
87 46
146 9
39 6
186 32
31 29
5 6
83 24
89 16
100 1
74 1
11 1
96 13
152 32
68 6
187 46
197 135
203 16
187 6
43 16
182 22
144 16
110 6
205 9
38 12
141 79
24 2
68 22
165 4
16 14
136 12
95 3
162 9
110 2
164 32
75 13
118 58
198 13
116 113
134 6
175 6
86 11
188 9
111 8
197 200
171 1
174 4
107 1
0 16
186 6
196 16
68 4
182 14
180 6
194 18
103 16
21 3
110 12
197 76
197 150
44 4
110 1
196 46
124 25
132 15
206 13
193 13
130 69
24 13
84 8
132 13
62 31
179 9
202 1
116 132
152 6
135 40
116 121
147 22
97 25
155 15
118 112
172 13
82 79
82 6
141 69
176 11
197 193
180 79
0 14
17 4
198 8
197 195
126 6
32 28
197 171
0 7
13 15
197 97
44 142
169 3
177 18
93 1
89 11
173 1
199 23
4 6
195 42
68 24
35 14
92 1
185 14
200 14
111 14
32 36
182 16
148 1
88 8
106 16
85 1
158 92
31 14
199 22
81 16
193 6
181 12
187 4
94 19
166 3
167 1
36 14
21 23
169 6
87 9
206 23
83 11
138 42
43 4
61 6
88 31
109 6
208 6
129 13
143 10
114 1
183 16
3 15
176 25
110 20
32 68
180 68
29 12
151 23
11 6
209 6
118 126
93 14
129 23
46 16
83 6
129 11
188 37
96 2
204 19
27 11
139 20
130 1
113 12
44 14
25 6
10 8
197 196
133 1
187 42
141 68
95 6
74 18
152 25
182 8
81 8
100 19
171 158
178 6
39 12
115 3
137 13
50 31
135 24
150 8
173 8
29 30
129 2
118 53
113 3
75 40
103 7
183 24
26 30
177 16
32 30
32 66
119 66
112 1
72 16
198 17
159 22
197 201
50 6
46 9
196 40
108 8
177 5
119 68
63 4
101 34
197 63
166 27
168 11
7 16
15 8
33 23
18 4
52 71
159 23
152 67
184 7
84 1
20 6
32 42
200 12
201 46
198 10
78 12
83 4
84 13
83 40
143 7
45 11
99 66
195 45
152 45
79 1
145 25
156 1
138 66
113 114
161 13
147 9
160 42
45 9
117 1
84 23
179 12
125 16
36 4
89 17
183 34
83 14
183 18
131 25
85 8
90 3
127 25
110 11
155 25
199 24
109 24
88 12
110 8
133 25
148 6
124 93
42 14
161 24
172 12
109 13
31 1
62 77
38 9
88 4
151 14
191 67
52 1
106 13
159 13
198 5
50 28
134 15
14 11
108 12
119 45
79 67
81 17
26 23
196 45
122 32
103 20
204 15
54 1
38 31
7 6
22 4
80 67
166 11
151 8
162 1
197 205
73 1
98 3
178 2
70 32
86 6
70 22
21 12
176 18
43 8
177 6
107 19
133 20
104 15
173 17
130 68
175 12
127 67
193 23
13 11
36 12
144 6
190 20
139 2
19 11
37 8
140 19
86 4
130 6
63 16
162 29
101 6
133 13
95 20
108 25
66 25
154 12
56 1
36 29
33 30
177 14
26 3
198 9
108 24
208 2
72 8
197 23
51 78
113 19
68 16
97 86
67 69
197 141
138 6
202 4
20 16
170 3
83 44
85 22
17 19
24 3
96 16
155 86
115 48
178 1
80 32
40 4
90 6
119 25
143 2
167 7
97 6
81 13
145 68
175 11
112 16
34 11
113 13
201 45
205 14
173 20
101 12
187 16
201 68
188 24
182 20
45 14
70 31
175 22
146 24
163 6
125 93
199 2
131 67
181 1
200 1
63 11
45 1
164 79
43 15
147 34
111 11
142 6
96 12
67 66
13 14
89 10
190 13
143 12
174 14
133 12
185 15
75 19
36 15
47 16
207 67
128 6
181 20
63 13
154 7
39 1
37 4
27 16
198 19
205 1
67 42
164 66
105 2
118 65
108 1
103 2
68 1
7 14
151 12
91 2
122 1
40 11
72 4
176 7
105 86
66 68
170 13
36 30
158 2
177 12
127 42
207 69
26 32
183 14
193 3
110 19
159 12
159 19
188 22
83 18
106 12
197 194
112 24
199 8
178 3
33 29
63 3
159 1
162 11
153 1
74 40
201 1
17 11
84 2
83 16
36 31
107 22
191 66
17 2
36 27
138 1
165 45
162 18
155 13
17 15
110 14
155 12
50 1
207 68
46 48
163 7
72 15
195 46
98 20
95 13
87 1
205 23
8 14
206 4
200 11
202 40
104 25
13 9
136 20
32 1
185 16
26 19
136 2
118 149
168 16
109 14
66 67
196 44
150 24
85 44
116 120
188 25
197 21
32 69
196 18
101 2
137 20
118 70
70 13
179 8
180 32
158 19
74 7
193 2
103 4
8 142
203 12
38 24
165 166
110 13
0 11
116 53
116 130
107 2
192 14
107 13
209 2
46 1
70 29
116 60
42 4
184 13
52 6
105 19
163 1
197 153
152 66
111 25
84 9
43 11
197 111
173 4
159 3
3 8
95 19
116 105
147 46
75 6
116 33
118 57
166 28
146 8
140 12
38 23
15 14
106 6
130 32
47 8
17 20
168 9
83 46
73 13
183 166
116 61
81 3
154 20
185 12
112 23
80 6
200 48
197 199
115 13
170 2
72 11
43 14
195 1
183 37
200 9
85 42
150 12
209 19
33 20
107 4
23 6
93 6
141 45
33 15
146 13
91 13
119 32
107 12
194 2
71 79
188 1
147 18
34 8
90 2
205 8
78 25
116 58
187 12
197 198
203 11
81 6
184 2
8 4
0 13
11 14
86 9
51 1
206 12
137 19
92 14
146 23
26 28
203 24
132 2
133 19
197 91
103 91
121 20
85 9
9 15
49 62
70 30
121 1
165 18
203 13
41 6
96 15
155 72
42 8
42 12
169 13
98 15
44 11
125 6
163 13
86 1
173 14
175 46
166 20
186 79
91 15
10 14
96 20
197 98
205 20
191 45
197 203
193 14
158 72
129 22
82 42
83 43
175 42
187 43
151 22
200 4
81 1
16 15
159 4
180 25
144 8
87 11
125 25
196 43
89 6
129 14
197 46
78 6
209 7
202 14
80 69
16 8
203 6
135 16
173 19
167 20
103 19
188 4
24 12
33 18
125 20
129 24
143 14
52 29
125 1
197 81
38 20
63 19
194 4
125 3
71 68
164 69
134 8
8 6
205 19
16 9
103 104
45 12
173 11
141 42
108 6
28 48
99 32
41 24
103 9
150 14
179 18
144 14
79 45
132 3
203 8
194 11
70 16
92 11
84 19
183 22
143 9
21 16
143 3
134 16
17 9
135 42
159 11
28 30
66 6
80 68
122 27
183 42
144 4
158 13
199 13
187 9
41 25
38 2
39 13
134 4
70 28
205 24
54 78
176 35
160 66
204 2
165 12
98 92
203 22
21 20
103 98
129 8
147 37
177 15
196 34
197 99
19 6
88 22
75 7
94 13
8 16
111 23
113 20
166 31
188 45
135 9
164 67
88 20
13 6
40 16
155 3
174 8
89 14
38 4
159 14
181 2
0 4
62 161
156 19
116 54
8 1
192 4
55 6
49 60
75 20
151 9
199 3
91 6
137 3
78 19
81 18
20 4
192 1
146 14
169 7
167 2
197 165
133 3
204 20
152 42
185 4
175 40
57 6
158 86
66 45
118 56
183 45
145 1
15 1
119 1
162 34
135 45
33 3
129 6
111 9
126 1
85 40
173 6
105 1
94 3
176 34
166 2
111 12
162 3
203 9
144 12
17 35
145 69
176 37
34 1
70 12
176 3
97 15
16 142
113 1
86 8
152 69
49 52
10 6
158 16
206 1
197 75
172 6
35 11
29 6
104 86
168 14
165 34
153 46
188 16
207 6
0 15
165 6
82 1
49 63
68 20
93 15
197 158
131 42
105 15
209 3
32 67
62 48
176 6
81 14
47 4
108 9
65 1
104 93
68 8
37 14
29 18
41 46
158 20
22 8
2 16
156 12
125 72
98 2
70 2
50 71
151 13
156 20
177 3
46 8
18 14
85 4
155 16
122 28
41 44
47 22
184 19
207 1
58 6
166 32
188 46
141 6
89 7
93 8
160 45
53 1
0 19
69 67
183 11
49 55
18 16
199 1
168 20
39 15
13 16
131 6
165 9
206 8
181 19
202 43
69 68
10 9
2 15
168 18
196 9
205 13
70 24
124 1
190 3
196 4
143 18
38 22
176 9
170 1
70 4
197 82
18 9
109 12
175 24
170 19
33 11
173 12
84 25
81 15
108 13
147 43
174 9
89 1
105 72
197 74
166 22
88 32
133 72
127 32
32 25
111 20
203 25
0 5
206 20
135 8
41 1
163 19
133 6
99 6
27 14
161 14
73 19
147 45
178 20
98 13
197 105
127 68
143 16
194 16
150 9
21 19
183 40
159 8
103 96
161 9
143 6
175 37
192 8
73 6
50 27
88 19
162 19
89 2
101 35
194 1
82 69
197 179
72 14
129 16
149 1
55 1
175 9
47 15
10 4
167 13
146 6
186 69
206 19
36 6
200 15
101 14
182 23
201 66
87 25
116 23
188 40
161 25
145 6
181 48
125 2
47 9
8 9
4 9
197 96
118 64
124 15
20 9
108 22
168 19
182 4
14 15
10 16
199 19
175 1
15 4
83 45
187 24
91 19
138 29
205 6
191 69
143 17
177 4
36 16
202 46
186 42
26 1
70 14
207 32
31 48
104 12
116 76
116 50
92 6
132 20
73 12
75 18
200 16
33 19
39 40
68 2
165 37
83 22
110 24
102 19
178 13
38 27
17 13
160 46
103 5
52 30
37 16
88 24
69 25
14 8
91 1
31 4
142 2
185 22
