29 45
107 64
12 71
98 56
18 55
92 36
53 64
17 61
32 4
63 35
72 13
34 26
75 64
126 51
50 15
19 27
93 35
130 56
106 35
66 12
59 40
79 56
89 13
129 19
18 40
90 18
93 22
120 17
130 51
119 17
18 29
105 91
94 56
121 8
93 8
105 52
77 28
72 12
12 15
101 52
13 9
12 49
52 54
121 56
13 15
121 55
77 21
19 44
72 8
17 21
125 51
105 106
56 15
0 2
105 65
122 12
126 13
112 18
11 17
84 62
50 13
80 40
107 61
105 109
80 65
111 51
91 31
66 19
85 7
93 13
107 29
54 12
93 14
56 17
74 38
75 0
84 87
63 21
114 46
101 17
115 19
131 18
88 26
83 16
129 51
17 45
29 0
98 52
84 14
59 58
110 54
12 9
15 8
79 54
89 36
94 12
119 55
116 16
105 84
59 36
112 17
100 16
86 5
96 0
116 13
63 37
76 4
53 13
118 65
32 47
67 30
77 54
130 55
98 19
78 26
99 16
90 67
54 43
18 12
85 49
89 61
65 15
29 5
89 37
108 13
122 52
93 25
110 51
12 3
54 40
104 85
93 27
83 14
124 23
20 21
52 37
86 13
112 13
81 34
127 128
115 12
63 13
110 52
76 57
18 65
53 19
105 32
105 108
60 36
11 18
60 21
107 30
20 26
18 45
15 9
55 45
103 26
116 0
54 70
114 12
18 49
76 49
126 55
118 23
13 57
13 14
67 68
85 35
18 58
29 44
96 31
125 18
85 71
57 33
56 45
56 65
86 28
40 9
96 58
60 57
94 17
86 25
122 19
60 30
67 21
105 29
12 0
17 54
98 17
90 53
14 7
106 70
72 15
112 52
127 43
54 65
0 9
29 35
12 70
53 29
40 45
40 42
122 54
119 51
65 71
53 30
29 30
13 42
8 5
85 10
85 14
55 13
76 9
32 64
85 27
126 17
51 74
118 19
32 35
116 19
63 57
8 6
29 68
67 35
32 38
63 15
59 35
92 13
77 17
111 17
32 49
0 5
56 13
29 70
81 32
19 71
40 10
118 25
77 32
78 13
11 0
54 13
93 64
17 19
8 9
59 13
59 12
90 20
85 5
99 0
29 46
20 13
73 26
85 32
32 16
107 62
107 32
100 53
66 13
14 9
60 32
12 10
18 15
13 5
50 8
91 65
13 16
60 62
130 53
51 58
82 30
98 51
100 17
86 30
59 54
51 19
40 6
93 16
0 3
86 35
16 49
120 53
105 92
29 47
73 74
105 89
13 30
11 15
56 12
115 18
29 27
65 49
55 18
66 56
82 32
120 19
76 8
40 48
127 47
107 13
112 56
56 70
105 85
51 55
32 14
72 18
126 54
127 89
90 29
12 36
52 55
121 51
94 52
125 54
17 46
19 13
32 0
86 29
127 46
54 32
79 17
54 55
131 17
121 17
55 19
28 33
118 54
107 21
14 10
51 61
130 54
121 54
13 4
101 18
104 74
17 31
89 31
59 31
54 30
112 12
52 18
86 32
75 14
59 64
115 53
63 29
65 16
123 53
105 51
67 58
58 33
50 19
112 51
55 40
131 19
76 1
94 53
51 62
96 14
29 71
54 68
18 74
99 8
59 19
121 15
56 19
59 18
18 64
123 54
79 55
67 26
106 71
131 53
76 3
51 35
118 24
93 0
84 57
116 12
53 40
75 62
53 27
78 25
53 49
77 19
88 31
50 18
76 42
19 17
14 4
52 40
117 53
126 0
67 32
51 31
129 17
126 12
105 20
114 18
60 13
121 19
51 12
114 65
52 15
19 15
17 32
51 40
52 65
53 32
75 13
77 35
32 5
59 28
76 5
123 55
120 55
52 30
124 32
90 92
76 41
52 12
34 23
51 27
110 13
56 43
32 7
59 63
29 43
12 6
18 35
81 78
90 91
126 16
20 25
89 24
98 53
85 70
19 46
18 21
86 23
81 82
125 52
117 56
50 51
86 87
121 18
131 13
122 18
34 25
100 14
102 74
106 68
51 45
52 61
53 62
121 52
56 71
107 60
65 70
66 52
12 30
83 69
75 8
51 17
55 35
93 10
119 19
101 54
0 8
34 35
67 64
77 55
126 53
17 13
124 74
63 64
105 34
17 57
34 24
13 41
113 74
54 29
81 85
93 23
106 15
100 8
18 54
54 17
78 23
59 62
118 18
124 22
59 65
99 14
53 15
55 70
111 56
105 107
17 43
118 59
40 41
118 106
63 61
75 31
54 46
56 55
52 36
81 84
105 59
53 57
55 47
13 49
90 28
13 10
111 19
100 55
95 74
86 24
111 54
126 56
86 31
122 51
40 1
18 19
107 63
60 64
39 30
63 62
79 19
119 13
110 55
53 54
15 10
8 7
17 74
56 40
78 36
93 24
119 54
12 16
59 21
77 12
67 28
96 13
17 30
116 14
101 19
129 12
0 10
60 61
81 29
32 62
55 12
114 40
19 40
51 47
94 51
90 89
85 68
101 51
75 12
118 114
118 17
18 61
0 7
77 65
20 27
63 30
12 48
130 18
21 33
125 17
117 55
86 61
118 108
76 10
55 43
59 55
126 8
40 46
50 54
53 65
107 57
29 8
53 18
89 14
15 7
17 40
60 28
20 32
121 53
53 55
19 35
93 62
104 40
13 48
59 32
131 52
89 30
104 29
120 51
112 53
110 53
77 64
29 28
53 35
19 49
123 17
90 19
89 23
55 46
123 51
75 28
106 14
78 31
119 12
17 58
54 18
99 18
116 17
125 56
56 68
18 30
124 31
29 7
112 54
99 51
69 38
126 14
89 32
76 2
115 13
108 40
51 28
13 1
96 12
85 15
79 51
116 8
83 87
29 21
89 26
100 51
92 12
52 19
89 69
115 15
59 30
89 5
12 8
117 52
60 35
105 75
66 55
32 8
79 52
54 49
93 58
52 60
85 4
32 71
16 5
75 21
65 68
77 40
15 2
114 19
100 54
82 62
18 17
123 19
52 64
52 58
17 18
32 70
13 8
18 32
72 0
75 30
118 53
55 32
77 18
67 37
29 10
114 35
55 65
13 58
84 8
55 54
54 44
93 31
90 93
82 97
131 56
16 6
77 29
90 51
66 53
118 77
86 58
52 28
17 12
118 56
51 44
119 53
127 29
99 19
34 37
104 32
51 65
8 4
19 47
118 55
56 54
14 5
86 22
29 62
105 96
100 18
86 69
16 3
101 56
90 32
11 12
130 19
13 3
117 19
92 14
129 13
110 18
86 4
116 15
75 35
66 18
125 19
11 14
53 45
95 26
85 97
99 13
75 57
51 46
114 55
100 19
94 18
85 62
51 29
93 12
131 51
14 3
105 93
14 1
51 13
105 78
86 64
84 16
59 60
118 52
105 40
51 30
104 14
107 36
114 68
12 5
124 24
101 55
8 2
53 68
83 64
18 71
76 15
17 28
96 15
13 36
17 47
11 8
13 6
118 51
116 51
111 52
67 27
56 32
76 58
51 54
20 30
40 43
11 13
60 58
123 13
56 18
72 19
15 49
76 7
29 32
78 35
111 53
34 36
13 7
53 71
50 55
39 13
50 52
96 76
17 55
20 22
11 16
56 46
114 54
110 56
84 35
29 16
124 26
29 38
56 49
17 27
54 47
53 44
86 14
32 15
114 64
100 12
16 2
114 17
94 54
99 15
15 1
114 47
13 44
84 58
40 49
93 15
18 44
11 19
17 62
107 37
83 58
51 71
89 21
93 74
17 71
89 64
117 17
18 62
8 10
117 18
72 17
12 2
117 51
32 46
34 13
40 7
101 53
51 64
129 18
14 6
53 17
51 68
107 58
98 18
19 65
107 28
94 55
127 38
89 25
78 37
120 56
93 32
90 85
78 24
52 31
50 0
40 4
84 15
127 44
53 12
131 12
66 17
63 32
51 32
65 35
18 47
51 43
19 32
108 65
120 18
32 45
20 24
19 12
12 64
40 5
29 49
56 35
127 45
29 64
102 31
100 0
72 53
122 55
54 15
103 74
32 44
51 49
12 1
76 48
17 35
50 53
13 2
59 61
98 54
52 13
126 18
104 26
126 15
131 55
14 0
19 62
86 26
65 14
12 35
16 4
124 25
17 44
18 27
106 49
55 68
100 13
122 17
52 62
34 31
55 29
29 14
17 29
115 8
81 83
16 0
93 30
15 5
127 32
19 29
113 31
111 18
55 44
59 57
20 28
89 28
52 32
99 56
14 49
52 35
40 38
125 53
50 17
105 67
122 53
106 16
98 55
110 17
119 18
16 10
51 18
83 15
86 37
84 64
17 64
12 7
60 37
84 69
53 47
18 68
54 35
105 17
78 22
83 35
83 62
51 21
120 52
93 57
85 16
55 15
79 53
18 46
89 4
75 15
95 31
19 30
89 87
12 14
115 17
75 61
105 86
130 17
108 12
99 54
118 80
125 55
20 23
91 12
67 36
75 76
29 97
17 68
52 63
19 57
15 3
76 16
89 35
12 62
51 57
131 54
119 56
114 27
53 46
77 70
86 36
99 17
63 58
50 56
99 55
93 76
123 18
52 17
60 29
113 26
8 1
59 17
20 29
120 54
15 6
112 55
79 18
40 44
56 29
122 56
85 64
40 47
59 29
126 19
51 15
104 93
114 29
29 15
76 14
110 19
17 65
19 43
18 43
0 6
76 6
32 27
17 49
52 57
19 45
83 8
55 49
86 21
32 43
40 3
16 1
104 31
99 53
112 19
117 54
55 30
52 21
115 0
19 54
29 4
75 16
32 97
19 18
19 68
81 39
56 44
129 53
34 22
54 45
12 41
56 30
89 29
15 4
32 10
114 13
89 58
89 22
18 28
8 3
107 31
59 37
63 36
114 32
77 13
80 13
83 57
111 55
85 38
63 31
130 52
88 74
110 12
18 13
67 57
55 17
8 49
40 2
56 47
0 1
66 51
116 18
90 17
50 12
19 55
107 35
18 57
121 0
114 45
114 44
93 26
116 53
12 4
99 12
123 12
63 28
67 31
26 38
52 29
55 71
102 26
14 2
17 15
66 54
100 15
12 37
104 13
32 68
0 4
91 40
53 43
16 7
19 64
93 68
20 31
123 56
118 22
127 86
119 52
94 19
54 19
54 71
16 9
