31 40
48 25
27 40
31 21
55 32
27 37
84 48
48 31
1 39
84 43
27 6
17 19
55 30
44 25
20 6
71 4
48 26
48 27
70 19
87 5
48 51
44 45
58 59
66 49
87 39
76 73
87 19
79 40
27 34
13 1
87 20
76 27
44 38
31 20
38 8
87 21
48 38
55 41
79 31
20 4
62 5
69 31
69 25
79 32
48 35
5 10
17 20
15 4
56 29
84 82
22 34
26 7
48 33
44 1
77 1
56 37
42 2
62 27
62 72
83 39
76 47
62 36
86 26
1 4
18 33
70 4
70 31
84 74
84 15
58 55
16 4
48 2
48 47
11 9
31 52
31 14
79 52
48 37
18 9
20 12
79 4
48 52
31 37
84 69
84 16
87 1
83 26
26 6
74 4
79 41
54 56
76 14
27 14
39 6
65 40
57 4
26 12
69 5
67 5
5 9
65 31
84 64
90 40
22 8
87 27
42 25
62 4
22 9
67 50
80 27
11 6
62 40
21 12
64 4
1 20
67 4
25 4
84 79
84 76
24 4
37 6
70 1
31 9
58 37
27 39
17 5
66 48
69 38
37 32
43 1
44 49
42 34
22 32
48 19
67 11
69 70
80 48
48 39
21 6
69 26
21 32
84 86
55 2
79 47
70 5
65 25
70 40
58 2
62 73
4 33
84 90
62 48
75 37
31 39
43 4
58 56
75 26
84 57
70 39
70 20
17 21
79 27
31 1
67 40
44 47
75 38
27 28
44 40
42 4
78 4
48 14
44 11
48 50
67 45
27 2
48 36
90 25
31 25
37 12
44 52
84 13
62 52
80 37
83 37
56 30
62 29
1 7
27 29
43 40
84 67
84 44
69 4
4 32
62 14
44 27
67 68
84 87
27 41
83 31
86 25
5 6
84 56
18 35
55 52
67 33
27 30
84 62
67 19
87 23
48 4
75 27
58 61
0 1
27 35
54 31
13 14
77 38
4 34
55 68
27 1
26 8
89 4
63 4
52 32
79 34
18 4
44 4
5 8
44 51
27 20
44 35
67 37
84 55
75 40
1 6
31 19
67 26
62 26
79 38
58 3
84 85
90 4
48 21
72 4
62 31
67 52
80 49
22 4
24 25
86 40
87 31
70 35
54 55
22 33
76 2
44 33
44 19
84 65
67 14
44 20
69 37
27 33
84 88
27 31
62 25
18 10
91 4
58 27
44 31
44 2
69 21
17 22
84 78
67 35
84 49
67 1
67 21
58 60
11 7
67 53
70 68
79 37
86 4
76 30
84 80
4 7
48 40
31 38
22 10
17 23
3 4
40 1
55 45
86 5
27 4
62 2
62 50
83 2
44 48
56 27
58 48
0 2
84 89
27 32
87 37
58 49
65 38
27 36
18 32
65 1
61 40
83 14
31 53
24 26
70 25
67 28
79 26
84 75
61 1
44 14
79 2
75 11
22 35
86 63
79 5
48 11
42 32
69 23
42 27
70 38
67 20
44 37
84 77
67 25
86 31
77 25
58 62
31 11
27 38
70 11
62 49
62 47
18 34
5 4
70 37
87 38
65 26
87 25
48 46
55 47
82 1
84 42
5 7
39 7
86 1
84 83
84 0
76 52
84 71
88 4
55 4
67 39
79 29
55 33
43 37
75 25
49 4
87 4
21 7
79 1
76 4
80 31
90 31
44 39
77 4
70 33
66 27
31 26
44 46
85 4
86 91
86 38
48 1
87 26
44 26
79 25
84 17
44 50
49 27
69 40
18 8
67 38
44 21
48 68
62 1
4 35
56 14
17 18
75 5
11 12
84 24
13 4
55 36
55 50
43 14
69 1
79 14
48 73
48 81
4 6
31 41
75 1
58 4
31 4
