209 201
149 17
169 7
106 47
200 87
109 12
171 114
119 87
78 56
253 76
254 3
225 68
162 1
257 129
76 25
148 26
104 19
209 60
154 27
209 202
229 83
153 154
228 19
147 18
257 147
67 70
111 1
16 19
136 17
116 24
48 56
212 151
257 153
255 13
229 197
229 161
209 148
229 146
120 67
89 55
257 148
229 248
198 143
19 26
229 210
136 7
136 15
161 115
255 14
229 205
1 26
185 36
257 114
257 117
102 71
255 7
160 24
89 59
254 14
0 4
163 13
198 19
122 17
128 17
155 12
135 68
11 6
248 24
224 12
108 89
169 152
47 17
233 17
18 22
219 151
176 18
110 10
229 211
20 2
231 143
110 3
257 128
78 27
109 7
257 174
238 19
143 27
150 152
150 151
22 23
246 43
209 79
21 16
224 5
257 156
80 58
229 159
209 11
257 139
257 186
194 55
148 17
120 88
229 118
102 76
251 68
94 12
257 121
209 182
33 27
131 105
99 67
169 10
229 239
19 23
58 59
237 18
130 26
159 116
239 18
20 11
163 164
132 3
122 33
71 49
102 42
118 24
227 7
128 143
219 2
229 233
149 6
163 116
78 24
9 25
162 17
240 128
76 59
117 115
36 37
257 160
257 199
229 129
229 128
253 68
129 18
80 56
133 68
209 223
137 68
76 41
156 148
259 24
92 19
108 88
140 68
71 58
229 188
222 6
257 176
13 17
229 5
71 31
150 17
146 148
133 89
45 43
163 168
163 115
255 2
249 154
125 89
87 42
174 47
125 87
109 6
143 26
196 76
48 49
181 143
159 24
35 17
203 68
68 40
42 43
144 67
68 80
111 7
147 143
21 17
176 16
0 3
43 23
261 87
240 139
58 53
81 82
119 88
209 219
108 101
169 1
93 18
176 47
228 16
107 105
73 18
33 26
68 77
129 19
80 55
91 17
87 40
56 58
5 26
88 56
182 33
229 155
254 8
229 122
229 13
229 82
240 152
236 17
257 72
60 24
233 19
229 113
197 116
99 87
158 105
119 68
89 56
256 8
146 17
169 4
162 115
111 4
199 16
248 54
121 18
209 35
4 105
257 7
139 17
99 88
146 47
163 7
231 105
237 19
158 2
147 9
58 24
44 17
193 183
6 24
144 101
225 88
109 15
76 172
254 5
33 22
0 2
203 71
198 105
43 24
249 24
176 9
111 15
207 148
229 182
31 24
76 19
110 7
20 3
108 67
229 234
225 76
155 139
143 25
111 14
78 9
169 3
125 88
227 5
229 241
257 38
199 22
120 87
5 105
144 89
256 2
257 83
229 186
257 16
48 36
223 6
199 105
162 62
163 6
252 87
101 68
89 25
229 176
99 68
56 55
132 8
207 27
231 17
262 7
144 88
110 5
35 33
43 25
179 6
234 76
255 3
212 16
258 154
61 154
9 24
80 57
64 19
209 145
229 7
8 146
94 13
199 17
33 24
169 8
206 24
76 27
240 17
97 48
71 85
229 218
58 25
80 48
96 18
209 210
45 41
7 39
71 41
124 33
257 170
262 14
83 18
136 8
143 23
77 71
20 15
256 15
87 69
257 188
95 17
229 28
156 17
69 48
197 61
132 1
136 9
40 42
169 6
196 101
48 58
5 17
202 33
111 8
225 67
71 57
114 24
158 1
229 69
20 10
105 19
71 43
209 101
145 11
239 17
229 226
254 1
79 172
78 19
136 62
209 184
257 181
257 149
60 27
257 239
229 171
187 24
227 8
229 240
121 19
31 23
243 24
257 191
229 2
173 27
257 14
141 76
209 194
187 115
74 116
209 218
81 42
0 15
165 47
209 157
163 4
257 213
100 87
60 43
114 154
225 89
128 27
169 5
228 9
257 215
229 38
100 67
76 23
111 12
200 68
154 24
133 88
207 105
11 17
80 49
260 68
58 27
141 89
230 24
148 33
158 151
224 3
199 173
132 12
262 4
257 66
173 26
229 81
195 24
96 17
160 154
181 16
229 195
161 24
229 72
230 154
78 173
253 87
203 48
60 61
229 1
48 51
247 24
182 151
178 26
69 70
92 18
76 55
246 41
102 40
176 17
202 183
262 9
89 75
229 249
240 151
229 212
229 216
234 68
80 54
229 151
223 33
234 70
209 38
85 23
85 25
112 114
163 148
227 1
109 1
109 3
209 34
142 76
209 193
88 59
229 91
81 48
250 24
197 41
0 12
229 32
94 7
257 161
20 1
32 33
229 138
101 40
196 68
212 146
118 113
199 143
203 70
209 155
191 24
7 115
257 243
0 14
88 58
254 4
145 149
229 29
134 47
26 27
89 154
14 17
80 41
79 19
257 244
147 19
174 16
79 59
257 232
171 24
5 6
257 159
20 9
130 23
58 54
179 105
110 6
229 114
207 26
254 9
61 75
229 217
257 118
61 24
255 15
132 14
229 127
255 5
207 33
229 220
72 18
229 112
169 14
130 25
42 24
118 114
237 17
219 149
71 27
201 53
90 88
178 23
20 5
109 2
209 177
256 10
181 47
8 147
158 148
174 19
229 80
229 63
97 69
257 21
185 56
68 74
248 48
55 37
229 177
229 93
30 24
229 236
227 2
229 201
82 79
209 207
256 7
69 40
248 27
207 9
94 10
209 81
209 87
67 71
229 78
209 69
74 24
229 147
87 48
81 71
247 41
78 58
201 183
20 12
132 2
215 139
100 68
85 24
69 71
213 6
181 105
229 202
145 148
163 11
228 18
147 105
176 6
79 23
133 67
105 22
262 6
18 24
109 11
81 70
156 143
68 78
231 19
68 71
254 15
72 17
209 98
117 114
156 105
257 126
94 14
217 33
156 47
209 76
243 154
250 154
90 67
255 1
174 18
242 154
148 6
40 41
73 19
0 13
97 78
254 2
232 24
257 105
229 84
127 19
29 24
257 226
80 27
185 49
262 15
248 41
239 19
97 42
257 64
262 2
184 33
229 190
58 22
111 5
69 80
144 68
89 58
72 19
110 2
145 147
200 89
111 13
252 68
56 48
78 22
58 56
127 17
209 88
109 13
77 68
227 14
184 183
183 37
125 76
102 48
229 170
3 47
224 11
229 238
257 152
77 80
257 74
31 25
94 15
145 139
257 127
257 146
179 143
229 101
200 88
256 6
132 6
226 17
136 10
68 48
140 88
256 13
257 187
257 92
257 208
8 16
148 27
257 13
229 21
45 24
174 6
259 154
209 44
109 9
209 135
209 124
229 126
145 12
225 87
118 115
71 54
257 151
194 53
229 157
139 18
257 104
111 6
185 57
132 13
135 74
168 47
243 128
203 42
261 76
197 115
8 47
111 3
147 16
163 14
261 88
58 36
229 181
77 48
229 46
26 22
48 54
224 4
78 55
229 61
48 55
241 19
257 197
116 75
207 6
100 76
188 24
229 105
158 139
136 1
94 11
224 8
27 24
229 214
236 18
56 25
197 113
229 4
218 33
158 12
58 55
99 89
229 3
179 19
229 60
140 67
75 24
120 68
0 10
79 56
123 105
226 18
176 105
87 71
257 245
67 40
161 139
229 149
156 6
146 143
229 137
142 68
126 24
97 68
229 242
98 48
154 25
229 73
128 6
216 33
31 26
229 189
158 152
86 67
162 15
163 61
212 147
229 115
175 47
233 18
229 168
169 151
19 22
143 22
238 17
209 213
257 60
125 101
62 47
209 221
226 19
68 42
105 24
156 9
167 47
40 24
22 24
119 89
230 75
6 26
112 24
256 14
86 88
115 24
228 105
200 67
229 206
229 74
17 26
171 154
254 11
38 6
142 89
251 48
53 37
94 3
101 42
140 89
229 87
219 139
162 148
229 45
19 24
163 2
256 11
177 33
229 174
224 15
174 9
229 166
212 128
229 117
229 164
257 11
257 241
115 154
229 250
173 23
56 36
146 9
257 235
227 3
215 12
56 53
260 88
257 113
18 23
254 7
132 7
209 82
85 26
163 62
112 116
145 146
66 19
228 147
33 25
185 27
229 68
156 18
169 2
1 47
224 1
257 61
9 23
54 37
229 121
209 77
163 8
234 71
229 230
257 91
136 13
20 13
163 5
56 59
229 150
163 167
169 11
102 68
42 41
179 9
229 135
46 47
149 26
229 179
17 105
92 17
48 23
190 115
48 24
163 1
132 11
209 180
162 116
255 4
219 11
229 76
162 3
229 175
161 154
41 26
229 30
0 9
104 17
162 13
257 5
209 211
117 116
227 9
79 178
226 143
3 26
169 12
184 27
80 85
136 11
81 68
224 7
197 24
256 4
228 139
145 128
194 54
229 139
0 5
262 1
198 17
234 74
227 4
254 10
163 166
261 68
215 148
196 89
147 6
235 154
229 153
162 6
229 66
155 148
219 105
224 9
136 2
209 78
229 221
229 92
88 55
163 10
94 5
87 68
89 24
262 3
114 75
43 26
4 47
56 24
203 76
108 76
196 67
229 64
229 219
152 47
209 102
227 15
110 12
133 76
132 4
192 33
104 18
257 17
82 68
262 5
224 6
48 50
178 27
229 16
205 24
257 195
229 131
90 76
108 68
146 6
77 42
48 57
229 244
209 216
102 74
257 73
82 78
257 96
100 101
229 232
244 17
110 1
101 71
118 116
20 6
256 62
142 67
229 96
142 87
209 220
253 88
240 146
198 47
110 13
229 228
56 52
174 143
176 143
229 215
257 10
181 6
199 47
229 8
79 173
261 67
0 8
94 6
229 223
229 158
224 13
257 190
128 18
113 24
180 33
39 24
125 68
192 183
88 23
71 48
149 105
148 105
229 191
199 6
20 7
75 25
257 84
110 9
229 95
181 19
76 24
65 18
76 173
257 237
119 67
186 24
34 33
67 68
229 167
96 19
147 47
209 214
163 17
162 2
41 24
56 23
208 24
221 33
248 55
127 18
178 25
185 43
136 12
166 47
198 9
194 183
255 9
0 11
33 23
209 12
110 8
212 139
199 75
78 59
257 39
241 18
248 43
18 25
229 251
229 245
82 71
257 259
27 23
181 18
162 5
209 149
17 6
141 68
149 148
257 12
229 207
0 1
253 89
111 11
245 17
67 48
125 67
229 204
229 123
254 13
0 7
86 68
88 25
257 205
254 6
109 4
197 114
128 47
257 6
229 222
199 9
256 12
163 9
162 9
2 47
229 165
255 10
257 171
139 19
155 11
182 27
179 16
38 39
48 25
144 76
242 24
252 67
98 42
87 70
204 24
203 74
94 8
227 6
198 173
109 8
229 12
86 89
257 236
12 6
90 87
56 50
112 113
158 11
257 46
80 31
109 5
226 105
70 24
182 183
160 114
107 47
115 75
193 33
20 14
189 24
132 5
257 164
227 13
179 47
260 76
257 230
81 78
71 24
100 88
149 27
257 158
86 87
132 10
82 70
229 180
69 42
117 113
78 25
198 22
136 6
212 152
229 203
227 11
162 8
68 75
162 10
185 31
229 198
228 143
229 194
71 36
246 24
169 13
229 193
248 36
257 240
243 147
227 12
241 17
137 48
83 17
16 17
185 24
132 15
198 18
110 11
197 43
24 23
162 14
154 23
117 24
261 89
7 116
80 43
229 34
12 105
257 231
219 152
262 12
229 106
121 17
262 10
58 23
48 52
201 33
136 5
130 24
162 11
69 68
136 4
181 17
147 22
257 250
229 134
144 87
257 207
255 11
253 67
148 9
257 228
173 25
256 1
48 59
231 9
256 5
231 18
220 33
2 26
143 24
229 70
229 35
219 12
169 9
98 78
257 166
248 56
232 75
141 67
129 17
58 48
64 17
188 115
151 47
134 105
209 222
229 184
77 185
163 113
229 152
20 4
66 17
221 6
119 76
209 217
26 24
257 8
108 87
228 128
110 14
262 11
257 206
224 14
162 7
209 215
157 33
135 76
209 80
229 235
229 11
244 19
235 75
101 48
247 43
211 33
136 3
8 128
198 16
67 42
209 150
229 124
138 24
162 114
173 24
179 17
257 93
213 39
110 15
174 105
236 19
260 67
110 4
154 22
226 16
71 55
229 103
146 18
229 17
229 10
229 231
79 55
199 18
222 33
198 6
252 89
209 95
100 89
229 148
109 14
127 128
209 212
95 33
257 15
76 9
82 42
76 58
80 24
257 112
229 192
229 208
19 25
240 16
170 47
6 27
146 147
257 134
163 165
88 19
8 139
229 247
260 89
164 47
120 89
27 25
228 146
169 15
109 10
105 27
229 199
161 114
162 113
229 145
262 8
229 104
257 155
75 23
258 75
244 18
48 53
11 105
163 3
185 55
94 9
229 237
93 19
19 27
238 18
111 9
229 116
179 18
11 26
185 54
229 89
80 36
90 68
185 48
83 19
98 74
181 9
228 17
243 146
12 17
196 88
40 43
97 98
102 70
219 1
174 17
229 246
82 48
26 25
229 160
229 187
89 23
209 158
98 76
98 68
21 18
162 4
211 183
73 17
93 17
44 33
163 12
257 165
255 6
209 122
147 17
255 12
229 107
256 9
58 50
67 69
229 77
252 76
184 151
260 87
28 24
132 9
252 88
163 114
24 25
219 148
242 75
6 22
58 52
0 6
257 63
147 173
229 213
227 10
209 32
196 87
178 24
112 115
229 71
234 48
79 58
79 25
101 70
207 17
111 2
103 24
78 23
257 249
224 2
141 88
153 24
259 75
6 19
185 58
123 47
212 17
24 22
257 258
140 76
41 23
226 9
68 79
120 76
56 22
12 26
185 41
162 12
131 47
111 10
235 24
136 14
190 24
84 24
248 57
63 24
229 67
141 87
248 58
257 204
94 4
169 170
258 24
128 19
248 31
240 147
158 149
149 9
234 42
245 19
200 76
199 19
116 154
209 68
257 212
257 116
214 33
163 15
176 19
257 150
257 219
149 33
243 139
257 115
26 23
71 56
20 8
89 19
162 61
156 19
257 168
16 18
209 97
77 70
41 25
186 115
229 156
254 12
81 79
209 192
220 6
229 243
140 87
68 70
76 56
133 87
229 44
253 101
94 1
257 167
248 49
142 88
257 238
146 19
224 10
22 25
245 154
160 115
94 2
161 128
257 103
99 76
56 54
90 89
262 13
48 22
256 3
171 115
209 71
68 76
156 16
21 19
225 101
128 9
255 8
232 154
257 233
