24 3
25 13
21 23
24 0
19 20
19 21
25 9
26 6
27 7
24 5
21 17
26 2
7 6
8 7
27 11
8 9
27 9
25 12
25 6
22 2
16 2
18 3
14 10
14 13
14 5
18 7
18 12
18 10
19 4
25 5
21 2
19 10
27 1
2 1
8 0
8 12
8 3
21 22
14 6
18 11
19 7
14 1
22 16
24 10
1 3
18 2
22 23
18 1
21 9
25 2
24 13
24 7
8 2
14 2
14 3
0 3
26 7
26 12
0 1
14 12
26 0
21 5
17 16
17 2
15 0
10 2
21 11
18 6
24 6
26 5
4 5
8 1
24 12
24 2
21 20
8 5
27 13
8 13
25 10
27 0
25 1
27 5
18 13
8 6
26 1
18 9
24 9
0 2
18 0
24 11
25 7
18 5
27 12
27 10
21 7
21 10
26 3
26 9
6 7
27 2
24 1
26 13
14 11
8 10
25 11
14 9
25 0
27 3
25 3
14 0
11 2
26 11
27 6
16 1
26 10
5 2
14 7
8 11
