82 25
82 2
21 24
84 15
15 35
58 41
70 2
36 3
15 30
9 17
40 29
71 41
83 52
83 48
81 40
81 8
69 4
62 29
81 4
84 37
65 24
70 25
75 7
54 45
84 1
58 39
24 29
84 41
83 8
81 16
12 3
75 37
83 35
43 22
56 20
38 39
81 25
82 20
77 3
39 17
83 62
70 1
77 24
54 48
54 3
42 23
34 35
4 31
84 8
56 4
9 31
6 3
42 40
81 10
58 20
77 40
24 17
77 7
56 37
69 20
79 22
77 39
42 39
64 20
58 15
0 2
58 22
40 17
15 34
6 9
68 22
4 30
36 2
0 3
32 16
43 46
56 15
53 3
22 29
56 8
42 24
84 7
84 40
84 3
58 1
55 20
58 24
54 2
12 2
46 17
0 5
70 26
54 8
43 39
38 24
84 25
80 4
81 44
58 44
43 16
37 17
43 44
54 22
83 29
54 4
77 2
84 62
69 26
56 23
52 17
21 20
84 26
73 22
43 5
77 22
69 40
55 25
56 22
84 52
85 4
75 39
59 37
11 3
53 10
13 15
54 33
69 25
58 40
21 3
69 27
66 8
84 29
38 2
84 10
4 35
84 30
39 29
80 26
42 25
77 8
82 7
70 46
81 22
58 14
42 16
4 17
36 10
84 16
58 3
67 22
54 41
58 10
54 14
77 26
55 23
21 22
75 22
76 2
32 5
69 23
58 45
20 17
47 48
25 29
26 17
63 37
54 46
36 37
38 20
42 3
9 52
43 7
77 27
84 18
38 3
56 25
81 27
56 45
70 24
21 27
82 5
54 1
54 5
9 35
22 31
58 46
58 4
38 16
38 5
84 24
84 17
70 44
81 2
54 16
56 44
56 40
22 17
38 41
84 39
77 23
77 20
84 4
56 24
56 2
59 23
84 22
58 8
82 23
82 27
38 40
84 5
56 10
84 14
74 17
25 17
59 25
30 17
55 22
84 23
50 20
81 3
15 29
49 9
26 29
15 31
20 31
21 23
42 2
70 3
54 10
65 46
81 23
60 5
21 25
84 33
56 3
77 44
58 9
73 5
79 26
43 40
6 2
84 20
70 27
6 10
8 30
11 2
20 29
84 27
6 7
84 46
36 16
84 2
81 26
38 22
23 30
21 26
84 45
9 29
84 74
36 7
76 3
22 30
6 8
70 9
38 8
84 44
69 39
81 46
28 16
15 52
65 22
77 46
82 10
65 44
84 9
32 7
58 2
70 20
13 14
40 30
57 26
83 31
47 5
56 39
56 7
81 20
4 29
19 20
80 24
82 9
54 15
42 22
82 26
54 44
0 4
65 10
82 4
51 8
58 5
56 46
47 9
54 7
30 29
53 2
43 8
81 39
84 34
70 22
69 22
54 9
2 17
77 25
26 30
18 17
82 3
50 22
74 29
3 17
72 9
75 4
0 1
81 37
43 45
56 16
41 17
70 23
82 22
61 20
56 41
9 30
78 22
16 17
83 17
58 37
84 48
58 16
43 1
21 2
58 26
58 33
73 20
32 33
56 1
77 4
81 41
83 30
3 29
75 40
56 5
9 34
43 15
