104 19
171 24
78 27
140 89
136 62
158 105
78 9
184 33
124 33
231 17
68 77
108 87
20 7
74 116
190 24
94 10
5 105
22 25
154 24
64 19
229 184
80 48
257 5
181 6
162 115
80 58
24 25
0 3
229 160
257 96
89 59
229 207
163 165
257 258
149 9
129 18
106 47
161 114
209 150
163 14
144 101
118 24
229 180
33 26
160 24
257 243
254 11
257 112
19 23
128 9
56 22
104 18
229 181
128 47
257 233
213 39
176 19
1 26
136 1
209 97
199 47
209 213
256 5
20 9
72 18
185 24
158 149
197 41
109 2
200 67
136 9
209 177
227 2
229 87
219 151
77 70
81 70
231 18
158 11
209 180
250 24
76 55
198 17
149 105
11 105
199 9
163 168
257 191
166 47
101 71
229 234
221 6
184 27
163 6
229 201
196 89
229 148
257 259
220 6
48 55
90 87
163 166
169 9
91 17
181 18
126 24
142 68
257 114
225 101
191 24
133 88
71 56
259 154
127 19
81 78
229 29
257 241
226 18
67 70
141 68
21 19
256 7
133 76
147 6
149 17
143 25
20 1
229 63
98 42
135 76
55 37
22 23
82 48
97 69
228 19
261 89
224 14
209 218
119 88
203 71
33 22
136 14
259 24
255 4
43 23
224 15
148 6
94 3
67 40
229 167
8 47
120 87
229 131
229 188
80 41
120 67
212 146
202 33
132 13
229 228
56 54
212 152
160 115
109 1
19 24
94 11
67 71
222 33
109 10
128 27
78 59
257 228
68 75
48 23
143 22
141 88
227 1
169 6
140 67
122 17
154 23
36 37
148 33
110 8
8 147
153 24
229 242
71 36
68 74
87 71
101 42
179 105
132 5
200 87
20 6
81 42
229 68
119 89
235 154
229 128
240 151
9 23
34 33
163 15
212 128
253 89
20 12
218 33
98 48
147 18
19 27
156 16
161 24
234 76
196 87
105 19
108 88
110 6
227 11
178 23
229 210
209 95
114 75
224 7
185 27
241 18
119 67
229 137
169 10
209 135
97 98
142 67
88 58
66 19
224 12
229 206
102 48
9 25
110 12
224 4
257 149
28 24
246 41
229 77
199 22
256 9
209 34
197 116
40 41
229 157
26 22
167 47
229 179
229 152
75 24
249 154
256 13
229 213
82 42
89 58
65 18
155 12
127 18
86 87
198 18
86 88
229 138
186 115
76 9
229 17
179 47
179 18
181 9
229 45
140 87
228 9
241 19
143 24
16 18
145 149
229 126
209 68
248 56
76 172
61 75
229 134
141 67
102 71
229 237
257 63
209 88
197 113
110 10
114 154
257 212
88 56
209 157
209 122
257 105
225 76
0 10
143 26
169 5
229 13
207 17
175 47
229 176
257 236
173 23
257 232
240 128
147 173
133 87
229 2
97 42
209 78
150 151
200 68
193 33
229 204
81 79
199 17
127 17
229 193
132 9
236 18
149 6
229 211
248 27
249 24
257 7
179 143
237 18
257 126
5 6
200 76
12 26
188 24
136 7
229 151
56 23
229 69
162 11
69 80
185 31
152 47
145 12
225 67
111 11
0 9
132 8
84 24
256 10
40 24
215 12
20 2
257 117
125 76
5 26
209 216
257 164
93 17
18 23
226 143
144 67
255 3
112 113
81 48
142 88
110 13
108 101
161 128
219 105
76 56
29 24
229 70
203 76
71 49
252 89
192 33
87 42
80 56
176 47
181 19
78 58
162 13
130 23
136 6
150 17
79 178
67 68
158 139
58 25
243 147
119 87
123 47
12 105
0 15
132 11
203 74
243 146
71 58
224 1
148 26
229 11
257 244
58 52
154 27
19 22
162 10
232 154
42 24
253 87
39 24
241 17
66 17
31 26
149 27
229 190
250 154
162 61
138 24
179 6
229 74
255 5
96 18
209 215
72 17
79 172
71 43
174 16
12 6
239 18
140 76
80 31
99 67
234 70
109 7
90 89
207 27
162 148
26 25
257 226
229 83
149 33
133 89
178 26
229 95
169 13
256 12
147 47
133 68
209 207
256 11
108 76
0 4
229 223
229 195
209 212
257 213
169 151
179 17
20 8
173 27
5 17
89 23
229 103
113 24
188 115
174 19
136 10
144 88
144 87
97 68
254 14
255 9
256 4
24 22
162 116
214 33
48 51
232 24
139 19
86 76
257 152
116 154
98 76
111 7
7 39
244 19
229 246
161 139
220 33
115 75
122 33
229 222
209 220
48 24
68 79
257 187
100 88
229 212
211 183
163 7
212 147
176 6
169 4
185 43
170 47
146 17
147 17
102 76
203 42
104 17
257 205
129 17
156 6
97 48
257 195
156 9
185 49
257 199
171 115
40 42
229 118
229 106
109 12
42 41
118 116
257 12
229 248
229 189
257 73
48 49
137 68
229 92
257 14
240 17
156 18
219 2
257 204
209 214
139 17
111 6
116 75
229 153
257 208
145 139
229 170
118 115
131 47
224 6
120 68
229 186
144 76
71 41
174 47
102 40
92 18
229 199
97 78
67 48
257 92
204 24
257 215
132 2
136 17
58 27
205 24
187 24
229 156
229 175
215 148
159 116
185 57
76 27
229 129
26 24
229 165
6 27
256 6
229 217
20 10
60 24
257 176
105 24
248 36
76 19
58 36
199 173
156 17
7 116
223 33
162 14
94 15
146 6
190 115
13 17
136 11
229 91
209 194
12 17
198 6
80 85
260 87
169 15
169 8
254 12
101 68
254 5
209 219
252 68
119 76
229 121
184 183
94 7
134 105
194 183
203 68
197 61
79 59
229 240
136 13
21 17
242 24
262 12
132 4
89 19
18 22
98 74
229 192
257 239
163 116
33 24
185 55
99 89
196 68
229 76
174 9
102 70
162 15
147 19
3 26
198 143
71 57
69 71
207 9
226 16
207 105
83 19
229 101
261 88
32 33
68 40
2 47
103 24
228 16
38 39
134 47
0 2
185 58
195 24
58 53
240 152
99 88
136 4
156 148
227 6
203 48
1 47
225 87
148 27
226 19
20 14
262 14
27 24
162 9
100 76
257 148
207 26
227 8
163 3
68 71
48 54
224 8
254 10
229 218
102 42
17 6
43 26
229 177
76 59
163 12
229 32
78 55
105 27
229 104
111 2
248 43
87 69
253 88
145 11
257 64
229 239
229 220
253 67
229 82
227 5
78 173
229 89
261 87
234 71
89 24
240 147
16 17
168 47
147 105
212 17
153 154
69 42
229 107
261 68
254 3
199 18
248 55
131 105
48 36
198 173
209 149
146 9
257 61
125 68
86 89
119 68
231 19
178 24
48 57
76 173
209 38
107 105
224 11
99 87
229 219
209 87
257 21
229 250
253 76
110 4
80 55
262 9
229 28
255 11
169 7
163 8
94 5
225 68
255 13
257 13
169 170
200 88
78 24
132 7
100 67
245 17
82 79
17 105
256 1
146 147
58 50
177 33
88 59
98 68
236 17
154 25
46 47
110 1
129 19
246 43
2 26
121 18
58 22
58 23
176 9
229 66
100 68
141 87
257 72
58 54
209 77
252 88
209 223
229 30
82 78
257 127
80 27
229 5
256 3
227 3
48 22
158 148
262 13
30 24
80 36
162 8
48 50
31 25
68 42
209 148
146 19
196 67
89 56
229 10
147 143
143 23
257 165
79 25
209 32
145 146
197 24
229 194
259 75
252 76
225 89
94 14
4 47
75 23
194 53
145 148
209 221
146 18
229 115
199 6
60 61
160 154
109 11
257 93
174 6
229 159
163 2
196 101
234 74
229 105
102 74
85 25
109 14
242 154
162 4
257 151
77 68
229 123
229 214
201 53
257 129
229 215
58 56
132 1
56 25
162 6
237 17
224 5
111 10
163 9
86 67
260 68
209 60
45 41
199 75
144 68
16 19
256 62
229 241
109 3
162 3
173 25
199 143
181 16
169 1
128 6
56 48
238 19
183 37
80 57
262 8
87 40
257 240
228 146
45 43
229 236
56 36
20 15
77 71
244 17
181 17
163 62
62 47
71 85
229 112
257 139
7 115
80 43
158 151
105 22
256 14
254 1
257 150
162 1
229 127
117 114
101 48
248 49
102 68
159 24
257 74
80 54
21 18
100 101
209 184
173 26
229 64
199 105
85 26
162 62
174 143
163 13
229 96
85 23
224 9
254 15
199 16
111 15
158 2
209 101
176 143
209 80
179 19
22 24
121 17
125 87
255 12
207 6
123 105
90 67
26 23
226 105
3 47
136 3
43 25
209 79
61 24
215 139
169 14
115 154
227 7
253 101
163 164
169 152
209 11
212 16
79 19
229 21
257 116
100 87
211 33
117 116
209 81
130 24
94 8
180 33
94 2
228 128
236 19
121 19
224 13
233 17
209 222
96 19
229 124
238 17
132 10
111 5
88 23
193 183
135 68
229 174
144 89
243 128
169 11
69 70
48 53
163 1
229 226
136 8
255 7
258 154
228 18
181 47
253 68
229 231
229 182
139 18
254 13
171 154
169 3
146 47
257 171
135 74
216 33
209 182
110 11
162 2
79 55
255 1
92 19
56 53
226 9
158 12
255 14
229 7
155 11
110 3
98 78
243 139
18 25
223 6
64 17
111 9
111 14
202 183
197 114
69 40
21 16
229 150
162 7
262 7
229 251
247 41
257 83
174 105
117 24
229 46
231 105
81 71
257 231
130 25
100 89
260 76
207 33
76 24
262 4
33 23
120 89
163 17
90 68
79 58
149 26
235 24
136 15
125 89
227 4
87 70
248 48
255 6
257 230
88 19
257 238
108 67
257 155
94 9
9 24
262 1
229 205
248 24
56 52
187 115
108 68
228 139
147 9
257 10
257 146
198 22
90 88
160 114
261 76
234 42
243 154
224 2
118 113
247 43
209 211
262 6
35 33
19 26
161 115
8 146
196 76
67 69
229 78
229 149
77 80
209 217
111 12
252 87
251 68
0 11
224 3
254 6
229 8
107 47
163 114
130 26
209 193
234 48
198 9
76 58
0 8
48 52
18 24
233 19
147 16
93 18
71 55
248 58
237 19
229 230
231 9
200 89
176 17
41 23
229 72
128 18
163 148
257 84
257 186
257 156
14 17
240 16
229 61
229 158
60 27
227 10
257 147
53 37
169 12
209 202
257 237
41 25
255 10
82 71
80 24
117 113
229 247
94 12
257 207
229 198
158 1
142 87
256 8
94 1
58 24
146 143
229 60
155 139
109 15
229 171
229 38
233 18
255 15
248 41
128 17
60 43
229 116
209 102
207 148
254 4
257 113
128 19
136 5
229 249
58 55
87 48
93 19
229 73
243 24
44 33
20 3
156 19
230 24
111 13
89 55
197 115
209 82
42 43
6 26
48 56
76 23
82 68
111 4
248 54
92 17
224 10
198 19
33 27
229 3
148 17
111 1
228 105
48 59
257 104
77 48
257 190
58 59
262 2
72 19
69 68
120 76
219 148
229 232
247 24
229 93
219 12
27 23
213 6
77 185
231 143
185 56
240 139
242 75
225 88
257 158
40 43
41 26
20 13
229 117
256 15
88 55
209 124
257 188
0 1
171 114
63 24
8 128
0 13
178 27
229 35
199 19
112 114
110 7
11 17
257 161
94 4
111 3
229 16
226 17
209 71
230 154
33 25
219 152
141 76
0 14
192 183
56 24
227 9
229 71
257 167
229 145
89 25
6 22
182 27
257 39
162 114
136 12
78 56
239 19
229 147
229 208
19 25
257 8
198 47
219 139
257 168
143 27
182 183
254 8
260 89
163 4
112 116
174 17
137 48
162 5
227 13
254 2
229 235
56 59
132 3
68 76
196 88
257 6
78 22
209 98
174 18
257 60
83 17
229 245
229 84
99 68
229 168
176 16
27 25
229 146
248 57
76 41
48 25
38 6
257 91
163 167
240 146
198 16
109 13
257 219
229 187
229 243
79 23
11 26
85 24
56 55
79 173
68 80
257 103
71 31
68 78
6 24
229 244
229 135
169 2
56 50
229 216
235 75
257 235
260 67
120 88
81 82
71 48
20 11
257 249
82 70
78 23
108 89
133 67
11 6
71 54
118 114
132 14
115 24
173 24
148 9
221 33
109 8
0 7
132 6
257 159
258 75
260 88
8 139
155 148
74 24
229 233
229 81
229 114
257 166
78 19
94 13
194 55
255 2
20 5
229 67
163 10
149 148
254 7
245 19
185 48
217 33
257 118
125 67
140 88
110 5
128 143
229 122
234 68
8 16
125 101
41 24
219 149
0 5
185 41
54 37
176 18
146 148
228 143
35 17
111 8
154 22
209 69
209 145
186 24
147 22
229 113
76 25
67 42
209 44
229 12
26 27
181 143
80 49
261 67
0 6
163 11
201 33
227 14
257 115
79 56
109 4
208 24
257 15
73 19
209 192
206 24
228 17
232 75
56 58
212 151
69 48
257 16
83 18
132 12
158 152
227 12
94 6
176 105
229 139
229 164
182 151
257 245
258 24
132 15
262 10
257 170
245 154
101 40
229 4
257 160
189 24
228 147
145 147
0 12
162 113
257 250
255 8
116 24
178 25
257 17
257 181
110 15
125 88
209 76
229 197
31 24
47 17
78 25
20 4
209 155
96 17
162 17
198 105
209 35
229 203
257 11
185 36
163 113
254 9
203 70
151 47
148 105
251 48
248 31
230 75
257 128
229 166
182 33
262 11
262 15
179 16
44 17
229 80
89 75
17 26
61 154
140 68
58 48
73 17
127 128
101 70
68 48
201 183
229 1
229 191
197 43
229 161
156 105
257 206
212 139
68 70
252 67
73 18
110 14
88 25
142 76
48 58
256 2
4 105
262 5
164 47
257 121
114 24
165 47
239 17
257 197
142 89
86 68
110 9
244 18
257 153
163 115
209 12
95 33
156 143
222 6
229 155
163 61
184 151
71 24
6 19
71 27
257 38
257 134
209 210
194 54
109 6
209 158
24 23
257 46
43 24
110 2
227 15
77 42
109 5
257 66
112 24
163 5
75 25
156 47
145 128
45 24
179 9
150 152
109 9
209 201
238 18
81 68
157 33
229 238
246 24
257 174
229 202
141 89
99 76
89 154
229 44
136 2
31 23
229 221
95 17
70 24
117 115
181 105
87 68
219 11
161 154
162 12
112 115
185 54
262 3
229 34
219 1
