54 17
56 16
56 20
81 27
42 11
4 14
84 35
58 4
36 3
91 54
74 30
55 11
57 18
62 24
83 28
81 40
69 4
39 19
18 17
1 15
70 27
44 45
86 24
36 20
67 12
22 28
93 27
1 20
65 48
54 9
85 10
92 23
44 47
65 23
93 38
76 55
63 18
82 40
79 40
82 21
90 28
18 2
86 9
13 16
81 57
93 53
25 8
60 49
79 26
58 50
56 9
90 24
37 1
72 23
42 9
80 16
92 49
80 39
43 11
25 1
78 24
76 12
58 21
79 30
91 57
60 55
76 5
49 4
59 32
63 48
38 47
82 35
83 27
36 11
56 19
44 10
84 31
58 28
22 23
92 57
43 26
27 7
44 40
54 19
85 26
39 16
61 37
59 28
56 1
41 30
91 45
40 0
82 24
56 12
53 3
39 56
47 15
74 16
40 56
70 5
70 17
61 28
40 1
44 16
34 15
85 25
62 19
82 6
25 56
82 49
10 15
94 38
40 16
80 31
76 9
44 46
60 16
74 57
80 30
43 35
84 16
88 23
38 8
83 52
78 6
9 15
65 20
11 15
49 5
76 14
58 30
17 21
86 34
45 15
76 32
77 5
72 35
38 20
67 29
83 17
44 57
22 4
51 1
81 24
4 1
54 1
55 6
70 28
90 16
36 53
62 55
62 17
61 57
28 47
25 53
21 1
88 26
8 2
46 17
19 1
54 2
72 34
80 12
89 33
67 19
85 0
83 11
36 17
42 23
79 27
90 30
37 17
57 21
13 11
70 39
90 5
74 0
91 46
18 20
41 9
60 38
67 23
78 45
84 53
79 57
25 2
80 27
75 32
58 14
61 18
21 15
94 28
93 5
91 27
41 36
78 5
70 30
78 9
39 57
94 40
67 1
25 19
79 10
80 36
60 51
27 9
25 11
94 34
32 14
55 2
43 10
91 35
21 9
83 49
77 31
47 4
60 0
84 33
62 53
86 13
76 11
22 35
90 33
65 34
83 38
90 6
13 1
86 28
81 37
89 32
13 15
38 54
60 19
79 13
40 18
58 38
88 24
4 9
48 4
70 21
55 19
13 19
84 1
79 50
93 36
80 23
77 52
58 12
67 36
55 0
42 35
27 20
28 57
83 40
85 17
84 45
78 57
77 1
53 7
78 56
44 51
92 31
59 48
84 38
58 52
13 0
62 0
62 40
28 0
67 38
1 12
38 51
60 47
39 9
83 45
18 13
1 6
85 27
13 2
86 30
90 49
60 31
94 4
56 15
74 37
76 34
90 31
80 34
32 3
90 0
85 29
90 35
70 55
41 33
86 55
90 50
58 32
85 24
65 36
88 33
57 0
70 53
54 7
61 6
91 17
44 31
59 35
63 19
44 54
60 28
94 26
5 15
58 23
21 17
86 57
76 33
51 4
74 4
89 29
80 4
25 57
77 51
48 14
82 0
18 10
90 51
6 15
35 15
91 4
44 28
79 45
87 15
81 14
77 56
28 6
9 2
21 8
90 9
27 11
39 51
68 4
55 16
80 29
26 14
90 46
43 27
62 26
90 27
36 5
80 10
88 31
85 28
80 13
41 26
67 6
85 57
59 4
80 57
53 4
75 17
55 14
19 13
48 13
67 9
74 38
83 55
84 4
60 30
55 4
1 10
49 6
74 47
74 45
32 17
61 50
13 20
40 2
56 17
38 56
61 0
84 32
59 37
92 9
80 51
70 52
67 28
42 5
78 40
57 3
94 5
61 31
51 17
28 16
41 29
58 56
84 27
1 18
65 26
76 51
1 0
58 55
83 9
76 37
25 16
60 14
57 12
75 48
75 31
62 9
93 56
60 46
63 10
49 12
63 9
36 13
85 51
39 5
81 6
81 33
56 21
90 23
83 39
19 15
75 50
82 34
81 53
75 71
76 57
18 5
58 45
63 28
44 11
80 71
40 10
53 17
81 25
70 35
81 10
63 26
84 9
94 21
27 49
75 5
39 13
25 17
79 51
59 54
67 40
77 10
59 27
85 13
86 51
78 10
28 13
75 45
54 5
22 5
84 57
4 21
60 53
79 35
59 12
74 13
21 3
67 11
46 2
81 26
76 26
94 50
37 0
88 29
21 18
76 27
77 32
78 11
83 13
46 15
63 35
58 46
59 51
90 1
75 16
74 29
41 18
78 30
1 4
39 3
20 17
42 18
92 53
67 20
49 15
84 48
74 36
75 1
49 21
22 11
56 2
65 5
24 14
41 24
79 56
76 23
83 16
81 29
56 8
78 29
74 23
70 0
76 40
89 35
19 8
90 14
70 50
63 27
83 24
78 51
41 34
39 15
43 19
57 8
44 5
44 53
78 55
37 15
76 4
31 9
81 34
94 30
55 7
13 4
28 1
67 27
63 25
91 0
42 29
81 30
79 52
86 16
38 1
38 17
0 1
83 26
76 56
67 30
93 57
25 5
94 27
77 12
76 13
78 13
85 40
80 47
92 24
84 34
78 17
93 28
0 7
82 28
93 9
74 49
61 51
11 14
94 31
83 47
39 53
62 5
25 4
82 30
83 29
80 21
17 14
26 15
57 5
85 23
65 28
31 15
13 9
58 27
85 21
56 13
49 16
27 17
86 46
25 49
41 27
86 49
41 39
20 1
85 33
93 32
40 17
57 15
70 34
48 0
30 15
59 14
21 12
84 47
59 38
81 13
90 10
74 28
85 31
36 21
53 1
64 34
83 71
59 13
53 14
60 32
53 5
67 57
42 34
77 30
49 17
41 28
53 8
63 23
1 3
91 6
85 53
74 46
70 51
82 16
67 47
75 36
72 37
0 6
75 54
83 51
90 12
44 32
63 32
36 51
25 18
28 49
39 11
28 4
59 1
77 53
70 32
60 48
62 31
60 37
20 3
42 31
93 10
78 27
75 53
59 46
62 45
9 5
48 15
67 50
67 39
32 15
51 12
84 17
49 2
76 31
86 31
74 10
4 5
77 0
38 3
69 15
65 18
22 38
61 27
46 5
49 20
76 39
48 21
93 29
0 4
68 33
56 18
36 0
51 19
4 15
39 18
39 14
55 13
57 10
54 8
94 32
60 17
44 30
81 52
85 6
37 13
53 9
81 36
44 4
79 23
39 2
75 27
13 18
60 40
75 10
90 45
90 13
60 56
54 4
53 20
70 54
63 29
85 35
78 32
60 18
56 5
70 37
58 13
86 1
67 48
80 28
91 50
0 3
57 6
82 1
74 71
20 14
77 14
55 21
78 28
76 0
74 51
42 10
81 16
93 54
77 16
91 10
94 33
43 18
62 13
91 51
41 23
27 10
78 4
77 40
27 8
39 54
76 52
48 9
41 11
43 12
78 38
17 0
54 3
72 40
91 5
49 8
49 11
62 28
66 15
70 36
79 39
40 5
83 4
27 4
67 56
51 9
78 25
83 54
43 31
83 23
74 52
53 19
17 15
72 24
13 17
22 40
85 36
36 16
86 4
79 9
91 48
73 15
78 35
4 10
57 7
81 39
59 6
53 2
55 20
93 30
81 48
80 6
62 10
13 10
62 50
22 34
18 21
90 53
24 15
70 47
82 25
57 1
43 9
61 29
65 17
82 50
58 51
40 14
27 2
82 17
4 13
24 17
60 33
75 55
70 49
79 16
61 55
58 40
19 0
62 27
61 48
19 20
33 5
91 55
74 12
92 36
80 32
76 45
41 37
77 55
84 51
28 8
67 13
72 39
79 53
33 13
12 15
16 15
51 8
25 51
38 4
90 4
58 48
82 4
86 6
40 15
75 24
36 15
88 30
61 21
79 17
75 0
94 35
22 19
74 53
62 54
78 52
94 36
0 12
18 9
76 17
42 26
78 46
77 45
62 56
65 39
75 12
30 2
76 16
27 3
22 25
27 21
92 26
75 6
89 30
59 56
78 39
77 49
44 35
86 0
90 39
60 25
65 37
65 32
92 5
79 54
91 33
80 55
84 29
0 9
59 39
38 14
61 1
19 18
84 36
75 52
81 5
42 36
86 53
78 71
74 11
20 13
58 47
48 2
90 47
53 12
91 31
84 23
36 10
82 10
42 37
0 18
70 31
8 17
82 46
1 5
0 5
94 0
40 12
65 19
74 17
80 48
51 2
65 24
74 50
63 52
84 13
81 71
65 4
94 10
21 5
38 6
41 25
82 29
92 10
73 5
77 39
77 35
90 40
43 34
67 18
59 31
84 40
67 54
41 20
25 13
76 10
25 0
38 57
59 49
0 10
21 14
42 24
78 34
93 40
58 16
74 9
17 1
20 21
19 9
91 38
36 2
0 21
55 10
91 13
44 55
75 57
76 1
90 54
88 5
44 39
81 45
19 5
75 47
75 29
22 39
80 1
65 9
80 56
79 0
21 13
84 30
80 24
83 31
83 0
62 6
76 48
79 46
20 19
61 36
44 49
44 25
80 17
67 33
39 21
67 51
83 25
81 54
43 33
56 10
80 45
72 27
22 33
1 17
77 50
92 28
87 5
36 19
70 1
77 21
61 40
74 35
81 9
61 16
77 23
75 28
63 31
48 10
27 54
65 46
14 15
62 48
28 21
58 17
53 11
75 21
61 33
90 36
25 12
77 26
91 40
42 30
75 4
86 17
65 35
85 4
82 32
53 21
27 56
18 3
62 21
77 38
67 37
60 54
55 1
78 16
79 37
18 15
44 13
40 9
80 50
94 13
82 57
44 9
82 37
59 16
13 5
56 6
59 52
28 12
83 53
60 39
44 21
25 20
55 17
72 28
58 31
86 36
63 5
62 57
25 3
38 21
72 25
52 15
61 38
85 39
21 2
77 13
72 20
93 51
83 30
77 33
28 5
75 38
0 2
76 50
83 21
20 2
83 6
28 7
70 56
58 36
77 48
22 12
85 34
89 10
25 21
43 23
44 17
88 9
28 54
0 17
79 25
92 27
0 14
60 21
76 54
92 56
14 5
90 55
75 33
62 30
60 27
90 17
28 18
81 12
59 17
65 10
41 5
75 13
43 30
28 19
72 18
79 31
86 40
41 40
81 51
75 39
55 18
86 5
8 15
81 47
83 32
81 38
58 11
61 25
79 5
85 55
74 21
84 24
84 21
27 18
77 4
1 2
74 24
11 17
59 57
58 53
82 36
40 57
22 9
93 34
84 6
60 4
42 19
72 31
82 33
92 39
82 54
75 23
8 5
92 51
85 49
13 14
41 4
58 10
36 47
67 34
91 29
79 1
49 10
67 10
21 0
70 16
21 7
54 12
39 6
70 71
74 5
58 29
33 14
27 6
65 30
79 33
58 1
13 21
55 5
78 31
79 12
75 37
70 29
50 2
91 14
56 14
86 21
78 47
20 0
26 13
62 47
82 9
76 30
79 47
67 24
44 6
63 40
60 29
41 12
79 34
13 3
77 46
61 14
53 15
67 4
79 14
60 50
74 27
1 9
91 28
51 3
54 16
54 18
38 7
75 51
27 53
20 18
82 51
75 34
92 32
81 35
54 6
38 18
51 0
61 56
83 35
39 4
88 34
59 53
85 38
57 14
22 32
59 25
85 47
41 35
18 8
79 36
80 54
74 54
78 21
86 48
61 17
54 15
83 56
22 37
42 28
81 28
61 34
62 14
89 34
36 14
70 26
86 38
67 45
77 37
70 23
90 29
86 47
78 1
76 36
65 40
78 23
89 24
91 53
55 8
62 16
83 36
68 34
91 21
76 28
61 20
58 34
40 7
84 28
21 20
78 14
65 29
77 17
53 16
78 49
60 5
91 9
40 51
36 1
43 24
13 7
63 24
85 45
19 14
59 26
72 38
57 17
79 6
91 52
76 21
16 2
57 11
61 49
22 36
74 1
18 14
39 10
84 26
16 9
0 20
79 29
33 15
83 57
76 46
81 46
80 5
84 52
62 39
88 32
86 25
61 54
85 50
82 13
58 0
36 57
77 27
38 13
58 35
53 6
91 26
86 52
62 46
91 25
48 1
72 26
76 71
38 49
49 19
79 48
43 4
70 14
19 3
86 45
62 36
27 57
93 33
27 19
60 20
27 15
86 23
21 6
41 32
59 9
40 53
55 12
40 54
80 49
72 33
91 39
86 54
70 10
38 2
29 15
60 34
84 10
74 31
26 21
59 23
33 17
22 10
41 38
82 56
90 37
60 1
84 25
88 10
40 47
92 35
13 8
72 30
38 10
57 4
79 28
60 24
78 36
22 30
27 47
58 24
62 23
90 11
82 26
26 1
91 32
61 19
63 34
0 15
67 52
76 24
49 14
53 0
78 54
76 25
82 39
63 36
94 29
28 2
60 45
4 0
70 13
58 5
83 14
59 47
67 25
74 14
48 5
44 37
93 24
22 26
51 16
44 14
75 49
19 21
93 49
78 50
62 1
62 32
83 48
36 56
78 0
85 54
84 50
75 9
43 36
57 19
0 8
51 18
90 26
85 56
44 50
92 54
89 23
78 33
85 32
33 1
4 2
75 14
49 3
62 20
44 12
91 47
90 48
60 10
56 11
70 45
75 25
94 39
44 1
43 28
61 53
36 7
51 20
77 34
72 9
55 3
43 29
62 25
53 18
83 50
62 4
28 14
49 1
25 14
57 20
54 10
59 29
92 25
62 49
59 40
27 14
40 20
12 14
38 0
74 55
40 8
36 8
43 39
72 5
89 26
84 49
59 45
82 38
81 31
17 13
39 1
21 4
14 2
86 56
39 17
90 21
59 5
49 13
61 46
92 29
13 12
92 34
79 38
41 19
28 10
91 34
63 20
51 6
82 71
92 33
28 15
79 71
61 23
80 40
58 6
76 6
58 9
92 38
33 0
62 52
36 49
39 0
51 11
38 16
61 13
72 32
38 5
27 12
74 25
58 57
59 24
86 39
22 31
44 48
83 1
37 2
85 48
78 53
38 15
77 29
92 30
13 6
86 29
22 20
54 21
44 34
1 19
59 0
91 11
20 9
41 10
78 26
44 56
67 0
82 55
38 53
65 38
28 3
86 32
80 37
70 25
44 0
40 19
93 23
60 6
91 1
43 5
70 9
61 35
77 36
72 10
39 12
36 18
25 47
36 4
89 5
70 57
42 33
74 48
77 57
86 50
61 9
39 20
25 10
54 14
75 46
85 52
28 56
44 52
91 30
90 56
91 23
90 32
94 9
94 25
72 29
85 5
51 13
18 0
74 33
28 17
40 13
42 38
78 37
82 53
21 16
81 0
83 46
80 25
59 34
60 13
25 7
41 31
82 31
59 36
27 1
44 29
49 7
49 0
37 21
70 46
75 56
36 54
27 13
67 31
58 26
81 1
10 5
80 11
76 47
33 21
42 40
42 4
80 52
86 26
0 16
76 53
59 10
28 20
26 0
18 19
28 53
67 26
84 55
81 56
77 6
65 33
39 49
81 17
23 15
93 35
90 25
80 14
82 47
44 33
85 16
19 2
25 15
91 16
86 27
61 24
58 49
80 53
79 24
51 10
40 21
42 32
51 15
90 38
81 50
90 34
44 26
61 26
93 39
43 20
42 27
74 56
44 36
85 30
63 30
27 16
1 11
61 4
94 1
81 23
82 45
86 33
52 5
79 4
62 34
61 5
80 26
25 9
27 5
84 0
22 27
38 9
58 54
54 13
54 11
84 5
67 46
51 5
59 21
1 21
76 38
65 31
58 33
62 51
80 38
82 48
39 8
93 26
43 38
20 5
91 56
83 37
25 54
67 32
54 0
10 2
63 33
64 33
60 26
83 12
61 30
40 49
67 14
28 9
84 56
1 16
75 30
1 7
59 55
78 12
67 49
0 13
89 9
56 0
60 57
62 33
76 29
82 11
38 12
40 3
27 51
56 4
82 12
19 17
62 38
74 32
51 21
42 20
85 46
76 35
59 11
77 47
55 9
59 33
82 23
42 39
82 5
85 1
61 39
74 34
56 7
79 55
40 4
58 39
42 12
74 26
58 37
91 24
80 46
58 25
67 53
82 14
67 35
65 27
63 39
78 48
70 38
70 6
36 12
90 52
50 14
91 12
84 54
36 9
44 23
0 11
16 10
1 14
40 6
67 16
28 11
20 8
61 52
57 9
72 36
70 24
57 16
49 9
80 33
61 45
18 1
80 9
20 10
43 40
50 15
36 6
54 20
0 19
88 35
38 19
75 35
44 27
43 25
70 33
62 29
92 40
33 2
84 46
51 14
83 10
1 13
85 9
93 25
79 11
1 8
61 10
43 37
62 18
49 18
53 10
72 19
89 31
53 13
60 35
61 32
75 26
81 21
59 30
60 36
60 52
75 40
84 39
39 47
51 7
67 21
86 10
31 10
63 38
74 6
82 27
21 11
80 35
83 5
81 4
43 32
75 11
81 49
42 25
93 31
74 40
12 17
59 50
28 51
22 29
65 50
62 35
94 24
61 47
55 15
77 54
79 32
25 6
83 33
77 28
60 23
79 21
20 15
57 13
74 39
22 24
77 11
67 55
21 19
81 32
21 10
67 5
44 24
81 55
60 9
39 7
40 11
22 18
81 11
79 49
56 3
77 9
70 4
44 38
91 37
90 57
77 71
80 0
91 49
57 2
65 25
86 35
70 40
76 49
62 37
82 52
38 11
91 36
19 10
77 24
83 34
27 0
77 25
14 17
94 23
