17 2
25 10
15 4
16 4
29 11
29 30
2 4
13 5
30 4
2 7
15 10
29 5
3 4
3 8
18 6
3 9
20 6
18 4
6 7
13 7
23 9
23 10
29 24
11 12
2 10
29 13
18 10
3 7
21 2
24 6
20 8
2 5
27 2
14 10
6 8
24 7
9 7
25 5
15 9
5 12
1 8
13 10
6 4
15 5
20 4
30 9
9 5
29 25
0 1
18 5
29 18
30 8
24 9
9 10
15 6
24 4
30 7
29 20
24 5
26 2
22 2
6 10
30 10
18 9
30 6
1 4
31 5
2 8
14 8
14 4
30 5
3 6
22 1
20 10
25 8
29 15
1 10
7 12
24 8
1 7
25 4
14 2
31 10
27 1
4 12
15 8
21 1
24 10
16 7
28 2
13 8
8 12
3 5
29 16
6 9
29 10
1 6
1 5
20 9
20 7
29 19
25 7
23 4
19 12
13 4
10 12
26 1
6 5
29 4
23 6
3 10
15 7
13 6
9 8
9 6
29 8
20 5
17 1
9 4
16 10
10 5
29 3
14 1
18 7
1 9
0 2
23 8
25 6
13 9
16 5
18 8
16 8
25 9
28 1
