16 4
9 5
18 5
27 8
0 2
8 3
14 7
4 2
14 13
5 11
32 9
21 8
8 4
2 4
22 9
16 3
12 8
5 3
6 9
18 1
8 2
4 3
13 3
14 8
14 18
25 9
29 5
0 4
19 17
10 11
24 8
18 2
20 8
21 9
13 4
27 7
28 7
24 7
19 16
19 7
29 4
26 7
29 2
31 8
34 3
31 7
9 3
15 3
1 3
25 7
16 1
16 2
19 18
13 1
7 5
15 5
0 5
32 7
12 9
25 5
18 4
33 10
17 5
17 1
6 7
29 1
19 9
19 0
14 0
21 7
20 7
0 3
14 17
30 9
22 7
17 2
30 8
19 8
17 3
33 5
14 15
24 9
33 23
3 11
28 8
13 5
30 7
2 5
16 5
13 2
31 9
14 16
23 11
14 9
17 4
6 8
27 9
32 8
8 5
0 1
34 5
18 3
1 5
25 8
2 3
19 13
26 9
7 3
12 7
28 9
4 5
20 9
22 8
26 8
19 15
