154 43
69 35
108 54
63 48
9 40
36 32
3 24
61 55
12 21
72 11
157 46
60 68
12 6
38 4
128 5
72 14
55 71
156 91
70 71
61 62
41 7
27 40
145 38
101 64
21 16
161 91
120 20
1 5
162 41
41 4
122 4
145 31
72 20
36 19
155 135
117 48
154 117
85 8
124 10
27 1
89 9
156 57
35 39
148 15
60 34
110 5
24 32
150 7
85 71
160 77
163 42
5 16
3 29
135 67
141 65
160 134
40 15
32 5
69 40
160 124
32 16
71 21
54 34
127 59
31 8
84 23
35 37
116 70
163 120
135 53
60 8
163 95
24 30
35 24
76 69
121 3
76 59
4 17
18 20
160 150
122 1
127 57
161 141
7 24
161 152
155 157
81 20
70 16
55 33
121 39
63 3
67 15
106 54
72 12
39 1
107 62
147 9
20 19
116 9
163 133
81 5
11 4
154 62
3 28
41 23
110 38
42 8
53 37
71 18
53 2
145 9
150 70
116 62
166 64
4 40
62 54
167 72
156 58
114 7
39 19
36 16
157 115
166 88
63 7
66 55
130 20
160 146
35 4
56 2
42 13
139 7
0 1
135 71
64 7
68 5
161 57
110 37
64 39
53 4
146 36
162 128
65 64
162 109
3 18
76 66
120 6
110 17
33 28
36 21
110 1
144 10
62 70
7 19
10 2
8 5
128 1
10 71
6 38
26 9
156 53
108 97
108 57
121 32
31 1
162 130
96 7
9 12
59 25
43 3
136 30
152 44
167 52
93 71
163 94
152 53
158 127
53 40
8 19
53 12
166 93
31 19
148 9
97 98
159 45
22 31
152 91
82 13
73 10
25 24
67 37
35 5
38 2
77 9
125 8
30 4
68 30
59 28
116 55
103 21
25 38
26 21
135 69
145 4
41 16
69 16
111 9
156 92
33 20
115 55
67 26
94 9
120 17
146 37
85 30
101 55
146 29
74 9
103 6
15 16
159 121
70 6
71 27
7 16
5 15
32 37
114 60
20 18
121 19
44 3
48 3
23 38
71 26
125 10
148 10
163 73
7 33
164 152
145 35
161 144
54 53
144 7
158 152
145 34
162 119
166 58
161 64
10 25
95 10
22 3
167 136
23 5
60 32
81 10
118 9
100 66
153 154
101 65
78 9
60 56
22 33
70 1
156 95
138 16
155 76
132 64
20 17
26 36
67 1
163 135
122 25
54 67
3 36
53 7
9 32
4 32
148 53
107 54
110 25
62 7
151 51
7 28
121 15
106 55
159 75
10 40
22 21
35 38
159 155
68 36
56 9
115 56
87 3
44 15
159 49
38 11
66 69
127 64
59 60
164 114
35 16
62 34
143 68
11 12
167 152
115 60
103 8
137 4
136 60
93 64
59 8
36 24
48 2
147 23
128 8
135 48
110 19
30 2
4 21
141 55
34 25
25 4
107 63
155 127
3 1
156 104
152 118
72 13
165 135
68 24
32 21
132 68
152 143
7 71
93 34
4 39
70 34
56 34
40 37
12 4
7 3
28 6
48 40
32 12
145 15
53 11
58 70
132 59
137 3
63 34
15 19
71 20
28 4
27 6
26 25
124 7
63 55
17 19
99 4
155 150
25 1
87 6
161 95
25 17
155 152
157 45
54 69
166 91
154 142
161 61
64 32
147 34
28 16
156 105
44 17
122 70
167 113
135 7
160 42
72 37
71 12
156 59
40 18
110 40
150 59
154 98
148 7
100 9
107 55
53 36
40 6
77 7
22 18
96 3
63 56
136 70
150 69
136 34
141 64
24 15
37 18
163 118
156 98
9 38
57 61
7 32
166 89
114 9
127 55
12 3
143 62
33 32
145 6
166 90
112 17
143 63
26 15
3 5
87 21
53 9
44 6
96 9
93 35
5 21
6 16
25 30
18 6
22 12
42 5
64 4
163 128
26 4
114 63
158 45
3 37
120 2
68 23
67 35
7 53
137 17
110 67
39 32
142 59
38 12
69 20
71 2
160 113
110 39
113 13
145 1
71 31
101 60
1 20
121 31
126 59
136 21
145 20
135 68
145 24
125 3
31 29
11 2
163 104
97 59
84 38
152 62
24 38
103 5
3 4
128 32
34 16
55 56
7 1
87 5
55 69
121 17
117 55
30 3
167 114
160 107
34 6
135 56
60 54
70 3
60 67
132 55
161 87
67 17
120 4
64 10
156 65
33 38
161 148
159 123
30 21
53 27
161 97
156 86
149 9
36 6
4 28
88 9
64 70
69 71
129 8
87 4
85 53
143 58
76 57
23 29
2 39
84 88
127 56
127 60
117 63
34 31
25 29
69 11
143 65
156 147
67 5
61 10
64 28
7 68
161 142
146 2
41 32
145 19
120 7
166 59
4 37
117 60
147 36
107 57
2 16
86 9
99 15
18 13
161 93
80 16
137 2
0 4
42 14
156 63
59 64
58 60
40 21
7 70
154 85
68 34
32 19
59 70
22 20
148 35
39 12
146 25
142 56
92 97
160 120
154 105
23 2
70 28
56 11
2 18
26 30
154 61
107 56
35 30
70 20
18 15
54 15
24 2
48 12
111 55
56 71
28 1
9 67
167 22
144 55
93 68
110 48
122 16
158 106
137 5
53 68
10 48
33 18
97 9
20 11
98 63
146 23
62 63
155 136
160 135
165 84
143 10
33 15
10 18
10 12
141 63
122 33
35 11
142 60
144 26
71 9
160 137
62 9
64 38
164 135
24 4
140 7
35 1
33 27
85 1
34 38
106 59
70 36
22 32
150 55
84 90
55 60
146 17
8 39
36 27
40 4
58 33
151 52
33 29
132 62
12 2
141 62
141 98
144 54
160 123
71 23
31 40
7 20
127 108
67 9
10 37
27 12
5 17
54 21
19 1
64 5
25 11
163 131
84 94
87 1
63 60
48 35
163 161
71 1
35 20
163 130
85 3
9 30
114 54
163 89
68 8
127 9
146 15
157 127
136 33
3 20
144 70
129 10
160 109
29 24
163 74
110 7
52 64
56 32
147 59
87 2
143 71
5 40
69 7
57 62
3 6
39 40
34 20
76 54
33 37
143 53
121 26
106 7
67 27
111 53
112 15
23 6
56 10
121 8
166 124
65 53
145 25
164 136
33 16
71 16
85 54
108 98
137 6
54 30
26 7
25 28
128 21
80 2
31 7
41 20
93 36
106 9
38 40
9 23
38 27
22 1
68 35
121 33
18 1
149 10
29 20
40 14
38 20
56 53
67 23
152 43
107 98
162 0
23 20
65 58
33 39
46 13
52 65
63 58
66 62
63 69
22 35
129 4
160 128
71 34
9 3
69 2
157 154
40 1
32 6
154 87
30 37
154 108
160 121
59 32
166 87
166 74
16 18
39 18
122 7
9 1
41 36
87 15
122 35
25 18
163 107
142 4
84 92
152 64
67 7
10 35
64 54
34 26
163 77
30 16
19 8
35 17
160 49
54 27
159 102
160 102
54 4
35 19
163 136
11 8
135 34
115 69
85 38
101 9
27 7
161 94
103 4
59 9
64 67
29 2
34 35
81 6
92 59
56 3
160 138
52 56
90 10
100 59
121 2
35 32
142 64
85 69
165 166
126 56
49 50
55 70
90 7
126 69
139 9
8 2
159 99
153 47
136 31
71 24
136 1
117 62
29 15
146 24
117 70
66 58
163 127
20 15
106 58
126 62
27 20
2 17
162 101
7 30
162 114
154 104
2 6
127 58
141 56
142 36
167 23
156 89
160 82
155 153
19 15
56 40
52 53
136 29
9 71
154 143
3 11
166 142
135 55
103 20
63 70
35 23
110 12
161 63
153 150
129 1
92 64
10 5
66 63
128 38
152 58
48 38
155 145
29 1
163 76
160 96
152 86
152 90
98 57
29 32
31 20
154 148
123 13
135 23
62 67
53 17
122 6
141 57
87 10
164 50
109 17
41 5
48 24
122 32
146 40
163 150
154 95
167 110
69 27
67 39
31 30
121 4
10 31
32 8
121 24
56 31
160 105
32 27
58 7
85 67
162 49
144 58
146 33
105 3
163 84
28 12
68 28
161 104
70 39
68 40
156 154
60 40
160 99
34 5
152 93
130 7
105 9
125 9
81 8
85 68
121 20
35 12
22 6
65 70
160 45
160 76
7 17
108 61
147 4
110 70
115 54
23 19
23 1
103 3
163 109
115 48
109 5
54 17
150 56
54 38
145 28
145 32
4 12
110 16
38 18
58 69
18 8
146 5
81 21
100 57
22 26
26 6
29 27
53 48
64 9
121 37
35 3
113 14
116 71
72 4
10 29
48 1
54 23
40 19
101 69
24 16
73 3
148 67
32 18
154 91
120 3
17 21
69 5
154 55
0 3
93 60
117 69
36 5
166 57
6 1
7 4
148 20
146 39
162 132
26 33
101 54
41 15
67 20
100 54
56 38
57 64
142 34
129 3
71 4
34 9
56 30
111 58
146 3
25 40
17 15
157 82
152 88
100 60
12 1
127 62
7 67
145 5
136 4
37 6
68 11
145 21
35 33
15 11
41 21
61 59
10 38
91 9
54 29
116 64
64 1
96 10
154 59
60 25
29 37
21 11
98 65
156 66
152 148
44 21
12 13
112 1
31 12
110 35
141 97
68 6
150 60
70 2
122 68
81 7
58 67
141 58
114 58
8 16
109 16
106 62
120 9
67 30
110 68
28 2
65 60
59 54
19 2
57 60
166 98
148 5
72 16
68 38
10 70
160 43
160 81
136 36
160 47
38 16
77 10
59 24
62 55
162 115
148 8
97 63
164 52
109 8
25 8
132 60
34 4
65 62
163 134
162 131
62 10
156 62
136 3
109 6
116 54
64 6
157 106
141 54
59 69
69 36
9 5
129 21
155 120
61 56
35 26
88 7
70 5
135 33
122 8
26 39
31 38
54 9
85 56
117 59
159 81
11 19
163 41
129 15
129 16
53 26
144 9
121 16
36 17
146 16
36 4
38 5
26 16
38 15
34 23
60 27
23 17
6 5
6 17
167 163
85 24
28 17
160 95
147 3
161 108
91 7
153 76
36 37
37 2
148 36
3 32
48 18
155 109
111 56
60 6
36 12
71 39
22 29
24 3
99 17
71 37
48 37
146 21
72 1
22 7
3 12
85 23
67 48
2 5
122 67
53 71
67 6
166 152
98 60
39 21
54 1
52 59
40 17
156 141
130 8
59 23
37 8
30 18
157 84
23 27
97 54
110 24
146 28
5 19
69 23
121 23
81 17
154 64
70 18
160 152
112 4
158 83
111 60
56 28
67 2
155 156
81 3
157 47
80 8
68 25
165 136
151 99
156 61
22 25
66 61
49 13
145 40
33 12
67 19
31 21
163 96
36 30
61 65
107 64
39 15
125 4
152 92
26 3
23 31
115 53
160 127
65 59
108 62
54 25
110 27
67 8
28 7
136 23
130 1
155 115
8 30
153 45
153 82
136 35
164 49
131 6
155 96
60 69
58 59
2 32
160 78
7 36
155 131
54 68
68 17
54 33
127 65
69 1
163 125
44 5
154 152
10 28
60 53
107 61
22 19
148 3
9 24
68 31
60 26
53 6
97 56
158 115
116 67
27 19
136 20
137 10
132 65
138 14
156 90
155 112
156 144
161 90
121 25
36 15
154 147
59 31
99 3
152 56
122 30
11 3
25 27
56 35
33 11
34 15
53 28
145 33
122 37
4 18
67 34
154 58
80 3
121 7
9 53
30 8
26 28
35 25
54 31
19 13
101 66
136 32
37 21
28 39
70 35
166 97
28 40
161 74
8 6
163 86
4 19
56 4
68 1
57 7
48 11
136 7
10 8
54 2
130 16
85 9
23 40
93 56
70 25
110 2
142 69
162 79
55 10
57 69
33 9
53 38
36 8
126 48
18 19
64 23
114 68
126 9
155 125
11 16
136 48
12 5
162 112
117 54
55 54
115 67
23 25
101 59
9 29
25 19
85 10
39 6
154 36
6 20
68 39
58 9
156 55
60 28
48 21
145 26
57 9
16 19
33 19
63 71
99 5
141 61
126 7
85 7
120 1
53 35
135 60
166 108
143 9
9 27
72 18
31 6
137 16
128 16
147 2
6 40
61 69
146 27
28 30
55 64
55 26
129 2
109 4
110 69
28 18
68 20
34 8
38 19
121 12
22 27
70 29
161 117
142 29
37 15
101 58
48 17
76 60
103 1
144 59
85 2
39 5
132 7
143 64
162 83
41 2
32 4
38 17
159 73
87 7
166 95
27 37
70 19
63 26
160 129
29 30
37 17
4 15
145 27
69 33
52 66
64 53
25 16
9 11
34 37
163 106
76 7
56 68
69 26
52 61
64 29
164 51
18 14
26 32
161 124
154 116
26 11
132 54
99 9
27 5
69 8
48 33
110 9
58 3
80 15
160 87
69 34
19 17
28 3
100 65
54 36
151 114
80 20
148 21
99 21
68 27
161 85
70 7
153 106
63 64
69 4
2 40
44 20
98 56
154 118
7 2
8 11
43 10
112 6
159 84
33 31
136 56
12 8
62 58
10 1
67 16
29 18
10 33
32 3
72 6
127 98
32 2
121 6
128 6
54 35
99 10
135 9
160 104
125 7
60 10
5 11
160 74
69 21
15 12
60 29
165 163
37 14
9 20
33 24
126 60
8 20
155 107
161 66
60 31
34 12
154 126
112 20
71 19
76 64
70 21
93 10
159 136
81 9
60 2
53 30
60 33
74 10
135 58
101 62
70 27
61 9
85 32
70 17
100 56
152 124
56 24
100 63
72 19
35 15
31 4
65 67
6 19
99 20
29 17
166 105
33 3
151 49
161 58
7 5
166 61
100 7
32 1
160 86
59 7
64 56
103 16
69 29
31 32
85 34
158 123
36 1
36 38
92 62
38 21
71 8
108 59
31 17
166 43
107 66
148 2
98 53
136 71
26 17
8 32
61 58
11 17
32 30
163 91
160 80
3 38
126 55
59 36
149 56
64 71
24 6
157 152
150 71
111 69
7 69
85 40
79 50
67 21
159 134
110 6
160 130
72 8
142 70
154 63
58 26
158 47
39 38
40 12
9 34
57 54
68 29
18 21
56 37
121 34
22 38
166 118
26 19
97 66
114 53
156 64
152 154
160 125
8 40
151 152
104 9
60 48
112 8
166 55
16 14
8 18
154 144
135 64
110 18
152 117
69 30
53 20
84 67
108 56
12 19
63 9
28 32
166 63
7 34
43 9
162 42
158 82
56 23
155 130
149 59
51 14
6 39
34 24
128 7
68 18
147 67
114 55
158 76
107 59
163 78
106 64
115 70
22 17
121 1
71 40
141 9
83 13
149 7
53 16
4 38
161 149
25 37
165 155
88 10
138 13
52 55
67 70
122 24
129 7
111 62
163 145
42 17
147 7
145 23
93 70
19 16
62 48
155 43
98 58
9 4
41 38
128 20
111 59
66 54
7 48
70 31
161 86
145 29
110 31
34 29
39 16
115 62
100 69
159 129
163 124
25 15
23 28
145 7
37 11
1 40
87 17
7 25
10 17
97 57
80 5
17 14
126 58
87 8
98 55
31 15
68 33
7 18
58 34
93 3
142 67
135 3
76 53
154 89
87 9
80 17
48 7
22 34
145 3
160 90
41 35
115 58
143 54
152 66
117 9
66 64
39 7
85 60
56 25
164 122
138 15
22 11
70 38
161 154
20 16
156 93
7 8
29 3
31 39
80 7
115 71
144 60
127 66
122 11
126 63
111 63
148 1
65 9
70 12
137 9
161 62
122 21
9 37
56 26
85 29
55 7
116 68
6 21
161 60
64 27
30 6
166 116
158 150
112 2
156 97
132 53
137 8
146 31
28 19
42 1
62 68
136 6
95 9
97 65
153 152
0 9
116 69
26 31
57 59
144 69
32 7
160 94
55 34
146 30
35 7
110 28
80 4
161 92
53 19
2 30
62 59
68 2
54 39
54 28
152 60
166 117
154 92
160 23
119 113
151 135
35 36
145 17
60 35
25 7
27 3
162 103
52 57
4 29
100 62
24 7
97 62
59 39
146 20
150 48
135 70
85 36
31 3
42 21
155 106
122 38
150 62
48 28
71 17
160 92
61 63
144 67
146 12
48 20
110 71
58 10
9 36
3 2
163 102
142 54
119 50
147 60
108 66
166 144
117 7
31 2
155 128
34 18
120 10
163 44
81 2
142 3
48 29
156 143
54 8
57 10
35 27
74 7
33 8
93 7
54 7
24 17
115 59
93 23
121 5
58 68
83 14
67 25
4 1
98 7
54 18
39 2
33 25
131 20
122 48
18 16
24 37
148 34
29 16
28 11
61 53
52 7
161 43
20 40
68 19
155 42
80 32
66 56
110 8
56 8
134 7
136 5
71 29
93 26
126 64
132 58
115 9
136 24
110 15
145 8
58 54
35 21
2 20
33 17
99 7
147 35
66 65
154 88
161 59
160 79
1 27
160 83
166 94
163 121
51 13
154 53
111 7
72 21
116 63
85 33
70 30
4 5
8 21
146 19
36 20
160 115
142 35
67 3
44 7
100 55
112 21
163 92
64 8
22 30
152 89
160 84
44 4
48 30
98 62
150 64
141 66
148 6
44 8
1 30
112 16
48 9
65 7
30 20
166 154
152 61
93 54
26 8
159 133
142 68
53 33
28 37
128 3
160 136
43 7
85 31
67 12
44 9
152 108
122 5
87 20
68 3
152 104
29 6
56 5
144 34
22 5
56 69
117 53
163 81
163 88
85 35
53 70
160 145
84 86
7 40
37 5
152 57
131 3
159 92
149 53
24 11
34 1
129 17
159 51
54 3
114 69
136 40
37 13
84 85
37 4
25 39
153 84
131 8
163 23
148 56
121 38
34 40
60 36
156 87
80 1
162 52
25 6
54 20
10 6
40 8
69 32
166 66
3 17
85 39
136 39
110 33
3 21
3 23
52 63
40 11
59 6
69 39
150 53
110 32
67 11
0 7
126 67
142 53
30 12
110 11
144 53
84 93
163 99
11 6
97 60
29 8
0 2
58 64
76 65
30 15
10 21
40 16
52 58
110 29
103 2
48 25
112 5
59 10
152 63
69 25
109 21
26 12
26 20
1 37
121 27
154 86
89 10
41 17
55 67
60 3
95 7
4 11
27 11
93 53
130 2
159 135
34 32
115 7
37 16
42 20
143 56
144 68
10 11
1 18
64 24
114 62
44 16
122 2
33 36
54 32
115 64
158 107
35 8
107 9
39 4
160 75
34 39
29 5
156 36
150 9
144 56
23 32
3 27
62 60
130 21
14 13
53 1
30 5
1 17
35 18
135 26
48 39
121 36
146 18
41 1
28 27
72 2
64 33
9 7
2 21
67 36
163 90
136 69
55 3
156 116
147 56
28 15
35 2
29 39
135 59
142 7
154 66
1 21
43 4
70 11
58 55
161 143
34 7
48 16
129 6
161 89
19 6
128 15
100 61
160 89
154 60
56 36
166 65
48 26
116 59
23 18
57 56
60 24
127 61
108 58
152 85
71 11
69 18
54 16
156 94
11 21
98 59
156 149
109 20
127 97
150 68
41 3
22 16
23 30
16 12
52 62
136 68
55 53
69 37
72 3
54 5
31 5
166 85
59 56
160 131
114 65
84 89
56 29
35 28
54 71
62 71
57 66
110 23
162 100
56 15
17 18
99 1
65 63
146 32
108 64
152 126
98 9
144 71
23 21
67 71
34 30
38 30
159 23
166 56
142 31
158 46
32 17
156 148
63 53
3 40
109 3
156 88
113 50
103 17
0 5
56 39
33 1
108 63
26 18
152 74
24 20
25 2
33 23
9 8
154 65
9 39
80 21
24 40
36 28
117 68
161 44
161 88
60 5
157 76
149 60
63 54
166 126
106 53
156 124
64 36
98 61
130 15
121 21
163 137
25 5
161 116
154 124
157 150
103 7
98 54
1 19
148 23
161 126
132 69
116 56
162 146
166 60
65 69
76 58
8 12
15 14
146 6
54 26
107 60
76 63
8 37
101 63
8 15
145 12
25 21
11 1
143 67
165 152
159 140
81 1
62 64
111 54
28 8
54 24
10 4
137 1
159 46
25 32
156 152
163 129
69 68
69 67
69 70
38 3
132 56
153 83
106 69
9 15
161 53
136 25
53 23
143 55
161 65
47 14
39 27
8 1
68 9
66 53
76 61
112 3
63 10
29 7
166 148
114 59
34 17
10 3
52 9
61 60
146 38
99 6
101 56
164 113
36 29
9 48
154 74
122 19
28 38
7 37
143 69
151 84
19 20
28 21
64 3
11 20
71 36
71 28
67 33
145 2
15 37
161 105
162 51
85 20
111 65
62 56
102 9
36 40
162 80
158 154
156 142
101 57
59 71
115 63
53 5
50 14
157 123
31 25
54 11
65 71
117 71
85 4
60 71
12 15
41 8
72 15
44 1
122 20
24 19
10 26
8 38
28 5
60 7
146 11
75 10
10 36
145 30
167 135
59 3
147 64
108 65
68 15
3 30
136 28
30 40
22 28
29 4
70 26
97 55
10 7
65 68
69 6
24 18
26 29
159 152
160 118
129 5
69 38
147 8
60 21
58 23
52 54
121 40
12 17
71 30
97 58
33 40
145 11
24 21
70 37
167 50
2 38
70 9
71 25
22 2
64 35
155 138
61 7
152 94
166 92
100 64
27 21
122 28
122 36
110 30
59 2
63 59
42 16
23 37
163 75
166 143
156 43
10 68
68 67
147 10
70 33
114 64
29 11
69 15
34 36
71 15
110 34
161 118
93 69
157 83
66 7
15 21
71 7
38 8
136 2
65 10
164 119
147 53
99 2
23 3
4 20
10 39
57 63
59 53
162 138
130 6
53 15
7 12
152 59
117 58
116 53
129 20
51 50
117 67
160 106
107 108
9 16
131 17
122 18
37 19
100 58
151 23
6 32
18 17
156 126
110 21
142 26
68 32
160 112
99 8
26 23
152 147
31 27
129 9
26 1
78 7
33 6
69 19
1 16
58 35
60 70
85 25
27 15
167 53
131 4
23 36
85 27
36 7
122 15
15 18
152 98
97 61
36 3
106 65
10 19
136 53
34 21
38 6
48 36
71 38
161 98
34 33
149 55
18 4
49 14
69 31
148 38
97 64
36 39
98 66
131 15
161 56
110 36
117 64
9 33
4 30
156 56
126 71
81 15
33 30
164 23
37 20
11 13
157 107
121 28
69 3
22 9
21 18
59 68
66 9
133 9
17 16
101 53
64 25
156 108
22 23
72 17
116 58
105 10
154 94
102 7
23 39
124 9
10 34
36 11
2 27
101 61
39 3
2 19
149 67
139 10
10 67
160 41
94 10
53 8
9 6
110 20
142 8
130 17
10 30
151 136
150 58
122 31
34 19
81 4
122 12
46 14
92 65
12 14
160 51
64 2
9 31
141 60
128 17
7 38
94 7
33 21
71 5
55 68
1 11
121 35
109 1
57 65
76 55
106 63
142 24
62 53
71 6
29 38
121 11
142 23
25 20
130 4
84 74
64 34
54 40
155 41
55 35
48 6
4 16
35 6
0 6
10 23
7 29
30 17
18 3
12 16
10 16
35 9
86 10
22 4
152 36
55 59
53 32
63 35
127 54
9 35
9 70
32 11
136 15
12 20
160 133
39 8
143 59
146 1
132 63
160 44
67 24
6 11
36 18
102 10
41 6
31 16
80 6
41 9
27 18
24 1
39 37
109 14
47 13
65 55
106 56
86 7
122 3
160 46
3 39
58 53
6 37
163 152
166 149
78 10
59 35
166 53
54 6
166 147
25 12
59 67
24 5
34 11
65 56
149 64
20 37
27 8
120 5
143 70
148 32
58 71
12 18
60 23
122 17
7 39
67 28
148 4
6 30
62 69
23 11
32 20
4 27
40 5
134 9
11 15
30 11
143 60
29 40
69 28
142 71
22 8
142 2
103 15
29 12
140 9
151 75
2 11
68 21
122 27
149 58
75 9
38 37
64 60
154 56
152 142
85 15
59 26
145 18
110 3
61 54
4 31
126 70
138 21
53 24
126 68
59 38
23 8
161 147
10 9
156 44
9 18
56 33
40 2
24 12
23 16
18 2
60 1
20 21
11 5
27 17
155 80
130 5
22 24
85 70
152 149
33 7
105 7
156 60
24 39
166 104
149 63
137 15
156 85
68 4
84 95
153 46
40 3
48 34
115 68
30 1
2 15
39 20
76 9
71 32
31 11
18 5
9 17
60 15
75 7
136 38
64 31
32 15
28 29
26 38
8 17
101 7
34 28
93 9
67 31
111 64
10 27
122 9
3 25
9 69
37 12
92 57
146 9
53 69
60 38
131 5
73 7
48 5
53 29
36 25
71 3
42 6
29 19
9 25
123 14
17 11
85 28
19 5
59 34
70 40
41 34
53 31
76 62
114 56
110 4
93 67
67 40
152 55
136 8
109 15
83 21
142 25
122 29
121 29
166 44
32 40
5 37
39 11
11 18
108 55
23 15
136 26
131 1
166 86
166 36
128 2
48 31
8 27
60 39
23 12
131 21
23 7
63 67
107 65
7 15
107 58
48 32
56 27
48 4
122 40
21 19
110 26
27 16
55 9
28 20
69 9
35 31
5 20
23 4
158 84
145 37
4 8
161 55
11 14
152 144
53 21
90 9
56 7
146 7
60 30
93 59
37 3
35 29
153 107
76 56
4 6
152 95
31 37
55 23
80 38
145 16
7 31
121 30
146 4
150 63
137 21
26 40
56 67
7 21
63 68
156 118
61 64
153 123
66 59
167 166
24 8
30 19
57 53
9 68
150 54
39 30
136 9
91 10
155 158
82 14
154 57
73 9
141 59
152 116
71 35
122 26
19 21
25 3
22 15
122 23
150 67
163 105
85 26
144 3
34 3
104 10
121 18
162 82
37 1
70 8
136 54
64 69
71 33
0 10
162 145
160 91
3 19
130 3
89 7
154 97
154 44
164 32
160 73
44 2
142 33
140 10
146 8
163 112
109 2
53 18
66 60
126 54
153 115
131 16
112 14
68 16
160 88
31 24
22 36
53 39
70 15
21 14
154 93
67 29
132 9
145 36
48 15
163 80
10 24
132 67
26 37
31 18
36 2
81 16
154 141
68 7
155 84
162 111
107 97
44 10
34 27
159 160
67 4
3 8
6 27
9 21
70 23
42 15
59 33
144 64
22 39
27 4
117 56
33 4
26 5
163 146
7 26
53 25
22 40
34 2
7 23
114 67
142 28
0 8
24 27
32 38
9 26
69 24
163 43
38 1
136 27
10 32
57 58
120 8
39 17
50 13
48 27
59 29
135 54
67 18
19 14
52 60
93 33
127 63
161 36
136 67
137 20
122 71
54 37
38 7
70 32
33 5
27 30
7 27
104 7
26 2
35 40
56 70
36 31
143 7
142 10
60 9
10 15
58 56
159 139
66 10
68 12
3 15
7 11
33 2
64 26
65 54
166 62
163 115
6 18
100 53
84 91
166 141
3 16
155 146
48 19
40 20
152 65
152 87
85 5
26 24
153 127
3 31
9 28
106 60
98 64
69 17
70 4
152 97
137 7
42 2
53 67
154 90
163 138
27 2
53 3
72 5
31 28
67 32
160 50
56 54
48 23
131 2
126 53
70 24
26 27
48 8
121 9
64 68
2 1
54 12
10 20
4 2
64 48
122 39
22 37
145 39
28 24
1 15
108 60
116 60
136 17
154 149
6 15
7 6
29 21
135 35
5 30
159 47
156 117
152 141
84 87
116 48
160 161
67 38
152 105
69 12
128 4
4 24
5 18
163 87
45 13
7 35
122 34
156 74
116 7
142 9
9 2
57 55
53 34
68 37
149 62
144 35
