53 18
46 4
60 2
54 2
8 2
52 25
56 4
64 1
19 24
48 3
2 20
57 3
53 13
1 17
12 11
16 20
22 1
13 16
30 17
27 2
10 5
21 19
31 20
56 5
43 14
31 11
4 11
46 2
53 21
31 14
41 24
38 6
5 19
26 6
30 15
5 13
53 15
29 19
58 5
39 14
31 21
55 5
32 4
5 17
18 21
58 1
26 4
29 16
29 17
49 5
30 13
22 4
46 6
12 17
33 4
8 6
10 4
0 1
9 2
52 24
49 2
37 2
4 17
44 14
30 11
5 11
21 11
53 19
17 24
30 14
61 52
54 5
2 19
63 11
12 15
34 3
55 1
56 1
64 42
1 11
13 21
28 6
29 14
5 20
3 17
3 16
38 2
13 11
5 18
1 20
39 19
8 1
44 11
42 21
50 5
62 11
16 11
7 6
62 16
8 4
64 62
0 4
59 4
12 21
44 18
39 17
34 2
14 15
51 17
9 3
49 3
57 2
48 1
55 6
51 14
64 36
32 11
45 1
27 1
45 6
61 23
51 13
14 20
13 17
12 14
16 19
31 19
7 3
46 5
40 16
21 17
38 1
60 3
18 13
26 2
53 17
58 6
32 17
4 19
40 18
39 13
50 6
26 1
1 19
60 6
50 2
18 19
56 2
32 5
59 1
13 18
46 3
45 5
34 6
37 3
39 16
0 2
61 17
40 14
10 3
10 6
21 18
61 41
38 5
64 2
55 3
14 19
33 6
35 2
53 11
0 5
36 17
64 29
32 6
6 16
48 2
60 5
50 4
6 19
18 15
30 20
16 21
44 17
48 4
47 3
43 16
33 5
51 11
32 1
62 17
47 5
42 17
64 43
9 5
21 15
61 29
32 2
29 20
43 11
54 1
54 6
43 21
42 18
49 1
31 17
12 19
5 21
37 6
14 11
58 4
40 17
2 15
6 17
64 3
53 16
3 11
6 20
28 4
21 20
10 2
59 3
40 11
42 13
44 13
49 4
58 2
64 30
39 15
62 14
4 16
9 1
57 6
23 24
3 19
63 20
57 4
27 5
50 3
0 3
1 15
30 21
47 4
58 11
39 21
29 13
30 18
47 2
59 5
28 1
10 1
24 25
10 11
20 24
18 20
56 6
39 18
26 5
28 2
22 6
3 15
11 25
51 16
2 16
36 11
37 1
8 3
17 25
29 18
39 11
57 5
41 25
53 14
18 17
31 18
59 6
34 1
14 17
60 4
29 11
49 6
43 20
22 2
35 6
9 6
38 4
33 2
27 4
47 6
29 15
44 15
45 2
28 5
36 19
25 24
56 3
55 2
16 18
44 19
44 20
21 13
45 4
60 1
62 19
18 11
62 21
44 16
43 17
35 5
48 6
38 11
13 19
3 20
31 15
16 17
1 16
64 39
7 2
64 12
64 31
21 16
15 25
51 21
13 15
39 20
42 19
31 13
12 18
5 15
13 20
51 18
46 1
34 4
30 19
35 3
28 3
6 15
15 24
0 6
12 13
40 13
18 16
12 16
50 1
4 20
30 16
42 15
11 20
37 4
36 16
47 1
37 5
32 3
7 1
47 11
58 3
54 3
43 15
12 20
42 11
27 3
9 4
35 1
54 4
62 13
61 11
23 25
2 17
2 11
43 13
6 11
64 44
38 3
4 15
53 20
7 5
29 21
42 20
8 5
26 3
11 24
7 4
62 18
62 15
44 21
19 25
59 2
22 5
40 21
16 13
16 15
42 14
55 4
43 18
34 5
27 6
57 1
36 20
33 3
62 20
22 3
45 3
64 53
42 16
33 1
43 19
31 16
59 11
48 5
35 4
36 15
64 4
20 25
