95 5
0 8
6 1
23 34
25 17
66 2
37 55
67 32
68 22
89 7
77 9
93 16
39 19
83 6
91 31
86 6
91 7
91 16
54 32
66 39
48 28
97 46
86 7
44 1
92 1
97 24
30 7
92 2
91 20
97 50
66 5
84 37
95 19
57 32
91 37
51 7
74 31
89 9
35 26
66 21
97 6
9 26
0 16
67 39
6 26
96 45
98 46
92 7
92 47
83 15
79 6
93 2
83 9
90 27
37 28
64 3
39 26
39 61
79 3
39 27
38 27
95 3
64 34
44 20
58 12
70 9
48 46
84 2
89 50
67 13
78 3
44 21
97 33
80 6
53 45
35 27
67 9
58 4
57 2
89 23
44 46
18 13
96 39
97 16
66 34
36 28
51 15
83 37
35 28
97 20
54 21
51 6
13 26
51 47
67 6
97 9
37 27
67 21
67 8
79 5
56 42
48 26
63 17
0 1
91 46
30 16
76 21
92 4
55 28
81 16
50 26
57 19
30 22
18 24
94 3
58 20
67 5
56 1
83 1
3 36
57 3
64 5
51 23
57 7
30 21
21 41
56 31
0 14
78 31
64 37
53 22
73 26
95 2
67 3
44 4
48 13
66 49
53 19
54 13
67 1
3 37
37 26
74 15
91 48
58 15
70 23
94 49
97 15
62 16
89 13
51 19
54 23
64 23
30 6
74 6
97 8
54 9
44 3
78 42
84 49
79 17
9 85
58 49
91 47
2 27
48 40
29 27
49 28
64 39
0 5
57 45
43 7
0 12
56 2
92 9
44 24
97 1
97 11
67 17
0 15
98 33
0 10
58 17
3 39
44 12
67 15
57 12
66 47
67 10
48 27
57 15
66 15
58 6
94 4
67 49
65 9
44 37
78 17
44 22
95 6
51 22
83 3
0 3
74 7
82 31
64 32
94 13
6 28
80 31
93 14
64 49
54 2
57 22
21 38
71 32
89 20
91 34
84 5
67 11
18 16
91 19
44 23
56 11
63 1
57 17
52 17
44 5
78 46
94 17
97 39
38 28
91 1
78 34
67 19
83 12
79 2
44 6
96 27
97 3
69 19
97 19
89 6
94 1
87 3
51 16
0 4
48 60
86 16
96 40
30 14
79 7
57 1
66 46
89 1
64 22
18 20
0 9
69 17
70 17
30 32
78 13
86 31
92 48
13 27
95 13
4 26
44 50
96 55
34 1
91 15
82 16
95 12
50 27
70 22
78 7
91 5
76 7
1 26
54 7
77 2
97 45
82 17
97 47
3 26
64 1
21 27
91 17
50 28
92 6
97 32
80 3
57 49
98 19
95 39
3 28
12 35
67 7
54 14
97 88
44 47
97 14
66 11
54 3
0 11
56 3
57 23
66 22
89 17
44 39
91 11
66 50
96 26
93 5
94 7
71 3
56 15
91 39
71 2
57 6
66 8
96 1
3 35
81 17
58 5
51 12
51 42
18 7
77 21
91 12
76 46
66 32
62 3
89 32
78 48
57 50
36 27
63 42
44 15
96 28
39 38
58 9
57 34
81 47
5 36
65 1
87 16
58 7
51 17
54 22
94 37
30 4
97 22
63 46
70 11
66 42
83 17
77 5
97 12
48 36
54 5
30 23
63 50
57 46
57 20
63 9
54 42
67 48
89 19
89 22
97 21
66 48
1 27
97 23
83 16
44 17
71 13
75 6
86 1
87 17
95 9
81 46
39 35
18 6
63 24
3 40
95 42
44 11
92 3
0 2
78 5
75 3
44 42
63 16
67 23
2 28
94 6
94 16
97 13
89 3
64 47
58 37
83 23
58 8
64 4
83 13
3 27
21 26
58 13
97 49
56 16
39 1
3 17
3 38
56 17
3 1
49 26
64 42
0 13
64 21
21 28
66 19
39 41
67 31
18 1
0 7
78 19
76 17
51 48
37 45
53 17
44 16
67 42
9 36
78 16
57 13
78 23
44 8
72 16
30 31
97 31
63 19
57 21
48 61
56 12
58 3
97 5
71 4
78 47
81 48
78 9
66 1
64 7
66 37
44 9
39 88
70 15
66 12
44 48
77 4
91 21
18 3
95 31
56 5
18 23
66 16
94 39
30 19
66 4
18 21
20 35
48 35
54 46
49 27
95 16
80 7
53 16
68 17
64 6
97 17
54 17
66 7
18 19
62 9
57 42
94 19
97 7
92 16
97 10
48 59
51 39
66 20
54 1
49 38
20 19
44 2
52 13
95 7
78 6
95 17
97 2
58 16
67 47
64 19
21 1
25 13
74 12
64 48
97 37
51 31
66 3
43 37
67 50
94 2
62 17
57 9
57 5
93 32
78 4
91 3
64 2
97 34
87 1
16 27
94 32
44 31
44 13
58 10
56 50
11 28
71 17
42 36
91 2
95 50
61 26
39 37
57 11
4 28
67 16
54 37
78 50
57 4
39 36
78 1
18 22
44 7
66 9
53 23
79 9
89 42
0 17
64 16
18 17
92 32
70 12
4 27
97 4
71 5
53 9
76 6
95 15
58 2
83 11
68 23
3 19
44 10
30 33
63 13
83 32
67 4
54 6
91 32
84 9
71 16
67 37
64 50
44 45
75 7
92 17
48 38
51 11
3 41
44 49
12 19
74 17
74 11
43 4
67 2
8 38
94 5
0 6
97 42
37 40
67 33
30 34
54 16
83 7
51 50
54 34
92 5
44 32
64 20
48 19
91 6
53 4
83 22
66 17
43 6
66 6
91 13
44 19
67 22
53 1
78 2
67 12
66 10
97 48
78 22
21 36
54 50
66 23
91 9
50 38
66 24
51 34
95 11
58 33
58 11
67 24
68 19
66 13
57 16
94 20
94 9
95 1
