13 6
15 7
8 12
3 6
6 7
29 18
30 8
30 6
24 5
3 9
29 5
13 10
0 2
16 10
5 12
27 1
23 4
14 8
29 13
1 4
25 4
20 4
20 9
20 5
3 4
25 10
29 8
7 12
6 5
29 4
20 6
10 5
18 5
29 16
6 10
10 12
29 19
20 10
20 7
15 10
29 24
2 7
14 1
28 2
16 5
23 9
29 25
19 12
21 1
15 6
24 6
15 4
6 8
16 4
24 10
23 8
30 7
9 5
25 7
26 1
29 11
13 9
13 8
2 8
1 8
17 1
11 12
24 8
0 1
15 5
21 2
1 6
13 7
18 9
16 7
30 10
29 30
25 9
14 2
30 5
24 4
31 5
29 15
1 5
13 5
9 4
2 4
23 6
20 8
25 8
2 5
9 10
9 6
27 2
18 6
29 3
28 1
14 10
9 7
15 8
30 9
14 4
3 10
2 10
16 8
1 7
18 4
15 9
1 9
25 6
3 7
23 10
26 2
22 1
24 9
30 4
6 4
29 10
24 7
25 5
18 10
1 10
9 8
17 2
4 12
3 8
18 7
13 4
6 9
29 20
22 2
31 10
18 8
3 5
