30 8
31 11
17 10
23 6
20 16
5 8
24 8
32 9
35 8
32 0
18 14
30 0
22 7
5 2
22 8
30 27
33 4
31 8
5 12
16 0
17 16
0 2
35 1
21 2
22 9
33 0
17 2
22 3
14 15
23 1
6 15
30 4
21 13
33 16
10 4
33 3
21 4
24 10
17 1
10 1
5 6
32 4
25 28
10 3
24 2
24 11
20 12
20 11
18 10
31 10
17 7
32 1
17 15
22 13
5 15
25 27
2 0
5 14
23 0
32 12
32 7
17 8
23 10
35 14
20 13
22 16
3 0
17 9
4 9
23 12
18 16
24 3
24 0
24 1
11 15
16 3
3 1
17 14
17 3
9 15
35 16
30 3
25 4
6 19
30 34
35 6
31 2
21 16
21 14
23 7
35 9
10 2
20 2
2 3
24 14
21 7
22 11
35 7
33 1
31 12
32 6
23 3
4 0
23 14
23 4
31 4
21 12
1 15
23 16
31 7
18 11
8 15
22 2
21 11
31 15
21 6
35 2
22 14
17 6
20 8
18 6
20 1
20 10
20 0
24 16
21 9
35 13
24 12
32 15
18 13
21 10
4 3
23 13
17 4
22 0
20 15
18 4
0 4
16 4
34 15
18 0
31 3
30 29
2 4
5 1
20 4
31 13
16 2
24 7
18 12
33 15
23 11
35 11
24 4
30 28
25 30
31 1
20 14
20 6
17 11
5 3
0 1
18 8
32 2
24 13
32 8
21 15
18 7
33 11
21 1
17 12
33 9
5 13
32 11
25 10
24 9
18 15
22 10
18 9
5 11
20 7
32 14
20 3
1 19
31 14
5 9
24 15
32 3
5 0
31 9
3 2
0 3
22 4
22 12
7 15
4 2
33 8
30 13
20 9
5 16
23 2
21 3
8 19
23 9
5 10
22 15
17 13
21 8
18 3
31 16
33 2
18 2
35 4
10 13
35 15
35 3
33 10
32 13
4 19
4 1
9 19
31 0
7 19
10 0
33 6
30 7
24 6
35 12
25 26
25 29
23 8
17 0
35 0
32 10
5 4
22 6
32 16
33 13
33 12
21 0
31 6
5 7
22 1
33 14
3 4
23 15
18 1
30 1
35 10
33 7
