122 5
85 1
121 54
121 104
6 9
113 58
54 36
56 18
25 2
23 40
4 33
27 1
113 106
18 3
83 24
61 8
78 24
89 33
5 12
86 24
96 75
100 104
112 45
91 27
78 12
15 20
57 26
22 40
70 60
13 36
3 12
115 63
31 10
115 73
28 7
8 13
84 26
13 28
21 8
42 25
36 1
62 22
4 10
66 14
102 50
14 7
21 35
13 24
9 17
37 10
19 29
90 5
14 24
69 58
72 3
62 27
47 2
26 22
92 94
19 7
15 1
100 88
18 14
78 19
16 33
60 27
112 93
115 99
86 18
47 31
50 36
89 28
59 27
27 17
114 65
21 12
68 13
62 21
1 10
66 33
4 19
78 23
33 1
27 34
88 6
97 59
75 61
19 40
24 25
6 10
88 18
14 3
47 23
89 34
36 24
95 104
5 26
18 24
56 62
112 78
21 32
0 2
61 6
98 50
100 71
27 15
70 62
88 10
60 6
113 97
19 35
36 31
47 11
13 31
5 34
22 32
16 35
29 39
8 40
83 30
23 2
112 103
8 39
87 61
121 69
2 35
14 25
59 26
77 12
95 27
4 21
24 40
18 1
68 28
49 43
34 9
121 67
66 61
78 3
64 22
30 24
24 35
115 78
13 9
13 19
90 21
75 60
115 82
29 17
112 95
47 29
34 25
113 87
62 4
80 2
2 3
16 18
86 57
23 10
86 33
26 8
25 23
41 11
88 57
48 32
36 7
24 2
67 61
48 26
86 20
5 29
88 8
4 3
30 10
5 13
26 34
32 17
34 24
121 105
19 3
2 17
66 22
47 39
26 2
23 29
102 75
101 66
20 10
89 30
88 19
59 19
34 29
85 22
20 31
61 16
26 28
56 57
1 35
112 77
35 12
59 20
48 34
112 80
16 17
36 23
112 50
74 33
23 17
24 17
48 33
69 15
2 12
13 37
4 32
65 57
95 54
11 3
5 33
10 3
89 5
112 52
36 12
68 26
5 40
35 2
34 12
114 77
100 103
16 6
26 37
89 36
50 32
95 59
27 40
15 24
112 94
16 11
120 121
16 36
100 70
44 1
14 40
1 7
112 110
14 23
42 32
83 7
58 30
88 14
32 29
90 57
22 31
37 24
68 21
66 58
113 52
54 8
58 6
9 7
28 3
95 57
61 34
50 54
13 23
18 23
74 59
59 22
80 1
85 10
6 33
1 2
90 62
24 29
30 2
83 32
1 11
37 40
4 18
86 32
97 106
24 10
50 51
68 8
97 36
34 20
1 25
4 29
58 22
1 9
27 21
28 20
16 22
47 17
15 11
16 32
97 62
2 10
33 29
101 50
61 1
82 3
98 94
59 7
44 2
71 61
65 4
121 71
27 33
66 21
112 118
98 79
83 13
107 108
30 7
67 8
66 16
112 79
41 40
113 88
97 58
67 27
37 12
6 26
42 4
40 39
26 11
89 15
100 51
57 25
85 30
88 35
0 3
46 1
95 71
27 2
78 1
121 24
58 15
71 62
98 77
95 87
36 25
107 80
30 12
83 1
34 19
25 29
29 43
46 2
34 40
14 31
27 14
74 21
112 66
59 13
32 19
63 39
33 7
97 90
20 11
33 23
83 40
115 105
24 3
38 7
30 40
121 55
97 27
88 27
107 111
66 18
97 95
26 5
47 1
8 23
92 44
83 39
48 12
96 95
74 36
59 9
26 21
15 25
42 19
23 3
121 59
86 59
90 58
59 21
38 36
59 34
54 6
95 89
57 36
8 35
60 4
98 78
21 26
61 26
22 14
6 34
6 19
22 34
78 25
91 57
69 18
85 32
74 61
48 24
97 68
83 23
38 3
48 1
19 1
10 39
100 27
100 89
4 9
21 30
90 4
16 31
76 3
61 22
58 5
54 28
60 59
17 1
35 10
4 35
95 105
15 31
20 25
19 23
33 36
114 66
89 13
35 1
121 68
10 17
22 20
27 37
88 36
89 6
58 33
16 8
67 16
5 6
6 21
56 61
28 2
61 31
35 3
79 61
59 6
22 28
80 3
18 5
18 31
7 25
25 17
61 32
102 97
86 30
36 20
84 62
86 14
27 22
5 8
15 9
20 40
61 13
9 35
77 3
71 58
61 21
83 9
84 60
63 3
74 28
8 29
30 1
120 98
86 4
20 9
87 62
112 51
86 19
17 3
18 13
48 18
62 5
62 28
19 11
54 22
48 36
32 40
48 15
18 15
8 19
9 11
88 20
16 10
23 39
11 17
64 21
40 1
57 34
16 7
18 2
19 39
27 13
20 3
50 8
54 13
33 17
26 33
4 37
121 103
21 11
113 62
65 6
22 2
6 37
50 25
6 2
28 25
112 63
54 23
21 13
65 26
14 1
119 83
72 1
26 39
85 14
51 12
38 8
19 17
14 30
48 31
30 19
38 29
16 30
113 90
100 55
4 30
2 31
28 40
40 12
14 9
115 81
36 17
42 33
4 14
48 10
65 16
54 18
68 6
16 20
33 37
18 34
41 29
15 10
100 52
115 80
122 84
58 34
24 19
57 2
56 60
18 12
88 2
95 91
59 33
26 30
61 15
57 4
97 89
57 7
84 5
20 23
85 15
115 116
90 13
3 11
54 16
46 3
32 23
86 5
66 62
29 3
27 10
115 93
88 15
107 82
61 57
17 43
122 95
31 2
115 51
5 7
18 9
36 32
112 75
61 14
58 21
14 35
27 19
87 18
68 22
45 3
18 35
86 16
54 25
39 12
100 67
28 32
28 29
115 53
20 17
20 12
14 2
16 25
34 35
57 27
89 59
112 108
107 76
37 39
59 32
8 28
122 115
120 95
26 20
57 30
58 14
121 97
87 27
9 2
56 4
28 36
25 39
98 56
30 11
115 56
48 29
66 34
5 24
113 54
65 59
5 28
95 58
36 37
47 40
89 8
20 1
66 57
85 8
98 96
20 19
101 75
65 5
42 1
96 97
113 67
27 5
7 3
4 2
60 61
16 23
26 24
71 26
85 23
67 4
100 24
83 11
62 33
100 62
121 60
59 14
57 20
20 32
74 4
61 24
86 22
47 32
89 14
11 1
88 13
54 37
38 10
98 75
100 60
49 1
48 8
34 17
65 22
89 4
38 1
112 82
87 60
113 70
28 35
34 31
21 23
15 17
12 29
22 36
28 11
5 15
8 2
13 40
38 33
18 8
57 18
41 39
34 23
95 103
16 1
13 30
69 21
83 36
13 12
97 103
32 1
82 2
64 61
37 31
67 33
83 19
79 27
18 26
37 17
61 33
100 74
107 98
32 11
26 31
59 24
27 25
100 53
20 7
114 42
26 7
67 36
13 39
97 67
1 17
121 86
34 2
112 42
33 31
59 1
88 21
64 18
112 53
18 36
57 15
9 1
15 22
35 39
115 72
48 11
114 63
61 37
83 28
54 5
15 30
26 29
100 91
66 15
8 32
39 43
68 61
42 13
13 34
50 53
47 25
76 12
42 24
5 23
18 7
86 2
13 1
75 16
30 3
73 1
97 52
6 17
7 23
87 58
62 57
37 7
67 21
56 26
42 23
112 104
66 36
95 70
113 4
121 61
77 1
54 7
22 17
60 57
8 20
34 39
9 39
31 39
88 33
35 11
37 9
47 12
95 86
4 26
4 16
115 46
45 12
59 28
112 56
95 68
7 2
48 13
48 7
95 24
2 29
63 1
95 88
114 78
68 18
6 1
83 3
95 53
107 93
34 10
59 5
24 23
20 39
5 36
36 10
121 74
71 59
28 10
32 31
33 19
58 4
33 11
115 94
47 37
20 24
7 10
113 57
59 10
83 25
97 70
6 32
74 8
67 15
9 40
38 23
26 23
85 40
36 9
30 35
33 13
80 12
59 23
115 44
10 1
1 40
4 8
33 30
61 28
34 37
112 116
54 27
14 28
22 9
8 7
20 2
61 23
53 61
3 40
85 36
67 28
50 52
69 14
27 8
113 5
112 72
61 4
6 23
107 110
27 24
4 1
34 36
83 34
1 23
16 3
64 6
69 13
61 2
65 62
61 30
5 35
4 5
95 60
48 19
58 26
69 16
8 24
59 2
57 6
38 12
32 7
62 13
22 1
68 36
6 13
89 26
56 16
82 1
58 20
79 59
10 40
34 7
63 12
88 25
88 22
41 17
89 18
18 22
33 35
37 1
69 57
33 25
115 118
11 2
36 35
112 99
32 25
8 37
113 27
38 26
22 25
32 12
97 87
25 11
66 13
89 57
15 33
19 12
122 41
87 57
5 11
6 22
31 1
89 27
88 1
5 9
33 20
97 55
26 13
60 26
74 26
13 10
78 32
85 13
58 36
100 57
12 39
25 1
54 26
57 16
85 7
31 29
27 12
16 19
85 17
54 34
14 21
69 4
113 86
65 61
38 34
100 5
101 56
59 30
91 62
14 37
120 115
95 90
30 29
28 1
60 58
113 68
4 20
33 39
88 32
114 64
41 2
50 33
8 11
57 21
95 5
22 21
16 2
83 35
120 44
92 93
54 15
21 34
6 8
5 25
36 3
60 15
25 3
6 3
113 105
22 10
67 58
26 14
12 17
84 16
57 28
89 22
26 1
60 16
70 59
6 15
7 31
38 40
11 40
47 30
21 17
74 18
21 39
86 26
6 25
85 21
5 20
29 2
115 52
122 38
77 2
29 1
21 1
69 61
6 29
107 109
83 2
9 10
26 40
35 17
67 57
35 31
88 7
86 6
59 8
27 30
28 9
21 2
22 33
14 36
64 62
48 5
97 51
98 100
68 59
37 29
27 9
15 32
79 58
115 50
59 36
101 97
66 5
64 59
13 25
121 87
67 34
38 39
62 16
107 94
87 16
98 99
48 16
75 58
57 35
14 13
33 10
38 30
8 1
30 31
20 35
16 34
26 12
121 57
15 28
26 35
70 57
84 4
15 26
8 36
58 16
5 30
13 20
37 23
56 27
28 30
56 59
18 32
21 24
15 7
85 18
38 25
92 45
1 29
21 20
4 13
32 10
113 104
97 69
85 33
96 66
24 12
22 37
33 40
65 18
113 103
26 9
47 24
114 79
98 73
13 7
21 29
40 3
6 36
83 8
97 53
68 62
16 29
2 40
114 84
69 62
121 91
86 21
86 13
11 12
88 37
57 31
57 9
48 28
74 22
27 18
92 50
98 101
56 58
62 18
54 14
15 21
67 59
100 106
45 1
32 3
37 2
68 58
57 59
90 27
49 39
115 45
27 28
42 8
54 20
58 57
63 2
57 1
25 31
49 40
4 28
26 19
101 95
6 35
16 15
66 28
32 35
88 59
37 25
88 34
48 22
88 24
37 19
28 34
4 27
59 37
71 27
78 39
8 12
27 7
69 59
79 57
30 39
27 11
5 32
122 45
24 11
65 58
48 35
91 5
16 21
16 9
83 17
14 12
67 13
26 17
98 63
88 9
48 6
57 37
0 1
41 12
61 7
71 6
38 32
1 31
7 11
71 18
57 22
36 11
15 23
33 9
30 32
100 36
35 29
74 57
85 12
47 7
8 10
64 58
113 51
42 21
54 32
47 9
18 17
74 15
86 1
54 19
113 59
74 6
15 12
74 14
9 31
88 31
21 7
86 27
16 13
98 102
6 12
69 8
91 58
9 29
68 15
88 4
33 2
34 3
115 75
65 21
100 4
29 12
75 4
74 62
38 21
54 9
16 14
57 24
100 69
27 31
62 59
65 14
30 37
113 53
100 86
100 68
70 61
119 95
115 55
25 12
21 40
64 26
66 27
100 105
71 4
42 2
33 24
48 2
95 74
31 12
61 5
23 11
112 44
112 46
113 60
84 27
58 18
121 27
4 12
67 62
5 37
15 3
25 10
85 29
5 3
89 20
26 6
9 12
71 57
14 20
77 39
97 71
18 28
113 71
68 4
21 28
40 43
62 34
1 12
66 4
34 32
119 44
11 29
26 18
86 25
87 59
59 18
107 53
32 39
18 20
18 11
33 34
16 37
16 12
97 61
95 62
40 2
107 50
97 105
17 39
13 32
86 8
9 23
61 27
14 29
113 61
122 48
25 40
83 29
83 31
11 43
50 13
62 36
79 62
21 25
28 39
57 10
21 37
100 58
97 91
113 55
36 2
13 29
115 109
74 27
54 35
57 32
6 20
46 12
14 17
121 51
30 9
61 19
92 95
18 33
61 35
115 66
49 17
73 2
13 2
22 13
102 95
21 33
51 2
58 59
97 57
7 35
23 12
61 20
91 4
28 17
51 1
57 19
71 16
60 14
26 36
48 9
34 1
85 31
115 110
85 19
58 13
112 105
15 13
4 7
5 22
31 3
54 10
50 31
97 86
4 23
8 34
14 34
121 52
90 59
38 17
112 55
1 3
113 36
34 30
26 25
10 12
24 1
48 17
88 5
10 11
15 19
38 2
19 9
27 26
22 23
36 39
86 34
95 61
115 113
59 35
13 3
54 21
67 14
102 66
66 26
8 9
86 9
14 33
67 5
69 26
25 35
17 40
22 8
85 9
19 31
86 61
121 90
86 36
48 14
121 5
38 37
3 29
90 8
35 23
115 108
89 61
69 36
95 97
115 106
85 6
18 10
64 5
89 21
85 5
5 10
5 31
50 23
85 25
62 6
18 29
113 91
37 35
38 24
54 24
113 69
76 2
95 69
10 2
14 8
62 58
113 24
15 14
42 31
97 24
14 11
37 32
112 81
60 62
15 2
4 11
30 17
61 9
41 1
33 3
60 18
4 17
30 20
50 55
58 8
21 10
17 12
12 40
90 61
5 14
97 74
92 84
85 37
22 24
88 16
97 88
4 36
38 35
64 16
28 24
85 11
8 31
62 61
36 40
85 20
96 50
95 51
26 32
33 32
28 37
8 3
83 12
121 53
121 36
75 62
59 4
4 22
85 34
22 7
7 12
119 45
100 61
64 4
68 16
48 20
68 33
107 112
58 28
19 10
64 14
88 26
11 39
17 2
35 40
38 20
28 12
28 19
89 16
45 2
27 20
119 84
27 6
85 2
48 27
23 1
88 28
61 25
6 40
18 37
6 11
121 88
58 27
68 34
84 59
30 23
24 39
1 19
61 18
67 18
62 15
66 8
81 2
5 21
86 7
2 39
84 6
4 24
85 28
113 95
27 29
2 25
114 85
60 22
85 35
86 28
47 20
102 56
6 30
15 37
4 6
5 2
61 59
113 89
8 17
4 34
68 5
28 23
18 25
68 14
53 57
26 10
60 5
97 104
47 19
21 31
7 1
1 39
98 42
95 36
88 23
21 36
64 27
74 13
10 29
75 57
36 19
24 7
107 0
18 6
68 27
67 26
100 95
27 23
86 15
62 26
51 3
22 29
14 10
97 4
48 37
115 77
7 29
54 2
16 26
27 32
16 28
115 79
22 26
95 67
70 58
5 1
84 18
57 33
14 19
81 1
122 44
76 1
28 31
121 62
97 5
54 33
98 72
42 5
100 90
37 11
121 70
15 29
13 11
122 49
41 10
121 89
85 27
69 33
57 23
121 106
115 117
9 3
6 7
61 36
31 17
115 42
74 34
18 21
26 3
23 31
32 2
69 34
113 74
115 103
100 87
95 106
91 59
74 16
97 54
48 25
38 13
78 31
27 36
9 25
31 40
24 31
4 15
67 22
48 21
120 50
5 17
20 29
34 11
31 11
66 6
4 25
57 14
97 60
6 31
112 109
14 26
47 10
6 24
69 28
37 3
88 30
29 40
74 5
112 113
59 31
85 3
42 36
7 17
2 11
16 5
36 30
69 27
100 54
14 32
71 5
112 73
22 3
61 10
21 19
91 61
33 28
38 28
54 30
7 40
69 22
54 4
13 17
2 23
112 117
66 59
33 8
87 26
83 10
3 39
48 30
48 23
30 25
15 35
62 8
22 12
107 95
69 6
115 104
98 66
3 17
57 13
4 31
16 24
84 58
71 60
38 9
54 1
90 33
65 15
22 19
19 2
68 57
5 19
62 14
83 37
15 8
15 34
115 95
19 25
47 3
47 35
95 4
112 106
38 19
57 8
32 24
24 9
6 28
87 4
85 26
67 6
59 25
72 2
32 9
21 3
100 97
120 45
74 58
121 4
95 52
38 31
54 31
6 14
7 39
121 58
86 37
22 11
8 30
84 57
48 3
49 12
95 55
27 35
18 19
85 24
96 56
122 121
49 3
83 20
84 61
75 59
38 11
15 36
65 27
69 5
13 35
59 16
20 37
64 57
36 29
33 12
21 9
59 15
22 35
22 30
100 59
49 2
64 15
78 2
121 95
41 3
58 61
8 25
57 5
98 95
18 30
