25 7
22 9
19 6
34 1
1 7
16 22
16 20
16 23
33 2
2 7
11 1
33 3
26 20
31 3
26 19
20 10
25 9
12 9
25 10
23 6
24 9
17 7
19 10
16 21
15 2
36 3
16 12
17 6
32 3
28 3
28 2
26 24
35 1
5 1
22 6
18 7
33 1
30 3
20 7
24 7
24 6
19 9
37 1
14 2
16 24
11 2
23 9
23 10
32 2
12 10
21 10
0 1
26 2
11 3
31 1
39 7
34 3
22 10
14 3
26 17
10 7
8 10
13 3
35 3
31 2
24 10
26 1
27 2
35 2
12 6
27 1
9 7
26 8
0 3
30 2
31 7
18 9
2 10
30 1
26 25
37 3
17 9
34 2
22 7
17 10
4 2
19 7
5 2
13 1
7 40
36 1
26 21
32 1
36 2
16 3
38 7
16 2
29 3
37 2
8 7
16 18
26 23
12 7
18 6
6 7
0 2
8 9
5 3
29 2
16 1
29 1
16 8
3 7
15 3
13 2
15 1
4 3
16 17
21 6
21 9
26 18
16 19
14 1
16 25
20 6
27 3
26 12
26 22
23 7
21 7
4 1
26 3
20 9
28 1
18 10
