50 35
73 12
11 41
64 1
7 45
47 5
95 9
59 14
103 52
64 19
58 4
80 10
16 42
33 36
81 26
80 30
101 30
101 18
102 3
41 40
46 20
59 30
62 20
64 20
82 4
19 44
103 51
46 3
90 80
33 35
72 34
78 2
13 26
79 8
93 6
50 9
50 19
95 8
66 8
38 27
63 5
93 5
17 41
19 25
92 1
65 6
98 10
98 1
55 17
79 24
92 6
65 9
102 16
54 36
94 19
77 19
78 9
62 18
32 1
54 3
55 4
76 4
20 27
59 18
28 25
9 45
41 27
62 9
73 17
48 38
97 1
60 22
74 5
71 8
75 35
59 51
9 41
61 18
70 8
98 16
83 8
95 51
83 30
71 2
53 27
66 6
18 41
5 28
65 16
5 42
46 6
37 9
75 8
97 51
99 34
102 17
66 30
56 20
2 28
79 40
67 8
79 14
81 40
50 1
49 39
55 5
72 14
0 21
49 43
62 8
5 43
33 6
0 19
66 15
97 22
55 3
66 51
33 20
66 20
29 6
102 21
13 41
31 4
81 28
80 14
65 23
47 7
7 26
65 18
100 6
53 44
23 28
88 51
5 45
55 1
92 38
81 38
77 6
58 20
46 21
33 9
68 9
56 2
49 35
100 2
80 41
71 19
16 27
54 19
97 34
54 4
15 26
37 7
101 14
56 11
102 23
73 16
57 18
55 14
99 2
60 8
47 21
77 18
71 15
65 30
98 15
75 6
51 26
101 2
11 39
101 1
88 1
76 2
101 11
49 11
102 8
100 7
23 26
47 1
76 16
33 4
29 5
16 44
57 22
66 34
0 14
78 7
92 45
80 27
102 35
14 45
49 21
97 23
90 86
26 44
58 7
73 3
59 52
94 6
3 25
29 2
30 39
38 39
4 43
65 34
94 1
81 30
65 3
39 27
49 42
80 12
83 2
32 6
36 39
9 27
81 41
102 19
15 25
60 1
79 39
37 8
65 20
33 19
71 6
81 45
79 20
99 6
95 4
19 1
102 2
37 30
90 53
71 12
101 36
0 5
74 3
54 1
70 9
3 45
97 12
54 18
57 9
62 5
93 2
79 42
101 22
13 42
103 36
80 35
35 39
33 3
26 42
16 40
76 20
39 45
98 2
96 30
58 34
70 4
10 44
18 25
103 23
95 12
50 16
73 30
87 24
79 18
103 17
78 1
80 13
73 2
0 12
101 16
59 5
73 36
5 27
80 45
50 4
12 45
72 22
21 28
48 39
80 1
57 20
73 39
53 43
103 19
33 13
102 1
0 18
71 14
50 36
71 7
65 11
103 20
31 22
49 17
72 7
71 1
49 2
99 22
55 35
96 5
65 10
102 20
65 22
80 24
75 20
26 27
30 26
67 1
54 15
71 17
30 34
5 25
77 7
94 16
88 5
98 8
76 13
77 4
102 9
49 45
36 41
88 23
4 41
80 44
4 40
99 35
67 10
99 4
15 6
82 3
12 42
98 5
95 35
86 24
14 25
66 21
59 6
93 7
47 6
0 6
96 1
97 9
56 7
86 25
19 27
31 21
98 3
71 30
73 4
16 26
5 40
8 43
102 18
61 3
65 13
57 19
72 30
73 35
94 14
19 42
97 17
68 7
72 18
73 8
55 8
46 7
71 16
103 11
103 30
13 44
71 18
74 1
66 23
33 14
98 11
62 3
94 3
79 6
102 30
78 21
12 25
80 40
65 12
63 4
61 21
102 12
15 43
34 25
54 6
10 26
103 7
98 9
69 2
23 27
57 16
77 22
79 30
73 41
19 45
83 5
80 6
71 22
96 9
59 2
97 21
70 5
59 3
94 7
66 10
50 21
70 7
101 8
89 41
103 22
57 10
22 25
60 4
73 18
17 25
36 26
8 25
91 27
46 2
90 91
53 40
80 4
50 22
100 1
75 9
59 21
33 18
94 12
91 39
72 4
84 25
94 9
78 18
55 6
61 7
18 27
101 34
103 4
62 21
58 6
65 21
92 7
29 30
99 18
31 30
77 36
97 14
69 3
0 10
70 6
31 8
54 30
65 19
88 21
79 15
8 40
58 36
50 10
47 8
17 26
83 16
16 24
59 34
98 7
16 45
10 41
90 84
97 52
94 23
12 40
80 39
72 1
77 21
59 19
103 13
72 15
98 17
80 18
56 5
89 27
3 27
46 30
56 36
33 11
66 16
99 36
75 21
66 5
49 28
94 21
57 52
53 26
54 8
19 28
70 2
90 73
96 4
15 40
11 43
81 39
73 7
101 20
50 12
11 9
95 17
90 81
72 20
49 6
16 41
73 6
69 7
103 16
54 14
31 7
55 15
7 43
6 28
59 22
95 11
68 8
3 40
20 28
76 9
99 9
30 25
83 1
101 13
47 30
92 34
15 24
9 39
31 9
30 27
39 44
82 18
54 34
79 22
49 8
79 16
6 25
76 51
76 7
90 79
19 9
58 9
19 43
82 9
92 28
46 34
76 18
68 1
48 2
48 45
80 42
77 30
56 16
77 20
33 21
31 2
23 24
78 19
60 3
13 25
83 7
10 24
96 2
65 15
66 19
12 26
54 22
97 30
103 5
10 40
64 34
92 35
72 21
101 4
35 25
34 26
56 8
95 14
102 13
64 22
0 22
79 5
81 8
49 44
80 36
2 25
100 3
23 25
50 52
11 25
11 1
69 4
37 2
0 20
76 12
97 3
94 52
53 38
13 40
3 44
47 35
12 6
57 13
8 39
3 43
72 23
65 14
33 15
67 5
18 26
61 20
49 7
56 4
88 11
72 12
76 21
6 27
1 27
53 45
79 10
9 42
95 2
54 13
64 6
101 51
97 8
96 7
14 27
75 7
83 18
71 4
79 11
78 8
73 15
12 27
67 6
46 22
99 5
62 6
67 19
84 24
74 4
55 13
50 7
93 8
99 20
55 9
35 41
10 45
73 24
100 8
103 3
101 9
81 9
92 8
101 19
95 20
57 7
99 3
10 27
66 4
59 10
62 2
16 9
72 36
78 3
7 41
4 28
80 15
58 2
75 30
12 44
0 15
3 41
0 9
71 34
83 15
50 5
10 25
54 2
55 18
59 9
61 5
78 5
11 40
48 43
64 9
76 14
46 1
46 4
61 22
72 11
56 10
69 5
33 30
15 44
99 19
94 22
83 12
95 19
68 4
47 2
34 39
58 8
79 27
4 45
102 15
49 30
10 42
33 12
72 5
97 4
57 15
83 17
72 16
81 27
53 28
92 44
78 6
78 4
92 4
62 4
32 4
101 17
33 16
33 10
41 26
31 20
14 43
57 17
99 21
79 2
49 13
64 36
47 4
50 8
39 43
58 35
56 22
73 5
88 20
57 30
74 6
34 41
56 14
3 26
88 3
59 8
80 8
65 4
71 11
47 22
10 6
62 7
76 11
65 1
79 38
65 36
81 6
33 22
79 45
88 12
101 12
82 1
71 21
98 14
46 35
81 34
48 1
83 6
8 45
66 9
9 43
66 14
79 43
4 26
72 10
19 24
50 18
48 27
7 40
56 19
9 44
26 40
59 23
58 22
92 9
49 34
102 7
97 5
41 42
77 5
57 11
76 17
26 41
80 2
103 2
39 41
46 9
67 2
95 18
65 51
95 52
12 9
79 13
82 30
55 22
97 11
16 43
79 28
96 3
60 20
11 42
102 34
57 8
50 3
100 4
7 25
39 26
55 34
97 35
98 19
98 34
73 13
95 1
96 51
50 23
33 34
56 34
79 44
83 22
73 26
80 17
94 10
68 5
80 43
59 13
103 15
102 11
95 21
69 1
17 27
93 9
102 6
29 1
13 9
97 7
88 2
5 26
14 24
61 9
76 1
1 28
79 9
81 1
83 14
90 49
94 11
5 44
50 15
102 52
57 34
76 15
79 21
15 45
60 6
95 10
60 21
61 2
97 10
92 43
81 7
71 13
75 36
101 23
95 13
49 41
56 1
14 42
57 36
27 25
14 44
31 1
0 13
61 8
71 3
29 7
92 25
60 18
87 25
103 14
59 4
1 25
80 16
55 12
103 10
98 6
13 43
92 39
39 42
94 4
98 13
101 35
79 17
66 17
49 18
73 1
19 8
101 10
65 8
12 43
4 42
33 17
75 1
0 11
103 34
57 21
65 17
81 36
61 4
50 6
88 14
70 3
54 11
56 12
53 41
88 4
101 6
66 22
103 6
54 21
59 35
50 11
56 9
81 42
48 28
57 35
94 51
48 41
79 34
57 4
49 16
71 35
97 13
90 92
95 23
54 16
50 13
85 25
55 21
54 52
55 16
56 30
73 11
79 3
94 8
62 1
79 7
2 27
33 2
103 35
78 20
13 27
101 7
11 27
9 8
54 5
49 38
49 1
72 35
92 36
90 89
66 13
50 30
88 17
92 27
4 25
22 27
100 5
11 6
77 1
7 27
75 14
95 30
71 36
8 44
79 36
99 7
66 1
97 20
11 44
11 45
70 1
59 7
90 48
56 18
16 25
80 3
66 2
56 35
29 4
73 10
80 11
92 41
49 22
98 21
59 36
92 30
98 4
89 26
10 43
29 3
71 10
50 14
8 27
65 35
98 36
9 40
72 2
69 6
100 9
55 11
78 30
94 36
102 51
77 34
31 18
88 16
56 17
13 24
88 15
81 25
103 21
102 10
76 5
12 24
82 7
102 22
0 4
64 8
47 34
66 35
0 3
93 30
68 3
98 12
67 9
58 3
94 34
83 9
98 22
79 12
56 52
64 21
103 18
50 20
26 25
88 22
37 18
73 34
47 9
0 16
34 27
54 17
95 5
60 2
77 35
65 7
55 36
20 25
93 1
7 44
77 8
77 9
101 15
78 22
95 6
94 2
72 3
0 17
64 7
93 3
26 45
97 15
99 30
101 5
82 6
98 30
95 15
55 52
49 15
94 17
37 1
83 13
79 35
9 25
62 22
85 24
82 2
59 12
57 6
55 30
92 26
57 5
102 4
102 14
103 12
54 20
59 11
60 5
59 1
72 51
76 22
102 36
74 2
36 27
54 35
49 3
76 8
0 1
46 8
35 27
49 9
29 9
12 41
66 3
33 7
49 14
35 26
48 42
39 40
64 35
33 1
66 7
50 17
57 12
98 18
50 34
97 2
15 9
95 16
57 3
15 42
49 40
103 9
59 20
48 40
88 13
7 42
50 2
50 51
103 1
58 5
41 43
101 21
53 39
93 4
68 2
55 20
66 12
3 42
96 23
92 40
95 3
90 85
71 5
60 9
95 7
81 44
8 26
98 20
49 26
49 12
11 24
19 40
95 34
56 13
94 35
80 34
56 3
82 8
63 1
97 36
55 10
94 20
72 8
59 15
92 42
54 12
46 36
75 22
94 30
67 7
32 3
60 7
49 20
80 7
95 36
4 27
39 25
4 44
71 20
55 7
99 8
79 1
71 9
94 5
0 8
77 2
69 8
56 6
82 5
94 15
21 25
83 20
17 24
102 5
47 20
77 3
36 25
49 10
79 26
7 39
57 2
80 26
80 38
97 18
0 2
49 5
81 43
68 6
38 25
29 18
72 9
57 14
97 16
41 45
75 34
46 5
5 41
11 26
76 30
58 30
8 41
99 1
29 8
103 8
49 27
81 35
0 7
31 3
13 45
73 38
97 6
54 9
89 39
72 17
75 19
73 14
96 8
66 18
65 2
22 28
88 18
100 30
80 5
67 3
49 36
26 43
83 4
73 9
48 26
61 1
58 1
14 40
56 15
55 19
66 11
81 4
67 4
54 7
47 3
59 16
47 36
83 21
100 18
56 21
57 1
55 2
95 22
73 27
48 44
94 13
79 41
19 6
15 27
80 9
41 25
98 35
41 44
101 3
94 18
61 6
66 36
33 5
31 5
3 28
53 42
64 30
58 21
21 27
19 39
54 10
72 13
31 6
33 8
65 5
69 9
97 19
8 42
83 3
32 2
59 17
83 11
34 8
37 6
15 41
9 26
