74 12
78 1
7 20
34 19
73 26
20 15
59 31
73 30
56 10
74 30
60 4
32 19
56 4
12 43
81 30
68 20
60 21
0 32
61 33
4 17
57 28
54 18
55 20
70 11
39 11
14 45
59 14
61 13
70 18
56 22
81 22
68 23
54 13
58 18
0 34
24 19
36 42
70 29
73 12
57 36
61 29
2 33
68 11
56 20
73 24
0 16
66 23
67 16
46 45
32 52
66 21
7 12
29 13
75 28
48 4
72 13
52 15
60 5
41 32
56 34
72 25
41 33
54 35
55 36
75 35
57 33
62 20
61 3
58 15
8 45
34 12
73 10
9 28
71 10
59 19
59 13
34 36
65 12
36 53
40 23
39 20
78 18
55 14
80 8
39 9
57 22
70 26
4 28
61 2
67 13
30 42
14 42
4 19
55 26
6 43
4 23
63 13
0 24
58 19
76 53
62 18
71 7
54 4
74 4
63 9
48 28
71 23
48 32
61 31
74 20
34 45
25 15
41 26
60 3
78 14
79 15
64 11
73 9
27 33
73 5
64 26
19 13
59 27
59 22
78 7
56 13
41 9
37 28
63 23
66 36
80 2
40 2
58 16
81 13
60 28
68 31
66 27
75 21
53 47
28 43
74 31
18 23
70 36
59 1
71 17
54 11
11 43
58 27
69 35
80 1
69 7
48 22
34 51
58 34
37 24
0 28
39 17
10 43
22 44
64 21
67 20
39 5
59 2
75 2
66 12
61 34
6 13
68 9
54 9
77 45
32 45
52 33
41 25
62 17
60 16
66 18
63 26
37 20
40 12
61 18
62 28
81 7
60 25
54 1
41 12
54 34
25 13
24 17
0 12
78 31
69 21
81 32
40 33
68 7
60 36
74 22
80 3
74 23
64 5
43 13
69 1
48 24
30 19
34 47
56 14
7 53
11 12
57 31
81 36
70 13
62 31
58 29
55 22
66 2
73 4
68 28
30 18
75 17
48 30
41 21
57 34
63 5
64 27
25 47
71 16
80 22
58 23
34 50
74 33
37 5
39 14
48 9
27 42
73 29
57 26
7 19
2 13
4 14
70 1
63 35
54 24
62 35
66 35
0 6
61 15
68 16
24 14
61 11
9 23
5 43
8 15
40 1
62 12
40 26
73 19
81 3
73 1
48 23
71 28
69 33
40 34
81 34
54 14
76 15
19 45
40 24
22 42
0 18
68 17
66 4
80 29
32 12
1 13
53 23
64 32
34 33
48 7
67 31
4 45
6 15
74 7
62 19
39 29
7 51
28 45
73 17
3 15
67 7
60 14
63 7
61 21
56 24
56 15
34 15
20 42
7 47
40 20
2 45
57 20
31 42
69 14
68 3
57 23
67 23
63 22
63 17
20 43
54 23
74 1
63 20
36 34
56 18
7 23
29 15
34 20
78 34
80 36
39 22
39 10
62 11
67 30
37 19
79 44
54 21
81 27
34 44
68 35
59 8
70 21
59 35
68 36
40 17
60 10
70 33
65 20
48 26
25 33
74 28
0 10
48 13
78 22
1 43
54 36
66 19
72 28
68 5
71 4
42 13
64 29
74 13
40 32
59 15
37 7
80 11
56 5
76 28
57 7
67 3
20 23
57 32
4 42
72 9
58 31
24 33
62 36
61 26
72 17
4 13
66 13
63 32
67 1
66 8
24 13
32 53
56 31
75 23
48 36
71 2
76 34
74 34
39 24
62 9
52 13
37 34
54 19
55 12
20 44
62 15
71 6
64 23
62 5
19 15
66 16
59 16
80 18
57 2
60 30
81 24
67 27
57 18
75 20
59 29
41 29
66 14
54 2
61 35
75 5
61 28
66 9
62 10
54 6
59 3
37 21
52 43
67 21
75 4
41 30
81 23
60 6
63 34
34 13
30 23
75 24
55 34
59 10
65 15
81 4
72 32
49 42
61 30
74 27
75 16
41 3
20 45
81 2
64 31
61 9
71 34
55 31
41 23
72 8
69 22
54 17
68 4
75 14
69 36
39 8
55 35
46 42
7 14
56 9
17 42
74 18
0 30
41 20
25 17
69 27
41 22
41 14
3 33
0 21
75 32
65 10
57 6
56 8
25 43
4 33
73 34
81 19
54 33
55 23
0 20
55 6
65 30
58 10
60 35
73 16
48 1
74 35
55 17
17 44
80 14
80 32
64 28
34 23
54 7
14 44
54 16
42 44
32 49
68 14
54 29
39 16
81 5
41 31
73 27
62 25
68 27
41 19
28 33
80 17
74 29
81 12
63 36
58 6
66 30
67 8
64 1
60 7
73 28
65 1
48 27
32 44
30 47
7 30
80 15
71 24
6 33
71 15
52 23
19 44
71 35
55 32
60 9
71 30
73 6
61 7
63 30
64 19
26 43
1 15
55 4
39 30
72 7
69 10
41 6
0 15
68 18
37 12
56 28
65 18
41 1
29 23
14 20
25 20
40 7
72 31
72 1
76 12
41 28
27 13
39 19
41 34
72 20
52 45
65 16
78 25
3 23
55 21
67 14
68 33
37 1
28 47
59 23
75 19
56 29
67 33
64 22
7 52
40 27
81 25
69 25
78 24
37 22
57 16
72 27
69 28
4 12
78 13
62 8
68 2
34 14
71 8
56 27
34 17
28 42
80 24
66 17
6 42
68 1
41 11
55 25
66 34
7 13
60 20
67 11
32 50
30 43
58 21
48 12
67 4
0 26
40 28
7 45
63 18
68 15
2 44
78 4
65 11
75 11
71 5
75 18
58 28
40 4
32 20
64 18
41 13
59 28
39 34
60 17
80 31
56 23
56 17
66 11
69 3
70 34
37 25
30 33
58 33
63 6
7 15
48 5
55 2
57 35
67 28
58 9
39 6
65 3
7 18
80 20
78 32
47 13
67 15
67 19
78 2
69 24
78 30
62 2
37 9
14 28
53 33
0 11
32 42
72 15
39 26
6 23
58 22
64 14
71 25
71 18
18 42
37 17
12 42
70 32
59 6
68 13
80 21
78 9
55 27
40 5
25 23
41 8
80 7
65 33
68 22
66 26
66 25
0 22
63 19
80 6
8 13
7 1
68 34
37 35
14 18
71 36
57 11
67 17
80 4
48 15
69 6
75 26
74 24
57 8
2 43
24 44
56 16
29 33
80 35
53 45
37 11
63 8
81 15
37 14
70 8
65 19
0 25
69 23
63 11
75 3
63 24
12 44
54 31
52 47
25 42
72 16
80 9
68 21
18 33
68 32
78 33
61 19
37 29
34 32
9 34
72 11
18 44
70 9
18 13
69 30
39 1
64 33
64 12
72 29
65 22
61 27
72 19
57 24
41 10
67 26
80 28
70 35
40 35
78 21
37 8
54 28
37 16
75 34
72 2
68 29
73 25
73 14
74 2
81 10
49 23
58 13
37 31
24 20
64 10
41 17
80 5
59 12
76 23
58 7
80 19
7 33
17 23
4 20
57 15
65 34
69 26
22 43
32 14
40 30
70 19
0 8
71 21
17 33
18 45
75 6
60 31
72 4
67 9
57 1
0 9
56 33
63 14
14 19
78 16
71 14
55 18
81 14
81 20
9 33
18 47
58 4
40 15
48 25
81 17
69 13
9 47
37 13
48 11
68 8
34 42
40 31
55 7
72 24
19 23
71 1
49 33
72 26
70 17
73 36
55 16
30 20
28 12
57 19
78 23
79 49
69 32
71 27
64 8
0 36
78 6
48 2
55 1
74 6
48 31
58 3
7 49
75 27
60 2
68 24
71 20
66 31
78 12
57 10
61 24
81 33
7 28
74 15
78 26
9 42
37 15
41 18
64 6
3 44
54 8
78 35
59 9
17 47
59 30
28 44
58 17
70 20
61 16
57 27
4 43
75 9
32 15
74 21
74 19
0 33
40 10
65 27
40 21
67 6
67 12
37 38
40 3
74 32
37 32
72 30
58 32
80 25
32 17
58 5
37 30
40 29
0 3
63 33
80 12
76 33
63 16
68 12
68 25
71 29
60 26
81 1
78 20
56 7
40 36
39 3
79 13
64 2
65 13
70 24
48 33
68 30
42 43
59 20
24 53
66 1
70 4
75 33
69 5
71 31
37 4
9 15
58 8
41 36
0 17
59 24
73 33
59 5
63 1
76 36
73 31
19 42
55 33
64 30
4 44
72 35
63 2
48 20
59 11
81 6
56 11
75 30
37 3
81 26
24 50
69 8
37 18
34 52
36 13
61 4
1 33
4 18
80 27
64 16
39 4
65 31
30 15
60 19
9 43
64 36
19 33
4 34
73 15
67 5
54 22
37 2
41 15
62 6
75 25
36 12
39 33
78 5
67 32
64 35
58 24
79 43
65 36
61 14
74 9
63 3
8 36
40 11
78 3
78 11
75 12
61 38
57 9
8 42
28 15
73 2
25 44
72 14
57 30
72 23
80 13
55 30
24 49
75 22
40 14
8 23
80 33
49 13
63 25
58 35
67 35
39 23
81 31
69 9
55 5
4 1
37 26
74 3
0 7
0 2
57 14
30 17
72 33
70 16
62 4
60 27
56 36
41 7
39 18
0 29
17 45
59 4
34 53
78 36
29 42
67 29
23 13
41 24
72 22
56 35
69 19
5 44
55 15
48 21
64 24
63 31
68 6
62 29
18 15
74 26
30 13
66 10
76 51
2 23
81 11
0 1
40 25
48 19
19 47
57 25
63 29
65 35
66 5
70 28
74 11
57 21
39 7
61 8
58 26
72 10
49 43
79 33
81 9
54 25
27 43
63 27
65 28
58 11
64 4
60 11
60 34
57 12
74 16
59 32
73 22
0 35
62 30
65 26
70 14
59 18
6 49
67 10
62 7
78 8
25 19
7 36
74 36
62 22
48 3
18 43
63 4
20 47
7 50
34 30
61 6
80 26
66 28
55 13
39 35
54 26
73 35
61 36
17 13
64 34
70 6
63 21
66 29
73 23
75 1
56 19
58 14
71 33
39 31
65 24
81 29
62 38
56 21
62 16
75 15
63 10
57 13
2 15
70 2
33 13
40 8
19 43
66 32
9 13
48 16
81 18
72 18
36 33
65 6
5 42
41 5
49 15
39 15
60 32
3 43
54 30
58 36
64 7
65 21
65 9
62 13
75 7
71 9
62 27
55 8
69 29
78 10
15 13
72 6
81 28
72 12
11 28
70 3
34 43
39 28
68 19
7 42
81 8
79 23
65 29
71 12
0 13
69 31
53 15
58 30
55 10
40 16
67 24
54 20
32 34
48 18
30 44
80 30
27 15
55 19
78 27
59 33
24 18
32 13
66 22
61 20
65 4
24 23
40 19
39 13
7 17
24 42
56 25
74 14
72 34
37 33
32 33
75 31
76 47
32 23
7 43
7 32
69 2
40 9
34 18
17 15
1 42
60 1
71 32
65 8
55 3
54 27
61 12
67 34
75 36
53 34
67 36
53 43
65 23
70 25
67 2
73 20
61 10
58 20
78 28
66 15
46 43
66 6
70 7
41 2
80 34
59 34
49 14
36 15
55 24
69 12
74 25
62 14
70 5
63 12
73 13
57 3
80 16
31 43
40 13
74 10
81 35
70 15
71 3
73 32
67 22
73 3
5 13
53 13
41 16
43 44
58 25
14 43
41 35
75 13
11 42
72 5
64 9
70 30
37 27
75 29
70 22
78 19
57 29
67 25
39 36
24 45
74 17
65 32
69 4
49 53
81 16
56 30
73 8
62 26
54 5
41 4
65 7
37 36
60 18
80 23
71 22
69 16
62 33
21 42
24 34
34 1
28 23
20 13
26 42
64 25
76 43
48 34
0 31
70 27
75 8
59 25
70 31
73 11
80 10
39 32
69 15
56 12
75 10
39 12
36 43
56 3
72 3
55 9
59 7
39 21
14 17
57 4
54 3
68 26
1 23
41 27
55 29
36 23
32 18
0 14
20 33
54 32
61 5
73 7
67 18
16 42
8 33
66 3
59 36
37 10
17 43
24 15
61 22
62 21
32 43
73 18
69 18
71 26
40 22
34 49
64 15
7 34
21 43
48 35
81 21
78 29
25 18
40 6
4 15
3 42
62 34
0 23
64 3
70 12
55 11
58 12
59 21
76 42
0 4
61 32
14 12
62 24
78 15
73 21
54 10
61 1
61 17
54 15
64 20
27 44
40 18
43 42
74 5
63 28
71 11
39 2
69 20
56 2
70 10
79 42
0 19
69 11
28 13
58 1
58 2
66 7
65 2
0 5
72 36
62 3
69 17
48 17
60 24
66 24
61 25
37 6
7 44
0 27
65 14
57 5
59 26
65 17
56 32
52 36
64 13
55 28
29 43
65 5
59 17
57 17
56 1
27 23
68 10
72 21
64 17
62 1
60 12
78 17
71 13
54 12
56 6
63 15
48 14
66 33
56 26
66 20
69 34
39 25
70 23
65 25
74 8
5 45
71 19
39 27
62 32
24 43
2 42
3 47
