15 19
3 13
11 16
18 19
28 15
15 20
28 12
47 7
35 14
22 4
17 3
41 4
27 33
30 14
5 4
26 2
25 4
5 3
37 2
23 2
13 21
29 15
28 14
26 1
8 20
10 8
16 9
36 2
7 21
46 1
32 14
35 12
3 8
29 12
10 15
7 19
46 3
14 15
4 15
27 4
26 3
30 13
23 4
10 11
39 2
32 16
31 15
47 8
33 13
40 1
9 20
38 3
36 4
24 12
29 13
14 11
2 8
19 21
22 3
2 9
24 11
44 1
13 20
38 2
21 20
24 13
40 2
13 19
28 11
5 2
16 13
3 15
32 12
10 12
41 3
30 9
40 4
2 13
0 3
31 9
34 12
25 3
33 8
33 16
29 9
12 13
30 12
35 13
44 4
35 16
16 11
3 11
6 8
35 9
6 4
46 4
32 13
39 1
42 4
17 1
10 13
41 2
38 4
16 14
28 16
37 1
9 21
11 14
32 11
46 7
24 14
8 21
3 14
11 8
46 2
32 8
24 9
33 9
31 16
9 19
31 13
14 9
27 35
31 11
34 16
28 9
17 2
35 15
25 1
11 13
18 21
30 8
7 20
42 3
22 1
37 4
27 10
12 9
31 8
27 2
24 16
43 2
24 8
37 3
34 14
24 15
6 3
14 13
11 9
42 1
30 15
4 9
26 4
36 1
27 24
42 2
23 1
34 13
22 2
14 16
16 8
28 13
0 2
46 8
6 9
27 3
10 14
31 12
5 1
11 15
39 4
45 4
10 9
29 11
43 4
27 28
34 15
17 4
12 15
32 9
23 3
34 9
14 8
40 3
6 7
32 15
35 8
28 8
44 3
27 30
1 8
47 18
39 3
27 32
27 1
48 9
6 1
25 2
6 2
1 9
20 21
3 16
30 16
46 9
46 13
29 14
31 14
8 19
4 13
10 16
4 8
0 1
27 34
1 13
38 1
34 8
47 9
12 8
36 3
18 20
2 15
34 11
27 31
27 29
21 19
35 11
30 11
15 21
19 20
41 1
29 8
33 14
9 15
47 13
45 2
43 3
43 1
20 19
1 15
45 1
45 3
0 4
29 16
16 15
33 12
33 11
3 9
44 2
33 15
