27 36
55 43
27 39
110 46
20 24
99 17
120 26
83 44
86 53
23 19
4 14
59 10
74 6
77 5
36 17
44 34
83 59
127 111
6 8
58 56
27 24
32 14
57 56
112 30
106 7
24 7
15 17
54 11
27 35
7 10
28 39
110 27
46 8
56 9
113 7
22 21
38 4
114 38
28 5
45 35
33 7
92 57
113 29
54 55
47 18
5 36
77 14
96 6
74 54
36 20
113 6
5 42
24 4
45 33
78 41
96 19
24 13
45 3
47 3
122 118
26 8
31 2
33 14
6 33
109 10
68 9
54 53
62 18
127 100
44 14
57 3
8 9
30 19
47 24
10 36
39 6
81 43
107 57
96 13
5 2
45 14
109 29
79 8
26 20
3 45
113 8
11 7
82 19
46 37
112 36
76 6
58 55
123 119
119 56
43 10
45 37
10 2
27 8
34 30
21 23
26 17
59 28
121 70
132 116
28 24
27 31
9 20
43 4
112 22
47 32
61 22
87 28
9 21
56 39
32 21
36 21
121 80
40 9
56 4
86 46
114 43
74 45
108 55
46 35
54 3
96 9
4 10
44 28
122 52
69 44
40 20
113 3
78 29
64 13
46 10
66 5
120 112
31 19
47 14
18 17
133 116
90 3
92 56
44 13
27 13
75 11
124 104
63 41
3 42
120 116
10 35
76 56
29 24
38 19
115 116
15 13
125 82
44 36
56 28
83 6
30 5
2 13
85 6
27 41
10 18
13 20
46 34
119 57
68 42
66 17
97 7
68 11
66 20
80 3
8 21
11 42
54 1
59 29
11 43
0 4
56 1
38 33
59 41
7 24
45 30
116 92
3 44
47 36
121 43
82 5
112 35
32 24
71 6
11 17
59 55
119 73
79 9
112 44
89 6
113 14
89 57
38 34
59 56
22 35
81 57
59 39
101 59
98 9
83 45
122 89
99 20
97 4
39 7
94 11
3 6
10 9
48 18
110 45
133 44
43 35
116 69
68 34
120 100
69 57
74 55
41 10
29 10
7 13
120 99
54 45
14 20
129 80
27 20
6 23
107 59
8 17
39 4
28 35
37 19
30 10
112 6
126 73
84 57
96 5
126 110
61 10
96 20
116 56
52 55
28 34
112 20
73 6
35 2
126 90
18 40
78 20
116 50
62 11
29 22
119 39
18 24
36 23
113 13
119 109
62 1
58 44
6 21
30 7
121 57
36 33
67 50
108 27
78 3
38 36
130 87
124 125
113 9
79 6
8 2
61 34
29 23
90 46
48 8
61 36
73 11
87 32
62 21
119 91
46 6
132 108
47 8
114 17
4 19
29 42
82 21
87 57
105 3
4 18
14 17
13 21
112 8
45 19
75 58
61 14
129 62
133 87
55 39
55 11
116 43
34 14
41 21
44 6
8 35
123 95
40 17
45 23
38 41
34 21
98 17
26 16
132 72
35 9
11 37
31 22
46 4
32 30
39 21
24 9
89 32
90 32
43 38
65 11
26 5
41 19
39 5
114 6
133 97
112 21
98 18
78 18
89 44
116 39
44 31
123 81
129 15
28 8
46 38
3 23
52 3
133 29
14 13
77 18
17 23
130 25
1 31
90 44
82 10
39 35
130 116
44 27
116 57
28 7
96 22
48 17
75 6
112 1
42 41
67 29
46 21
122 116
121 94
89 11
106 41
31 39
7 18
28 38
126 65
35 23
44 45
84 11
1 8
36 41
133 48
28 10
95 54
46 13
3 2
54 6
77 13
1 37
132 91
85 56
5 40
126 54
33 10
121 108
5 41
37 13
59 11
27 19
33 22
11 24
74 59
59 43
123 88
3 4
98 13
127 85
50 11
124 63
43 3
23 5
55 37
108 4
3 38
5 17
81 11
43 17
46 27
74 43
43 22
68 39
35 19
127 0
122 81
44 38
30 18
87 55
45 17
112 32
120 67
82 9
92 6
39 30
116 71
113 17
124 64
110 59
29 34
1 20
11 1
55 20
57 28
49 1
30 6
84 27
32 8
95 11
116 108
126 44
61 21
109 44
39 23
121 68
125 81
116 107
106 28
61 24
52 58
55 36
39 18
34 22
57 55
21 14
5 21
121 54
113 35
124 116
125 95
36 18
132 94
11 32
114 44
57 45
51 6
33 23
0 2
14 10
84 55
18 13
132 59
45 22
67 27
6 27
82 18
49 11
127 78
11 28
44 22
126 69
58 43
79 17
69 55
75 44
106 30
35 16
98 7
126 57
46 9
71 1
100 57
8 23
29 20
83 54
59 30
40 22
66 13
40 35
108 45
6 7
40 10
32 28
44 4
91 54
121 91
59 42
116 53
113 42
28 22
3 8
26 22
32 1
109 7
56 10
27 34
124 25
95 53
55 10
13 14
34 9
55 13
114 11
95 3
127 15
66 2
120 101
91 11
125 88
99 4
85 11
52 11
9 40
91 6
124 118
45 2
24 21
54 32
32 38
114 7
61 3
37 7
112 3
85 44
129 89
115 67
42 4
0 11
52 59
65 6
27 7
78 2
132 70
43 40
110 11
116 70
43 11
78 22
50 6
116 114
40 14
74 56
124 67
112 10
40 5
27 17
39 42
0 6
23 13
83 46
8 22
2 35
27 14
75 43
6 42
109 45
0 9
24 18
76 57
126 109
33 13
125 70
1 39
31 34
53 1
43 34
113 22
56 41
22 13
116 94
1 9
11 29
38 9
61 23
132 114
82 14
96 11
37 2
7 36
129 71
29 36
98 22
76 53
40 7
120 15
92 53
106 18
106 11
52 57
66 23
6 5
27 30
57 43
27 18
97 17
114 39
18 23
3 24
31 33
57 4
112 9
14 8
121 69
1 22
54 57
55 2
31 18
11 9
27 37
78 21
18 20
4 41
1 41
86 56
26 13
30 33
36 5
29 40
28 18
96 3
68 22
1 40
38 8
39 20
24 8
46 19
55 22
14 19
113 19
53 11
31 7
37 40
90 53
106 44
106 32
27 32
113 39
11 36
129 112
132 58
27 4
43 5
102 53
38 14
84 54
44 24
35 5
80 6
66 16
45 39
125 113
44 37
40 23
11 22
106 33
83 3
129 81
28 11
117 81
117 93
7 34
1 4
105 11
119 43
67 73
47 42
62 8
1 33
94 3
69 6
126 43
35 13
38 2
68 33
107 56
23 21
110 56
87 6
81 3
129 105
59 34
98 10
119 44
17 21
77 9
119 59
108 37
57 31
41 24
44 19
80 4
69 56
125 50
1 19
30 20
61 18
99 14
39 1
60 6
35 14
113 37
57 44
47 17
97 19
53 46
53 27
82 4
125 52
42 36
127 76
125 106
53 38
46 2
3 1
133 132
61 38
80 11
114 41
114 29
1 35
58 59
101 29
44 46
32 9
39 33
106 6
3 46
37 42
97 24
116 109
44 17
39 19
57 59
43 6
124 29
67 68
14 9
127 113
37 22
61 8
34 17
107 6
116 58
30 35
81 58
37 29
28 23
77 22
33 9
24 20
61 33
126 91
19 24
68 3
132 119
71 11
78 17
74 3
3 30
86 57
48 16
6 45
75 46
125 126
43 21
106 1
129 126
59 5
119 71
83 53
93 16
11 33
2 24
95 43
46 17
32 10
107 43
15 8
68 21
131 120
30 17
131 116
43 18
95 55
87 27
125 93
131 106
42 18
44 42
31 23
4 23
58 46
125 89
15 22
29 9
114 5
69 11
62 13
30 13
125 105
95 59
65 3
24 16
110 55
117 89
37 34
30 8
40 19
75 3
121 119
35 10
39 9
59 37
55 21
132 69
107 11
15 18
43 19
66 7
40 8
83 55
77 8
55 6
113 21
61 35
46 42
4 24
121 44
85 55
4 34
79 19
10 40
53 6
129 116
55 27
6 30
33 1
121 56
29 1
85 45
6 9
40 4
39 24
11 40
20 19
29 19
112 24
11 31
5 14
89 3
119 53
114 3
113 36
68 31
57 38
49 6
124 96
113 34
33 24
3 37
97 2
129 52
106 36
55 46
80 1
41 35
23 10
23 22
45 34
26 14
32 42
31 1
2 33
127 102
132 43
52 44
68 5
3 20
84 3
11 18
33 8
36 9
129 101
79 2
34 40
68 2
43 46
44 40
109 32
28 36
81 59
6 4
109 28
3 7
34 19
5 24
102 54
121 58
24 19
6 41
68 8
108 1
106 5
43 30
3 36
129 51
66 8
62 3
102 57
97 5
61 7
44 29
108 38
98 14
38 17
24 2
27 33
19 14
55 29
110 28
103 58
39 22
22 24
66 9
92 58
120 95
112 29
61 30
27 2
47 11
34 24
69 27
6 40
125 80
114 36
68 7
88 16
27 23
130 97
70 6
122 93
30 41
96 21
106 55
112 39
21 24
55 4
43 41
32 37
106 31
60 3
37 21
46 32
43 32
66 10
39 13
125 118
68 43
52 54
81 56
124 51
38 18
35 18
42 40
40 18
125 98
98 19
67 28
76 55
30 40
127 83
38 3
39 14
116 59
2 19
37 39
99 10
112 37
92 11
52 56
20 14
41 13
67 70
23 1
33 21
84 43
0 1
68 1
99 9
11 14
89 59
92 55
127 77
31 9
3 21
48 9
110 57
112 41
96 4
46 31
68 32
23 20
4 2
127 98
108 46
56 46
45 32
28 14
0 5
129 72
121 72
45 40
69 28
1 29
59 45
10 19
84 59
119 58
28 9
129 95
100 53
5 8
43 37
115 29
4 35
53 37
26 21
46 28
61 17
33 2
3 14
36 1
45 10
39 36
66 21
7 20
21 20
114 10
90 43
68 44
70 3
99 2
76 58
133 106
96 8
35 1
132 54
4 20
38 35
82 22
68 37
29 7
132 71
6 18
125 96
22 20
122 67
42 24
106 9
78 28
89 46
55 45
8 20
45 24
11 38
47 7
97 13
69 1
103 56
32 2
84 46
100 54
11 8
56 3
8 41
106 45
30 36
32 4
9 35
95 58
132 53
120 106
99 19
106 2
45 13
125 25
101 57
45 27
42 33
126 114
68 10
1 21
25 16
61 11
46 24
47 31
43 39
23 8
33 20
34 42
47 19
94 6
79 7
46 23
121 50
117 116
132 57
6 17
6 20
0 7
54 43
97 9
7 2
10 22
48 5
4 21
14 21
120 52
36 19
57 6
45 5
38 20
8 42
109 43
112 45
97 21
31 3
57 1
110 53
108 29
54 46
66 19
32 34
89 56
28 30
121 110
8 36
86 3
34 23
32 36
109 46
47 6
81 55
21 19
119 114
79 13
102 56
86 59
112 28
108 31
62 5
27 29
124 105
115 64
130 128
14 5
15 19
18 19
97 8
131 129
33 18
4 7
37 36
28 4
5 18
43 31
99 1
69 53
125 62
117 95
38 40
112 7
79 5
68 41
78 13
46 11
125 112
43 23
125 102
78 44
9 19
6 13
3 34
110 1
37 18
47 28
11 6
6 36
64 14
56 11
110 44
14 22
9 22
67 14
14 18
34 18
8 19
113 23
45 41
85 54
51 11
84 53
8 24
42 17
84 56
109 11
34 20
48 4
8 18
12 13
4 17
127 128
90 57
89 28
29 3
57 37
7 42
126 39
56 29
35 21
10 14
32 39
32 5
43 2
38 10
82 2
62 4
4 8
45 29
35 4
68 46
127 82
47 29
46 30
11 5
75 53
91 27
32 33
46 41
26 19
127 87
31 21
91 57
119 116
68 17
99 7
3 31
108 32
23 4
44 20
46 39
10 42
112 5
11 39
42 9
127 74
28 42
41 8
126 80
90 28
63 36
41 40
70 11
100 29
48 2
56 45
61 31
78 6
106 22
31 8
37 23
114 1
91 59
26 2
110 6
5 35
31 41
28 40
69 32
119 69
121 73
40 24
61 40
106 17
59 38
69 43
41 17
126 72
61 37
68 38
55 8
112 18
91 45
45 31
24 22
109 39
62 7
61 19
3 9
37 9
110 38
132 109
72 59
56 2
29 35
11 30
99 5
76 3
6 44
77 19
77 7
74 44
77 4
91 55
47 10
29 6
90 59
53 55
126 59
48 20
56 27
90 56
102 29
123 118
103 43
119 108
11 34
119 80
117 118
78 9
117 88
31 40
15 16
44 8
116 54
55 31
35 20
69 3
75 57
27 10
30 4
47 21
3 39
53 56
47 13
87 56
42 2
115 51
125 73
124 88
52 46
90 11
41 22
9 24
14 4
121 92
1 13
125 72
106 21
126 116
129 60
11 3
130 64
91 53
1 14
127 89
104 3
6 31
67 32
0 8
28 29
116 91
132 73
1 30
78 39
47 20
124 120
44 41
122 95
106 4
121 53
61 13
116 65
42 35
56 34
129 98
115 106
79 22
30 23
6 10
126 119
4 22
92 3
100 56
109 4
56 44
82 20
59 3
91 56
129 102
28 1
7 40
44 35
48 22
74 11
17 14
29 4
43 13
132 39
108 43
28 17
89 27
29 41
107 53
59 46
27 5
32 29
55 1
120 82
37 6
103 54
55 34
34 2
35 8
106 8
5 19
115 63
127 75
35 17
44 21
107 54
28 31
43 27
83 1
59 7
109 27
24 10
6 39
43 33
114 13
121 116
10 20
59 2
59 9
125 63
66 1
123 93
114 32
27 38
38 30
42 7
26 4
126 94
8 30
36 13
7 5
113 10
120 113
66 22
132 50
120 89
59 8
129 99
58 6
92 54
127 86
41 20
117 52
34 1
31 14
95 56
116 90
119 110
106 27
35 7
62 10
11 2
6 1
44 33
96 2
125 64
31 29
22 19
28 20
56 6
48 7
37 1
6 34
55 30
45 4
23 24
29 33
4 30
99 21
17 20
79 4
129 94
82 1
1 2
41 4
125 67
11 20
110 32
54 56
22 17
1 18
47 38
11 41
97 16
86 43
29 17
7 9
33 4
37 4
109 3
79 20
32 19
46 7
96 18
9 17
130 36
43 45
28 13
36 22
29 18
28 21
27 42
29 5
2 18
79 10
59 44
6 28
112 14
120 123
86 27
36 35
56 30
50 3
78 1
110 3
78 38
39 17
125 15
46 36
78 19
6 24
110 31
27 28
26 10
53 43
87 53
55 41
113 41
115 25
17 40
109 34
37 24
125 71
125 26
82 7
132 110
114 28
32 6
38 39
42 23
38 29
44 23
76 54
46 22
120 98
30 22
42 19
72 54
106 37
6 32
23 16
38 5
109 30
42 10
103 53
129 65
89 45
7 22
32 41
31 24
120 102
34 41
83 57
32 22
10 24
45 21
43 14
53 59
48 21
116 110
52 53
86 6
121 114
34 36
42 21
26 7
112 31
131 67
122 119
57 11
63 14
32 23
113 30
32 18
54 59
125 101
133 129
34 7
54 44
126 50
8 10
126 58
112 27
56 38
77 1
3 13
6 29
62 9
56 32
10 23
3 41
83 32
22 18
43 24
121 65
31 5
51 3
102 59
43 42
31 35
90 6
58 53
15 21
28 3
120 117
7 14
119 92
3 29
8 13
74 57
108 28
46 5
55 44
28 37
26 1
129 26
132 56
77 21
32 35
38 7
56 37
56 43
11 46
114 9
39 10
47 2
67 41
53 45
43 7
15 5
74 53
68 27
129 67
23 2
87 54
7 30
44 11
1 34
75 59
40 13
59 36
57 32
121 39
47 9
132 80
38 21
45 1
76 44
103 57
91 32
5 10
61 4
27 22
33 35
41 18
20 23
92 43
3 5
36 8
66 4
127 12
38 6
87 44
112 11
1 23
55 32
126 70
39 41
30 2
5 23
37 5
37 3
78 8
11 23
6 38
132 107
1 7
32 31
114 27
26 9
91 3
116 72
15 10
101 54
127 99
113 4
47 39
2 17
40 1
43 44
86 54
41 2
38 23
2 21
42 14
129 49
9 33
27 40
132 65
129 113
61 2
59 31
115 87
85 53
1 42
112 13
28 33
87 45
27 1
121 90
100 59
97 18
78 27
57 29
120 122
34 4
4 39
44 1
108 3
45 18
108 6
101 56
18 21
112 19
1 36
4 42
96 10
85 46
76 11
28 41
29 13
116 119
76 46
96 7
48 13
47 41
106 39
38 24
56 33
83 11
14 2
53 31
11 44
99 13
106 10
85 3
89 1
68 28
61 29
60 11
11 21
69 45
43 1
41 5
30 14
120 81
31 6
87 46
98 2
3 17
109 38
122 88
97 22
98 8
55 7
98 5
78 5
74 46
85 43
40 2
5 22
114 8
90 55
47 34
17 13
112 23
27 6
2 9
78 7
126 68
1 38
66 14
106 43
68 36
27 21
47 22
28 2
42 8
119 90
45 20
123 52
39 40
101 53
75 56
9 13
32 20
37 41
36 2
3 22
68 40
106 3
91 1
130 63
23 17
68 30
109 59
3 19
34 8
9 18
5 20
111 13
46 45
59 1
126 107
31 36
47 5
53 3
103 3
97 14
30 1
129 73
46 29
1 24
31 42
28 19
53 44
114 2
44 32
37 14
44 18
127 79
132 92
47 35
106 42
6 2
69 59
125 100
44 2
30 42
4 29
103 59
17 35
119 54
68 6
106 29
109 6
44 5
112 33
112 40
35 24
27 3
77 20
125 116
124 62
61 1
119 68
73 3
37 8
91 28
78 32
40 16
56 5
32 40
6 19
68 45
41 1
86 44
96 1
129 100
42 22
54 27
34 33
66 24
117 67
81 53
59 6
108 44
32 17
36 7
131 132
44 7
61 42
10 21
36 14
56 55
47 1
38 31
84 45
132 44
110 37
132 68
95 57
36 24
126 56
33 19
87 11
15 20
62 22
62 17
46 18
10 17
55 42
125 94
9 14
13 24
34 5
41 7
47 30
76 43
113 5
75 55
10 33
44 10
37 20
123 89
29 21
47 40
46 40
83 27
47 33
78 14
114 22
83 43
36 10
78 36
89 53
41 33
3 32
5 9
119 50
61 9
79 18
57 46
90 27
79 21
85 57
32 13
119 107
29 2
31 10
77 2
56 8
90 45
6 22
46 20
92 59
129 96
45 11
112 17
77 10
30 24
32 11
125 51
113 18
113 20
112 2
97 10
82 13
45 36
11 45
126 71
6 14
129 82
127 25
4 9
110 43
75 54
119 72
27 9
18 14
31 37
63 13
11 4
11 27
129 70
2 14
107 55
40 21
12 14
38 13
55 3
45 38
34 10
8 14
98 21
2 22
26 18
7 35
14 16
108 56
49 3
112 4
39 34
18 35
124 106
76 59
109 37
4 13
112 34
123 67
121 59
83 28
58 3
56 42
7 17
119 94
81 54
37 33
29 14
125 29
45 42
127 118
97 20
62 6
43 9
78 4
124 49
61 20
3 28
42 20
113 2
125 49
98 4
29 39
41 23
85 27
55 5
36 40
44 39
89 43
31 20
38 1
10 13
99 18
4 36
67 69
112 42
99 8
114 4
90 1
109 5
44 9
13 19
107 3
19 23
30 21
96 17
125 65
107 44
53 57
58 54
82 8
91 43
4 40
67 71
31 30
108 59
34 13
130 106
116 80
43 8
39 8
117 119
86 45
46 33
10 41
58 11
23 9
48 10
56 36
32 3
121 109
31 13
78 10
53 28
106 38
45 6
58 57
103 55
55 17
83 56
125 104
129 106
31 4
3 27
38 37
34 35
11 19
71 3
121 71
109 31
129 50
72 53
7 21
109 56
44 30
86 55
42 1
127 26
47 37
85 59
47 4
46 3
42 5
112 46
56 31
66 18
45 28
119 70
87 3
62 2
57 27
43 20
35 22
53 32
55 9
109 55
4 5
1 17
23 18
30 9
22 14
41 9
112 38
7 23
15 9
107 58
121 107
106 13
4 33
123 116
17 24
84 6
29 8
47 23
17 19
120 121
3 10
72 56
5 13
22 40
32 7
37 35
27 11
7 33
59 32
59 4
3 18
36 4
1 5
39 2
2 20
59 27
125 99
1 10
61 39
55 18
77 17
127 112
68 4
11 35
103 11
127 101
124 72
33 5
116 68
0 3
106 34
44 3
108 11
62 20
11 10
62 19
45 7
46 1
56 7
126 92
82 17
37 30
7 41
127 103
132 90
98 20
33 17
133 66
23 14
42 13
0 10
124 93
11 13
68 29
43 28
7 8
23 7
52 6
106 46
125 60
45 9
43 29
49 4
55 28
129 104
34 6
37 17
89 55
129 29
87 59
91 44
78 11
113 40
109 1
79 1
69 46
15 2
127 84
38 42
24 17
126 53
3 35
46 14
58 45
28 6
55 38
48 19
14 7
37 10
133 47
55 33
5 33
126 108
113 33
113 1
54 28
61 6
24 5
2 40
61 5
38 22
91 46
5 30
8 33
3 33
3 40
45 8
99 22
116 73
119 65
41 14
98 1
130 29
52 43
33 40
7 19
43 36
31 17
61 41
113 24
84 44
14 24
86 11
87 43
67 72
104 11
116 44
