26 4
22 13
37 2
22 7
23 8
28 11
23 10
15 10
8 27
3 16
37 19
23 12
22 2
3 4
29 10
23 13
7 10
26 10
4 10
22 12
37 7
21 14
36 13
37 10
11 6
38 9
22 5
1 27
18 10
23 1
23 2
3 14
21 13
37 13
37 4
38 5
22 20
4 1
28 2
38 13
19 1
38 18
25 10
21 0
37 1
21 8
29 16
3 7
10 27
38 15
31 6
23 0
36 7
36 20
21 20
3 9
29 8
2 1
21 11
21 1
38 4
37 17
33 5
22 16
25 16
5 1
33 36
21 16
23 7
22 18
13 10
29 20
37 20
8 10
15 1
32 27
36 39
25 7
29 6
18 1
22 9
31 10
23 15
29 5
21 18
29 19
38 7
26 14
17 6
38 2
38 20
26 15
1 10
29 14
28 10
25 1
20 1
25 0
26 7
23 17
38 10
21 4
8 6
3 1
37 16
25 20
37 11
29 7
25 17
21 5
29 0
29 18
25 5
33 13
23 14
32 6
23 16
3 6
38 1
26 5
12 1
29 2
37 5
22 1
22 11
25 19
36 35
36 32
38 6
36 5
33 34
21 12
37 15
22 0
23 20
13 1
25 6
25 4
21 17
23 9
38 17
21 10
38 8
36 1
26 12
3 20
21 15
22 19
22 10
38 14
3 10
3 19
8 1
3 8
22 15
23 4
25 15
24 5
26 18
36 24
29 9
3 13
25 11
30 0
26 8
6 27
36 34
3 17
21 9
37 12
21 2
38 11
25 2
33 7
29 12
26 17
36 31
16 1
26 13
3 2
38 12
33 31
21 19
26 20
36 28
3 15
28 13
3 0
22 17
25 14
26 11
23 5
29 1
37 6
3 12
3 18
32 10
23 18
3 11
25 8
33 24
38 0
28 1
29 17
21 7
26 16
24 1
26 2
23 11
25 12
25 13
25 9
29 15
21 6
25 18
37 8
22 4
22 6
26 9
37 14
33 35
3 5
29 13
37 18
9 28
16 10
38 19
26 1
37 0
26 19
22 14
22 8
23 19
29 4
26 0
0 1
26 6
15 27
29 11
37 9
7 1
38 16
23 6
