31 16
33 1
18 4
17 10
35 9
17 12
20 7
33 14
23 6
17 8
10 3
35 6
0 4
5 6
5 8
22 2
18 15
18 8
30 1
16 2
33 11
30 0
31 13
31 3
32 9
17 16
5 13
32 3
24 0
9 19
17 4
31 12
33 0
6 15
5 12
23 12
22 12
23 10
32 10
18 12
22 13
20 2
20 13
10 1
5 16
32 0
18 1
23 0
18 3
33 8
35 8
31 9
32 2
8 19
23 16
10 13
23 4
10 0
18 2
24 3
25 28
31 0
21 16
9 15
35 4
22 4
33 15
22 1
32 4
2 0
20 4
33 4
7 19
0 3
20 12
33 7
17 13
3 4
20 11
24 12
22 11
5 7
35 2
22 10
33 6
17 14
23 9
20 10
24 6
35 13
4 9
31 14
22 0
24 9
23 7
18 0
23 11
16 3
18 13
20 3
5 3
31 11
23 13
2 4
21 1
18 6
21 2
24 2
25 27
32 7
5 10
35 14
30 27
11 15
35 0
17 0
20 14
16 0
18 11
5 4
31 2
1 19
30 8
10 2
20 6
17 3
5 0
18 10
35 7
21 6
32 11
35 15
20 0
24 13
18 16
18 9
35 1
20 16
7 15
24 4
25 30
34 15
21 7
23 2
4 2
3 2
0 2
22 3
22 15
32 13
21 4
33 9
30 4
30 28
21 8
33 16
5 15
32 12
17 11
32 6
32 14
24 16
30 3
17 15
30 7
35 11
33 13
20 15
21 10
4 3
1 15
18 7
35 16
32 15
5 14
23 8
25 26
20 8
18 14
24 10
21 9
4 1
30 34
23 3
24 8
21 14
21 13
5 2
35 10
31 6
33 3
23 14
22 14
14 15
31 10
32 1
33 10
3 1
5 1
24 14
8 15
31 1
31 8
23 15
17 7
4 19
17 6
17 9
21 11
5 9
35 3
21 3
25 29
20 1
30 13
21 12
25 4
6 19
35 12
32 16
24 7
22 7
24 15
10 4
21 0
21 15
23 1
22 9
31 7
4 0
5 11
25 10
2 3
33 2
22 8
32 8
16 4
22 6
31 4
3 0
17 1
20 9
33 12
22 16
24 1
31 15
0 1
24 11
30 29
17 2
