44 4
70 25
50 47
4 12
20 8
11 23
20 19
6 1
20 15
21 22
75 51
16 21
32 34
14 9
17 22
52 28
94 39
16 20
97 1
43 44
91 53
84 44
8 37
9 12
38 18
38 23
36 19
51 38
16 18
47 8
105 100
46 39
44 6
5 20
4 11
108 102
36 1
73 5
117 105
3 16
76 13
96 4
8 21
6 34
106 54
20 7
36 20
39 17
59 26
59 27
6 19
117 94
1 6
96 14
75 16
118 78
30 34
116 18
105 108
31 15
35 10
5 21
20 18
16 26
72 49
28 11
59 31
98 36
13 26
27 24
96 44
49 39
109 71
52 16
119 41
112 100
4 10
55 12
98 51
38 6
96 1
86 54
94 20
13 34
90 25
75 53
54 46
5 29
99 42
54 36
52 18
8 19
66 49
38 31
26 37
112 66
119 61
75 46
31 34
18 7
38 21
105 73
9 15
38 16
72 48
105 72
112 47
68 22
70 12
68 34
105 107
108 63
107 63
7 25
30 29
31 12
6 13
14 23
66 50
4 13
76 24
29 25
17 1
118 48
84 53
59 1
59 15
24 10
104 21
111 60
44 15
2 26
111 112
52 26
80 52
3 29
76 5
11 2
38 7
118 5
73 22
105 58
112 96
16 31
23 25
99 40
101 102
30 18
88 20
53 4
97 47
59 39
43 52
109 60
104 50
96 28
32 26
46 17
37 22
108 100
5 34
68 15
86 48
59 10
115 3
118 52
98 13
3 20
94 45
4 8
94 27
10 25
20 12
63 4
84 45
49 45
112 65
4 24
78 16
63 66
59 8
36 7
50 1
42 1
13 2
1 23
26 33
36 18
95 52
72 51
117 100
28 19
73 14
96 36
70 1
79 5
89 22
75 49
28 1
115 58
73 1
31 10
112 81
105 76
19 15
106 45
94 13
97 38
82 18
66 46
68 17
28 23
64 25
51 24
94 14
27 25
49 52
36 16
52 46
112 67
78 14
117 115
95 17
1 4
59 11
49 44
57 9
10 22
111 86
52 31
29 19
82 15
24 15
5 7
111 93
3 5
27 15
76 14
54 38
73 6
111 100
47 38
17 34
26 11
54 4
97 49
35 17
23 34
43 47
51 46
101 43
50 10
39 30
105 71
52 13
118 47
10 19
104 96
104 95
88 21
47 13
29 7
8 17
43 50
104 38
35 13
100 47
28 2
51 20
10 29
68 7
76 27
51 10
26 7
1 22
21 29
112 84
54 50
82 11
23 12
41 12
47 21
44 27
53 38
30 13
8 26
52 27
118 64
14 19
50 4
115 42
11 12
26 2
3 24
55 25
44 30
45 24
5 12
111 63
13 24
96 27
109 111
48 52
115 77
106 64
30 7
98 38
5 15
12 33
27 10
59 19
53 1
79 1
5 25
16 24
75 47
68 18
111 81
38 25
111 91
92 1
27 11
59 30
43 51
1 18
19 23
118 38
60 12
82 9
117 118
54 30
1 31
75 45
28 9
48 46
34 33
101 100
35 9
31 8
13 21
38 36
46 30
47 46
115 112
51 6
37 15
6 25
95 44
44 8
35 1
45 13
112 78
113 73
47 20
116 6
104 65
6 8
51 5
50 39
95 39
30 28
18 2
32 19
68 12
115 68
111 76
54 53
3 19
47 1
106 46
88 26
46 19
11 33
83 18
59 23
106 36
55 2
95 5
10 7
57 19
27 17
8 28
3 28
46 5
73 13
30 11
48 36
17 15
105 63
82 7
112 64
47 5
36 27
13 11
18 34
108 72
111 80
6 12
1 36
104 5
87 12
15 2
14 31
106 38
8 34
27 23
59 18
78 6
22 23
94 24
44 19
13 7
86 51
20 33
99 6
54 39
50 45
14 25
113 91
21 1
49 5
14 37
59 14
91 46
30 19
109 94
53 52
13 29
30 8
54 49
65 1
14 10
52 29
3 15
57 26
28 34
21 37
68 26
86 49
35 36
100 84
49 51
13 31
45 39
49 36
101 86
22 11
68 8
66 84
31 18
11 25
79 53
68 9
106 104
105 77
111 64
104 30
3 26
5 28
6 22
20 9
35 12
10 12
6 14
74 2
112 95
82 2
35 19
78 24
31 28
51 30
73 20
36 23
4 37
101 103
34 12
20 11
2 25
106 81
104 81
47 6
43 48
36 12
100 66
9 1
109 110
71 1
44 16
3 12
5 1
43 53
43 45
76 47
106 48
14 21
57 29
59 28
46 24
19 33
36 22
22 2
31 9
16 1
91 50
73 18
0 1
36 30
15 22
91 45
6 17
111 102
3 11
113 74
11 34
24 31
24 20
95 8
47 2
51 52
47 9
38 1
44 11
95 6
52 1
73 2
106 97
6 15
104 66
44 9
30 20
95 13
100 81
38 22
24 34
118 53
52 38
36 15
14 24
96 10
36 9
68 33
117 71
112 21
97 4
58 1
115 40
5 18
4 22
27 37
35 16
100 49
84 50
104 46
70 2
95 1
111 82
35 11
77 12
20 29
52 20
119 6
79 46
104 78
21 7
98 45
46 29
1 30
115 63
35 8
49 14
16 4
16 14
27 33
13 1
111 103
23 33
8 2
90 2
41 25
4 9
30 14
94 31
106 100
109 92
16 29
63 13
116 94
100 98
78 36
53 13
59 16
3 9
27 28
6 28
72 44
115 70
59 17
38 37
45 52
50 13
46 2
54 5
27 29
94 52
46 13
30 21
28 22
28 18
31 1
31 7
106 50
100 65
88 30
57 15
94 50
99 63
8 11
22 34
90 7
59 6
36 5
105 91
84 54
109 63
98 14
62 2
47 16
35 25
15 25
41 2
30 9
115 69
44 7
47 19
6 31
98 6
118 84
51 47
115 85
44 29
94 28
94 10
105 43
52 2
51 1
43 54
45 44
111 94
86 45
59 12
27 9
7 34
5 19
100 38
80 47
48 50
8 33
13 8
50 8
57 23
108 103
44 5
5 26
111 92
39 8
108 43
57 37
32 1
111 56
7 22
46 7
12 34
15 23
96 16
115 89
87 2
49 13
4 19
119 5
68 21
100 31
82 17
17 29
36 8
31 21
62 25
100 67
38 27
118 30
18 26
5 31
14 27
14 8
104 49
82 26
57 7
1 17
113 89
14 1
35 15
111 42
21 19
27 21
1 2
45 20
24 29
57 2
53 50
5 11
20 23
9 29
86 47
9 19
50 52
38 4
54 44
24 25
24 18
111 69
52 4
66 45
107 100
32 23
1 14
48 1
46 8
14 29
106 21
104 51
107 104
6 9
49 27
104 64
5 23
1 29
109 66
68 19
106 31
52 36
25 33
2 19
14 13
109 6
28 21
51 50
101 76
35 30
43 16
30 12
4 15
14 26
57 33
47 10
93 25
16 9
6 11
100 46
118 96
115 80
50 27
50 30
79 36
111 35
31 2
16 34
118 45
51 14
4 1
44 26
21 11
73 12
28 17
80 48
0 2
94 16
73 25
48 39
30 2
4 23
13 37
28 26
111 77
19 22
118 66
39 25
104 47
76 39
6 21
10 11
115 55
45 46
39 5
76 44
105 80
1 11
115 81
17 11
78 5
52 19
15 33
24 21
80 46
32 29
28 15
100 64
94 30
52 17
39 13
48 49
10 15
79 44
97 53
47 14
118 49
58 25
46 9
95 31
68 23
101 104
104 67
78 52
62 33
68 10
20 2
2 18
97 45
57 20
105 85
45 27
80 6
45 28
111 65
3 7
48 38
46 26
100 54
91 47
22 33
53 39
38 5
112 46
1 5
119 118
45 5
96 31
81 1
44 14
97 5
105 94
3 18
18 19
105 106
30 17
49 53
100 97
4 34
51 45
52 21
45 8
14 11
111 89
53 5
35 26
73 30
49 1
96 52
100 51
57 21
95 14
27 1
43 36
59 5
16 27
73 31
1 13
29 26
21 33
25 22
20 10
30 10
38 10
4 14
113 83
24 26
30 25
30 31
36 29
91 52
106 95
53 44
111 3
96 20
88 2
4 30
118 104
64 1
15 34
10 1
118 67
86 53
115 88
93 2
5 8
95 46
5 17
24 22
44 21
6 20
10 28
47 30
38 19
88 22
8 29
115 76
97 30
98 50
32 25
115 90
105 90
44 25
4 29
106 79
18 23
54 51
37 28
39 6
36 21
3 1
44 39
115 66
32 7
118 50
43 1
16 17
112 36
104 100
96 38
52 24
16 28
97 36
29 12
4 6
8 22
30 22
7 23
16 8
5 30
91 6
47 29
38 24
95 16
3 31
39 29
2 23
52 30
19 7
118 31
119 94
27 18
26 34
14 20
75 6
5 27
115 74
48 45
43 38
62 12
80 51
49 38
6 7
76 45
112 79
21 9
100 104
53 36
94 36
36 26
109 40
80 45
24 7
72 47
107 102
7 15
58 26
21 25
4 2
13 12
69 12
47 36
115 94
94 47
79 49
112 45
44 22
96 50
1 21
67 1
95 27
113 90
51 4
27 22
61 25
75 39
49 4
115 92
34 25
25 34
111 55
50 6
16 12
66 52
104 98
10 23
72 38
9 11
76 51
1 9
61 2
54 52
75 5
39 10
95 9
94 44
20 22
29 34
46 1
26 25
16 15
48 47
84 46
104 52
78 1
20 17
119 59
35 7
72 52
75 38
2 37
80 54
100 5
112 50
104 79
40 1
118 81
39 36
91 51
108 86
16 22
48 54
51 13
76 36
38 8
50 5
39 11
112 104
21 18
4 20
25 11
84 38
32 18
44 36
3 27
47 27
36 13
86 52
2 29
31 23
59 4
50 36
27 19
69 2
21 34
111 85
4 26
58 7
61 12
38 2
45 47
46 28
4 17
14 28
13 23
17 26
28 7
76 4
29 11
57 34
83 7
66 53
80 49
47 26
57 10
5 6
115 100
53 6
29 33
111 90
35 27
52 5
46 15
112 38
39 2
90 12
48 53
115 86
96 13
106 52
78 50
41 34
36 28
106 67
39 4
50 28
118 65
2 34
37 12
95 21
31 17
45 14
86 38
59 9
111 74
44 24
46 4
10 18
3 10
44 17
99 100
5 9
68 20
96 6
16 23
39 26
117 63
76 6
24 8
78 27
44 20
36 6
73 21
118 21
95 20
57 11
115 64
46 20
106 65
39 9
118 79
96 45
95 47
45 16
39 22
107 86
107 103
46 27
88 25
47 52
93 12
7 2
63 65
106 98
118 100
46 21
48 16
118 36
6 23
119 62
58 12
16 2
78 30
46 44
104 53
26 12
30 26
16 10
38 12
113 77
112 54
56 1
45 36
52 8
75 52
116 7
100 50
75 1
31 26
28 29
113 102
47 44
32 11
88 5
46 31
104 84
111 58
79 47
48 44
111 6
2 33
106 49
2 12
15 12
75 50
79 38
16 37
39 19
112 5
82 29
75 4
9 18
84 52
13 10
113 76
97 51
38 28
116 61
30 27
53 16
27 20
46 16
36 17
115 73
38 13
115 71
3 8
52 9
97 50
51 31
119 100
59 13
106 53
10 34
96 46
79 52
19 2
3 17
35 6
100 36
10 26
75 30
45 1
101 63
9 23
52 39
23 2
39 28
46 14
8 25
98 52
97 52
69 25
118 46
14 18
94 38
44 28
20 34
1 7
39 15
84 47
32 15
78 38
84 49
96 8
112 30
88 7
95 36
32 22
111 72
59 22
115 43
1 19
9 22
24 37
106 5
26 23
45 38
116 41
76 46
28 33
17 23
95 2
14 2
59 20
27 8
115 65
13 18
108 104
4 28
27 7
6 29
29 2
95 30
104 48
105 88
68 2
73 26
79 45
76 30
54 45
9 25
111 70
111 40
71 25
60 2
10 33
109 93
8 15
51 16
39 18
49 46
45 6
38 14
26 22
39 27
45 10
38 15
21 12
79 51
112 51
16 11
64 2
105 89
68 25
35 21
38 26
10 17
78 4
57 28
3 25
107 72
95 10
32 33
50 14
18 12
9 26
83 21
10 21
17 9
100 52
13 15
72 46
59 36
16 30
18 22
72 50
43 46
35 4
97 46
44 31
100 48
68 11
97 6
106 84
68 28
84 51
18 33
30 1
25 23
12 23
19 11
72 39
88 13
39 23
1 12
66 47
9 33
14 12
1 10
59 7
113 114
94 8
94 4
39 12
85 2
75 44
96 39
3 21
50 16
5 2
35 22
4 7
113 75
86 44
17 2
39 21
52 6
57 18
43 5
47 4
52 44
115 72
2 11
31 33
39 31
16 13
115 91
100 30
1 26
111 71
88 18
28 12
111 66
112 49
63 26
35 28
6 10
109 87
94 6
68 29
16 7
52 14
57 31
108 76
51 27
36 31
115 82
78 45
38 20
100 96
88 12
38 11
24 12
88 6
43 49
24 2
78 44
14 17
44 1
31 25
29 23
31 22
20 26
10 9
4 27
1 28
49 50
115 35
22 12
73 4
15 11
46 36
48 51
89 12
46 10
31 29
105 74
19 25
20 1
7 12
57 1
35 29
58 22
9 34
107 76
13 19
89 25
39 14
79 54
109 82
53 30
50 46
51 39
106 51
32 12
111 67
49 6
95 24
37 34
90 22
47 28
115 60
14 34
94 1
91 49
8 1
98 47
36 11
17 25
47 24
85 1
35 23
112 52
74 25
82 23
76 16
50 44
19 34
44 12
17 19
72 54
96 5
106 30
20 25
16 6
3 30
83 26
47 18
16 19
115 56
118 97
46 6
99 94
59 2
2 15
79 48
118 51
113 80
7 33
86 50
98 5
109 105
38 39
57 12
71 2
104 36
4 25
61 33
111 43
44 18
49 16
84 48
82 19
100 78
53 47
3 23
94 5
63 67
100 45
82 12
82 1
105 101
96 30
86 46
95 28
20 28
25 15
38 9
5 22
28 25
31 11
98 1
54 1
41 23
111 88
104 31
59 21
112 98
100 21
45 4
58 2
101 72
36 4
3 2
104 97
30 15
78 46
118 54
26 15
95 4
60 25
48 5
38 30
35 31
39 20
53 14
87 25
63 6
82 34
4 31
13 20
4 21
43 39
21 2
18 25
35 5
1 15
88 1
113 0
27 12
27 2
77 25
5 16
29 15
51 44
45 31
100 53
60 1
106 66
27 26
93 1
50 31
17 7
47 31
35 14
47 17
5 24
25 12
75 36
111 73
8 23
46 38
9 2
88 4
31 19
53 45
21 26
3 14
73 7
17 12
31 37
54 16
5 4
36 2
72 45
107 43
3 4
14 22
113 58
53 27
49 47
6 18
10 8
8 18
115 93
69 1
106 78
13 9
50 20
46 18
35 18
76 38
37 2
78 51
53 46
13 25
78 39
37 25
5 10
27 34
63 14
52 10
35 20
109 100
59 25
13 22
57 25
78 47
36 14
112 48
72 53
98 30
118 98
119 32
76 50
88 31
1 20
79 39
53 51
76 1
8 12
44 2
78 13
38 29
5 14
8 9
30 23
54 47
82 33
22 25
100 95
9 7
13 17
119 115
62 34
45 30
116 100
112 97
21 23
14 7
35 2
106 96
61 34
18 11
13 27
44 37
50 38
113 103
19 12
3 6
118 95
113 88
1 8
58 18
39 7
14 15
8 7
24 23
29 18
6 26
44 38
21 15
49 30
80 50
39 1
68 31
100 79
96 47
57 22
44 10
95 38
21 17
5 13
89 2
6 2
82 21
73 36
115 6
44 13
76 52
32 2
94 46
87 1
17 33
7 11
51 36
10 2
20 37
112 31
3 22
3 13
36 10
88 36
41 33
36 25
13 28
16 25
106 47
104 45
98 46
1 25
63 64
64 12
47 39
4 18
20 21
82 22
105 86
30 6
55 1
39 16
26 19
82 25
57 8
79 50
111 68
38 17
18 15
83 22
98 4
2 22
29 22
88 14
59 29
80 53
112 53
74 12
2 7
27 31
57 17
17 18
104 54
68 1
31 20
115 67
