46 1
46 15
17 4
47 28
0 4
4 2
41 37
27 6
17 10
24 5
42 17
5 2
2 3
47 16
26 5
46 16
30 6
27 11
35 27
34 16
12 4
37 11
13 17
37 8
21 5
46 12
42 41
47 7
16 9
45 2
13 26
35 28
47 27
33 17
19 4
13 20
42 43
33 20
30 4
47 6
34 5
34 4
33 14
13 7
2 6
16 2
30 5
34 8
17 9
40 5
45 21
47 23
45 7
35 9
8 2
13 28
13 25
18 1
29 7
46 28
13 16
33 8
47 26
45 15
34 20
45 9
43 9
46 7
12 3
30 0
47 17
33 15
33 11
45 6
35 1
25 5
13 2
12 31
34 12
24 6
27 12
37 12
13 8
37 1
34 22
46 23
5 4
43 27
3 4
45 8
45 17
3 1
47 18
34 9
8 5
43 41
43 11
27 4
15 6
26 10
32 5
33 26
13 15
16 10
21 4
41 1
12 11
11 4
13 14
46 29
35 14
33 27
30 11
45 12
28 5
43 10
13 29
1 31
34 18
32 4
17 2
35 21
15 4
16 4
5 6
4 6
34 28
30 16
33 23
4 31
8 4
30 8
30 29
34 24
46 27
26 9
46 20
20 5
18 6
30 28
47 12
46 5
46 0
0 6
11 1
33 6
34 17
34 27
40 7
0 1
42 39
35 6
30 18
17 5
35 19
13 22
30 24
35 25
33 19
35 18
0 5
47 8
8 10
30 15
27 10
13 1
33 5
43 19
30 25
34 6
45 11
13 4
21 12
25 12
33 18
35 17
35 29
11 31
34 25
33 28
46 6
4 5
1 6
39 1
37 5
13 24
37 4
47 29
32 6
47 22
5 36
30 19
46 9
47 21
9 2
24 4
6 31
19 11
34 15
42 32
15 5
37 44
8 3
13 9
34 11
33 12
47 14
25 3
33 0
34 14
46 8
45 1
30 1
30 21
35 23
34 23
30 23
47 5
47 20
23 31
12 1
16 3
47 4
13 12
16 5
17 11
46 11
8 11
35 4
46 21
45 27
8 9
46 17
33 4
45 14
35 15
0 7
3 6
19 36
5 7
4 1
35 16
13 27
13 21
33 1
35 8
5 31
47 1
5 3
27 5
35 7
34 7
35 26
33 21
8 12
34 21
4 3
33 24
47 25
46 24
47 15
41 40
35 22
47 24
33 22
43 21
37 6
45 29
46 14
45 18
30 17
45 22
34 29
43 17
45 19
13 19
33 25
25 11
30 26
33 2
39 40
13 18
17 7
41 7
27 2
13 6
33 29
32 3
0 2
0 3
45 0
26 12
34 1
19 12
34 0
3 2
45 16
30 7
47 2
45 24
45 28
30 9
2 31
21 11
25 4
13 23
25 6
45 20
25 2
45 5
30 27
47 19
43 12
30 20
35 0
37 3
47 9
35 2
8 6
43 4
33 16
45 25
30 22
16 11
46 18
43 32
30 2
39 7
35 12
35 24
18 4
11 3
17 12
46 2
34 19
35 20
46 25
45 4
39 5
43 5
33 7
43 39
2 4
41 5
16 6
35 11
33 9
46 4
3 31
43 37
13 11
30 14
47 11
16 12
34 2
45 26
11 12
13 5
19 5
47 0
45 23
27 3
46 26
21 7
35 5
17 6
34 26
30 12
46 22
46 19
42 28
38 0
18 5
37 2
13 0
19 37
32 1
42 21
