62 25
70 23
20 15
6 42
67 2
28 15
70 4
56 26
67 22
0 9
4 34
74 10
7 46
37 7
70 24
19 15
67 5
27 43
37 25
39 3
67 25
71 18
37 31
38 10
73 7
65 10
71 34
39 20
72 29
73 22
70 32
34 1
19 46
32 42
36 13
56 20
30 18
47 14
74 27
7 41
28 44
72 13
58 20
31 42
71 24
56 22
56 13
77 3
72 31
59 10
62 4
55 9
63 24
24 52
70 21
57 31
47 32
59 30
64 12
61 27
74 23
77 35
24 15
71 15
61 1
47 33
68 13
24 33
71 1
66 22
56 6
53 12
67 35
58 27
68 5
77 12
38 32
60 33
69 10
25 19
55 17
0 10
64 28
79 35
61 7
55 26
74 14
78 41
2 33
68 26
72 9
34 33
56 29
25 42
53 17
39 12
18 44
69 32
70 20
54 31
56 1
59 12
68 14
27 23
47 30
52 23
57 14
75 28
55 3
58 23
56 2
18 42
54 18
0 31
47 12
66 5
39 13
80 9
56 21
34 15
27 42
67 9
40 12
73 27
7 52
69 20
74 21
63 19
69 29
66 4
67 1
64 11
54 35
37 14
60 8
62 36
67 14
20 43
55 13
7 50
60 3
4 42
5 13
66 28
80 19
59 27
52 34
79 33
64 3
1 23
72 34
17 43
66 25
38 23
77 31
67 17
68 30
79 32
69 18
40 1
56 36
61 2
38 21
4 33
18 13
53 25
60 35
74 18
54 15
58 29
18 33
71 10
0 8
66 30
39 27
48 23
64 17
72 19
67 33
74 31
79 20
69 24
11 28
69 26
58 36
39 35
73 34
77 10
72 25
70 6
2 43
65 23
0 32
3 23
1 33
80 34
40 29
70 16
3 42
65 20
14 28
75 46
0 1
77 18
55 24
18 15
68 33
47 9
57 11
61 24
69 4
74 22
30 13
0 14
65 28
67 20
62 21
59 36
1 41
7 23
38 9
53 2
64 34
79 31
69 21
37 6
79 9
55 31
32 17
61 5
17 44
63 22
79 1
7 19
73 26
77 11
34 43
0 30
68 1
63 31
71 33
64 29
36 34
38 16
61 35
48 14
40 15
48 42
54 19
55 23
74 34
28 46
80 18
67 34
30 20
65 4
32 49
58 22
63 17
59 20
42 41
65 33
53 22
51 15
77 14
77 32
77 25
19 44
77 33
47 31
79 3
73 33
59 28
40 27
67 26
40 16
37 17
11 12
25 13
59 17
57 19
73 23
67 28
19 41
74 36
72 33
65 25
70 31
69 11
47 35
63 32
61 11
64 22
61 15
54 30
38 11
56 23
66 35
58 32
38 35
67 4
67 11
67 3
34 46
79 16
55 10
39 16
64 8
34 12
61 22
79 10
28 13
60 34
71 20
61 36
4 20
72 18
57 4
47 4
37 4
7 43
73 18
73 4
48 13
63 20
32 23
3 41
34 44
80 23
33 13
9 41
75 41
55 16
53 8
20 46
69 27
61 29
48 33
40 32
4 1
40 30
30 33
37 28
52 42
32 48
38 17
66 15
25 20
40 7
0 26
79 26
75 15
59 35
25 18
60 23
61 16
1 42
22 43
53 26
58 16
68 15
73 21
73 29
53 20
65 27
67 7
77 17
55 33
76 44
23 13
73 30
7 30
18 46
62 5
58 35
63 8
40 9
34 17
71 21
61 6
73 11
79 25
68 11
58 12
66 14
75 42
72 3
59 6
6 13
20 44
77 8
60 20
71 29
60 19
66 17
57 20
66 3
10 42
58 6
34 32
38 24
61 34
70 22
36 52
40 26
37 33
56 5
53 16
37 29
74 1
72 35
70 11
54 20
62 22
51 23
56 16
0 12
62 24
39 36
70 9
0 6
47 24
37 19
65 14
7 18
71 16
27 15
19 43
2 23
55 36
71 23
68 9
55 12
21 41
64 15
66 24
74 8
64 20
29 33
37 18
7 28
47 21
57 2
80 15
3 46
67 6
52 13
38 20
54 34
39 8
72 17
57 22
72 24
61 26
72 5
55 2
17 33
57 34
67 32
65 19
63 5
47 18
37 11
74 28
79 24
69 12
79 14
58 13
77 19
0 20
7 13
77 28
19 23
65 36
47 23
80 11
66 18
30 23
17 42
70 33
53 4
66 33
17 13
36 41
4 44
62 32
73 28
62 2
79 2
70 30
58 14
71 28
64 5
73 9
68 36
14 17
69 36
73 8
7 48
80 32
57 35
28 43
14 19
47 28
57 30
24 17
80 17
0 15
71 19
79 12
65 5
59 21
24 19
38 3
7 44
40 34
47 25
32 51
71 31
56 18
24 13
53 27
57 15
80 14
78 33
68 35
63 25
61 32
80 3
63 35
77 13
57 21
77 9
27 41
40 17
74 11
75 12
38 4
34 48
40 23
58 31
74 9
80 8
65 2
58 3
62 23
69 23
60 2
65 15
61 19
39 32
36 33
63 30
65 24
24 14
59 25
51 36
34 13
6 33
41 43
64 4
80 36
29 42
60 11
7 14
62 19
77 7
75 23
51 33
21 42
7 12
63 21
57 6
7 20
0 16
22 41
53 10
71 30
38 34
80 31
65 7
67 29
40 11
69 19
74 17
72 4
58 1
67 16
66 6
54 33
80 7
64 13
7 36
58 5
80 25
79 22
66 36
57 7
40 8
47 16
0 17
70 27
56 11
66 31
71 3
58 10
74 32
59 16
4 41
72 11
38 25
57 1
2 41
59 24
32 13
56 32
8 23
38 26
62 18
56 31
77 16
71 25
60 28
39 7
70 26
55 18
65 32
74 29
3 15
59 1
71 35
40 19
1 15
60 31
68 4
53 21
71 9
47 15
5 44
25 33
59 14
47 1
58 19
64 24
47 36
65 6
65 30
55 5
71 14
37 30
37 10
61 28
73 35
62 28
31 41
37 5
4 17
58 9
39 1
80 33
8 13
62 8
52 44
67 31
40 33
64 30
39 25
38 36
53 36
79 17
47 17
72 32
71 17
58 17
40 4
59 34
53 34
39 18
58 25
14 42
39 19
53 9
60 6
65 17
70 1
38 13
68 18
70 36
62 11
54 17
79 7
80 4
72 16
54 24
75 33
6 23
6 48
77 1
2 13
38 5
29 41
54 5
48 15
26 42
69 30
66 9
69 22
67 10
52 33
56 34
60 24
61 9
67 27
66 1
55 28
74 19
47 26
74 15
71 32
7 49
73 20
67 18
64 32
57 17
39 15
65 12
62 15
69 31
70 3
74 35
69 6
37 9
72 26
70 10
54 22
8 41
37 3
14 44
60 15
56 27
74 16
39 22
70 19
40 6
61 3
64 25
55 20
64 27
70 2
7 17
56 30
54 6
0 28
37 24
62 27
71 12
74 6
72 10
27 13
40 2
38 6
20 42
68 29
56 10
79 11
66 34
57 24
24 34
37 35
9 42
34 36
60 7
64 35
69 35
54 14
22 42
67 36
73 2
14 20
32 43
2 15
39 33
67 30
4 23
25 17
58 2
18 41
73 6
47 22
40 31
80 27
69 15
57 10
36 12
60 22
34 51
73 13
4 28
53 32
54 25
56 19
62 17
18 43
47 19
25 46
60 12
0 21
34 42
39 9
74 2
59 26
4 19
39 31
77 29
38 22
38 33
57 32
54 11
40 14
53 29
29 13
0 3
53 1
72 27
56 9
7 42
19 33
39 5
70 34
73 1
68 22
34 20
59 19
20 13
59 7
71 27
58 28
27 33
68 28
25 43
71 4
61 20
71 13
32 33
63 26
74 12
61 8
73 12
64 2
78 13
38 19
62 7
54 27
24 41
69 3
9 23
18 23
39 23
30 15
68 20
37 15
39 29
65 31
59 18
38 28
48 41
63 10
53 33
68 8
2 42
63 33
65 3
32 34
39 34
72 2
28 33
4 15
64 10
66 29
9 33
77 26
8 33
54 4
54 2
56 3
40 13
73 16
54 3
62 30
2 44
66 10
36 42
65 11
63 28
28 23
79 19
67 23
68 12
63 14
63 7
61 18
32 14
24 23
25 23
57 13
79 4
70 18
7 1
60 5
37 27
79 36
75 36
80 21
39 17
72 36
74 13
0 5
39 10
63 16
68 17
40 20
63 9
9 34
71 2
37 26
68 32
17 15
66 19
57 23
64 18
60 29
0 35
62 20
34 50
0 11
56 4
61 14
62 31
73 15
69 5
66 20
0 22
64 9
8 15
79 5
38 30
69 28
54 13
57 16
42 13
34 14
67 15
80 10
78 43
29 23
64 33
11 41
73 10
60 32
4 12
75 34
70 7
80 20
63 1
55 35
53 11
60 1
59 9
40 5
57 27
37 16
60 26
40 24
28 12
77 27
4 18
54 32
28 41
39 28
38 27
37 21
62 13
66 16
71 11
30 42
66 32
70 8
75 50
47 34
79 29
32 20
68 21
0 24
56 24
71 5
40 10
58 18
26 41
53 7
0 18
25 15
64 21
62 35
63 12
6 41
64 6
80 29
73 19
57 28
62 6
60 27
80 24
3 43
69 17
19 42
58 33
59 2
38 29
62 14
60 9
37 13
80 12
62 3
72 1
71 36
5 42
55 19
15 13
48 52
39 24
55 34
68 3
78 15
37 8
70 25
38 2
71 22
54 8
74 7
61 12
80 1
54 10
34 49
69 1
65 1
56 8
34 18
72 15
64 19
54 1
58 26
0 29
38 15
79 30
7 15
77 30
63 13
57 33
1 13
74 3
55 6
64 7
54 26
30 46
62 29
58 4
79 8
57 25
7 34
40 35
38 12
55 27
55 29
77 2
55 14
24 18
58 24
80 28
56 17
80 6
34 19
68 25
38 7
60 30
59 31
61 13
3 33
70 13
39 2
64 1
40 18
72 20
79 27
66 21
32 44
59 5
39 6
60 16
40 28
41 13
70 17
77 15
54 36
55 1
63 34
64 14
67 24
71 7
20 23
65 21
79 18
53 24
54 28
58 34
60 10
52 46
30 17
9 15
55 15
55 22
78 42
77 5
17 41
56 7
24 20
69 33
40 36
77 21
55 30
7 33
60 17
40 22
74 33
64 26
12 43
79 23
73 31
74 25
45 41
38 1
55 7
37 22
73 36
66 11
38 14
19 13
77 20
65 13
68 10
30 41
59 4
63 4
24 48
0 19
58 7
70 28
60 36
53 6
39 30
37 32
57 8
63 18
55 21
4 13
32 19
71 26
74 4
11 42
53 18
70 14
45 44
12 42
73 14
52 15
72 6
62 26
34 23
78 48
80 26
68 27
37 23
80 2
0 7
0 34
72 8
40 21
54 12
64 36
5 41
63 2
67 8
56 25
68 6
63 3
62 1
39 14
66 7
14 18
79 28
60 14
69 2
72 23
79 21
41 42
53 30
70 15
69 25
0 27
74 24
47 13
66 12
80 5
46 13
71 8
64 31
47 20
65 22
58 30
47 3
67 19
32 41
70 5
53 3
56 35
7 32
69 7
61 30
68 19
20 33
37 34
53 23
79 6
20 41
17 46
37 1
61 10
80 30
54 21
25 41
56 14
9 28
68 2
67 13
60 25
66 13
0 25
74 30
8 36
28 42
72 7
57 12
57 18
63 29
65 8
62 10
72 30
24 42
16 41
74 20
53 15
72 28
80 16
37 2
79 15
68 31
9 13
68 7
65 29
47 27
56 12
34 52
69 14
72 21
73 17
38 31
63 6
57 36
74 5
40 25
62 33
70 35
63 15
58 21
53 19
71 6
29 15
0 13
54 7
59 11
70 12
63 23
73 24
80 13
34 41
80 22
68 16
32 15
5 43
24 49
77 6
61 23
57 26
66 27
34 30
53 28
32 12
32 18
74 26
51 13
0 33
73 32
77 34
63 36
58 15
60 13
54 9
65 35
62 34
56 28
57 3
66 26
47 5
60 18
0 2
73 5
79 13
54 23
53 5
64 23
66 2
47 7
68 23
6 15
8 44
38 18
53 35
39 11
36 15
61 25
58 11
14 41
72 14
65 34
70 29
63 11
0 36
47 11
47 2
57 5
80 35
57 9
55 8
59 32
4 14
39 21
36 23
55 32
56 33
14 43
14 12
67 21
79 34
65 16
78 23
39 4
37 36
53 13
55 11
57 29
56 15
73 25
77 23
4 43
17 23
65 26
51 46
24 43
30 19
72 22
67 12
24 44
61 31
77 4
0 4
54 29
0 23
60 21
77 24
40 3
51 44
63 27
62 12
53 14
69 16
55 25
32 52
7 51
60 4
66 23
64 16
51 42
65 18
62 16
77 36
66 8
69 9
65 9
12 41
37 12
61 17
45 42
9 46
77 22
30 43
69 13
73 3
75 52
61 33
69 34
37 20
62 9
61 21
61 4
58 8
68 24
54 16
53 31
59 3
68 34
39 26
42 43
72 12
38 8
69 8
55 4
