76 77
84 72
8 40
2 19
60 10
117 111
53 34
92 3
111 13
48 25
93 28
134 72
87 2
69 4
78 13
35 39
11 8
77 43
75 36
105 11
60 2
117 76
71 72
98 3
80 78
13 5
63 68
86 13
87 72
36 6
128 119
50 4
12 28
124 71
4 12
123 59
3 1
114 36
43 3
27 5
134 111
124 78
114 12
59 64
70 10
127 11
35 15
106 67
15 29
123 97
110 4
98 16
59 62
130 121
74 21
14 25
129 122
24 2
101 75
75 77
80 72
4 32
107 69
74 30
107 71
18 16
45 8
123 85
84 78
13 17
4 20
10 20
44 24
68 67
48 8
69 24
35 14
10 6
6 18
73 36
71 43
11 6
115 24
14 6
9 26
8 25
114 43
72 69
60 3
134 94
21 27
7 3
112 10
124 73
131 114
114 33
129 117
134 43
31 11
10 33
85 38
53 5
111 30
42 16
106 21
2 11
101 70
20 11
114 4
43 23
33 26
76 13
35 30
128 51
14 8
123 105
41 28
42 24
85 17
31 17
18 40
15 5
111 2
93 17
29 38
85 32
3 9
124 62
126 47
76 78
53 18
26 1
15 26
52 4
31 12
117 89
48 5
4 13
84 54
70 11
48 27
90 4
79 72
127 110
4 29
1 26
116 65
72 20
80 68
64 2
30 8
24 12
60 43
72 3
130 101
102 68
41 22
67 35
41 27
70 2
7 15
78 3
2 35
5 27
31 2
65 6
25 17
36 14
41 4
14 33
42 43
74 5
108 76
53 6
127 92
31 1
66 20
30 28
96 4
10 17
4 22
126 121
129 73
94 20
87 73
128 49
80 70
43 4
108 68
7 1
7 36
60 19
23 21
128 102
22 6
80 20
67 14
129 60
124 108
107 67
123 44
21 32
19 21
114 14
54 31
124 43
118 59
107 74
58 34
86 67
99 1
35 27
67 17
73 72
44 11
14 2
31 9
19 22
100 68
111 23
117 68
108 70
41 33
35 3
60 22
117 71
105 20
33 34
13 27
87 76
131 98
75 69
93 8
72 10
128 45
6 16
114 21
72 78
106 27
42 31
22 40
42 3
95 3
129 74
19 3
44 39
87 43
54 21
71 68
5 17
14 30
48 29
78 15
23 25
118 120
11 39
65 1
24 17
101 69
11 15
28 38
73 68
131 96
77 5
112 78
89 74
41 17
10 13
73 23
89 35
2 20
127 57
77 1
94 43
70 4
9 1
130 100
55 4
19 4
42 19
9 6
33 5
93 15
60 31
117 91
115 5
128 105
131 106
10 29
134 63
78 54
53 10
130 120
129 75
10 35
131 84
29 8
106 12
23 28
21 1
131 95
129 70
15 25
8 39
90 69
116 56
24 14
123 83
106 11
42 36
93 39
60 77
42 11
118 83
30 15
6 28
128 63
66 4
127 119
25 38
42 35
111 74
94 23
93 24
89 20
36 17
108 74
7 27
4 31
7 8
53 33
24 1
130 113
90 35
42 29
84 2
9 25
35 18
33 28
131 82
122 68
71 74
45 6
54 9
85 16
48 32
51 2
134 112
39 40
78 67
32 39
7 14
54 30
12 16
43 18
53 30
32 16
105 31
77 78
131 104
79 77
102 72
31 27
130 37
58 25
105 43
44 16
48 4
24 9
60 14
20 32
4 30
73 70
41 40
41 25
86 75
133 134
32 28
22 26
90 78
29 17
129 108
128 11
76 69
27 17
71 75
76 43
51 3
114 5
28 17
2 4
101 77
24 6
4 14
42 15
107 54
5 25
2 5
31 18
20 29
117 78
131 103
106 13
114 6
7 16
115 11
117 94
131 83
27 16
135 134
93 30
12 40
22 32
86 36
116 57
69 15
77 22
3 25
127 99
77 35
29 40
69 78
128 96
22 29
80 77
2 18
50 32
21 34
124 77
44 1
50 2
54 22
9 8
45 5
14 18
1 16
114 35
107 72
54 32
32 25
100 78
12 18
60 24
53 24
26 34
41 16
112 13
35 5
124 63
27 34
43 14
15 4
42 6
111 20
33 16
83 75
4 25
9 17
9 39
23 11
71 3
106 30
13 8
30 33
78 19
49 2
35 24
128 46
116 117
2 9
122 73
33 9
19 17
13 32
15 27
6 17
86 10
15 3
83 71
126 83
43 2
14 28
134 64
32 26
111 35
76 54
94 67
131 59
8 1
34 39
14 3
128 44
94 35
3 30
14 16
1 27
74 15
36 24
83 73
88 38
42 21
8 6
54 13
40 17
74 33
98 34
13 26
131 85
21 28
93 33
77 20
67 21
7 28
44 34
127 88
14 15
68 54
74 18
97 67
11 18
131 93
30 17
68 23
18 39
26 25
22 18
35 21
92 2
100 11
11 25
100 74
23 27
36 34
78 21
132 11
105 24
36 22
53 22
85 25
18 32
82 2
114 1
63 70
112 20
128 88
69 2
2 25
67 5
21 16
68 70
42 28
72 54
35 29
106 43
23 4
15 32
10 1
0 3
83 72
85 5
87 68
15 39
114 11
1 32
20 17
72 76
4 9
117 112
24 25
60 20
96 2
108 69
16 40
41 34
31 34
87 69
111 54
117 122
28 34
133 106
79 76
77 24
108 67
22 1
94 76
123 100
44 8
0 5
13 2
26 32
2 29
32 29
24 3
36 29
77 13
13 39
60 54
31 25
122 75
122 90
115 4
111 36
56 25
77 31
30 26
73 20
85 1
20 18
54 6
24 18
130 107
67 27
69 31
78 18
23 24
4 24
54 4
118 97
94 69
78 24
58 6
7 9
43 17
19 18
5 33
112 74
54 10
54 15
124 122
0 1
7 23
129 82
117 60
117 73
20 6
31 6
70 30
3 19
23 14
26 17
35 12
15 21
76 14
43 34
129 91
105 70
105 35
63 77
87 36
56 33
64 4
131 105
22 28
114 30
123 117
124 95
33 25
19 34
76 3
135 105
30 5
106 2
62 3
31 29
31 8
10 12
13 18
108 72
30 32
10 36
5 1
131 102
100 69
15 6
132 50
56 34
20 2
128 103
2 16
7 6
23 22
75 23
87 77
29 6
32 34
36 19
16 25
53 8
2 21
50 34
94 2
54 33
23 1
13 35
93 22
124 61
12 4
78 30
116 105
65 5
76 35
2 28
112 23
67 33
66 67
48 16
106 24
21 9
7 30
5 9
1 34
54 43
125 97
126 122
2 32
13 6
114 2
11 3
102 73
90 3
78 33
66 68
85 8
70 78
69 11
23 26
3 12
114 18
96 3
57 25
117 108
116 59
20 4
42 27
78 34
2 43
41 21
72 67
93 19
90 70
14 26
74 67
63 73
7 25
31 16
83 76
54 2
87 10
100 76
129 76
111 14
134 95
83 77
52 3
111 10
18 28
12 3
3 15
112 12
73 43
118 47
123 101
4 17
31 22
133 117
29 1
80 71
135 53
25 40
7 10
89 76
20 35
128 64
132 106
67 23
20 27
130 80
48 6
10 27
54 12
73 76
9 40
114 3
87 20
7 19
45 1
90 77
124 72
60 11
3 33
117 90
124 111
21 3
20 22
20 19
89 78
111 70
134 108
86 77
87 13
60 5
124 117
112 4
98 6
39 17
21 8
90 72
50 16
21 6
19 9
60 4
45 3
26 39
122 10
111 31
6 32
27 39
66 75
105 54
0 4
14 40
41 8
107 68
3 32
105 4
30 27
111 69
127 49
44 5
129 95
75 10
77 3
73 13
2 31
93 14
19 1
72 13
107 77
67 10
45 28
112 2
71 20
12 5
86 70
42 13
6 40
23 15
106 78
41 32
130 44
21 17
99 4
24 40
69 67
44 32
53 17
74 4
69 10
78 5
16 34
73 69
15 28
4 28
111 24
31 26
42 4
60 74
118 117
93 5
87 70
84 70
20 1
44 27
25 34
18 3
6 29
46 38
68 43
67 2
54 3
10 28
102 75
135 41
108 54
117 10
14 4
68 36
68 76
24 11
78 23
122 60
36 27
101 73
77 33
99 3
114 22
20 31
112 15
83 2
111 67
132 105
76 20
89 36
86 73
87 67
70 74
108 75
67 24
33 27
76 74
126 120
97 54
22 27
35 22
36 16
67 13
135 11
30 29
124 68
93 26
3 24
115 74
44 2
14 11
36 35
1 39
60 35
90 76
29 9
75 20
124 60
50 6
12 8
75 70
106 54
10 21
25 28
78 11
29 32
13 11
9 32
11 40
66 77
86 74
70 35
80 10
14 1
78 31
122 91
34 25
132 56
30 3
132 22
53 27
128 101
97 70
42 22
24 15
127 104
112 19
127 55
10 4
10 2
123 125
75 35
24 21
134 122
122 62
111 77
65 32
20 12
59 60
4 36
128 50
78 16
45 38
66 10
70 67
122 61
135 50
42 26
31 35
80 2
131 100
74 10
5 16
2 13
35 16
26 16
130 79
44 28
36 8
76 36
125 88
2 26
41 18
21 29
20 34
34 40
9 28
124 10
118 88
0 2
128 98
73 77
19 29
58 8
99 32
131 99
6 25
68 74
122 111
36 32
18 5
23 16
134 70
18 38
3 29
43 26
135 58
5 34
77 30
66 54
15 9
128 7
53 4
118 122
77 2
10 16
129 112
80 54
105 36
94 77
113 34
5 32
117 115
44 25
13 33
26 6
18 27
127 106
8 38
10 30
128 129
73 3
130 87
132 107
37 34
79 43
32 40
25 6
53 19
12 29
54 34
43 11
4 34
129 62
41 26
17 40
22 8
135 48
28 1
128 55
48 3
65 3
19 5
53 35
134 77
80 73
71 2
122 72
114 31
131 62
122 117
106 34
6 39
134 10
107 75
18 6
68 13
21 25
36 2
28 40
126 59
16 29
44 17
30 21
110 3
68 2
23 34
107 43
36 23
19 28
77 12
5 39
66 74
30 1
4 6
7 21
75 78
127 65
24 33
5 6
26 38
10 9
76 23
89 31
41 1
54 20
85 39
86 43
53 23
94 3
77 15
42 18
59 63
15 17
76 4
130 45
43 9
78 2
40 38
135 131
124 75
124 115
125 59
118 119
7 31
107 78
53 20
13 30
15 33
44 3
30 40
74 19
11 26
69 54
75 54
129 90
67 30
58 5
16 17
13 12
117 63
93 40
90 43
32 17
20 16
10 31
124 74
74 16
70 14
20 15
130 102
67 22
105 2
11 28
90 36
87 54
15 40
127 46
42 34
45 32
29 28
78 20
12 1
79 2
53 16
105 67
69 43
14 12
128 95
45 25
89 2
77 23
106 19
24 26
18 8
74 36
80 76
109 2
67 20
24 22
89 72
117 72
72 36
58 26
97 77
12 9
11 1
48 1
86 20
108 71
93 2
14 9
19 8
71 10
94 78
70 13
13 29
117 75
53 21
43 35
70 3
29 34
39 16
78 35
131 63
98 32
101 68
53 43
122 115
11 5
16 28
127 105
111 11
48 28
23 39
131 129
105 14
128 42
115 3
106 74
31 5
87 4
12 25
117 95
20 3
67 1
122 94
4 23
93 3
58 16
135 107
21 18
16 39
41 29
75 74
25 16
128 84
24 5
15 12
127 117
34 17
77 11
89 69
102 76
4 10
80 67
129 72
118 46
90 75
56 27
4 1
127 123
69 30
7 22
125 122
22 25
134 61
134 82
7 18
4 16
112 35
30 16
80 43
2 22
8 28
22 34
68 3
2 14
19 15
79 75
13 4
87 74
24 30
59 25
3 11
106 31
1 6
124 64
36 33
127 120
69 20
3 23
29 39
106 5
87 3
13 22
20 24
125 47
114 13
13 24
31 32
99 5
131 50
53 29
129 64
79 20
84 75
60 33
15 8
106 6
127 81
72 4
123 114
32 27
59 33
128 114
124 90
67 4
93 21
14 17
126 46
128 65
35 6
19 40
70 20
3 6
15 1
23 12
79 70
78 10
80 75
54 35
35 26
75 67
54 29
79 73
67 3
28 5
66 73
74 11
20 28
90 23
8 32
134 74
42 14
112 77
128 92
42 8
20 8
131 42
125 83
6 26
31 3
58 9
134 75
106 23
116 11
102 70
128 91
45 34
85 34
31 4
69 13
30 18
66 76
134 68
50 1
86 4
78 27
20 9
54 8
69 14
27 25
20 13
54 1
35 1
5 22
112 67
105 69
60 67
37 33
33 40
58 17
127 93
19 27
67 43
12 22
122 63
21 39
6 34
124 112
41 39
42 30
90 20
10 25
45 16
9 5
92 5
3 28
24 4
75 76
21 40
23 6
84 74
99 16
2 27
128 62
7 11
23 3
66 70
130 66
48 26
131 44
53 32
23 30
53 31
69 35
74 2
90 74
108 73
12 27
74 3
131 101
11 17
93 27
7 2
31 14
101 78
114 24
134 89
118 121
31 33
30 9
101 74
17 28
93 1
94 54
98 5
44 33
117 74
116 50
24 16
106 20
11 27
79 71
103 2
19 39
114 32
66 78
66 71
44 6
26 40
30 34
114 15
4 3
11 4
134 76
67 29
25 1
68 4
74 20
101 76
101 11
112 5
68 78
129 69
106 32
20 5
122 70
131 55
1 18
48 18
50 5
73 67
84 69
43 19
31 15
33 3
30 19
7 13
2 17
93 6
43 1
114 67
68 10
2 34
98 1
67 15
4 27
97 72
128 57
101 72
59 11
84 76
75 43
41 5
122 78
43 30
53 9
24 27
4 21
23 17
65 4
27 28
4 15
114 23
31 30
76 2
106 16
6 9
2 23
60 30
23 8
8 17
131 52
126 97
105 77
89 10
129 89
67 32
29 5
74 14
71 76
33 39
42 5
13 34
8 26
35 33
42 23
93 25
102 69
72 31
123 106
97 69
112 3
107 10
128 82
131 49
33 1
43 28
122 89
39 34
53 2
53 13
94 4
35 19
11 22
112 30
92 6
93 29
7 35
45 27
10 18
3 21
130 0
10 24
131 64
3 26
83 67
13 31
122 69
79 74
106 18
5 29
134 78
89 4
117 62
19 6
105 78
23 18
131 92
128 83
43 27
93 32
53 15
73 10
29 25
58 1
44 4
67 19
127 109
127 56
75 3
23 9
128 100
86 2
112 43
54 16
78 12
14 5
71 77
19 32
4 5
42 12
3 34
105 74
53 1
36 3
80 69
94 72
36 28
7 33
107 2
22 4
30 6
19 25
134 71
22 9
17 39
80 4
8 5
1 40
83 70
112 36
6 27
133 131
36 15
78 22
61 2
13 19
18 25
124 89
24 29
115 78
100 73
57 34
122 112
134 69
63 72
74 43
43 20
83 54
36 21
74 31
2 15
27 32
93 16
24 34
69 19
112 14
100 75
8 34
45 17
106 22
79 4
55 3
11 2
131 65
129 94
73 54
61 4
71 70
128 121
25 5
97 68
20 30
35 17
129 63
77 19
106 35
23 31
42 25
71 73
10 22
10 19
14 21
129 115
128 85
67 18
43 25
66 72
72 43
22 5
19 26
86 78
70 23
58 39
34 26
23 2
67 36
129 43
35 25
117 64
124 69
48 34
102 11
112 54
114 20
133 59
68 69
42 17
33 32
9 34
89 67
97 78
77 54
31 21
117 43
117 69
89 70
16 9
33 6
127 47
117 70
74 34
84 71
60 21
35 8
66 43
51 4
112 24
15 34
3 27
74 24
134 73
100 70
94 70
36 30
11 21
92 4
35 32
27 1
7 12
98 4
69 74
127 63
2 6
102 78
1 29
4 33
5 28
22 17
70 31
2 36
82 4
60 15
12 32
114 54
30 39
21 4
122 95
73 74
124 82
36 18
107 76
7 34
128 93
43 31
98 2
130 85
43 16
115 2
79 69
13 14
18 26
106 3
77 10
31 40
62 4
127 103
60 13
114 19
3 18
2 1
47 38
111 4
11 29
1 17
93 12
5 40
126 84
71 4
18 9
24 39
68 35
55 2
69 77
75 4
87 78
13 21
10 32
23 32
131 45
36 5
111 43
68 72
19 33
20 14
117 82
20 21
22 21
67 6
0 6
9 16
90 31
13 9
77 74
26 5
43 22
67 9
3 5
48 39
94 36
100 72
131 11
90 67
24 28
54 17
48 40
35 34
2 33
128 106
72 77
116 106
5 26
48 17
105 23
133 123
10 15
97 76
71 67
68 31
72 2
20 25
11 19
107 70
67 11
24 19
131 97
60 23
43 12
27 26
134 90
30 11
128 120
60 78
22 16
94 13
33 4
109 4
78 1
126 119
94 68
90 13
125 121
128 99
27 9
5 18
124 70
122 77
19 12
79 10
31 24
54 5
129 77
85 6
135 106
134 62
110 2
10 34
89 23
27 29
23 35
17 25
62 2
117 77
19 16
16 26
107 73
42 1
129 111
53 14
93 11
129 71
84 73
126 117
90 54
84 77
123 102
54 36
92 1
123 118
74 1
73 78
127 59
28 39
11 9
73 4
65 34
77 67
43 10
35 28
122 108
106 33
23 33
106 1
41 6
72 70
99 2
86 68
74 54
70 24
76 67
93 18
37 25
43 8
77 36
35 9
129 78
111 78
89 54
128 117
43 5
71 78
54 26
30 4
97 74
12 6
65 16
74 12
7 5
3 17
48 9
128 104
36 26
4 35
90 10
12 34
72 74
86 69
67 34
128 56
128 52
122 43
15 16
134 115
13 28
13 3
93 9
43 32
54 14
132 57
78 29
14 29
13 23
23 5
108 77
7 20
20 26
10 23
60 36
37 27
74 35
54 19
124 76
13 1
127 121
17 9
4 11
23 40
9 38
14 27
108 10
70 54
125 84
124 94
43 6
14 34
130 86
91 2
43 15
54 27
67 16
3 16
14 32
107 4
18 34
131 61
127 128
130 114
123 126
35 2
10 26
22 3
1 28
126 88
13 25
122 74
78 36
93 34
33 17
43 24
10 14
97 75
2 24
68 20
26 28
95 2
10 8
43 29
30 25
3 14
131 51
128 47
76 24
70 77
76 70
3 35
42 9
74 23
106 14
99 17
65 2
12 21
21 5
3 13
94 10
3 22
24 8
105 30
27 40
131 91
50 3
36 39
75 13
92 32
67 8
86 72
8 16
89 13
125 46
36 1
18 29
7 17
15 22
69 3
69 36
7 24
70 36
95 4
112 11
36 12
105 13
18 1
12 26
25 32
72 75
30 2
11 33
102 74
89 75
27 8
60 12
28 6
27 38
93 4
127 98
49 3
129 61
77 4
58 38
122 64
108 78
113 25
18 17
63 69
17 26
102 77
63 75
116 107
74 22
94 75
13 16
4 19
60 1
41 3
68 75
122 71
122 82
53 12
75 2
41 9
78 14
31 28
27 6
53 11
133 50
24 32
105 3
128 97
20 23
133 105
10 3
123 84
135 10
112 31
2 12
100 77
59 61
84 67
67 12
29 16
14 19
15 18
72 23
94 74
70 69
42 33
14 22
134 117
125 119
132 117
12 33
83 74
78 4
86 76
125 117
106 10
54 18
77 21
54 24
129 10
29 26
52 2
10 11
34 28
134 60
58 40
33 18
7 4
89 77
131 117
124 91
115 10
28 16
99 34
74 13
10 5
135 117
23 19
79 68
20 33
42 2
86 3
83 69
61 3
129 68
85 28
75 31
115 77
2 30
97 2
58 28
66 69
123 45
134 91
78 43
56 22
86 54
71 69
108 4
2 3
122 76
73 2
7 32
74 27
42 10
42 32
89 3
68 77
81 38
39 38
118 84
33 8
12 17
31 39
21 26
33 21
22 33
71 54
43 33
97 73
1 25
117 61
1 21
35 11
20 36
22 39
115 43
94 31
49 4
4 18
43 13
114 10
105 10
25 39
31 19
23 29
11 16
83 78
74 78
106 15
14 39
43 36
37 22
69 23
87 75
128 59
44 22
111 3
54 11
76 31
2 10
83 68
58 32
90 2
125 120
33 29
108 43
48 21
28 32
84 68
36 9
89 43
108 2
13 15
106 36
36 4
7 29
64 3
70 43
54 23
12 39
79 54
7 26
53 54
76 10
98 17
11 34
45 39
30 22
5 21
67 54
35 4
36 11
53 36
128 61
11 32
79 67
104 2
66 2
72 35
106 4
73 75
99 6
35 40
97 71
131 7
36 25
80 74
42 20
43 21
77 14
4 26
79 78
82 3
53 3
123 124
