25 3
41 14
34 2
29 5
25 19
35 4
37 3
40 13
1 22
59 15
18 11
18 2
37 5
32 9
5 22
33 3
50 13
16 13
28 31
34 1
62 14
55 14
52 6
61 14
4 22
18 8
63 44
63 1
36 6
51 19
52 11
3 8
3 9
38 4
3 4
31 19
58 0
19 1
31 4
54 15
3 6
60 0
24 7
37 19
7 22
18 19
59 14
42 15
8 22
4 21
33 2
31 6
58 13
32 1
59 13
43 14
6 8
15 1
0 11
37 8
35 11
31 1
24 1
10 2
58 1
35 6
63 11
40 15
6 7
38 11
18 10
33 4
12 13
34 3
24 2
6 4
38 1
15 5
0 1
57 13
64 4
28 36
38 3
23 5
40 14
0 10
0 8
10 8
39 13
25 2
48 14
14 1
31 3
34 10
10 7
23 9
56 13
26 1
31 8
54 13
32 19
53 21
57 0
50 15
28 13
24 19
25 6
47 13
49 14
30 3
34 9
51 11
20 22
13 9
46 14
19 7
59 9
31 9
13 8
17 13
28 38
17 14
24 6
55 15
2 8
60 11
30 7
57 11
40 9
3 7
30 1
58 14
14 10
10 3
24 11
33 7
28 15
28 25
11 22
32 10
13 7
28 37
32 2
63 20
19 8
48 13
10 6
15 4
34 19
3 1
36 1
34 4
1 21
2 6
57 14
37 10
7 21
6 3
52 5
37 7
60 9
25 11
27 14
27 13
28 35
25 7
37 9
2 5
19 9
26 5
24 3
6 9
38 10
20 21
23 3
32 7
42 14
57 9
57 1
30 4
32 3
29 1
30 9
23 1
43 15
25 1
35 10
19 5
3 11
15 9
47 14
30 6
35 8
14 5
28 34
25 8
56 14
49 13
26 13
23 19
28 24
15 11
38 6
51 10
38 9
36 4
6 2
18 6
29 7
37 4
34 8
13 4
2 7
3 10
35 19
34 7
40 1
36 19
51 5
0 4
55 13
36 9
23 6
64 11
24 8
13 11
16 15
44 22
57 15
58 9
23 4
52 19
62 13
51 6
29 11
51 3
6 10
30 11
23 7
52 10
18 5
23 10
26 14
35 3
58 15
3 5
11 21
33 11
18 7
13 1
41 13
51 1
29 8
6 1
11 4
32 8
15 8
10 4
23 2
63 9
45 13
2 10
0 5
18 4
58 11
33 8
38 8
60 14
37 6
32 11
14 6
18 9
62 15
14 2
2 1
39 15
2 4
50 14
40 11
35 1
38 19
52 2
0 6
38 2
61 15
31 7
53 22
36 2
3 2
25 5
12 14
28 18
25 10
14 7
9 22
46 15
2 9
19 4
35 9
60 1
43 13
37 1
18 3
51 9
59 11
46 13
61 13
36 8
45 14
34 5
26 9
60 15
30 19
14 4
18 1
49 15
10 9
42 13
59 0
36 11
16 14
41 15
26 11
24 4
26 15
17 15
5 21
24 10
29 4
35 5
31 2
6 11
51 2
52 3
32 6
14 3
39 14
15 7
33 19
23 11
28 30
44 21
31 10
56 15
14 11
30 5
13 5
36 7
0 2
6 5
25 9
25 4
35 7
38 7
63 5
8 21
28 23
28 14
27 15
37 2
0 3
60 13
36 3
33 1
35 2
36 10
33 10
30 10
37 11
36 5
52 1
10 11
28 29
30 2
48 15
2 11
9 21
10 5
33 6
63 0
32 4
0 7
38 5
34 11
52 9
29 9
63 53
54 14
23 8
32 5
24 9
33 9
0 9
2 3
14 9
33 5
12 15
63 8
24 5
45 15
40 0
28 32
14 8
31 11
59 1
10 1
47 15
30 8
31 5
34 6
63 4
19 11
28 33
