79 34
75 35
129 33
43 78
102 46
88 21
131 35
97 23
120 18
23 26
96 17
47 23
72 15
63 66
127 24
72 19
63 26
21 16
117 2
109 52
133 20
1 3
133 43
74 32
29 25
50 33
83 5
74 19
27 22
72 21
14 46
96 54
86 33
72 73
72 14
107 17
13 7
86 55
72 63
27 7
104 43
18 8
98 55
132 47
114 21
76 33
35 53
90 24
5 43
111 47
50 55
87 32
91 5
69 7
102 73
131 40
20 51
112 16
40 41
62 19
102 45
80 5
111 33
86 15
104 17
109 5
119 46
91 38
41 38
76 68
91 24
12 6
44 5
99 21
93 57
6 7
79 33
75 9
113 46
125 43
35 13
131 41
87 68
75 32
116 67
92 59
107 18
50 6
34 16
106 13
72 17
86 45
121 17
119 43
113 25
91 68
12 16
100 15
97 43
127 23
36 58
65 4
118 29
101 16
76 26
127 39
130 52
127 32
84 23
35 47
110 7
91 71
99 53
101 52
60 36
122 32
23 24
16 7
125 21
12 17
87 38
99 54
31 47
79 9
31 23
21 51
65 25
96 19
121 55
111 25
98 57
104 53
40 4
120 45
97 69
88 33
79 66
75 24
77 26
94 57
117 95
62 4
115 7
38 55
72 20
120 13
93 19
104 33
90 37
34 45
32 70
25 67
12 19
93 34
109 7
100 19
102 6
2 23
133 18
7 8
112 52
71 7
73 46
36 13
135 52
95 66
120 17
131 18
51 7
109 11
133 13
94 20
127 4
122 33
108 5
102 71
2 30
98 6
73 54
125 14
98 81
36 46
94 18
4 51
94 21
123 43
109 59
94 15
73 7
76 45
72 64
88 6
63 68
84 25
112 33
87 53
104 16
104 14
75 37
127 35
94 14
3 5
99 43
4 7
72 13
50 20
125 40
86 20
122 34
126 52
10 7
133 17
84 26
126 59
80 46
13 8
87 24
104 20
49 23
35 57
132 23
72 71
12 21
82 25
80 73
76 28
102 18
121 14
80 24
127 33
99 19
41 32
1 5
79 4
2 26
93 6
127 41
127 37
100 14
105 73
80 34
37 23
82 23
123 7
75 29
134 10
35 70
104 71
115 51
27 23
101 7
63 7
109 26
101 54
3 77
32 38
103 78
91 46
5 7
119 45
114 38
95 7
22 25
81 55
88 45
115 11
86 17
42 67
123 13
114 41
123 51
120 54
4 43
113 67
68 52
97 65
86 16
105 17
125 19
113 71
119 17
56 32
60 13
79 5
74 40
31 71
127 36
31 45
122 58
129 63
97 5
94 71
23 5
96 21
44 25
124 95
99 6
127 47
97 41
42 5
104 34
96 45
105 16
97 24
118 30
27 13
36 6
132 25
93 53
31 33
74 6
5 33
125 46
99 14
105 52
90 28
131 13
125 18
17 7
133 16
113 7
76 40
110 71
116 5
62 17
27 40
105 15
36 16
110 53
32 45
88 15
76 24
118 23
96 52
97 34
59 4
60 19
72 33
1 2
119 6
121 43
38 7
31 46
25 7
30 23
35 20
62 51
31 41
94 55
99 71
57 7
95 47
132 28
60 15
56 20
27 14
132 40
2 84
75 30
100 7
118 33
91 7
91 28
111 4
101 14
27 41
101 43
91 53
131 47
56 57
118 64
101 45
118 24
112 54
76 48
96 81
131 53
98 19
96 73
76 43
63 53
92 23
130 68
29 23
90 23
95 43
33 78
126 11
76 44
122 28
99 70
94 13
27 32
134 7
37 5
94 52
27 35
76 47
106 19
79 45
86 43
128 78
99 58
91 4
21 7
90 57
91 69
122 21
74 53
39 24
94 16
62 7
50 46
56 19
98 52
118 44
63 24
74 38
90 4
50 17
40 7
27 34
101 15
76 69
93 55
113 23
119 16
118 26
118 43
75 22
25 26
76 39
51 54
125 38
35 41
32 47
98 73
96 53
112 7
109 23
38 70
114 53
97 46
112 55
88 18
47 40
102 15
115 52
76 70
107 52
106 45
42 68
118 25
79 43
106 20
100 6
94 43
90 91
1 4
63 69
27 26
119 20
35 58
23 47
90 25
112 6
105 13
33 45
3 25
104 57
136 25
127 34
82 9
35 18
70 52
101 20
36 32
27 30
111 23
87 69
11 7
74 46
60 20
99 51
107 46
133 7
112 21
79 24
76 37
23 37
131 20
50 15
105 6
75 48
62 40
121 45
62 54
27 45
2 65
50 16
60 43
62 14
102 81
91 34
76 66
42 7
97 9
121 13
97 25
30 24
99 45
34 52
56 14
0 2
39 23
90 40
111 45
62 33
119 73
75 26
129 52
35 6
132 36
5 4
95 70
63 58
55 52
95 41
120 73
98 7
86 52
98 17
55 7
60 34
0 3
102 16
82 34
76 7
19 51
31 67
113 38
100 20
88 20
29 5
129 51
21 6
111 24
72 53
47 4
123 16
14 13
93 33
75 42
104 13
33 46
91 23
91 55
112 15
109 51
72 18
96 15
91 25
126 10
101 19
27 28
105 55
93 14
120 52
136 24
99 64
98 20
93 17
3 29
122 20
100 17
113 68
47 41
104 55
31 58
2 39
93 18
125 15
61 7
43 46
72 7
107 70
113 58
122 47
36 15
79 25
92 68
123 54
87 41
86 14
76 9
62 6
35 43
123 18
90 58
72 6
59 43
91 41
116 26
125 57
85 7
96 46
34 81
82 26
41 40
93 20
34 15
113 26
56 46
37 24
21 46
27 29
95 55
63 55
102 13
92 24
131 16
106 15
126 7
70 73
60 40
123 45
30 25
86 19
77 23
14 51
119 57
53 51
119 18
104 21
113 24
27 5
111 46
95 5
12 13
35 32
101 57
104 45
25 23
48 25
92 5
12 15
32 7
127 5
99 34
56 28
88 51
31 69
33 7
43 51
60 61
98 45
119 53
113 55
128 7
107 19
75 23
127 22
102 20
107 16
27 36
127 26
107 13
112 19
26 5
99 33
52 7
62 52
114 35
118 39
79 46
98 14
39 5
112 13
135 23
21 17
47 42
35 33
93 71
27 18
81 7
88 53
126 51
135 24
42 26
113 53
76 22
80 23
56 34
75 43
72 57
82 38
4 45
72 52
107 45
95 65
63 4
82 24
87 25
42 23
73 45
75 46
67 7
116 65
63 23
50 21
87 58
0 5
29 26
21 45
94 19
36 20
36 14
56 17
35 45
42 25
3 4
106 16
82 68
113 28
36 41
99 20
131 34
38 4
87 45
110 52
31 26
2 24
127 43
114 33
62 16
76 23
110 46
116 23
2 5
122 17
72 55
54 55
60 17
82 65
27 20
120 53
44 26
100 18
98 15
75 25
56 6
121 7
28 7
3 65
110 57
113 70
31 65
87 65
123 52
31 34
27 16
129 64
27 44
56 40
12 14
136 23
111 5
81 54
65 7
74 21
105 34
77 24
56 47
63 71
84 5
74 41
93 70
82 4
36 40
114 18
79 69
104 81
72 45
94 6
120 19
37 25
94 46
105 20
107 15
102 57
87 43
4 54
101 55
64 89
3 49
114 46
21 20
86 51
18 51
65 5
132 34
91 58
3 28
122 53
107 43
50 18
75 4
54 51
43 45
111 65
98 18
120 46
27 19
125 20
132 30
91 26
90 22
106 18
132 26
99 55
90 35
90 41
101 13
36 28
101 33
111 69
107 7
111 66
27 47
22 5
41 7
101 46
58 7
0 4
2 44
109 24
37 26
114 47
108 51
95 33
132 37
82 47
97 7
113 34
104 15
80 33
133 33
91 70
93 21
135 26
114 58
90 26
132 41
87 57
62 47
132 39
102 17
105 18
119 14
94 81
114 28
122 43
108 59
114 19
114 34
38 81
110 73
122 15
122 41
25 24
105 46
103 89
35 14
79 38
122 35
15 7
80 9
96 6
63 65
36 47
112 18
74 17
100 13
132 44
125 32
122 40
87 28
126 68
87 23
114 40
60 35
109 10
12 20
82 7
76 30
95 46
55 73
62 32
14 7
21 13
6 8
99 46
100 16
50 13
121 46
34 6
76 38
113 41
121 16
63 67
90 46
96 7
123 6
79 70
108 68
95 67
49 24
108 52
90 32
80 4
127 40
3 37
80 26
62 15
32 46
38 52
120 55
80 55
99 13
34 33
134 52
3 44
76 61
3 39
27 24
36 33
65 26
82 5
76 25
98 13
60 18
50 43
50 7
27 15
86 6
127 9
44 23
48 26
70 7
62 41
125 28
93 43
35 28
60 32
129 54
122 14
109 68
132 48
35 19
86 13
119 19
111 70
87 4
82 43
129 46
106 51
112 57
38 73
56 41
112 45
111 55
93 45
15 8
74 57
112 46
94 34
98 53
118 48
113 57
62 20
82 66
82 46
91 57
133 14
22 23
27 21
98 21
88 7
122 46
121 19
120 20
16 8
74 43
136 26
118 5
105 81
87 9
118 22
80 7
50 54
97 26
102 21
115 59
72 16
125 41
100 21
132 90
132 32
34 73
121 33
42 65
132 24
75 33
96 55
92 7
62 28
104 73
47 26
106 6
33 8
84 24
60 14
105 45
60 21
132 4
129 45
52 54
54 7
50 52
2 29
72 4
120 15
62 36
27 39
74 47
3 40
104 19
129 4
133 21
30 26
73 51
27 31
42 4
12 18
88 19
131 14
124 1
127 48
102 52
72 43
88 13
35 17
57 52
65 24
127 30
50 53
88 55
130 10
35 38
135 5
34 53
60 33
49 5
76 29
123 17
112 20
47 32
2 77
27 6
135 68
119 21
95 25
119 52
83 7
77 5
110 81
118 37
104 70
91 65
69 4
76 34
31 24
24 7
123 20
118 34
31 68
125 16
41 4
90 47
87 7
34 71
36 21
130 11
2 47
111 7
74 58
121 21
114 15
113 47
27 4
99 15
87 26
75 5
111 26
3 84
122 6
69 52
93 13
134 5
27 33
121 15
79 65
128 8
114 16
63 5
128 9
35 46
27 17
104 18
132 91
100 53
88 14
34 13
34 55
60 16
2 37
72 46
3 47
96 14
133 19
100 52
87 5
135 25
79 7
36 35
114 17
79 26
46 7
98 46
110 4
123 15
133 51
96 57
114 13
95 23
79 47
55 54
119 71
76 46
50 19
125 35
91 47
111 68
62 46
25 65
96 18
115 10
125 33
122 16
75 47
33 51
107 21
40 32
70 81
116 24
95 24
80 45
19 8
122 19
90 42
119 55
62 13
0 1
56 16
74 20
47 25
133 15
95 38
113 45
125 47
93 73
114 6
75 40
97 33
129 7
62 43
62 35
35 21
59 33
56 13
31 7
108 7
3 23
80 52
98 71
111 43
34 18
122 38
105 19
62 21
21 18
2 49
93 52
119 13
110 45
122 18
86 53
99 47
86 54
23 48
30 5
100 55
105 57
69 26
132 29
99 4
20 7
18 7
60 28
105 14
132 5
50 45
27 38
56 58
75 41
97 45
48 23
36 57
33 9
80 43
111 67
87 66
69 5
125 58
27 48
130 59
73 52
76 4
134 59
91 67
94 17
24 5
21 15
105 43
131 57
95 68
22 24
60 47
92 26
47 24
133 45
34 46
107 33
56 35
34 19
63 57
121 18
12 7
88 54
45 7
109 25
100 54
63 47
96 13
114 14
90 48
114 32
102 53
95 26
36 18
121 54
132 35
49 26
31 66
90 34
131 32
94 45
3 41
93 16
22 26
23 22
86 18
130 7
87 70
129 43
87 33
82 33
69 24
132 61
123 33
56 15
115 68
99 18
76 41
2 25
62 18
131 21
82 69
102 55
106 17
121 51
20 8
48 24
27 37
131 17
3 22
131 6
75 36
76 65
117 1
99 16
133 6
91 45
74 34
2 22
105 53
96 16
56 18
101 6
107 55
131 19
125 53
123 21
79 41
113 5
65 23
14 45
76 5
101 73
94 73
101 18
81 52
47 5
23 42
75 44
76 36
28 32
60 41
93 15
99 17
114 20
60 6
72 34
97 38
134 51
105 71
101 53
70 55
88 16
56 7
53 52
87 34
23 25
49 25
75 34
130 51
125 13
101 17
86 46
96 20
95 45
9 7
62 63
63 45
136 5
63 70
44 24
76 55
21 19
125 6
42 69
43 7
27 46
106 8
34 20
134 68
119 15
98 16
108 11
112 43
93 46
124 3
35 15
31 43
122 13
121 6
95 4
105 33
100 45
113 4
81 51
94 70
113 65
34 21
88 17
34 17
99 52
54 52
62 64
59 7
104 6
102 19
68 7
114 43
55 81
120 16
97 68
77 25
63 46
107 6
123 14
17 8
101 21
3 26
121 53
74 28
74 15
94 53
97 4
31 55
31 25
123 19
87 47
88 52
76 35
100 46
99 7
88 43
52 55
107 14
34 14
102 14
114 57
50 51
92 52
112 53
64 78
97 66
19 7
36 17
34 57
36 19
97 70
35 16
42 24
74 18
119 70
123 46
31 5
82 45
86 21
29 24
2 48
125 17
25 68
97 47
27 25
104 46
82 70
79 55
79 23
74 16
121 52
118 63
127 44
125 34
62 34
90 5
79 68
122 57
82 67
106 7
4 33
80 81
63 25
117 3
104 52
74 14
120 81
25 5
120 6
74 33
95 69
127 25
120 14
56 21
101 81
88 46
91 66
82 41
76 77
27 42
132 22
105 70
74 35
43 9
80 67
112 14
116 7
102 7
26 7
119 33
39 26
127 29
94 33
47 46
3 24
27 43
87 46
110 55
120 57
92 25
124 2
35 34
120 21
72 70
48 5
97 55
66 7
121 20
82 55
74 13
105 21
3 48
50 14
131 38
123 55
36 43
131 28
39 25
123 53
113 66
112 17
3 30
53 7
36 34
134 11
99 57
113 69
108 10
107 71
120 7
