52 14
63 59
97 10
61 58
97 19
102 48
115 87
78 54
98 9
87 11
97 17
26 30
27 34
65 30
45 17
54 55
92 59
24 30
28 3
102 60
60 25
111 80
113 95
7 23
106 48
7 21
59 19
2 11
87 24
99 58
96 30
29 30
78 60
55 16
11 32
106 56
9 31
112 38
24 11
60 26
4 8
30 32
6 24
43 11
8 13
114 65
93 58
114 96
35 26
98 8
53 23
23 11
26 27
82 11
108 46
102 20
28 2
75 54
112 113
10 9
13 2
55 17
5 15
36 22
119 29
87 23
112 69
93 12
110 64
9 23
65 33
115 76
111 81
68 54
111 89
112 96
45 12
39 3
12 24
113 75
7 1
6 13
93 55
17 22
61 62
112 91
12 20
7 31
111 105
113 70
45 16
106 45
17 18
60 16
107 109
113 99
31 33
94 26
26 17
53 20
115 81
78 17
109 79
19 13
112 48
17 21
27 11
52 58
5 27
5 9
3 27
119 40
102 52
68 26
20 23
19 33
66 54
46 25
97 59
2 27
18 19
107 65
26 33
16 1
14 2
60 56
53 11
70 63
30 11
11 31
58 60
36 33
97 7
99 56
43 1
26 16
59 26
55 26
107 102
112 105
87 15
19 2
106 70
53 9
36 13
103 44
74 24
113 48
10 31
87 30
22 11
86 60
71 55
63 52
56 2
42 8
46 24
26 13
23 34
108 70
15 22
64 63
2 22
78 58
7 30
102 98
9 7
44 45
106 102
12 8
106 47
19 22
29 13
27 23
108 52
54 6
98 5
15 31
25 11
87 27
11 13
108 95
44 13
14 6
4 14
108 45
25 13
17 10
19 30
106 52
98 19
11 34
1 11
68 6
94 58
95 52
71 56
14 17
59 18
118 99
42 9
6 2
68 60
25 31
108 76
67 6
112 39
21 2
41 3
64 60
96 16
10 15
65 1
117 40
15 21
46 12
12 25
1 34
2 32
14 18
42 25
75 55
102 99
10 20
22 34
14 10
26 19
95 62
108 49
53 26
45 53
106 72
61 63
24 22
59 12
95 53
111 84
46 20
14 12
5 13
39 2
19 16
112 41
6 10
113 5
11 22
16 32
89 11
22 24
67 10
64 56
103 106
110 104
112 85
74 2
35 15
29 32
92 3
92 5
5 16
71 58
60 8
106 99
53 13
64 55
31 24
8 30
113 97
110 44
4 27
106 37
116 102
56 20
96 24
64 52
35 12
92 55
8 34
108 47
102 75
99 6
66 59
40 11
15 2
118 47
60 17
7 13
21 22
102 45
19 9
46 15
58 10
58 56
64 59
9 34
111 82
61 5
92 53
75 56
61 57
29 25
52 5
112 83
119 36
65 11
98 3
12 26
102 56
20 1
19 8
44 6
56 1
106 50
96 27
50 3
71 59
87 19
12 23
1 13
24 34
113 55
97 18
56 53
67 5
5 25
3 20
109 100
43 22
97 60
87 8
96 33
25 30
66 3
61 52
119 43
113 46
46 10
115 4
70 58
84 11
53 12
96 23
112 76
108 78
86 56
82 3
79 62
115 49
5 11
95 59
59 5
75 12
106 75
101 6
29 24
6 9
55 5
9 13
115 82
53 15
59 60
115 86
102 106
115 40
63 56
57 26
3 11
39 24
26 8
16 22
27 1
2 30
53 21
64 57
31 30
16 24
1 2
54 26
10 2
2 21
82 2
3 26
20 31
62 54
39 11
66 52
25 34
103 102
107 103
45 2
115 100
43 33
43 2
93 10
35 2
112 86
102 72
20 27
115 65
8 11
98 12
35 18
111 38
16 15
46 2
63 57
15 25
6 21
94 3
110 79
99 60
16 23
114 86
6 17
44 48
102 76
113 63
7 15
115 44
106 54
59 9
54 12
26 9
17 27
78 12
74 1
102 46
107 86
21 32
93 6
16 27
107 51
46 8
96 31
6 11
54 17
111 28
60 27
20 2
35 1
113 47
45 27
98 10
5 24
13 32
88 3
79 54
106 49
96 32
118 56
63 55
31 32
12 17
55 59
45 26
94 6
21 34
94 59
96 8
114 92
12 15
42 23
117 118
10 18
115 88
57 12
42 1
70 55
9 30
19 24
79 58
69 1
107 110
111 91
95 54
56 3
11 30
12 16
52 59
98 56
94 17
111 6
107 108
20 34
42 15
53 19
100 63
43 34
75 14
9 2
9 27
99 12
35 9
58 54
5 14
56 15
67 14
14 22
97 53
32 34
83 3
26 31
42 30
26 25
89 2
56 9
15 24
35 25
62 59
103 105
46 7
9 11
45 8
116 40
98 15
16 25
14 24
109 67
52 56
42 11
102 95
55 6
119 93
113 60
70 60
54 19
102 13
36 30
61 53
27 2
1 22
6 19
46 23
14 8
15 34
107 67
57 59
59 1
68 53
91 24
93 17
53 25
6 20
98 20
7 20
113 78
20 30
49 62
86 57
89 24
113 57
100 55
81 11
53 6
96 2
86 55
100 62
98 18
19 20
3 8
26 15
95 56
108 13
115 69
20 13
44 25
66 55
118 75
18 11
42 22
5 7
70 57
108 59
10 11
110 105
87 25
109 106
97 55
119 92
93 54
22 31
119 35
53 7
115 90
59 10
16 33
96 22
116 6
56 12
118 54
98 7
54 10
111 102
10 30
78 14
108 62
83 24
84 24
4 19
93 60
5 19
26 7
92 63
10 13
3 21
57 56
112 67
26 2
112 49
77 24
58 14
42 19
42 18
6 23
112 37
109 64
68 17
10 1
63 58
69 3
1 31
118 98
4 2
71 6
20 15
86 59
71 52
15 32
112 65
17 9
46 17
68 14
22 2
59 6
20 8
4 15
15 23
16 2
90 1
68 59
53 1
14 26
102 97
107 71
79 59
12 2
10 34
46 6
91 1
10 23
62 52
55 60
58 59
26 11
102 63
84 3
93 53
111 49
43 32
17 2
78 5
70 62
14 23
18 32
98 25
3 6
24 13
108 20
114 61
100 57
1 21
26 1
18 21
45 18
36 2
9 21
67 56
89 3
10 19
29 23
102 70
18 34
3 1
98 16
12 30
35 27
59 56
96 25
54 7
97 6
18 8
6 15
80 24
114 71
12 7
61 60
115 80
64 53
45 19
96 1
18 9
118 102
96 21
115 89
79 53
17 11
114 67
10 22
58 6
115 113
115 64
108 55
118 57
25 22
67 3
103 64
79 57
5 1
5 26
109 102
7 25
54 14
6 8
98 27
27 33
27 25
109 104
107 64
115 96
97 56
6 27
66 56
25 32
45 5
112 102
100 56
56 8
43 24
13 34
78 3
94 12
46 18
117 44
112 50
85 3
118 52
118 45
1 25
102 49
78 59
10 24
18 1
5 31
42 2
87 31
96 7
79 52
95 57
42 7
54 5
102 5
62 58
24 23
106 55
12 19
111 107
94 14
75 59
25 2
3 25
60 2
118 46
10 21
106 68
26 21
66 6
54 60
112 6
5 6
111 77
18 13
97 12
18 2
102 37
108 50
4 16
112 104
80 11
112 72
118 106
101 39
7 2
20 24
47 2
33 32
10 25
12 18
21 13
112 90
106 95
7 24
119 5
4 22
53 14
17 19
16 34
58 53
60 12
49 52
112 80
60 9
106 62
18 15
112 77
54 9
35 31
29 27
15 11
115 51
102 55
112 73
54 53
54 18
71 60
87 33
52 54
92 56
9 24
103 67
117 115
108 54
112 100
8 33
7 22
12 1
65 32
68 56
67 12
21 24
57 3
97 26
65 13
87 22
44 46
68 12
73 3
115 91
59 25
67 58
87 20
115 50
1 27
71 62
81 1
115 83
53 16
57 5
75 3
86 6
19 7
3 18
90 3
87 32
16 31
112 51
65 2
60 15
75 60
97 9
55 19
8 25
96 20
119 118
40 1
106 97
21 33
12 22
18 30
97 16
3 12
16 30
107 74
61 3
35 20
17 13
60 6
118 72
118 13
58 19
20 22
115 85
107 100
113 102
59 53
17 24
44 49
75 53
36 11
18 7
35 24
35 22
78 53
3 22
4 21
40 2
87 17
35 23
111 69
109 44
35 21
53 5
14 13
63 5
87 16
106 13
56 18
102 54
99 5
68 55
13 24
21 11
3 15
14 31
15 33
115 77
29 34
60 18
59 20
111 112
5 23
47 1
68 58
112 64
112 74
118 50
101 102
6 31
58 3
110 102
80 3
75 58
9 25
35 11
108 68
70 3
66 58
0 2
26 10
101 92
35 17
9 1
10 27
9 33
113 54
70 59
8 2
5 22
53 18
35 19
14 21
108 63
114 0
35 33
112 44
106 78
98 26
42 20
60 19
22 1
42 21
2 24
62 57
4 13
98 53
63 54
29 33
113 50
42 27
99 59
95 63
87 9
57 55
15 30
56 26
14 1
31 11
17 31
92 58
42 34
102 57
112 71
29 22
24 32
67 17
55 12
118 68
113 56
4 6
19 1
27 24
8 27
108 58
35 30
106 5
12 33
3 23
19 31
29 11
102 58
17 23
26 20
42 16
62 60
106 76
101 93
2 13
102 78
67 26
14 27
63 14
23 30
87 18
60 10
35 8
98 14
17 33
87 13
56 25
94 53
36 21
58 5
115 38
87 1
44 17
15 1
45 6
97 14
36 1
46 27
114 66
43 30
52 57
23 22
29 31
42 33
113 45
113 20
87 7
20 25
66 53
80 2
13 22
115 73
46 19
108 97
118 5
35 10
53 27
60 5
115 67
1 32
60 7
55 56
57 60
4 5
44 12
106 59
20 11
115 37
17 20
55 53
83 11
95 55
3 24
56 5
11 23
90 2
42 32
52 12
60 20
8 21
20 21
18 31
7 33
23 33
31 34
45 15
8 1
18 25
71 54
5 12
45 3
76 3
2 25
64 54
19 11
2 31
112 82
3 14
65 24
27 22
87 26
3 5
79 55
14 7
81 24
45 59
57 58
108 102
7 8
56 17
12 31
6 22
7 34
4 1
99 54
25 23
10 16
46 5
112 87
117 102
6 25
7 11
101 44
4 7
98 17
4 24
111 85
7 16
75 6
68 3
84 1
36 32
9 16
17 8
28 1
16 8
70 5
71 63
78 55
5 21
92 57
102 62
42 24
54 3
19 23
112 4
62 53
3 17
67 54
89 1
62 3
14 11
52 60
23 32
118 37
113 98
71 57
118 20
61 55
1 24
79 60
118 78
10 32
25 33
112 81
14 15
55 7
29 2
54 16
47 24
17 32
23 31
46 14
35 16
17 15
95 58
35 13
16 13
28 24
57 6
102 50
3 13
115 71
70 54
116 92
79 63
108 99
111 104
58 17
30 33
25 24
43 31
101 77
108 48
112 79
9 22
64 58
49 59
27 31
77 1
18 27
23 13
18 20
100 54
1 30
78 6
66 5
91 3
56 14
106 20
18 16
119 115
59 3
10 33
36 34
17 30
94 60
95 3
46 16
0 1
13 33
46 9
52 53
115 6
115 102
108 57
110 67
108 56
52 6
2 34
23 1
56 27
58 26
106 46
21 1
64 3
93 26
5 2
19 34
12 11
12 27
84 2
60 53
94 5
111 88
15 8
20 32
25 1
78 26
102 68
100 58
108 75
86 58
79 56
53 17
45 7
59 17
94 54
3 16
63 62
3 2
110 106
107 44
35 7
118 49
17 25
4 26
66 60
36 23
9 20
55 14
53 22
55 10
112 40
59 2
37 3
56 16
118 55
15 27
63 60
83 1
59 16
95 60
106 60
60 14
98 6
94 56
5 8
46 1
106 63
93 3
23 24
72 3
15 13
61 56
29 21
19 27
5 18
26 24
62 55
100 52
7 32
118 95
26 22
115 47
58 18
24 21
53 10
107 96
99 55
16 11
10 7
80 1
115 79
113 68
22 30
27 21
4 11
8 32
4 23
18 24
60 1
116 93
52 3
103 79
114 94
108 98
53 24
118 76
14 9
66 14
96 15
21 30
56 6
4 20
113 62
19 21
38 3
60 3
108 5
13 11
13 30
45 10
45 14
27 32
83 2
45 60
19 25
24 31
97 54
3 9
100 59
102 59
46 53
113 106
36 24
118 70
75 26
64 62
12 9
93 14
25 21
96 11
62 56
4 12
18 23
87 21
75 5
49 54
12 13
92 52
99 3
55 9
7 27
113 58
17 7
70 56
16 21
44 50
45 1
55 3
62 5
53 8
70 52
46 21
113 59
52 55
82 1
9 32
106 57
66 57
108 37
29 1
57 14
118 59
0 3
70 53
98 2
18 33
100 60
111 83
8 23
9 15
78 56
30 34
59 15
4 17
63 53
100 53
4 9
54 59
1 8
51 3
6 7
119 102
108 72
47 11
4 18
3 10
14 20
65 34
59 8
62 14
108 106
6 12
113 76
9 8
49 57
96 13
118 63
118 60
22 33
20 33
27 13
87 2
48 3
67 60
97 3
58 55
44 47
110 100
119 6
117 107
17 1
22 32
112 47
68 5
92 60
14 19
33 34
61 59
111 44
19 32
113 37
56 7
106 98
56 19
4 10
96 34
86 52
113 49
46 3
62 6
118 48
53 2
103 100
8 31
6 30
93 59
6 1
77 3
46 11
101 38
19 15
118 97
14 25
82 24
102 47
91 2
56 10
57 54
98 60
13 1
21 31
93 5
92 54
103 104
55 18
40 3
18 22
16 20
39 1
98 1
45 56
109 105
63 3
113 72
36 31
26 18
74 3
67 53
13 31
26 23
5 17
61 54
4 25
42 13
2 23
59 14
87 10
94 55
86 54
77 2
115 72
113 52
58 12
47 3
92 62
114 93
21 23
10 8
3 19
118 62
17 16
61 14
42 31
54 56
100 3
118 58
40 24
6 18
112 88
57 53
107 79
93 56
112 89
46 26
12 10
115 41
108 60
5 10
14 16
115 39
59 27
106 58
115 48
113 13
5 20
45 20
67 55
12 21
8 24
101 40
45 9
27 30
3 7
81 2
26 32
23 2
97 5
8 22
58 9
46 13
67 59
59 7
115 74
1 23
