13 72
40 21
112 60
24 32
153 22
48 53
117 10
18 23
59 13
62 11
91 54
96 41
106 40
127 60
107 16
134 70
72 13
92 67
91 62
133 35
142 52
133 28
109 59
101 47
66 57
86 61
86 76
139 34
86 53
96 23
19 78
4 33
89 13
113 72
93 35
149 36
63 11
159 21
36 33
35 31
149 47
3 34
159 7
122 9
4 41
79 16
121 31
13 75
65 76
46 50
154 37
113 62
30 27
133 10
49 61
96 34
96 51
90 65
58 9
109 55
52 13
50 31
66 63
86 66
149 18
154 20
136 25
109 52
50 10
87 13
93 7
122 62
32 11
125 13
6 68
43 23
117 34
5 24
108 22
100 29
107 26
115 76
115 71
5 60
5 68
26 16
57 68
5 20
109 57
56 59
116 10
66 34
3 42
146 11
136 11
97 11
57 13
55 36
139 66
39 33
133 7
156 24
122 53
140 16
59 18
65 9
94 68
122 63
17 27
90 10
83 37
126 14
96 33
117 24
3 21
83 16
157 54
36 52
124 71
6 32
40 7
69 68
117 7
140 78
87 24
133 36
145 65
157 11
52 60
32 36
151 87
90 38
59 34
55 68
47 11
80 65
111 22
131 59
104 30
36 20
129 63
89 88
23 11
108 11
49 74
53 11
48 68
124 77
48 36
132 7
120 121
50 28
119 20
133 27
30 35
128 54
149 67
142 71
87 67
18 60
18 77
125 47
150 36
156 36
101 70
156 11
87 28
116 74
139 43
51 38
97 70
18 31
134 71
155 20
132 24
84 75
99 7
39 34
5 64
44 18
99 82
139 52
139 67
107 35
99 19
96 43
155 59
69 53
30 16
89 34
54 38
30 7
113 59
46 10
117 82
100 35
0 5
66 47
99 57
18 21
83 29
44 7
86 59
4 44
58 66
69 71
51 71
114 59
5 70
56 36
141 10
158 7
46 66
100 19
5 11
55 13
100 34
157 38
6 9
37 22
56 68
57 59
18 24
51 88
46 36
129 61
79 31
49 72
142 55
123 75
81 110
117 65
17 20
49 75
147 63
37 31
131 70
19 11
133 32
7 33
32 76
127 70
66 61
99 29
150 38
43 30
30 26
139 87
46 61
18 67
7 22
45 7
2 30
3 23
156 3
120 16
121 11
124 36
156 2
3 45
133 60
25 11
136 26
29 16
115 68
69 60
139 63
139 65
18 30
139 64
68 9
91 68
73 75
21 27
90 20
136 23
106 47
6 22
125 68
154 27
97 72
83 32
135 67
131 72
87 70
20 78
132 63
107 37
120 76
150 63
69 64
19 16
34 32
135 71
153 16
43 21
36 83
118 34
92 76
90 53
150 25
116 76
109 7
41 23
135 13
66 62
73 63
59 72
129 53
136 31
50 33
109 66
90 16
139 40
6 67
85 11
116 54
91 59
10 9
58 36
112 13
132 28
92 9
73 62
63 9
5 33
149 37
86 52
55 70
51 62
105 1
90 55
149 61
112 9
36 28
46 54
101 52
114 11
160 23
132 68
51 47
28 16
92 68
4 21
52 36
112 57
24 31
60 36
142 63
5 9
158 23
69 54
92 13
4 34
150 34
58 64
135 62
46 30
117 11
38 9
132 18
3 30
36 32
23 20
103 21
96 36
139 59
139 51
156 32
86 63
82 20
139 38
17 37
56 34
57 62
112 38
96 30
55 61
40 23
73 74
112 67
115 38
5 34
96 52
46 56
120 11
138 34
97 77
20 11
8 12
112 55
15 11
18 76
101 66
50 29
18 59
69 18
136 33
1 5
2 20
46 52
114 9
46 41
124 63
84 68
79 11
128 13
127 55
117 20
139 81
53 9
2 82
70 76
106 59
114 76
36 30
112 65
117 13
147 11
146 15
124 75
123 38
89 64
116 11
160 7
40 16
153 11
154 19
109 20
146 85
46 32
116 13
160 100
134 68
136 27
153 7
86 34
136 24
7 31
58 59
4 23
97 76
17 28
46 38
97 38
120 13
23 16
113 77
118 61
98 20
11 12
112 71
124 10
23 24
69 67
117 48
80 10
123 54
2 40
87 30
50 93
104 21
6 27
118 60
55 65
138 57
93 20
118 9
133 65
46 40
85 10
99 31
34 22
30 36
123 62
118 38
53 74
54 74
149 13
88 36
127 77
115 62
84 54
82 30
5 62
140 20
23 35
125 63
135 10
92 63
56 55
132 16
6 38
39 43
85 31
57 74
59 76
6 72
94 63
56 51
138 58
99 18
134 10
84 10
142 9
158 30
44 23
55 59
39 40
132 38
157 13
128 62
6 70
157 74
124 81
133 67
93 37
46 51
149 72
142 38
114 61
123 11
122 65
93 23
122 38
139 21
157 71
23 7
87 27
122 71
39 23
150 9
150 62
127 71
119 42
58 48
108 7
99 16
94 13
99 24
46 21
50 34
39 32
37 21
111 100
118 62
112 68
58 55
117 25
124 9
142 59
48 70
4 7
114 75
143 21
123 9
97 75
136 34
101 61
145 87
99 20
98 11
50 72
109 36
130 76
6 31
4 104
154 16
96 45
46 65
125 53
156 25
106 52
92 62
4 103
24 30
17 16
132 35
18 35
48 72
2 45
7 65
125 11
136 30
130 121
56 10
48 60
115 63
48 10
21 33
51 34
83 31
149 25
82 11
97 63
90 61
32 67
138 60
85 65
60 13
87 71
160 22
51 10
82 27
112 63
144 4
50 37
92 36
28 11
123 76
134 74
47 52
96 88
149 64
135 68
147 61
113 53
130 31
21 7
127 61
114 77
122 76
60 88
39 42
128 57
72 75
99 11
5 59
34 7
50 35
96 48
38 11
3 41
155 65
95 76
46 64
81 14
125 60
48 64
62 12
133 30
142 62
111 21
156 82
69 13
82 7
157 61
117 36
116 68
134 11
42 22
86 62
125 71
93 32
150 57
91 52
51 9
102 22
101 65
49 11
135 9
18 36
91 64
128 77
139 55
18 20
117 21
156 29
86 36
149 70
36 23
139 47
50 57
56 70
124 54
76 75
119 33
149 63
18 26
109 42
86 38
5 10
5 61
106 88
90 9
43 16
66 67
43 31
86 88
154 35
91 63
136 21
101 53
73 38
106 9
48 61
91 57
83 11
145 81
37 16
13 36
150 60
95 16
75 13
142 48
96 55
22 20
107 36
114 53
44 30
144 39
154 32
48 57
17 32
82 32
107 33
30 32
90 62
43 7
88 13
84 74
6 62
3 32
69 62
46 44
117 93
51 61
146 22
82 16
99 34
156 20
0 3
99 32
131 75
151 13
83 24
160 32
53 63
57 54
86 65
55 77
141 76
150 54
35 78
100 28
113 54
125 54
29 7
18 13
100 33
65 10
86 9
108 21
127 76
30 23
115 11
93 36
95 13
23 21
85 78
106 36
23 36
109 34
161 30
29 35
132 33
140 31
41 30
46 68
50 19
122 13
24 22
153 15
6 20
55 67
102 16
51 54
90 13
119 22
18 11
116 75
118 57
3 7
135 53
36 18
57 67
58 88
5 38
99 23
139 57
82 33
35 20
1 6
37 27
117 67
100 7
101 55
132 20
39 44
125 72
130 11
138 51
116 38
149 9
98 78
53 62
100 26
147 10
122 74
45 16
41 22
96 60
3 44
108 76
94 61
136 16
59 75
123 70
56 9
66 10
40 30
101 67
106 83
5 40
18 33
109 43
17 24
131 78
39 41
106 34
58 57
55 71
142 66
29 22
29 21
127 36
87 37
56 61
106 64
147 13
70 11
133 26
101 63
141 87
92 71
153 20
30 31
6 59
106 67
85 20
26 22
87 29
135 38
50 21
107 7
116 61
143 7
135 61
0 6
99 48
89 70
158 32
149 60
150 70
17 33
149 11
22 33
1 3
74 76
95 72
142 36
138 48
25 16
21 35
101 38
52 34
99 37
116 53
107 20
122 70
113 36
89 67
140 76
45 20
118 67
132 29
112 72
86 51
6 54
129 38
65 14
139 23
112 76
89 52
117 19
151 11
23 32
112 36
101 18
124 74
132 11
49 13
97 54
153 100
57 9
8 14
106 33
13 59
37 32
44 83
111 23
132 32
147 74
137 1
118 64
138 67
97 68
5 19
155 10
26 31
154 22
138 47
87 7
5 47
128 61
111 76
133 31
87 20
60 72
89 11
26 11
36 7
2 32
137 2
136 36
93 24
52 18
113 63
90 78
136 19
100 16
42 20
96 66
101 48
118 13
127 9
119 83
13 76
34 83
109 82
98 16
53 61
113 55
4 32
83 30
108 32
125 61
99 30
93 11
140 9
159 32
89 71
62 9
5 37
105 39
134 72
50 64
130 100
107 32
156 93
69 61
156 28
90 67
24 23
55 74
69 70
87 36
114 38
124 55
76 72
128 10
5 65
118 72
124 68
139 61
72 59
37 35
6 16
86 64
66 60
50 11
88 60
79 22
116 71
5 63
91 48
51 48
102 20
5 32
133 33
89 47
29 11
58 51
6 36
145 13
113 76
21 16
24 78
66 9
25 20
116 77
59 60
128 65
34 52
144 106
125 64
156 19
32 33
146 16
36 37
133 34
84 38
64 11
50 23
149 38
95 75
136 35
133 22
48 9
7 20
93 22
132 23
84 71
23 27
135 65
116 62
157 76
5 30
135 57
57 38
34 67
31 16
125 70
133 20
112 10
140 59
53 38
45 23
32 13
2 36
87 34
46 58
150 11
20 16
35 11
2 33
128 63
128 70
102 7
8 10
50 16
86 11
127 57
36 29
117 30
16 11
101 10
91 70
5 72
92 61
145 11
45 31
99 65
99 93
57 77
87 26
2 43
36 22
66 52
155 76
44 22
90 57
120 85
135 54
147 68
32 7
96 57
106 42
106 21
51 65
127 59
132 34
96 21
86 48
46 47
100 23
17 7
79 78
118 55
125 34
134 65
132 27
134 38
5 42
82 19
42 31
38 12
115 74
90 31
5 83
111 16
95 71
155 13
18 22
146 20
113 67
147 76
49 54
23 26
6 35
29 27
141 65
128 59
51 53
91 9
15 16
157 75
138 66
124 70
135 36
126 110
65 11
90 87
128 60
7 16
141 81
122 75
85 16
106 7
51 64
3 40
17 25
58 68
55 62
130 15
55 76
88 18
116 63
161 7
48 38
134 75
111 85
130 85
32 20
5 7
140 33
40 20
127 54
41 7
68 38
51 13
91 10
115 65
123 13
134 63
99 36
155 77
120 78
155 78
132 25
82 36
91 65
86 47
102 78
137 4
109 83
105 5
156 33
90 60
45 22
19 20
55 38
39 36
112 54
125 18
150 61
109 22
93 21
2 83
158 21
122 68
60 18
18 7
30 11
68 61
66 68
99 55
84 11
2 21
108 30
116 59
114 63
111 11
27 20
124 13
159 22
50 65
45 21
156 23
93 31
142 18
95 31
139 36
84 63
92 72
69 47
71 11
27 11
63 74
139 10
135 47
46 59
117 18
91 51
91 66
90 36
21 36
144 1
66 65
134 76
139 44
113 10
17 35
94 62
128 76
18 16
131 22
18 19
39 21
17 22
115 13
112 70
143 23
101 9
66 38
29 32
86 67
44 21
146 31
88 72
46 57
109 65
133 29
102 11
20 31
151 14
155 33
114 68
150 67
87 25
101 62
157 68
117 57
29 76
133 72
39 45
5 88
91 71
92 11
135 70
77 11
157 62
146 100
124 65
55 10
34 30
42 16
37 20
140 13
106 41
42 21
129 71
119 23
101 88
24 44
113 65
5 28
96 83
132 21
55 63
156 31
5 53
4 42
63 12
30 20
56 54
84 72
98 10
29 20
23 19
124 67
153 121
72 76
51 66
5 13
148 9
101 68
150 47
46 43
108 100
46 34
123 72
128 55
83 26
83 27
56 48
142 70
5 82
18 37
66 36
147 65
33 67
94 75
140 72
116 9
113 57
42 30
115 54
46 33
154 7
150 72
159 20
50 26
84 13
103 30
50 20
8 11
113 13
2 22
138 59
131 67
90 68
9 11
50 67
2 34
46 23
51 18
5 22
109 88
111 32
69 34
101 57
137 106
90 70
117 29
91 61
124 11
113 70
135 72
17 30
83 20
71 76
99 72
40 31
113 9
100 20
30 33
79 20
36 67
90 33
100 21
161 22
118 70
87 31
17 34
36 21
117 32
28 22
114 71
116 65
43 22
99 60
91 18
156 37
117 16
142 47
46 62
1 2
35 22
161 21
0 4
5 31
150 13
66 71
60 11
114 70
66 64
124 62
93 16
125 62
69 9
127 72
96 32
86 56
156 16
101 36
0 2
57 53
100 32
23 31
51 57
119 40
130 16
133 16
17 21
156 22
51 70
96 42
31 11
46 48
119 21
82 25
154 36
124 72
2 42
94 74
50 7
155 31
132 37
26 20
132 62
140 77
156 34
57 70
100 11
32 55
159 30
113 60
95 74
37 11
105 4
87 11
124 76
109 48
27 16
139 33
10 11
109 51
57 75
4 40
147 38
142 88
4 30
69 36
138 36
117 37
134 54
89 38
28 78
49 53
115 61
127 53
135 55
123 36
22 16
108 20
128 36
84 53
51 68
36 16
36 25
131 76
134 13
55 75
60 76
87 16
24 7
106 22
104 7
34 20
1 7
129 75
133 21
136 32
49 77
123 71
44 32
34 88
123 53
26 78
127 10
151 81
5 52
98 31
23 37
84 61
111 30
142 61
154 21
89 62
114 62
103 7
149 68
144 5
95 10
119 45
100 27
96 65
59 36
17 11
43 20
59 11
117 33
56 52
106 32
46 60
5 36
135 18
57 72
132 31
37 36
49 38
82 37
119 36
139 48
64 9
51 55
0 7
83 35
146 76
51 63
49 76
28 20
92 70
0 1
28 31
42 23
89 54
159 23
7 11
123 59
1 4
17 18
84 76
114 74
92 77
139 62
150 68
46 45
96 10
58 54
56 88
73 11
123 68
121 16
97 71
109 23
5 43
99 28
161 23
128 68
101 71
30 37
118 63
32 35
89 9
119 34
139 9
141 13
97 74
6 76
46 49
132 19
117 28
54 11
3 36
128 67
133 13
132 53
157 53
116 70
133 23
58 62
82 28
113 68
137 5
21 20
94 53
68 74
82 21
123 67
120 31
131 74
51 67
149 34
147 71
89 61
83 22
84 62
4 24
95 65
24 11
58 67
125 9
2 7
36 34
118 11
58 34
114 72
17 29
115 10
109 40
127 13
151 10
48 18
57 10
6 71
139 88
48 67
42 7
68 62
24 20
93 27
72 11
48 55
32 22
137 39
69 72
129 62
139 32
76 13
55 53
97 62
19 22
17 31
74 11
44 31
5 93
107 21
147 54
129 54
139 68
56 47
160 20
136 7
87 60
101 34
30 19
145 10
80 81
109 33
57 63
6 26
93 33
105 106
46 6
48 34
13 11
131 9
139 56
153 76
146 121
5 18
44 11
66 18
51 36
91 34
100 24
56 65
76 11
82 31
27 31
5 25
6 21
28 76
107 31
150 53
112 61
103 23
152 31
60 75
34 33
153 85
118 71
100 31
56 53
50 18
132 30
23 33
46 67
83 23
91 55
109 45
5 16
82 26
5 23
104 23
109 67
136 22
154 11
66 53
58 56
88 34
61 12
127 67
8 13
50 36
66 54
90 11
131 20
156 18
99 21
115 53
85 33
114 13
23 22
86 57
96 22
108 31
6 77
87 32
123 63
96 7
94 10
120 20
86 13
94 54
132 54
41 21
115 75
87 21
107 22
101 13
133 25
82 35
135 34
133 24
114 54
145 76
109 21
94 38
142 34
60 59
86 81
147 72
2 23
138 55
97 53
111 7
127 65
96 40
149 54
154 31
136 20
106 43
69 63
133 37
99 67
90 76
6 61
24 16
5 71
34 21
46 55
117 23
10 12
99 33
109 30
9 76
86 54
58 10
30 24
90 72
122 10
58 53
142 57
118 53
36 11
86 87
120 14
106 30
134 53
49 62
91 38
69 11
136 29
5 67
82 23
133 19
90 81
139 54
137 3
91 53
122 72
88 11
142 67
6 53
61 9
142 53
93 19
22 31
136 28
134 77
123 74
56 63
60 34
140 11
32 31
128 71
6 7
131 13
123 77
50 13
157 63
129 74
34 36
141 11
117 22
160 30
57 76
57 36
102 35
83 19
147 75
132 22
160 21
48 65
149 71
5 29
73 61
66 13
92 53
89 63
58 60
32 16
29 31
105 3
69 38
131 33
132 26
25 31
27 22
95 11
46 7
87 22
50 25
131 71
149 55
156 21
66 70
89 68
106 60
57 61
87 72
124 59
32 27
6 13
119 32
99 13
87 9
24 21
131 77
56 57
51 52
105 2
142 64
49 68
39 30
129 11
119 43
120 100
50 22
17 19
127 63
128 53
89 18
93 26
90 22
142 68
124 87
34 59
139 45
139 42
58 65
128 72
129 76
82 24
99 22
37 7
147 62
58 63
90 54
46 42
78 11
91 47
92 38
92 59
100 30
58 38
7 36
127 62
118 54
129 68
79 33
117 72
73 13
150 64
119 7
58 61
55 72
36 93
61 11
56 38
6 63
111 31
139 7
138 56
136 37
3 43
99 25
102 36
7 78
152 16
50 30
91 36
91 67
155 75
19 31
131 36
140 75
129 13
102 31
119 11
139 30
101 64
139 53
109 10
107 27
113 71
44 20
57 71
119 30
116 72
75 76
48 54
112 62
112 53
113 61
56 67
5 26
80 11
21 11
122 61
10 14
125 67
138 52
106 44
55 54
128 9
96 67
117 31
50 24
99 10
139 41
125 38
96 56
17 23
124 61
154 26
122 77
37 33
87 33
87 23
142 51
75 11
89 36
30 21
35 16
123 61
131 31
127 38
87 19
134 62
97 61
150 55
56 64
147 53
155 16
132 61
48 71
3 33
100 25
142 65
113 38
83 28
156 30
86 55
52 67
153 31
100 36
122 59
36 31
135 64
86 10
127 68
149 57
49 71
100 37
49 63
96 59
98 65
161 32
155 11
66 55
138 64
149 62
97 13
27 78
48 47
40 22
52 11
25 22
149 53
131 16
39 7
68 63
56 62
6 11
8 9
84 65
87 64
5 21
120 15
159 76
22 78
122 11
50 55
50 27
128 38
46 53
86 68
5 45
65 13
82 22
90 71
118 68
7 10
120 81
68 11
124 53
54 9
21 31
101 54
58 47
125 36
56 66
90 63
83 21
150 71
156 7
118 36
57 65
65 75
21 22
34 23
87 35
121 78
122 54
45 30
131 11
155 72
48 62
152 11
108 23
135 60
92 54
159 100
58 52
48 63
111 20
142 10
109 32
46 63
55 9
124 38
5 54
17 36
18 27
117 60
17 26
91 88
89 53
134 61
102 33
143 30
60 52
30 22
66 48
32 57
117 55
142 54
132 36
133 11
48 13
83 7
135 63
106 23
106 45
