20 11
31 12
15 7
6 5
24 11
43 5
40 41
20 10
15 13
42 5
18 25
43 10
26 9
6 10
6 12
15 10
40 8
27 11
22 13
44 7
21 13
43 11
26 14
15 12
27 12
20 5
45 7
24 3
20 8
30 8
31 13
45 13
33 36
27 13
24 14
30 13
19 3
20 7
19 9
44 8
19 10
43 12
45 9
45 14
42 13
0 2
32 18
31 10
21 9
16 12
23 9
44 14
15 11
31 7
20 14
19 13
20 3
6 8
24 9
6 11
19 11
44 11
33 34
9 1
33 37
21 7
26 13
30 10
22 10
43 3
16 7
45 8
31 5
43 8
22 5
29 28
40 32
44 12
30 11
6 14
20 13
16 3
21 3
15 14
40 37
24 13
33 17
23 12
42 8
41 18
22 3
45 3
31 11
33 2
28 25
32 1
23 14
21 8
0 1
45 12
40 2
26 10
41 12
22 14
6 9
24 12
31 9
22 7
40 12
27 7
3 4
42 9
24 7
26 11
40 34
10 4
30 14
19 14
27 5
33 38
30 7
25 4
23 10
19 12
27 14
40 46
15 8
41 25
16 9
42 14
45 11
20 12
24 5
16 10
24 8
19 5
45 10
44 9
44 13
26 3
15 3
40 11
44 10
23 3
21 5
21 14
6 7
42 11
17 18
43 13
21 10
11 1
24 10
43 7
41 1
30 3
44 3
22 8
14 25
22 11
6 3
30 12
27 3
40 17
27 8
9 2
21 12
21 11
16 14
30 5
6 13
16 8
26 7
27 10
22 9
42 10
42 3
16 13
40 9
42 12
23 11
27 9
43 9
44 5
19 8
23 13
23 7
23 5
26 5
31 3
33 40
26 12
5 4
40 38
15 9
16 11
42 7
33 8
33 35
33 39
43 14
15 5
22 12
26 8
31 14
19 7
23 8
31 8
20 9
30 9
40 7
45 5
16 5
