40 1
80 39
38 6
85 57
111 60
110 23
113 90
11 5
101 45
80 1
93 57
36 16
116 39
51 22
36 19
64 9
45 15
30 3
24 3
80 29
93 45
3 34
28 15
58 40
80 24
24 10
76 44
26 7
29 21
17 13
85 48
44 40
98 40
27 3
48 31
84 45
12 10
94 50
84 24
14 16
116 49
49 33
112 66
101 71
32 21
49 38
96 41
83 3
23 29
49 1
81 56
109 95
112 86
107 104
114 25
107 101
109 69
26 15
36 22
31 5
35 15
39 17
14 9
39 33
76 39
39 7
113 23
76 46
19 6
6 13
106 51
13 8
29 1
105 102
30 16
37 29
96 40
60 43
11 10
40 18
106 71
49 21
30 15
24 7
106 42
7 12
40 9
73 31
109 4
38 24
41 33
88 60
6 11
107 55
56 2
79 45
19 11
14 11
108 69
50 41
33 10
56 51
38 18
47 26
26 16
3 6
27 1
24 31
24 11
88 40
109 103
107 66
101 41
65 15
22 16
12 5
42 31
18 5
48 46
43 28
57 3
117 101
52 2
37 41
83 49
74 1
7 9
101 42
76 3
58 45
37 36
46 28
45 20
32 20
83 47
107 88
27 16
111 104
76 38
23 12
37 40
7 13
45 29
77 27
76 42
34 5
24 15
106 50
33 12
93 51
47 33
35 36
111 85
97 9
56 3
37 35
37 32
38 1
29 33
108 83
99 96
15 9
58 56
50 45
10 8
104 50
73 18
60 49
40 12
79 57
101 51
25 9
55 1
59 50
48 45
25 21
106 58
111 50
108 82
55 2
79 56
22 20
76 43
51 30
25 6
16 5
77 16
26 12
27 35
41 31
24 12
75 3
34 9
105 77
26 5
14 21
46 40
80 3
105 88
25 20
54 2
101 48
68 8
6 10
72 3
17 11
5 9
53 5
111 59
71 57
113 63
104 72
53 8
35 34
81 37
50 29
31 25
102 76
23 3
57 37
65 5
29 3
39 19
16 18
44 32
36 7
73 10
2 29
31 9
35 12
36 1
98 42
3 39
111 71
4 5
86 19
89 1
23 1
36 32
17 15
33 18
44 51
59 56
104 45
51 19
36 9
46 15
46 21
90 2
30 1
72 2
88 48
2 31
23 15
111 49
30 26
14 15
113 92
1 9
76 48
29 25
98 59
65 18
12 8
101 29
80 42
3 26
78 9
75 46
1 12
2 24
7 10
39 5
104 59
51 35
76 41
84 3
28 1
58 60
109 105
45 34
86 20
73 19
115 116
49 32
44 26
36 26
59 37
57 42
18 12
46 49
62 5
60 28
92 9
43 24
83 39
108 104
86 33
3 31
37 38
2 19
43 45
99 69
39 35
46 47
73 11
6 9
17 10
46 26
59 42
46 29
43 30
49 16
47 40
37 47
102 88
67 25
42 26
30 27
75 30
105 91
3 35
76 47
113 25
104 47
23 25
85 43
51 38
73 1
101 56
104 49
28 3
29 34
114 101
2 22
77 34
17 7
69 25
51 32
1 25
33 1
111 45
45 9
41 39
17 6
29 36
6 5
67 44
96 32
93 43
15 5
50 35
64 7
50 47
115 54
75 39
110 82
45 16
11 6
43 40
116 41
69 28
64 20
102 104
30 34
33 19
24 19
85 60
21 13
20 11
20 12
106 39
98 41
25 13
29 11
96 48
45 35
104 84
108 55
73 7
79 3
35 3
83 42
57 29
20 10
41 46
113 111
55 41
98 50
95 3
88 46
43 27
81 50
53 16
75 37
50 39
75 43
58 3
115 113
87 20
42 46
25 10
23 2
75 59
44 49
106 101
7 6
18 13
2 38
102 69
53 9
99 25
116 34
81 35
42 28
23 24
76 50
80 41
25 15
116 56
1 34
60 51
27 15
50 30
25 5
55 38
117 25
39 24
27 34
44 30
32 34
112 92
81 42
114 64
85 49
113 95
88 38
76 40
14 7
83 51
88 58
56 49
85 37
42 51
42 32
33 6
59 2
47 16
111 46
41 45
97 6
45 30
48 25
24 35
29 31
46 34
116 59
95 9
48 30
5 10
88 50
9 10
86 34
38 20
5 16
50 27
94 60
96 28
113 72
3 17
101 70
101 44
47 30
41 1
32 15
54 1
84 39
67 43
3 33
94 48
67 37
14 12
35 17
49 9
53 7
77 2
50 43
75 51
50 28
16 10
3 47
46 36
59 60
75 41
80 44
59 3
79 39
30 20
106 98
94 51
116 16
105 76
15 16
51 33
19 21
110 71
19 12
116 57
28 20
49 15
1 32
104 51
77 6
34 11
69 24
49 17
3 18
12 13
78 16
106 59
38 28
25 7
50 40
3 21
26 20
65 31
84 47
42 27
9 12
38 7
51 36
59 1
59 40
108 103
43 19
76 49
40 5
71 51
112 77
39 25
110 55
37 24
43 51
39 28
75 56
40 36
28 5
40 7
64 6
31 15
27 10
48 26
30 5
46 30
46 27
10 13
106 85
40 16
28 19
32 18
49 39
69 71
92 20
37 51
67 60
76 60
26 6
84 48
28 6
80 30
62 6
96 3
113 88
34 7
71 37
18 6
45 36
96 36
25 1
27 32
48 47
92 16
110 69
2 35
35 1
35 11
85 51
117 96
27 22
59 24
102 55
111 39
30 22
65 7
17 18
23 17
35 9
65 1
55 47
35 26
85 40
80 2
74 2
85 58
46 25
83 45
65 21
83 35
110 62
44 28
35 33
49 24
96 49
75 58
46 35
3 16
51 1
101 34
94 42
44 43
86 21
99 100
88 56
79 37
32 6
49 34
58 37
113 70
45 40
1 11
60 46
58 41
48 1
85 38
24 17
64 15
3 15
23 33
79 60
45 6
6 16
20 7
38 2
16 7
1 19
55 45
28 26
110 54
41 25
60 45
27 9
43 35
104 37
62 3
71 43
101 57
57 46
27 11
45 17
63 3
71 2
50 1
33 17
50 3
19 9
85 44
112 94
60 29
97 5
38 39
27 17
14 22
57 43
9 13
34 6
16 12
41 47
111 51
34 22
49 20
33 22
48 34
65 6
110 95
58 38
70 1
94 37
104 58
65 10
3 20
23 9
43 21
80 56
42 36
42 24
79 50
27 18
34 21
110 25
28 35
51 46
113 97
59 46
24 1
38 27
45 31
68 7
2 40
39 30
109 82
48 43
75 2
76 45
35 16
19 20
25 22
110 76
42 40
30 9
28 25
106 29
15 18
112 100
46 3
31 18
65 12
24 25
116 70
88 2
31 34
47 17
1 16
114 81
113 76
111 29
69 19
24 36
116 46
109 52
5 18
30 12
106 48
49 35
29 35
47 19
47 1
21 11
65 16
31 10
26 22
110 70
111 72
35 7
33 13
53 13
61 2
2 1
3 12
3 29
6 20
38 21
75 42
110 91
81 38
33 21
80 40
55 49
32 33
43 38
56 39
81 45
44 33
56 35
81 39
68 9
77 1
21 20
26 25
77 18
105 69
63 1
50 46
81 47
37 48
37 1
81 40
42 47
111 98
0 3
40 35
43 34
101 85
38 26
94 45
2 33
98 39
112 80
5 13
46 17
40 19
12 11
112 91
115 69
77 21
98 48
105 78
51 47
84 30
101 16
110 103
51 25
92 7
83 36
36 25
19 1
73 25
47 36
31 13
37 30
60 44
89 2
26 21
27 26
98 45
23 27
104 44
40 6
26 17
93 25
47 6
114 96
106 45
84 38
44 1
14 20
77 5
7 8
55 51
29 22
55 44
32 22
22 18
60 3
3 22
46 32
21 7
40 2
96 51
39 20
96 26
104 71
76 2
74 5
57 2
50 42
75 60
27 7
2 32
30 25
80 48
77 24
23 20
105 83
69 27
98 58
53 10
80 49
55 46
96 35
32 26
96 47
40 34
48 40
77 9
64 18
40 28
52 3
98 2
1 29
81 24
20 18
39 29
38 17
77 28
78 5
88 59
3 36
57 41
116 43
59 47
29 27
96 43
48 2
55 30
87 16
90 1
40 39
39 31
41 30
75 40
42 45
14 18
67 49
96 1
27 12
88 37
32 19
116 38
93 56
36 20
3 19
22 13
17 12
39 12
1 22
56 37
1 35
40 15
29 30
39 18
110 72
14 10
49 26
104 42
27 21
21 9
44 46
3 30
18 10
101 43
98 37
113 96
24 20
62 9
59 38
107 82
51 17
52 1
88 51
34 20
49 25
45 32
110 90
104 70
78 18
106 38
45 1
73 9
83 43
93 46
67 57
18 7
48 49
35 32
28 31
59 44
79 1
88 43
38 40
116 50
107 69
21 18
116 42
53 12
44 29
38 15
116 72
20 13
40 20
4 3
90 6
105 67
4 6
49 3
64 12
58 57
46 38
40 33
33 25
32 1
98 47
25 16
53 18
57 24
36 10
101 39
111 48
59 41
44 42
56 44
113 91
55 43
77 33
55 3
92 6
53 6
107 76
39 27
37 42
104 48
35 5
42 1
109 100
49 40
0 2
23 32
64 5
36 6
44 48
43 39
27 6
19 15
32 9
44 35
106 60
111 70
58 47
104 46
37 28
79 44
26 19
75 38
38 29
35 22
102 103
99 101
29 6
34 1
98 3
7 5
111 101
67 51
48 28
55 40
48 24
81 60
88 57
3 32
42 33
28 18
58 39
55 57
76 59
43 36
96 46
58 46
31 21
96 29
96 38
1 21
44 27
38 16
7 11
30 35
44 45
71 42
44 3
77 7
20 9
21 16
3 24
56 50
32 17
47 22
84 40
29 7
24 22
101 60
29 19
24 6
67 46
94 57
23 16
32 3
86 16
19 10
62 2
47 34
60 27
83 28
72 1
42 2
47 20
59 57
38 32
39 6
108 101
24 32
79 40
28 12
42 30
44 31
106 47
1 24
85 47
9 18
14 6
38 31
16 9
29 26
35 18
83 41
44 36
116 84
79 41
47 21
38 35
84 2
95 6
106 44
85 3
43 26
39 21
84 51
43 29
112 0
51 2
93 41
41 40
110 100
46 1
35 21
10 6
64 10
43 2
81 49
76 51
106 84
30 24
24 27
32 10
111 41
62 1
91 5
84 42
2 26
63 2
43 49
31 11
81 43
22 21
90 9
79 42
45 18
50 32
74 3
110 111
92 1
36 5
46 22
109 25
106 70
112 81
96 39
109 74
111 43
51 34
30 36
79 51
40 30
57 44
36 3
110 97
27 19
66 8
113 61
106 46
43 3
67 56
92 19
58 43
25 34
19 5
77 20
28 22
24 18
112 79
85 50
46 19
93 60
36 33
113 89
1 17
16 11
81 44
64 13
96 45
30 6
38 30
80 46
60 47
29 16
23 5
60 30
23 31
31 22
83 38
113 77
90 3
26 11
112 83
81 30
23 6
84 43
111 56
28 9
41 32
88 49
40 21
117 116
19 13
105 55
77 3
101 46
24 9
57 39
49 18
65 25
47 15
65 9
2 27
44 41
104 101
70 3
59 48
86 32
50 44
101 104
80 60
36 34
48 32
94 59
112 75
24 26
101 58
26 34
39 26
85 39
105 108
27 31
116 60
23 35
38 25
35 10
43 47
80 50
84 27
56 47
116 58
48 39
93 44
94 41
36 31
93 49
40 27
47 39
24 34
20 16
30 17
45 26
65 3
73 5
43 25
30 7
2 28
1 20
40 24
105 92
33 20
36 21
117 68
89 6
97 1
25 12
104 16
111 34
51 40
51 49
116 71
68 12
38 5
21 12
27 5
45 27
109 96
96 30
111 57
28 27
85 42
94 43
46 39
94 46
68 11
79 47
51 21
59 30
50 38
37 26
109 89
14 19
28 32
81 46
15 13
56 41
109 101
31 1
37 39
84 1
3 9
91 13
110 96
56 29
76 56
113 67
115 96
90 5
73 34
2 47
94 49
93 50
101 59
37 27
113 71
110 101
84 35
56 46
65 13
57 50
101 49
110 88
108 88
96 2
47 3
40 26
46 33
111 44
60 24
33 16
61 1
85 45
48 29
58 49
23 11
64 16
106 49
30 19
23 26
98 56
81 51
12 9
104 56
77 25
27 20
3 25
50 36
106 57
40 17
40 32
91 8
40 3
31 19
45 12
46 24
38 45
26 18
55 58
29 18
51 27
102 82
85 29
30 10
75 48
45 28
23 18
34 10
111 37
11 8
73 21
36 18
99 81
56 27
21 5
60 50
37 3
22 17
67 42
34 12
58 51
70 2
110 73
94 58
87 21
75 57
80 57
73 20
41 27
114 100
38 9
109 90
83 30
87 34
112 67
116 29
106 16
105 107
28 10
43 22
38 36
29 9
56 48
38 34
77 29
37 44
96 33
113 55
104 29
49 31
59 49
111 16
102 101
57 47
17 16
59 29
84 29
11 13
65 34
40 31
68 5
47 35
42 35
88 42
111 47
113 54
31 6
73 32
104 34
51 31
74 6
59 43
116 51
31 12
47 27
95 2
85 46
49 29
113 93
18 9
28 7
113 101
98 44
2 3
58 42
51 45
68 6
112 87
73 16
56 60
25 11
42 49
110 92
22 7
67 50
75 45
45 24
43 1
110 83
45 7
38 19
45 5
96 27
49 27
47 31
46 31
85 1
47 25
23 36
40 29
106 34
75 50
93 37
80 37
34 15
42 38
14 17
57 30
17 20
40 25
37 46
77 32
106 56
111 58
29 28
41 43
41 51
105 96
22 11
69 21
53 11
32 7
73 3
49 2
83 50
48 38
39 32
78 7
85 56
80 38
23 21
38 12
83 48
89 3
71 41
57 49
55 39
4 2
45 39
65 17
59 51
101 72
12 6
96 31
112 93
116 48
39 2
98 38
73 12
80 43
56 45
15 12
49 45
22 15
80 51
71 60
17 5
38 47
93 42
56 30
44 2
51 29
84 44
92 34
105 93
32 16
32 12
21 10
9 16
79 46
101 50
105 106
42 41
3 5
21 6
42 43
24 33
110 77
35 25
56 38
58 2
58 30
29 15
95 1
34 13
38 3
68 13
109 110
41 29
98 49
82 8
19 18
83 1
24 5
19 7
60 38
116 101
42 48
46 2
48 36
109 71
71 56
25 17
21 15
29 17
104 60
32 13
41 36
110 67
51 28
45 25
26 10
27 25
11 9
75 49
58 48
101 84
30 33
75 1
24 21
84 37
38 33
58 29
50 49
41 49
113 52
57 56
30 32
42 29
83 37
45 22
76 37
31 17
26 13
65 22
37 33
15 10
116 85
99 52
44 39
96 25
47 24
37 43
6 18
104 57
56 24
73 26
50 51
29 5
92 18
116 45
94 3
14 5
3 28
47 45
23 28
85 59
110 66
98 60
60 35
30 31
67 41
45 19
55 29
48 35
31 20
36 12
49 47
61 3
17 9
83 2
91 9
73 6
23 7
47 29
44 24
39 9
59 39
117 81
110 52
113 78
34 19
64 11
80 47
60 36
39 3
94 2
50 26
110 78
79 48
1 33
16 13
106 43
16 6
115 101
20 5
47 28
33 9
41 2
43 46
101 38
28 36
40 22
117 53
88 47
114 53
4 1
43 33
81 2
18 11
81 41
79 38
94 38
47 5
22 10
79 29
26 1
83 46
35 6
99 54
110 93
102 83
98 46
101 37
30 28
60 37
113 83
43 32
1 27
35 20
41 38
28 17
77 19
101 47
42 3
35 19
55 42
30 21
73 15
79 30
2 34
44 38
116 104
76 58
9 11
45 21
29 24
117 14
16 8
84 36
92 5
67 45
3 1
28 21
34 16
25 18
81 29
57 51
102 66
36 15
10 9
81 28
83 27
88 41
92 21
49 28
48 51
73 22
30 18
60 48
48 27
36 17
79 43
81 3
104 43
51 24
107 103
69 16
116 37
116 47
65 26
75 44
27 33
60 42
47 7
14 13
1 6
67 48
116 44
39 16
106 41
51 39
83 29
92 13
57 40
1 28
22 6
35 31
39 36
42 39
106 37
95 5
36 11
49 30
60 40
98 57
59 45
29 20
19 22
84 50
55 48
106 72
33 11
34 18
33 15
47 9
88 3
55 59
94 47
94 56
89 5
50 2
84 49
57 1
78 13
28 16
51 3
1 18
22 5
14 1
50 33
25 19
113 62
33 26
37 2
58 50
48 3
50 24
58 59
104 98
33 7
26 31
57 38
60 1
3 40
75 47
41 24
24 28
104 38
108 76
74 9
57 48
5 12
86 25
110 89
113 69
2 39
48 33
1 5
39 1
93 48
65 11
50 48
44 47
41 35
37 49
80 45
69 72
23 30
2 36
1 26
47 2
49 36
19 16
45 33
89 9
113 73
88 44
79 24
24 16
56 42
85 2
87 19
39 22
112 78
83 24
19 17
56 1
45 3
55 56
21 17
6 12
111 42
29 32
115 105
87 25
76 57
28 11
104 39
55 60
110 61
41 26
98 51
28 34
23 22
46 45
56 40
33 34
106 104
10 5
41 28
23 19
41 48
49 22
84 28
56 28
110 63
68 10
15 7
26 9
108 66
81 48
114 54
88 45
47 32
32 25
91 6
65 19
60 39
84 46
22 12
75 29
94 40
117 54
41 3
43 31
83 40
65 20
94 44
37 50
20 6
33 5
0 1
97 3
73 33
28 33
3 38
2 25
105 101
58 44
65 32
15 6
49 19
60 2
117 113
56 43
23 34
79 2
51 26
85 41
69 70
107 83
57 60
116 98
73 17
32 11
3 27
31 16
111 38
29 12
84 41
39 15
81 1
39 34
32 5
38 22
54 3
57 45
79 49
18 8
65 33
97 2
96 24
22 9
60 41
15 20
47 18
32 31
55 50
34 17
111 84
47 12
83 44
104 85
33 31
101 98
37 45
78 6
58 1
31 7
81 27
98 43
104 41
55 37
27 36
