33 5
34 4
15 4
24 15
24 9
29 7
14 22
6 7
24 12
18 2
16 3
40 5
24 18
23 2
32 9
24 21
24 19
6 9
37 7
33 3
16 5
7 5
15 2
35 8
32 7
1 2
13 5
8 5
13 2
37 9
0 1
38 9
1 3
1 5
27 28
33 1
38 28
22 2
16 2
12 1
14 21
26 9
25 9
21 1
13 3
30 5
12 2
17 5
15 5
24 23
24 0
12 3
23 3
3 4
22 3
25 8
26 8
20 5
23 4
39 8
39 7
36 9
33 4
14 19
27 4
21 4
35 9
14 9
36 8
14 16
4 2
27 3
35 7
0 2
20 3
27 5
32 8
21 2
14 20
15 3
18 4
24 20
20 1
27 1
40 28
15 1
19 4
0 5
24 7
8 4
25 7
37 5
30 28
10 11
23 5
34 5
0 4
29 8
3 5
34 3
16 1
21 5
14 17
24 13
31 9
37 8
2 11
17 1
28 11
17 3
24 8
23 1
1 4
33 28
31 8
8 1
14 12
8 3
20 2
37 28
16 4
30 9
4 1
17 4
31 7
29 9
8 2
41 5
14 8
22 4
39 9
4 5
18 1
13 1
0 3
20 4
9 5
36 7
5 11
34 28
30 8
14 13
24 16
7 2
34 1
24 17
19 5
38 8
13 4
21 3
3 2
18 3
6 8
14 15
14 18
40 10
9 2
26 7
14 7
19 3
18 5
12 5
4 3
22 1
38 7
14 23
30 7
19 2
14 0
38 5
19 1
17 2
12 4
3 1
24 22
22 5
