47 42
29 19
44 18
30 10
32 8
22 3
11 6
12 2
50 12
29 25
28 15
35 13
49 25
28 12
35 24
2 26
35 22
31 11
31 20
23 4
32 12
40 1
23 3
17 4
29 3
28 8
49 13
47 2
32 15
28 4
47 4
9 16
34 18
30 11
37 1
35 21
49 23
34 48
32 16
29 21
3 33
30 1
30 2
50 20
24 2
35 15
30 0
50 16
0 2
12 1
42 6
28 21
12 26
29 22
35 3
29 2
31 21
30 7
14 33
50 7
32 13
31 23
34 2
44 11
42 41
0 1
29 10
32 3
28 22
29 20
49 6
15 2
30 4
15 3
31 1
14 34
9 1
2 3
9 24
1 2
14 8
49 3
23 2
13 3
14 2
28 17
29 5
47 11
5 3
50 13
31 0
29 16
22 4
10 2
31 12
32 20
29 18
32 0
39 38
2 33
33 26
41 6
37 38
49 22
30 8
9 10
11 3
9 5
47 45
47 37
9 22
50 19
28 25
30 23
35 0
9 25
18 8
34 1
35 2
12 16
9 13
50 24
44 37
35 17
34 5
5 4
32 18
8 1
3 4
30 20
47 40
31 24
9 15
8 26
28 16
32 25
5 6
50 8
28 2
28 19
47 6
30 22
31 19
29 17
31 15
0 4
30 18
50 17
40 3
28 6
15 4
5 8
10 4
4 26
29 6
31 10
5 2
49 17
9 17
7 26
35 16
9 2
29 4
50 5
32 11
39 3
15 1
28 18
31 5
34 8
32 10
35 11
28 0
28 20
31 3
29 8
29 1
49 10
35 8
9 20
47 3
29 23
35 23
9 3
32 2
44 27
29 12
47 43
49 24
28 1
5 7
47 51
29 14
49 2
31 7
49 15
12 4
50 4
16 26
28 13
30 25
42 11
2 1
47 27
9 23
11 8
27 2
30 16
50 15
47 14
22 2
1 4
43 1
23 6
1 3
34 6
9 11
35 5
29 24
44 43
49 0
30 24
28 5
49 7
3 26
9 19
10 3
44 46
30 12
30 21
13 1
27 4
34 3
32 19
36 0
30 13
31 13
44 39
9 0
9 14
24 8
28 23
44 45
30 14
24 4
49 12
23 8
32 6
47 46
30 6
35 18
35 7
0 3
12 3
50 11
38 3
32 17
28 14
30 3
49 20
32 24
32 5
8 7
50 10
50 2
18 3
31 17
32 7
9 4
49 8
35 14
24 3
8 6
47 39
31 22
8 2
29 15
47 41
18 2
11 4
28 3
31 25
35 10
50 1
49 4
29 13
9 7
39 1
25 3
9 8
31 16
31 8
32 1
35 1
50 21
32 4
36 15
49 21
14 1
2 4
49 14
35 4
30 19
50 22
47 34
1 26
29 11
28 10
35 6
32 22
20 26
29 7
35 19
35 25
50 23
30 15
28 11
49 11
32 21
47 24
47 8
44 47
50 6
31 6
44 25
49 18
4 33
49 16
9 21
9 18
50 18
31 18
30 5
18 7
50 25
9 12
35 12
28 7
32 23
50 0
3 2
27 3
34 4
29 0
49 19
49 1
27 1
31 14
40 26
32 14
50 3
31 4
46 6
17 2
9 6
35 20
50 14
11 2
37 3
30 17
47 18
31 2
49 5
28 24
