38 46
105 37
138 5
66 41
138 73
25 5
151 21
71 77
139 15
103 17
119 56
102 63
93 23
87 86
114 94
12 19
103 14
124 61
113 56
115 64
95 24
115 36
163 44
95 43
4 43
12 16
87 38
159 30
36 61
151 15
80 6
150 30
107 5
139 64
125 63
93 26
149 21
124 79
31 5
105 106
168 76
144 35
124 19
116 45
95 36
110 51
87 36
148 17
153 18
23 50
2 24
18 55
157 71
105 41
3 39
105 46
157 72
147 79
124 51
105 39
87 35
151 56
85 50
71 24
101 6
68 43
117 15
4 59
100 7
119 94
119 14
84 19
47 25
105 22
118 51
111 61
3 88
70 55
31 24
163 47
37 36
144 36
166 16
10 7
111 14
117 16
166 7
81 45
13 8
37 20
119 51
28 47
36 13
132 56
71 78
12 21
35 7
153 41
89 45
33 76
116 59
77 26
151 18
90 51
167 76
153 34
112 36
57 55
1 5
89 24
95 74
88 25
169 24
44 26
47 5
112 76
120 26
89 61
38 42
35 86
162 23
84 49
13 7
36 16
119 45
138 63
60 7
28 35
115 6
68 30
125 81
115 15
118 63
85 47
143 110
118 21
134 25
166 19
139 14
20 8
134 61
107 65
150 45
22 25
144 39
25 7
101 45
138 23
37 34
135 21
79 7
135 14
45 7
139 20
3 24
130 55
135 43
155 32
110 35
7 8
94 7
165 81
131 55
106 61
32 5
166 55
62 6
89 76
80 16
84 34
149 15
148 15
47 26
84 35
19 55
21 18
110 75
105 50
108 20
109 19
158 55
159 63
111 7
21 6
110 73
136 4
119 7
109 78
121 4
109 61
138 45
150 36
27 24
36 60
57 7
103 15
80 45
151 6
141 76
71 45
142 73
159 36
78 7
165 59
111 15
121 23
102 36
87 5
60 61
21 7
163 38
135 59
139 58
129 10
85 38
125 58
138 76
66 19
28 16
121 25
97 7
125 57
87 22
139 18
101 16
85 22
149 13
106 23
109 81
144 25
109 51
54 60
62 19
70 59
1 2
151 20
165 61
25 73
144 32
84 36
114 56
48 49
36 17
66 34
83 72
105 45
112 23
110 5
108 16
149 56
60 56
62 63
78 94
140 75
54 43
28 29
119 19
95 49
147 13
84 58
148 51
112 43
153 17
131 5
131 26
125 21
114 60
106 7
28 40
115 16
132 58
147 18
147 16
147 19
167 56
54 55
151 55
115 18
151 7
127 56
85 45
109 63
62 37
24 7
109 6
85 25
68 15
39 24
108 18
48 7
144 71
102 25
108 35
87 44
163 40
85 26
47 24
111 21
72 104
28 22
109 16
38 19
105 36
28 33
144 44
85 44
3 52
89 77
37 30
21 17
141 7
112 24
132 57
135 17
106 25
154 76
102 49
133 7
20 55
80 15
15 8
105 23
147 45
66 35
31 26
54 59
23 22
151 59
68 14
80 63
102 58
53 34
127 45
28 31
141 11
115 14
85 24
103 45
106 45
129 11
150 42
151 57
151 58
84 16
114 16
85 34
93 75
163 67
36 63
87 30
110 46
109 15
139 21
4 51
124 21
25 76
148 19
110 76
139 36
127 19
101 19
102 45
116 55
144 26
85 4
3 26
3 31
150 17
167 5
89 74
3 30
112 74
105 25
102 76
1 4
68 17
28 15
153 36
36 18
108 79
140 77
102 4
4 35
120 25
87 42
118 94
119 15
168 24
47 23
14 55
36 57
157 56
155 23
115 17
55 7
28 6
125 51
38 14
144 43
11 7
80 20
62 20
135 51
111 57
124 81
36 56
77 24
89 35
33 46
166 6
108 43
117 56
52 23
120 24
33 74
66 42
165 7
149 43
66 17
28 18
95 4
52 24
62 42
66 6
116 7
148 61
85 37
153 49
109 20
155 41
155 4
109 21
48 4
112 25
92 5
54 6
0 2
15 7
141 10
102 74
132 63
139 49
66 13
126 13
151 60
101 43
159 16
14 7
125 45
84 42
0 5
112 46
39 23
37 63
163 37
136 34
66 36
150 37
169 5
66 20
28 36
141 55
157 7
109 43
78 60
94 61
84 41
93 5
151 43
28 46
143 3
93 60
148 14
80 18
37 51
154 55
129 76
43 51
92 78
106 63
23 5
12 14
124 16
110 25
122 56
130 7
125 78
147 17
33 61
122 94
35 91
83 43
48 24
3 40
117 13
114 17
116 51
6 8
166 35
132 79
109 45
28 21
35 45
36 19
33 35
112 42
139 42
106 77
134 23
108 51
106 79
28 37
134 43
90 46
54 17
22 5
59 60
80 51
118 56
27 5
107 7
117 60
71 74
37 58
149 57
33 5
85 39
148 57
2 23
152 3
101 35
25 75
48 51
66 15
153 21
106 78
85 41
92 26
24 5
68 16
84 21
159 18
153 63
54 18
163 32
23 24
165 56
111 51
71 79
102 86
92 45
169 25
138 49
92 77
156 91
89 43
114 81
26 5
109 18
108 17
102 23
71 5
35 51
19 7
71 25
19 8
66 14
38 64
125 13
123 91
155 39
3 32
134 5
138 24
114 21
124 17
150 16
23 39
37 13
118 60
141 56
144 47
103 6
38 41
119 57
95 73
83 7
33 73
114 15
147 56
135 63
127 43
151 51
71 4
21 19
62 21
118 35
119 60
93 45
37 6
106 76
166 13
163 39
101 55
54 57
80 56
27 23
159 42
54 21
132 61
135 16
2 32
80 60
163 22
36 51
114 57
124 78
48 43
147 61
95 7
95 23
137 7
144 24
131 7
138 26
130 56
151 19
60 59
130 76
80 57
6 7
132 81
87 26
159 17
71 75
106 49
53 7
84 46
28 34
155 34
150 14
139 13
38 35
5 43
124 36
28 17
162 42
84 15
147 63
102 35
131 25
117 51
68 45
83 35
102 24
102 42
2 29
36 21
95 26
139 37
112 77
139 35
102 30
119 61
119 58
158 11
111 17
28 20
134 45
59 7
131 56
147 43
0 4
117 19
119 16
95 75
2 5
127 6
144 145
134 78
38 18
150 15
43 45
62 17
105 47
158 76
132 51
124 15
139 17
127 21
163 25
129 65
89 46
166 15
166 51
167 10
23 25
59 55
103 60
35 55
118 59
135 60
102 26
111 20
2 47
110 7
37 64
68 6
148 7
54 13
2 26
106 58
122 78
110 24
105 24
148 13
94 60
92 61
110 23
101 51
43 86
12 15
149 60
120 23
155 44
159 58
159 19
85 86
96 61
103 18
95 46
89 23
38 43
166 20
89 51
122 61
68 37
2 25
140 26
80 43
131 23
81 59
112 78
147 57
132 4
37 42
33 64
37 19
148 20
62 7
14 51
12 20
14 45
158 65
33 43
159 14
114 13
73 7
168 56
65 43
87 23
3 4
115 46
150 64
135 19
111 60
162 34
138 7
125 61
127 78
157 59
163 31
92 42
85 32
107 23
32 23
71 7
68 42
102 5
109 56
134 76
142 75
54 15
116 60
89 42
157 43
119 79
153 30
95 78
102 7
157 45
115 61
117 58
112 4
32 26
166 14
81 55
155 36
87 29
26 7
126 16
138 42
14 13
25 23
138 36
2 44
3 29
85 42
109 79
39 26
163 5
138 79
96 56
111 16
151 16
92 73
85 29
88 5
125 16
62 18
149 51
52 5
48 47
28 38
2 99
130 65
128 56
75 7
155 24
66 43
103 56
134 75
21 51
117 45
95 51
23 26
62 30
110 61
125 17
134 7
77 5
106 42
33 7
36 58
108 78
2 40
101 21
118 43
112 49
153 14
37 21
92 24
55 59
150 18
155 35
140 4
167 7
44 5
54 16
141 65
114 51
139 43
163 24
88 23
125 18
38 15
80 36
68 34
110 49
118 15
127 17
108 57
159 37
142 23
66 46
111 6
92 86
92 4
95 61
127 16
22 23
138 58
118 6
112 5
130 11
113 7
44 25
118 7
12 17
80 58
68 41
148 45
168 26
38 37
134 74
115 51
90 49
52 26
114 63
114 79
148 21
92 7
71 73
164 4
129 7
109 60
95 42
155 29
107 56
12 6
87 67
125 19
155 43
136 42
85 23
138 30
123 104
124 35
65 7
87 88
150 41
62 36
87 41
134 35
144 40
62 34
21 55
89 36
103 55
62 46
89 26
148 81
138 74
119 20
48 46
95 35
38 6
153 13
33 26
85 46
149 19
2 52
117 17
154 7
115 13
108 56
48 36
93 81
122 60
84 37
162 5
93 94
89 25
93 51
153 15
168 5
68 18
138 78
150 21
109 17
159 41
140 24
102 77
62 15
48 34
115 20
28 5
115 57
153 43
157 35
114 19
102 43
168 23
103 57
120 5
102 51
122 81
40 23
28 23
127 51
37 16
131 76
93 56
139 63
22 24
125 6
125 43
135 56
131 10
21 16
31 23
84 14
32 24
126 7
117 18
153 37
103 20
43 7
163 41
124 63
48 25
135 18
93 61
38 36
119 13
3 98
101 60
54 58
147 21
54 45
36 35
72 91
84 45
124 60
95 25
134 46
90 78
127 35
48 41
84 63
89 5
163 29
106 4
109 94
135 61
25 24
21 20
108 15
163 105
117 21
108 6
139 34
114 20
87 31
1 3
150 46
38 63
148 94
21 15
71 64
66 16
2 31
155 37
111 56
149 17
106 5
112 26
96 59
153 35
155 38
48 5
65 4
166 43
80 17
101 18
33 23
117 59
87 24
85 5
149 7
83 71
71 58
2 98
106 30
84 18
142 26
149 14
163 46
153 6
105 63
117 61
139 46
71 26
157 51
48 33
121 5
111 58
142 24
16 7
147 35
152 110
127 14
66 21
101 14
155 25
129 56
28 43
140 73
111 63
148 6
140 25
37 46
28 45
37 49
37 35
137 49
128 7
132 7
135 58
17 7
62 14
106 24
166 18
37 45
92 49
155 40
155 31
48 26
124 14
147 15
127 79
85 43
111 59
118 45
68 38
116 72
92 23
48 35
162 50
71 46
162 24
89 4
124 58
27 26
16 8
31 25
78 81
110 43
162 25
147 6
134 24
68 46
153 58
162 45
134 26
139 41
20 7
62 41
140 5
93 43
126 15
4 55
12 13
3 41
148 56
105 26
92 74
21 13
77 56
22 26
148 16
155 46
137 34
110 74
114 14
126 51
140 7
139 6
92 76
147 14
121 26
37 78
3 46
108 63
80 14
66 38
153 45
21 45
93 36
125 15
158 10
118 13
135 35
166 17
40 25
125 36
135 57
48 45
68 21
118 58
127 15
38 45
28 41
118 61
148 18
33 45
148 63
36 81
126 19
161 7
33 25
111 94
112 51
87 46
142 7
90 45
95 77
102 64
27 25
125 20
118 20
102 34
32 25
108 81
54 35
105 5
109 14
135 20
159 13
149 55
159 46
155 42
33 36
150 43
126 18
136 7
84 13
121 7
77 4
76 7
90 7
118 19
126 17
80 7
71 51
40 26
66 67
33 24
87 47
153 16
163 106
137 42
156 8
102 73
125 94
103 13
162 26
92 46
57 56
18 7
110 4
108 61
149 59
149 16
87 37
101 15
119 63
119 81
110 77
28 24
62 13
112 35
95 5
81 56
157 55
150 35
115 63
125 79
118 16
66 37
28 4
150 13
71 23
114 45
151 35
4 7
106 36
68 19
130 10
28 44
38 20
38 30
165 60
126 55
54 20
117 20
167 55
106 64
80 79
153 42
118 14
125 14
162 41
80 13
167 65
83 36
132 94
135 13
116 35
150 58
84 6
138 25
153 46
102 78
33 75
115 45
97 5
136 41
151 45
85 36
95 45
37 14
84 30
108 21
18 8
70 7
165 94
151 61
88 24
162 4
68 35
62 64
78 56
158 56
37 43
157 4
103 19
28 13
118 81
28 19
118 57
65 35
163 36
116 43
3 23
115 79
138 64
28 42
124 20
40 5
62 16
54 51
138 77
84 43
151 13
51 7
149 35
93 35
138 61
149 6
28 14
155 5
138 46
124 43
12 18
160 7
95 76
92 51
129 55
110 42
114 61
94 55
37 18
112 45
117 14
2 46
93 7
25 26
163 23
109 36
142 5
87 32
103 16
115 21
96 60
159 20
23 47
138 75
54 14
81 51
109 13
110 45
152 2
33 42
163 42
95 86
80 61
68 20
116 4
119 6
36 15
155 22
3 5
33 77
38 17
154 56
88 26
143 1
101 13
137 4
3 99
163 26
155 26
80 21
28 39
140 76
147 60
109 57
69 4
139 16
96 7
103 43
3 44
149 18
124 18
108 60
108 13
78 61
117 57
35 8
54 61
71 61
93 24
154 11
77 7
114 6
101 59
147 81
89 86
81 7
66 18
150 49
117 6
106 51
80 78
127 61
43 91
5 35
48 50
150 19
110 26
111 13
105 4
127 13
84 64
147 20
148 58
103 7
167 11
43 55
106 74
80 19
149 20
166 21
94 59
83 56
87 25
36 94
108 14
126 6
109 35
169 26
154 10
112 61
59 56
152 1
114 7
124 13
138 4
114 58
110 78
124 45
5 4
106 75
48 23
122 4
17 8
70 72
139 30
33 79
151 17
62 45
76 56
147 58
3 42
150 6
28 26
106 26
139 19
135 7
131 65
163 34
39 25
106 46
137 41
48 37
127 18
94 56
115 7
134 51
36 79
87 43
132 60
159 21
87 39
71 63
5 7
12 7
111 19
38 34
108 19
154 65
159 34
68 13
70 71
112 86
144 23
102 46
93 4
23 46
108 58
138 51
125 35
156 7
106 73
48 42
125 56
103 59
159 6
125 60
54 56
37 15
126 8
70 56
115 58
146 72
114 18
117 7
89 73
115 19
44 24
135 6
112 73
85 35
153 19
0 1
119 18
93 86
105 30
38 13
103 21
71 76
70 35
105 64
101 57
107 25
118 17
82 4
70 43
101 56
153 64
124 6
54 19
85 31
68 36
87 40
40 24
163 30
139 45
54 7
103 35
169 23
119 21
105 34
39 5
155 47
153 20
115 78
89 7
0 3
109 58
147 51
66 30
101 17
44 23
80 81
107 24
111 45
148 60
124 94
159 49
143 2
116 56
156 86
121 24
134 77
36 20
71 57
131 24
28 25
132 45
36 45
84 17
38 21
150 63
149 45
135 15
129 5
101 20
147 78
140 23
37 17
87 4
135 45
124 56
119 17
28 30
155 86
84 20
52 25
92 43
127 7
33 51
103 51
92 25
3 47
80 35
9 7
112 7
124 57
2 39
118 18
36 14
3 25
150 20
92 35
134 4
168 25
48 22
105 42
107 26
150 34
144 22
89 78
89 49
158 7
111 18
126 20
36 6
111 81
28 32
162 46
151 14
2 88
144 31
92 36
107 76
108 45
134 73
38 16
108 36
122 7
148 59
