37 1
33 3
25 3
37 3
34 4
24 7
15 8
0 4
28 3
16 4
25 19
14 8
34 1
32 5
29 2
22 8
31 2
34 2
13 2
12 8
31 3
33 5
29 5
31 1
16 23
27 4
13 3
38 3
22 7
9 5
7 8
26 5
27 3
16 6
16 22
25 4
35 5
16 12
13 4
25 20
32 2
27 5
28 2
30 3
33 1
15 7
36 5
26 3
6 7
28 4
9 3
9 2
20 8
26 2
10 7
38 5
36 1
10 8
30 4
35 3
32 3
26 1
3 7
29 1
16 1
21 8
37 2
26 4
9 4
8 7
25 23
36 2
28 5
11 1
38 2
9 1
39 12
31 4
14 7
20 7
24 8
16 19
25 17
30 2
29 4
16 21
3 8
34 5
32 4
25 22
25 24
25 21
0 1
0 2
16 18
12 7
19 8
11 3
16 24
0 5
38 1
34 3
39 40
23 7
25 12
21 7
37 5
6 8
11 4
16 15
16 20
11 5
19 7
16 3
18 8
16 17
36 3
31 5
13 1
33 2
25 1
35 1
37 4
18 7
11 2
16 14
4 8
33 4
4 7
35 2
25 18
35 4
16 5
27 1
36 4
13 5
25 6
32 1
25 15
25 5
30 5
25 2
0 3
28 1
29 3
27 2
38 4
25 14
16 2
23 8
30 1
