24 1
11 14
6 1
18 2
15 1
2 1
9 2
6 0
26 5
25 5
25 2
0 1
15 5
0 4
12 3
0 5
13 3
20 5
22 2
8 1
11 8
9 3
18 4
23 1
26 0
17 4
10 5
16 5
19 3
22 1
10 1
12 5
0 2
13 4
11 19
23 5
4 3
17 3
2 4
14 3
14 1
7 1
20 3
26 1
11 9
11 7
8 2
7 2
21 2
26 27
17 5
17 1
19 5
11 20
18 1
21 5
18 5
4 2
2 5
25 1
8 3
16 2
22 5
17 2
6 5
7 5
26 28
24 5
20 2
9 1
22 3
20 1
19 1
14 4
11 12
14 5
23 0
18 3
21 3
15 4
11 21
11 16
19 4
11 22
2 3
15 2
14 2
10 2
13 5
0 3
12 1
19 2
8 5
29 5
15 3
4 5
9 5
22 4
11 10
24 4
4 1
13 2
21 4
11 13
25 4
24 2
11 15
21 1
16 1
13 1
11 18
11 17
26 9
7 3
10 4
10 3
16 3
20 4
16 4
