28 6
3 10
27 19
29 7
20 3
16 9
0 5
2 10
25 26
16 6
8 18
24 8
0 9
24 6
16 5
4 2
28 7
7 10
27 17
16 1
16 7
0 4
27 8
16 2
27 4
13 2
19 12
20 8
24 4
22 10
9 10
20 5
20 7
5 12
23 2
2 13
29 2
13 10
4 3
27 28
4 18
16 8
25 17
18 10
24 9
24 7
28 22
2 15
20 1
21 5
24 2
18 3
11 10
0 6
24 3
20 2
18 15
20 6
20 4
29 3
12 2
0 8
0 7
8 6
5 10
20 9
0 2
14 2
29 8
16 3
8 3
29 9
7 15
28 18
27 18
17 7
17 18
1 10
27 30
25 27
24 5
29 6
29 5
29 4
6 10
8 2
27 11
24 1
0 3
15 10
11 12
16 4
28 2
14 10
2 14
0 1
4 6
29 1
12 10
