22 6
62 18
42 13
26 1
6 13
0 5
55 12
39 20
63 20
8 3
25 2
68 2
63 19
41 10
61 6
54 6
33 3
34 5
68 5
5 20
71 3
4 14
74 1
66 1
31 6
21 11
40 13
5 11
40 15
41 12
53 6
60 3
45 19
59 2
59 3
69 2
29 19
74 43
65 1
45 12
38 19
28 14
39 15
40 18
45 14
50 1
48 40
19 13
2 19
62 21
0 4
10 14
55 19
38 20
19 17
17 15
20 11
46 18
66 3
48 47
34 3
69 15
18 13
39 18
60 2
71 4
28 21
21 14
51 4
73 15
36 19
57 1
41 15
26 3
46 13
16 20
30 5
36 12
1 12
71 1
74 3
55 18
46 12
38 11
38 12
47 18
35 6
43 18
62 17
19 12
29 14
35 36
39 17
58 3
7 1
49 6
5 12
33 1
12 24
25 4
4 13
47 15
62 10
45 15
42 18
23 24
30 12
29 20
63 15
27 17
74 37
40 10
19 11
65 4
21 12
64 2
49 5
42 15
69 3
2 14
17 12
49 2
41 14
64 6
43 14
59 4
22 3
70 4
60 1
46 17
43 15
16 19
33 2
30 6
67 5
17 19
35 27
0 3
37 12
69 14
44 14
48 37
74 27
22 1
69 1
3 14
44 17
74 42
44 18
56 24
48 44
35 40
70 14
51 3
28 13
38 21
39 11
48 43
37 10
14 24
18 11
8 2
34 2
36 15
48 46
28 11
31 3
5 21
51 6
45 21
30 14
43 11
3 13
38 10
61 1
40 21
74 29
63 10
17 13
55 17
71 5
48 38
16 17
28 12
67 3
48 3
39 19
66 6
26 2
47 20
48 42
40 19
8 6
32 3
35 3
58 5
37 18
9 3
6 14
45 11
9 2
18 12
48 27
27 11
22 2
35 16
20 15
53 2
27 21
35 47
8 5
29 21
9 4
27 12
69 12
27 19
43 10
36 13
57 4
70 15
15 24
39 12
47 19
68 3
35 41
38 14
39 14
60 6
61 5
53 4
4 12
27 20
16 12
60 5
1 13
65 2
54 4
35 46
37 13
36 11
73 11
37 21
29 12
32 4
37 11
72 56
54 2
68 6
17 20
74 46
32 2
64 1
22 4
74 4
31 2
68 1
10 12
70 1
42 17
32 5
74 47
74 41
67 1
38 18
13 24
41 19
52 3
1 11
67 2
40 20
64 5
37 19
28 19
21 19
42 19
42 14
5 13
44 12
44 21
48 39
7 2
55 15
35 1
16 13
52 5
30 4
74 28
71 6
6 15
30 3
27 13
50 5
1 19
74 45
36 14
6 11
54 3
30 1
58 6
10 11
11 24
62 19
44 13
50 3
70 5
16 14
19 15
26 5
28 18
21 20
35 4
37 15
3 12
2 11
64 3
45 13
20 17
22 5
10 15
69 5
41 21
53 5
48 2
63 21
0 6
33 6
2 12
33 5
38 17
57 5
21 13
3 19
63 12
44 20
35 37
30 15
35 2
21 17
19 20
27 14
55 10
48 16
58 15
41 13
46 21
47 13
45 10
63 14
29 10
67 4
20 13
74 38
66 5
29 18
66 4
70 3
7 6
27 18
43 13
31 5
18 14
42 11
42 21
1 15
7 3
57 3
46 14
19 21
52 2
42 12
65 3
17 21
74 40
43 12
27 10
58 14
67 6
52 1
70 6
49 1
48 29
16 15
35 39
45 18
6 12
65 6
44 15
57 6
45 17
39 13
7 4
37 14
47 14
51 5
25 6
47 11
9 5
35 44
55 20
48 36
58 4
53 3
34 6
39 21
64 4
70 2
31 4
61 2
43 17
20 19
30 2
4 15
50 4
39 10
45 20
9 6
0 1
49 3
46 11
16 18
41 20
2 15
50 2
35 42
48 1
42 20
69 4
16 11
66 2
32 1
26 4
52 6
5 15
21 15
47 21
28 20
4 11
6 19
41 11
62 20
50 6
5 17
8 4
51 1
20 14
61 4
42 10
60 4
58 1
41 17
3 11
59 1
16 21
35 38
48 41
41 18
63 18
8 1
62 12
69 6
26 6
71 2
40 14
32 6
48 45
74 36
34 4
74 44
74 39
40 17
29 15
25 3
46 15
74 2
46 20
48 4
28 17
53 1
59 6
72 23
51 2
17 14
62 15
43 20
35 29
3 15
19 14
62 14
59 5
65 5
63 17
40 12
55 21
43 19
34 1
44 19
58 2
17 11
37 17
54 1
43 21
31 1
52 4
28 15
35 43
35 28
44 11
5 14
40 11
15 11
18 15
10 13
48 6
20 21
9 1
38 13
25 5
55 14
37 20
33 4
48 28
29 11
0 2
44 10
61 3
25 1
29 13
20 12
49 4
35 5
28 10
54 5
47 12
46 10
27 15
68 4
46 19
4 19
47 17
48 5
2 13
74 16
29 17
38 15
57 2
35 45
7 5
1 14
