24 22
20 7
39 14
2 7
7 26
13 26
23 17
13 7
50 2
41 1
2 4
31 6
47 20
19 26
3 7
27 14
46 6
23 12
24 3
17 4
50 6
25 10
19 4
7 4
13 4
23 19
9 17
43 1
22 5
17 1
35 14
47 12
48 6
28 15
31 14
26 4
6 4
12 5
12 26
10 7
47 3
28 12
22 4
24 13
23 10
9 11
50 20
50 16
24 6
50 3
3 5
3 6
50 12
30 6
28 21
12 4
40 14
28 17
47 16
33 6
28 14
23 20
32 6
50 17
23 22
23 16
10 5
47 2
23 1
20 26
35 6
32 1
24 19
7 5
36 14
23 13
31 1
50 15
45 6
49 6
9 16
10 4
20 1
6 8
20 6
21 26
9 12
21 4
34 6
22 26
43 14
9 13
27 6
13 5
32 14
5 26
23 14
30 12
15 5
1 4
23 6
16 5
32 12
47 11
46 12
27 1
14 8
40 1
30 1
2 26
17 26
18 4
28 13
3 1
22 7
40 12
15 26
15 4
47 19
50 11
23 3
18 5
47 6
36 12
47 22
9 19
9 14
9 1
50 18
43 6
24 14
9 10
26 7
9 20
37 6
30 14
24 2
3 4
28 2
23 11
44 6
28 16
48 1
28 22
27 12
4 8
21 5
28 10
9 21
0 1
24 15
15 7
38 6
20 4
2 5
50 19
50 22
5 4
20 5
9 15
24 1
39 12
47 18
36 1
35 12
28 20
24 12
48 12
17 6
43 12
24 21
23 2
9 18
28 6
0 2
9 6
28 3
9 3
40 6
23 21
47 14
35 1
50 10
10 26
36 6
28 1
26 5
18 7
31 12
50 1
24 11
41 6
29 14
50 13
47 13
39 6
5 7
12 7
21 7
16 26
23 15
19 7
25 11
24 20
9 2
50 14
46 1
25 6
47 15
18 26
17 5
16 4
17 7
47 1
39 1
23 18
46 14
47 17
50 21
29 1
16 7
48 14
19 5
24 18
28 18
28 19
47 10
29 6
9 22
47 21
24 17
28 11
24 16
24 10
29 12
42 6
