17 1
27 1
44 20
9 5
16 2
31 10
42 10
22 3
5 2
0 2
12 1
4 3
30 9
44 18
10 1
13 15
13 4
28 24
5 7
44 16
18 6
26 7
11 10
24 1
40 9
13 24
26 5
38 10
16 6
18 3
26 0
7 5
26 1
28 27
35 9
43 3
32 5
4 6
27 2
22 5
28 17
23 2
24 0
43 2
7 3
19 3
9 1
28 20
13 20
24 2
21 0
26 2
44 27
19 7
25 3
20 3
25 7
6 2
28 10
13 25
36 9
17 2
21 1
11 9
44 19
7 2
29 10
32 0
25 6
32 3
13 16
25 1
8 10
13 17
12 6
13 23
44 23
20 1
19 2
16 7
41 9
37 9
13 22
17 3
26 6
16 1
12 7
21 2
13 12
12 2
41 3
28 18
20 0
13 26
13 27
9 6
40 10
42 9
12 3
5 1
6 7
28 23
13 14
4 1
0 3
20 6
21 6
44 24
27 7
12 5
19 6
13 10
23 7
28 26
28 25
33 9
34 9
28 15
23 1
22 0
28 4
24 7
7 6
30 10
35 10
25 0
28 22
31 9
6 1
44 17
13 9
8 9
19 5
9 2
6 3
28 21
44 14
27 3
20 7
22 6
9 3
24 6
44 26
4 7
12 0
37 10
13 19
13 18
16 5
36 10
23 5
0 1
26 3
28 9
44 22
18 5
19 1
4 5
44 25
4 2
27 5
9 7
39 10
44 12
6 5
44 4
20 2
28 19
34 10
3 2
18 1
28 14
38 9
16 3
5 6
32 6
23 6
10 3
25 2
20 5
41 10
5 3
18 7
27 6
21 5
33 10
21 7
23 0
10 2
18 2
13 21
28 12
7 1
25 5
22 7
22 1
28 16
21 3
32 7
18 0
44 21
24 3
19 0
23 3
24 5
29 9
39 9
44 15
22 2
