25 17
1 10
29 11
3 7
22 16
37 2
29 13
21 14
25 6
13 10
32 10
21 18
29 8
38 9
4 1
36 35
25 0
22 10
26 17
33 24
26 15
29 18
25 13
38 14
25 9
23 14
21 1
37 18
31 6
37 6
23 16
13 1
3 16
28 13
15 10
20 1
31 10
21 13
3 0
25 5
22 11
37 13
24 1
37 5
9 28
32 6
21 16
37 10
33 35
33 36
28 10
21 17
21 19
26 20
21 15
3 10
3 8
21 11
23 20
37 11
22 20
38 12
26 7
26 5
3 9
36 39
22 5
36 28
5 1
3 12
26 6
22 2
23 19
3 1
25 18
26 10
37 4
37 1
23 8
25 12
17 6
3 15
38 19
22 15
18 10
38 13
23 10
21 6
25 15
29 20
38 5
29 5
7 10
32 27
38 2
21 9
37 16
28 2
22 19
30 0
29 1
16 10
25 20
23 11
28 1
26 9
10 27
38 11
37 8
12 1
38 10
21 2
21 10
23 18
38 7
15 27
25 11
29 19
36 31
37 17
23 2
19 1
29 0
22 0
25 7
24 5
29 7
22 1
22 13
36 7
23 15
8 6
36 34
26 1
29 10
1 27
38 0
23 7
25 19
22 12
6 27
38 17
3 13
3 6
3 17
8 10
23 4
22 4
26 19
8 1
21 5
3 4
26 14
26 8
25 1
15 1
38 1
33 7
26 13
21 4
38 18
8 27
29 15
26 11
26 0
33 34
25 14
29 16
38 6
23 12
22 17
25 4
38 4
7 1
33 13
38 15
23 13
29 4
21 0
18 1
36 24
3 20
3 14
37 20
28 11
36 13
25 10
21 8
29 9
29 6
29 2
23 9
25 8
25 2
33 5
23 6
0 1
22 7
37 9
3 18
37 12
26 12
36 1
3 2
16 1
22 6
38 20
36 32
37 7
26 18
23 1
23 5
36 5
4 10
21 20
23 0
21 7
25 16
22 9
38 8
36 20
37 0
2 1
29 17
37 19
37 14
3 11
22 8
22 18
26 2
26 4
22 14
11 6
21 12
26 16
29 14
3 19
23 17
38 16
33 31
3 5
37 15
29 12
