15 2
12 5
15 11
34 28
30 24
40 22
11 3
15 0
33 11
36 28
13 1
35 4
33 16
38 12
33 22
37 26
38 19
27 2
32 24
13 10
31 5
20 6
27 24
30 19
39 22
32 4
30 12
29 4
30 23
34 20
29 17
37 24
35 28
2 9
40 5
14 8
31 10
38 5
29 16
36 0
16 8
34 17
30 28
16 25
40 20
14 10
6 1
14 6
16 9
10 25
15 21
17 24
29 24
40 24
3 9
16 10
13 6
36 14
32 2
3 10
29 11
10 7
36 13
35 24
24 10
10 9
40 6
39 6
32 19
33 19
7 1
10 3
33 6
32 14
2 6
38 10
36 21
11 7
2 5
33 17
30 6
24 1
35 0
34 6
33 12
10 26
40 4
39 23
32 17
34 0
14 3
27 19
34 21
39 24
31 11
38 20
32 13
10 6
11 6
31 13
38 0
17 8
32 12
40 10
33 24
29 20
38 4
15 14
27 0
31 14
27 14
33 28
36 5
19 9
35 22
10 24
0 1
29 18
16 4
13 8
33 14
13 3
40 16
38 6
13 5
38 17
15 13
32 6
11 10
18 1
16 5
33 18
15 12
15 23
19 7
27 18
36 10
34 12
34 22
29 5
39 21
27 16
12 9
29 0
5 4
17 1
27 6
8 1
40 18
29 28
19 8
14 5
33 21
9 10
38 28
12 7
32 21
32 10
39 2
19 25
35 13
40 12
30 10
29 10
3 1
33 4
38 14
31 2
32 23
2 7
31 28
11 8
12 3
34 13
16 7
36 12
31 0
6 8
16 6
31 12
18 10
30 21
40 13
15 22
34 2
16 26
39 20
39 18
39 19
39 11
40 2
37 1
32 20
39 13
37 3
23 1
27 22
32 5
36 19
31 19
31 21
34 11
30 20
30 18
40 14
35 6
40 19
35 11
2 4
2 8
16 24
38 18
35 14
9 7
2 1
40 17
15 19
39 28
27 13
30 14
27 10
15 24
11 5
30 0
39 17
40 21
32 11
27 5
40 0
37 9
14 4
29 6
18 9
15 10
38 21
31 23
16 3
33 23
19 4
19 6
29 22
36 24
14 9
34 10
34 18
33 0
5 6
2 10
35 21
4 1
33 10
7 9
14 1
29 14
31 18
15 5
20 4
5 1
27 17
15 16
2 3
12 4
19 3
39 10
35 20
19 10
15 6
29 13
5 8
27 20
11 1
34 14
31 24
16 1
36 22
33 2
29 19
30 13
13 7
38 23
38 11
39 4
27 12
35 10
29 2
33 20
12 1
29 21
11 9
32 22
39 12
35 17
27 28
36 18
10 8
30 17
37 10
35 16
31 4
34 24
32 18
12 8
12 6
31 16
30 11
36 20
35 23
29 12
30 22
22 1
35 18
11 4
15 18
30 5
34 5
20 1
10 4
40 28
19 5
36 17
32 0
13 4
36 23
36 4
39 5
27 11
15 20
34 23
38 24
32 16
27 23
33 13
38 2
32 28
30 2
30 16
38 16
15 4
31 6
39 14
29 23
35 12
40 11
27 21
31 20
33 5
31 22
34 19
12 10
5 7
13 9
30 4
34 16
15 17
35 5
38 13
36 2
39 16
40 23
10 5
36 6
38 22
14 7
10 1
27 4
17 7
39 0
35 19
19 1
36 11
31 17
36 16
34 4
4 8
35 2
