47 2
32 25
8 23
46 20
23 1
5 1
47 20
32 11
30 17
45 38
30 23
32 2
34 11
46 13
27 3
27 11
48 4
27 18
47 21
17 4
17 33
20 3
14 6
30 10
32 14
44 38
45 34
21 43
45 40
46 15
20 9
31 4
24 3
20 4
28 1
47 12
35 11
35 3
34 12
46 2
48 22
27 28
35 13
47 14
27 25
7 3
8 21
30 25
44 20
34 5
36 3
0 3
48 9
8 13
30 13
8 1
30 12
7 1
29 10
38 12
30 11
35 22
29 14
6 7
45 20
31 17
8 25
34 36
8 14
45 15
8 16
30 16
27 9
30 18
47 16
31 5
46 18
32 18
31 14
3 5
35 4
27 19
0 2
17 34
13 1
27 4
27 22
29 9
29 12
5 6
30 19
23 2
22 6
8 9
47 10
29 1
46 22
7 2
32 15
31 3
30 2
35 20
31 24
35 14
31 23
29 24
30 24
46 24
4 12
8 20
47 13
8 24
27 14
20 1
45 1
48 18
47 3
48 3
30 5
31 15
8 11
35 0
48 11
35 24
0 5
8 15
35 10
32 9
31 9
12 1
46 19
5 3
26 12
25 1
47 23
35 2
48 13
0 1
45 2
30 28
31 21
8 4
8 3
7 4
31 11
31 2
1 33
34 2
32 12
48 17
30 1
27 5
3 1
29 18
4 5
47 22
45 4
31 20
29 15
27 16
35 18
10 2
46 28
11 1
24 1
11 5
40 34
45 49
30 21
30 22
48 0
48 1
46 11
32 16
26 2
4 1
46 0
8 19
34 42
35 23
8 12
25 4
35 9
32 24
31 1
48 25
47 28
29 4
46 16
46 5
44 45
48 16
29 21
31 18
31 13
48 36
48 10
47 15
27 10
47 11
27 21
14 2
8 0
47 5
2 6
27 20
35 1
32 13
44 26
46 21
28 4
24 2
10 1
31 0
32 10
40 12
38 39
27 23
48 15
32 22
48 14
48 12
30 0
29 13
29 17
4 3
29 22
8 10
29 5
47 9
32 0
17 1
46 25
27 0
32 20
11 3
35 16
34 4
31 16
16 12
29 28
30 20
46 4
14 1
35 15
36 5
29 3
48 2
45 26
27 24
32 28
18 1
17 12
35 12
20 5
0 4
32 21
27 17
32 4
11 4
12 9
19 1
47 1
32 23
8 22
36 1
32 19
29 2
29 19
31 19
41 42
48 21
48 24
44 13
45 41
32 3
24 4
7 5
36 2
1 2
29 23
8 2
32 17
46 12
46 14
3 6
26 1
12 2
47 0
31 25
34 1
31 22
46 17
30 9
8 17
30 3
32 1
47 17
1 6
34 3
27 1
8 5
47 4
37 18
27 2
8 18
30 14
30 4
45 28
27 15
35 5
35 19
34 9
27 13
24 5
29 25
46 3
28 2
13 4
29 11
47 25
48 20
45 17
35 17
30 15
35 21
31 10
35 25
46 23
34 0
2 33
36 4
32 5
27 12
46 1
48 5
29 20
47 24
18 2
47 18
45 42
31 12
46 9
11 2
18 12
