43 17
30 14
64 24
73 38
95 63
83 22
0 1
47 0
13 3
104 36
84 25
134 43
108 71
105 24
35 13
5 1
48 27
73 26
63 11
85 14
67 43
84 9
26 32
97 30
75 34
65 5
144 94
151 93
134 65
147 118
49 0
128 22
12 47
133 26
62 33
152 100
55 47
111 36
71 65
127 9
146 69
141 73
80 41
102 36
88 37
151 144
109 67
26 9
108 63
63 26
122 35
23 37
28 11
20 41
145 82
84 18
101 44
98 26
115 30
16 32
125 7
104 68
90 44
155 53
35 24
129 33
15 43
122 45
147 76
90 13
15 14
23 14
106 70
68 6
56 47
5 32
109 9
9 48
92 35
151 94
76 67
30 3
114 40
95 24
45 37
16 31
69 39
63 13
9 25
8 42
148 111
119 33
37 33
109 69
71 74
45 22
136 24
99 17
132 32
158 96
151 92
45 5
88 5
75 63
3 1
158 68
119 32
10 21
35 27
108 24
130 70
134 64
102 12
69 21
14 1
121 34
136 21
59 29
65 19
80 12
75 74
90 26
137 27
35 9
158 70
35 63
134 26
10 39
132 31
17 32
5 3
151 75
137 31
9 16
26 7
127 67
102 22
55 3
105 62
23 25
80 45
7 5
5 29
88 13
28 29
37 27
82 33
63 35
36 22
39 31
37 11
16 44
101 27
72 18
55 44
62 73
43 5
12 16
146 141
145 142
105 75
109 70
127 26
19 45
62 10
14 5
154 92
63 22
100 27
82 44
154 124
32 16
81 47
25 22
150 115
37 30
127 40
42 22
131 36
26 6
61 75
157 127
26 37
34 12
154 57
97 14
6 37
17 33
122 11
95 23
103 14
84 33
11 14
94 66
29 14
76 43
155 140
155 60
90 38
18 47
128 44
108 26
145 104
136 42
75 65
18 27
21 22
24 38
56 37
88 42
74 65
13 11
33 40
13 49
72 40
154 86
139 140
83 14
10 38
118 64
142 143
10 48
88 12
82 13
9 28
15 33
158 141
121 21
17 22
19 20
72 37
33 14
11 28
159 88
83 44
66 70
130 17
18 0
145 117
68 23
82 3
98 17
141 112
28 44
24 20
56 42
16 30
145 61
15 41
107 35
43 40
108 70
95 37
146 71
7 16
88 32
128 10
90 35
57 36
111 74
76 17
54 2
62 63
44 31
137 41
15 36
117 28
95 9
135 73
126 33
141 66
124 67
91 33
37 16
129 71
15 19
60 29
136 38
33 42
38 44
72 6
43 42
42 21
25 44
16 29
38 29
100 14
114 12
72 5
19 36
144 70
44 5
90 37
120 21
19 42
150 85
109 26
82 5
32 31
36 25
56 49
61 35
65 21
26 28
31 3
71 34
76 33
20 31
70 63
21 48
122 36
99 68
120 0
29 5
133 75
105 70
101 22
122 8
69 13
145 147
127 10
66 33
124 74
53 1
15 22
147 110
47 3
89 92
17 30
105 36
61 26
99 34
90 19
10 40
115 1
95 29
26 5
95 36
32 21
67 70
98 64
75 64
88 27
105 34
43 34
17 27
149 145
138 27
145 124
34 23
36 5
9 38
98 67
136 12
45 3
67 72
93 28
87 44
84 10
26 36
144 68
102 28
43 28
59 49
56 10
69 31
63 14
34 19
159 154
108 68
134 33
21 49
27 1
9 42
65 9
63 7
144 72
18 31
114 49
26 10
68 63
18 42
84 26
15 27
69 32
42 16
107 70
123 8
159 129
41 31
40 22
125 72
124 71
41 2
122 30
139 131
56 20
134 36
39 27
76 36
114 36
87 3
25 11
7 31
35 44
26 40
98 66
25 31
37 14
152 153
80 29
106 62
17 7
142 89
118 99
138 21
57 28
37 3
105 64
83 29
60 21
63 30
34 36
133 64
69 9
142 105
62 70
127 72
33 22
28 47
118 69
124 73
50 2
74 39
75 70
9 8
101 21
120 22
29 41
25 29
45 31
62 40
36 44
32 37
38 32
104 64
154 117
36 26
40 41
28 42
132 27
146 74
136 34
88 34
13 42
18 48
144 112
144 99
50 1
147 124
154 106
33 19
63 38
40 5
12 30
154 115
108 62
119 29
124 66
73 35
69 38
24 18
149 140
88 29
29 3
14 47
56 30
136 23
121 31
61 62
129 36
17 36
43 8
56 38
72 19
63 36
33 7
75 72
26 22
112 36
135 63
142 76
60 41
159 56
20 11
84 12
142 61
144 135
95 25
72 29
17 6
90 63
12 27
65 23
144 91
82 11
105 35
56 7
13 27
15 25
6 41
128 27
46 33
25 27
60 44
150 15
158 71
21 41
88 6
24 44
114 19
34 32
99 64
137 45
145 136
23 41
80 19
10 8
60 22
35 23
148 144
82 45
95 5
90 23
8 16
64 69
41 0
109 43
45 48
99 74
114 22
150 79
74 43
11 1
116 35
42 2
128 7
48 3
87 0
19 30
142 118
145 122
5 2
107 36
154 116
158 84
69 35
145 111
150 96
75 33
9 32
24 14
26 18
114 47
74 37
98 36
121 29
82 29
128 20
100 30
155 127
117 29
70 65
107 64
36 39
91 34
35 42
15 39
60 16
33 44
106 74
99 63
11 2
43 23
128 29
141 96
136 48
29 45
82 27
104 69
68 26
40 12
87 21
74 26
146 91
69 17
155 156
131 35
63 40
147 50
25 0
144 84
136 25
10 35
28 31
41 32
137 18
78 34
130 69
150 50
147 51
71 70
6 33
33 9
9 7
152 125
133 73
133 63
131 70
74 8
154 104
125 74
56 35
6 32
141 116
72 22
68 17
127 35
158 66
124 62
20 44
114 35
114 28
8 0
129 68
30 25
24 41
127 12
84 13
127 36
67 39
150 143
82 28
18 41
105 73
68 35
120 14
123 30
15 17
98 33
84 20
155 141
33 23
44 1
63 21
104 62
66 67
118 70
137 49
131 71
26 30
31 5
12 0
26 8
76 68
120 3
82 47
31 41
36 18
70 43
73 63
70 12
72 13
43 13
64 74
45 14
151 72
150 94
13 30
158 116
116 36
7 22
109 65
35 17
61 17
12 45
119 27
7 45
152 115
47 1
44 22
8 14
61 63
32 11
132 30
28 41
105 68
150 106
39 30
130 33
63 41
7 33
40 29
28 13
145 146
128 34
87 32
23 27
99 66
27 31
141 144
154 105
149 94
128 42
124 75
132 22
154 119
37 5
66 75
114 20
152 122
132 14
23 20
59 31
150 119
137 20
111 63
157 128
19 18
20 38
95 42
21 14
9 29
81 27
38 42
109 6
125 70
135 69
26 23
115 41
109 24
107 71
78 35
64 36
35 28
83 31
89 13
95 28
80 30
108 73
36 37
27 21
118 72
42 44
35 45
65 34
40 32
24 16
21 3
33 30
43 35
146 65
51 2
40 44
101 31
109 17
127 19
28 22
76 65
94 99
101 14
68 34
130 43
109 64
31 0
18 28
150 137
95 39
35 12
152 130
65 6
152 108
95 11
63 29
7 48
43 21
90 21
36 33
120 44
27 47
34 29
80 5
72 26
114 45
73 29
15 35
74 34
111 6
25 49
67 9
9 5
146 66
75 10
101 30
115 31
55 30
137 5
104 74
40 36
12 13
18 5
83 30
75 69
105 72
10 18
71 63
38 3
45 47
18 25
71 64
40 28
73 20
15 5
83 27
38 27
105 6
71 33
9 39
10 37
5 44
149 114
74 29
13 8
95 7
66 73
62 36
56 27
88 11
123 32
82 41
150 77
26 31
106 68
23 32
29 11
136 29
34 63
141 94
84 39
95 35
68 43
42 48
132 21
35 33
136 37
60 49
17 26
76 69
121 28
65 32
128 18
152 79
61 33
26 19
145 118
64 70
23 18
80 49
133 65
99 26
68 24
38 5
68 9
149 58
64 35
32 38
123 29
145 137
6 12
69 11
151 68
105 17
88 35
146 95
19 29
138 30
88 7
154 58
135 39
55 2
65 72
88 19
69 37
73 6
33 20
88 30
107 68
20 29
46 28
62 34
150 132
82 22
36 28
30 41
43 16
151 141
35 36
81 31
111 67
34 33
144 62
16 0
96 35
133 24
120 32
20 16
141 84
155 87
10 16
45 32
39 45
158 69
37 32
88 16
83 21
11 29
97 29
154 137
36 16
76 75
136 16
4 13
62 6
34 20
22 1
74 72
37 42
107 99
71 24
118 74
74 9
151 95
101 33
66 63
80 31
6 38
61 66
70 73
67 28
88 40
5 22
118 73
65 38
128 13
22 47
71 75
116 34
130 34
8 21
44 48
150 46
90 24
11 49
92 34
37 49
48 0
12 18
34 39
17 48
142 141
137 8
66 34
91 36
10 14
23 40
10 45
150 76
74 18
106 34
95 8
26 25
80 7
68 69
73 37
95 6
131 73
56 41
99 35
136 11
26 27
36 17
73 30
159 128
125 64
145 128
36 45
65 25
147 61
12 28
13 33
40 21
43 36
84 27
152 53
84 24
145 125
35 25
137 48
116 33
97 21
6 22
122 29
130 67
73 65
141 99
39 47
138 35
37 1
121 22
23 22
76 62
65 11
69 18
16 21
6 29
127 65
36 11
41 30
95 18
125 69
57 35
32 14
64 65
17 45
12 7
4 11
6 20
149 50
80 40
13 44
98 72
17 20
112 34
70 39
33 25
19 8
119 34
74 25
28 7
127 62
130 65
150 105
10 9
56 31
21 5
62 69
144 95
152 133
32 3
84 40
12 44
35 20
86 28
158 90
71 62
70 33
114 29
59 21
118 67
65 24
42 30
28 18
35 39
43 37
34 40
115 28
84 11
134 62
131 33
154 128
123 5
128 28
67 40
90 45
85 13
128 19
29 13
80 42
26 11
134 63
120 31
46 34
56 19
33 48
65 42
76 71
81 22
141 74
99 67
122 41
65 29
21 1
24 19
70 6
144 74
27 48
6 16
115 22
158 144
10 11
63 19
69 29
56 28
150 122
61 43
107 65
69 45
145 105
104 70
20 27
12 8
158 72
88 45
131 69
25 42
152 101
151 67
7 8
158 46
6 42
32 25
136 33
17 16
20 49
90 6
26 21
9 36
17 14
73 36
118 65
13 47
20 14
122 27
154 126
70 74
59 14
145 127
109 63
150 124
132 36
105 71
151 62
137 29
36 30
81 21
144 141
37 41
131 34
60 48
111 73
141 86
32 44
8 25
154 94
71 6
63 28
43 20
27 22
8 30
41 16
144 116
150 51
58 34
24 10
30 31
155 85
108 75
6 44
129 17
10 25
133 43
17 10
20 33
69 6
40 48
56 32
24 5
114 39
84 69
17 11
60 28
70 36
26 20
110 2
145 97
98 63
63 25
35 37
108 36
20 22
122 33
88 36
87 27
35 22
18 21
80 8
150 125
17 39
150 104
74 19
25 1
9 13
0 3
55 16
109 28
15 11
24 28
131 62
9 22
6 45
96 33
146 70
131 17
48 14
70 20
107 74
60 14
111 28
18 32
49 2
34 13
137 38
70 9
55 29
109 10
72 17
17 13
150 123
127 24
11 30
49 3
154 151
81 14
114 30
29 32
45 41
74 12
130 71
90 20
72 30
56 40
54 0
9 11
123 22
16 14
132 29
30 42
34 43
135 9
150 141
38 11
40 13
128 30
151 69
135 28
44 11
40 8
97 27
125 71
121 32
84 23
54 1
19 11
6 40
114 14
69 65
51 3
149 127
66 36
65 37
30 27
154 15
139 58
115 27
129 74
111 9
33 5
145 148
60 31
39 13
11 16
72 35
128 31
84 65
60 42
72 43
18 30
72 7
84 37
23 49
15 18
24 37
150 53
44 21
141 67
98 68
124 64
149 51
105 65
104 33
45 21
4 6
60 5
141 65
48 44
142 107
65 26
144 92
136 19
144 86
148 107
146 92
23 33
29 30
17 24
90 33
19 47
106 73
36 31
39 41
65 35
105 63
10 42
106 63
32 5
67 26
106 65
56 5
104 67
115 47
134 72
108 6
122 5
72 33
150 111
77 33
105 26
24 42
71 35
72 63
150 118
125 73
105 67
17 5
152 102
141 71
151 71
155 128
136 27
67 33
14 49
132 44
97 32
39 32
102 30
151 84
65 33
55 22
145 106
99 72
111 64
29 21
39 0
134 23
154 122
40 47
28 48
5 49
131 99
114 41
11 3
42 27
102 32
100 22
52 1
30 47
128 25
95 27
9 35
56 36
87 49
139 130
98 65
4 8
56 39
37 31
9 47
134 69
23 10
99 62
144 17
17 38
26 45
20 42
95 13
62 43
154 46
12 32
66 71
14 48
30 48
25 47
23 31
13 48
62 72
15 42
151 99
32 42
37 21
134 70
72 34
69 26
29 0
80 21
84 72
15 10
106 69
13 31
114 48
24 29
10 28
95 10
36 6
75 28
147 144
134 74
15 6
10 47
136 32
9 20
112 35
13 5
13 37
70 72
40 18
152 82
15 37
69 22
23 12
120 27
43 25
102 45
150 58
85 5
43 18
150 83
75 43
135 26
35 30
69 28
159 59
137 44
35 29
72 42
24 30
12 41
137 40
123 0
35 14
159 7
28 8
90 39
98 99
52 2
124 70
17 19
120 29
137 47
136 44
146 62
128 17
144 65
33 8
154 138
136 14
111 17
158 65
95 21
138 32
23 28
63 23
33 11
88 25
133 62
80 48
120 30
15 38
84 30
132 28
41 21
150 136
6 31
100 21
139 53
67 73
35 43
145 141
11 47
122 22
38 41
118 35
38 0
69 33
75 9
154 123
43 11
48 47
131 43
155 103
118 75
19 39
24 12
93 33
20 13
122 21
24 35
65 28
5 41
33 45
11 22
108 69
107 69
17 12
34 30
87 2
19 28
16 1
115 29
6 28
55 1
26 24
25 28
65 8
13 29
23 48
28 38
59 28
69 10
152 131
129 65
149 126
55 14
88 26
43 19
123 33
18 38
14 22
88 39
56 18
98 73
139 7
102 29
11 32
71 68
102 9
119 30
139 54
151 65
17 25
10 7
95 38
40 25
141 90
33 18
142 110
135 36
75 35
149 141
138 29
90 12
20 8
69 20
142 111
75 23
30 49
150 110
56 25
141 17
40 38
92 33
34 24
6 36
122 32
12 38
20 30
38 8
150 112
127 23
7 27
8 3
23 7
36 24
73 33
5 27
159 131
65 43
33 24
97 33
102 11
43 10
61 64
80 32
133 72
8 44
38 31
23 16
56 13
146 90
73 9
7 0
65 63
25 41
35 38
7 37
90 8
130 35
31 49
121 33
8 5
147 107
68 65
25 48
69 7
87 47
127 69
5 30
19 13
82 0
119 35
127 74
13 14
62 9
127 39
10 49
72 12
62 26
104 43
34 7
42 29
30 21
6 35
19 5
28 27
63 10
9 33
11 48
15 23
60 27
31 1
13 0
23 9
142 124
118 36
68 62
74 10
141 135
87 29
127 17
23 45
107 66
73 45
4 9
136 31
18 11
45 29
70 24
100 32
55 48
121 27
77 28
29 44
88 33
15 20
42 41
121 44
59 32
154 127
81 3
152 111
63 8
33 38
141 69
107 73
129 69
30 5
150 97
109 35
123 47
123 28
106 36
33 32
149 54
36 42
8 28
141 12
45 28
74 24
115 21
82 31
87 31
91 35
37 29
138 44
90 5
34 35
74 28
34 45
88 22
4 12
87 1
35 6
136 8
56 8
73 28
111 23
13 28
158 75
6 47
19 32
146 99
72 10
65 36
107 34
85 8
29 25
17 35
137 37
59 44
67 63
130 63
69 30
151 86
135 6
137 28
84 43
60 47
24 36
122 13
88 24
147 104
124 63
63 31
36 29
114 33
33 10
73 23
74 36
28 16
134 35
80 36
42 32
118 71
36 12
136 18
40 11
7 41
75 62
146 73
9 30
150 127
150 86
146 144
67 74
19 16
26 14
10 41
76 64
72 9
33 16
89 7
149 53
39 49
133 33
10 44
18 37
150 7
64 19
87 22
152 129
12 49
134 9
66 43
106 71
5 47
15 32
74 32
10 13
122 9
15 7
70 23
75 73
56 45
7 29
30 38
88 10
65 45
9 18
71 17
102 14
142 104
11 41
76 72
144 93
22 41
90 17
150 52
144 75
136 10
125 67
127 28
108 64
72 39
129 70
84 6
119 28
58 36
62 23
137 13
106 67
35 11
127 6
111 10
40 31
90 72
84 38
40 0
5 14
23 36
17 18
149 121
80 25
24 8
136 13
59 1
97 36
128 37
61 67
141 68
4 14
102 13
73 43
19 12
155 81
118 34
80 37
59 27
36 7
63 42
108 74
158 92
59 47
0 2
43 26
99 43
159 81
69 8
80 18
9 14
77 36
68 73
40 27
25 32
135 43
108 65
10 31
15 30
45 44
125 62
25 16
28 9
28 25
23 47
73 17
75 26
92 36
16 47
35 26
40 33
159 109
126 34
154 89
31 47
40 30
155 120
29 8
96 34
146 12
35 21
65 10
128 39
6 13
23 8
64 72
37 28
11 31
22 49
74 13
68 72
144 73
150 114
80 14
40 42
136 41
64 23
58 33
158 64
98 74
45 8
84 32
42 28
74 17
68 64
148 118
136 45
74 7
152 137
78 33
39 5
56 22
43 27
150 116
68 74
152 54
74 35
29 42
73 13
117 34
119 36
28 49
39 8
68 70
67 34
128 5
19 7
70 7
20 47
145 123
124 69
135 65
40 7
141 75
4 7
141 92
6 11
16 49
19 41
46 35
134 34
84 7
15 16
128 16
52 3
15 12
70 19
120 47
31 48
36 41
32 22
95 43
63 34
7 47
27 5
33 27
141 70
54 3
25 30
86 36
32 47
10 36
23 42
12 29
150 138
138 14
67 17
24 22
100 28
42 31
36 40
76 66
8 22
65 40
135 70
69 63
136 20
41 1
9 40
56 14
146 93
135 24
63 9
108 67
98 70
24 40
23 13
70 10
87 30
62 74
72 28
48 21
151 73
64 26
39 20
71 36
127 34
6 39
22 0
15 28
158 112
65 27
84 28
97 35
28 40
128 11
98 43
67 10
32 8
29 31
102 5
24 31
13 41
22 16
114 11
136 39
19 25
137 16
49 1
98 34
104 6
23 5
70 28
75 24
17 31
114 31
84 36
33 21
48 32
8 27
23 35
73 12
23 29
104 65
64 6
152 4
30 8
130 74
114 8
134 24
123 41
43 12
128 40
117 36
59 48
102 27
29 49
128 12
66 26
125 65
47 21
22 5
111 33
7 32
59 42
144 67
47 22
148 61
39 25
135 12
55 0
123 27
67 36
130 64
90 42
39 36
136 28
43 44
127 33
90 25
20 28
141 91
83 32
150 128
154 76
45 49
69 23
133 35
107 75
127 70
20 25
18 14
102 8
68 36
61 70
15 8
24 27
26 38
15 40
86 35
63 27
38 30
154 83
104 35
80 47
1 2
129 67
6 23
44 0
72 38
21 42
97 44
146 135
43 29
129 75
43 31
76 73
121 36
36 21
128 9
136 22
9 19
48 30
45 30
158 67
102 17
74 6
78 36
37 48
5 28
17 23
145 115
35 41
99 69
36 43
95 12
42 49
62 65
62 39
72 11
128 35
144 12
6 14
32 27
106 64
141 93
15 24
154 96
154 93
130 75
28 20
66 74
131 63
39 44
68 67
15 31
126 36
128 45
10 12
154 125
109 36
154 82
152 113
23 11
39 18
122 31
136 36
40 16
6 9
15 26
11 21
150 93
144 69
131 64
157 158
150 54
35 7
20 3
13 16
69 14
94 75
33 26
7 49
104 73
90 32
84 8
82 14
18 29
48 31
39 14
109 62
135 35
38 47
89 9
41 3
35 31
20 37
99 75
8 47
9 12
69 24
71 73
10 33
96 36
136 7
37 22
135 23
30 0
149 128
111 65
57 33
106 35
7 21
73 39
36 27
155 153
56 48
13 32
59 22
151 91
6 19
83 28
24 23
158 93
45 27
95 17
107 62
158 74
26 42
137 39
15 9
32 13
148 124
26 13
69 40
27 3
73 69
28 32
27 14
106 72
81 1
17 41
33 13
150 91
89 6
7 14
53 2
92 28
76 35
88 21
66 64
29 38
38 22
67 65
134 17
70 26
104 28
90 9
46 36
148 143
28 30
111 62
150 92
146 84
93 35
14 31
154 112
134 67
5 16
42 0
141 46
145 76
88 14
122 12
48 2
73 7
154 77
13 38
80 28
146 86
157 154
115 32
151 17
80 33
63 24
89 10
150 61
44 14
86 34
9 31
128 8
66 68
104 34
124 65
136 26
158 12
139 85
130 68
69 27
98 75
67 6
35 16
68 10
63 39
12 37
74 69
24 9
10 22
43 30
151 74
95 33
63 12
154 91
64 43
69 12
6 5
67 7
83 36
138 34
42 1
38 48
79 4
147 141
150 126
73 40
21 47
34 6
90 31
55 31
136 30
107 63
111 70
108 34
14 0
38 28
152 98
56 12
123 44
87 14
111 43
88 44
28 5
138 33
142 50
104 63
11 44
24 11
158 91
33 29
32 45
16 48
111 26
17 40
19 38
72 20
137 21
99 65
115 0
76 70
18 3
11 5
61 36
146 64
90 43
146 75
105 74
109 34
98 35
42 3
154 97
105 33
7 30
45 25
26 44
136 17
111 24
55 21
7 28
137 30
17 29
100 29
63 18
44 49
45 38
129 35
60 11
7 20
67 23
148 141
73 19
154 136
144 90
61 72
68 33
109 33
33 12
8 29
26 41
58 35
137 32
67 69
145 46
147 111
15 21
129 99
68 28
133 74
89 90
104 26
146 94
41 29
130 62
48 49
28 12
137 33
33 17
39 33
114 7
7 25
88 41
135 19
37 8
17 28
147 89
33 6
19 33
135 33
10 29
30 13
121 30
16 3
30 11
44 42
34 26
12 5
43 7
59 0
48 22
95 22
59 30
95 40
117 32
56 23
100 31
33 39
80 27
117 33
76 34
63 44
137 11
106 75
35 19
99 70
119 14
155 54
9 45
119 22
151 90
76 63
149 119
108 17
19 22
120 2
158 73
65 17
111 72
102 33
43 33
130 73
78 28
63 20
118 63
139 128
99 36
59 2
149 85
84 29
158 94
61 69
30 44
111 69
146 116
38 25
23 38
75 17
134 6
101 32
45 0
72 21
10 20
135 17
98 71
6 18
90 10
8 32
110 1
158 17
72 25
43 41
151 112
3 2
95 26
21 16
106 66
19 48
38 49
41 27
24 25
12 22
38 33
43 9
80 39
26 48
122 10
71 43
18 16
72 24
26 29
129 43
124 72
105 69
19 37
85 11
97 31
148 51
90 36
15 13
147 106
123 21
56 33
99 73
68 75
150 82
94 68
18 13
72 23
6 25
36 13
69 19
124 34
114 37
80 11
139 127
62 7
157 89
102 10
10 19
66 72
42 14
150 78
39 38
154 141
102 34
63 5
44 3
90 65
18 45
66 69
37 25
118 62
154 78
122 7
73 18
123 14
125 68
158 86
34 9
23 44
148 106
76 74
67 24
82 21
108 33
148 76
129 72
133 17
104 72
36 14
133 69
84 45
155 130
128 14
152 140
155 7
15 29
28 37
9 27
104 24
63 43
71 26
159 141
70 40
37 44
43 38
149 143
38 14
45 33
146 112
72 36
53 3
130 36
95 20
134 73
129 63
149 150
35 32
123 31
24 32
74 45
113 14
131 66
128 26
147 143
127 7
122 14
81 49
73 24
9 21
137 42
59 5
67 35
137 22
60 0
124 68
67 19
60 32
14 41
114 25
109 74
10 32
34 28
43 6
80 22
7 11
115 44
75 6
61 65
12 14
119 44
111 35
80 13
6 27
11 27
102 44
122 17
47 49
19 14
129 62
26 35
7 44
26 39
33 41
39 11
142 51
45 11
131 75
65 18
141 95
127 63
99 71
148 52
141 62
81 29
81 30
134 28
6 7
90 7
73 10
129 64
72 45
132 33
37 47
149 110
151 96
150 57
8 49
72 32
27 0
75 36
147 52
137 25
7 13
24 33
137 36
109 72
17 44
36 23
64 33
24 45
56 16
36 20
88 31
89 93
67 62
84 63
61 68
159 55
32 49
144 46
75 67
39 29
149 89
7 42
139 129
43 14
81 2
64 28
142 52
128 24
26 33
151 12
93 36
80 44
144 64
15 34
95 30
146 67
41 49
130 99
149 83
28 39
41 47
149 52
36 19
154 118
36 38
20 45
129 73
64 73
11 0
30 45
40 20
114 27
71 67
56 29
76 26
69 36
45 16
66 17
61 71
80 35
155 131
126 35
65 20
64 34
66 65
8 31
114 13
144 71
144 96
39 48
19 21
30 37
131 65
17 42
122 6
35 18
159 17
38 21
39 16
148 104
62 19
114 21
62 12
80 16
81 48
8 41
9 49
154 7
135 74
28 10
122 44
28 23
114 5
84 35
108 72
30 22
148 89
128 36
150 117
109 23
154 107
124 99
64 9
118 66
24 13
63 32
63 16
150 151
155 109
35 5
29 37
43 22
10 27
119 31
146 68
39 12
88 17
36 10
16 22
89 96
63 33
17 8
5 42
29 22
136 40
139 141
87 48
135 34
15 44
133 34
28 21
17 21
104 17
20 48
88 18
133 67
9 44
39 22
12 42
147 105
16 27
149 7
34 10
21 0
88 8
154 111
93 34
135 62
141 64
31 16
136 6
122 34
36 9
29 48
90 28
152 109
146 96
138 36
69 43
115 2
115 14
84 17
5 48
29 27
148 110
12 11
159 87
61 73
27 11
63 17
24 48
40 49
12 25
145 107
131 68
62 35
29 47
154 132
44 27
127 73
28 45
35 8
102 7
59 16
102 21
47 14
24 7
158 95
133 71
22 48
152 136
107 67
88 38
150 140
56 21
144 66
157 145
73 74
36 32
139 89
129 34
137 14
19 49
151 66
18 8
18 33
80 20
128 33
5 21
25 3
115 3
90 29
47 2
4 10
128 21
133 70
59 3
124 36
129 66
128 41
64 67
77 34
65 12
26 12
117 35
39 37
107 72
51 1
138 28
101 29
16 2
60 3
141 72
56 11
73 72
11 42
77 35
159 60
59 41
94 73
114 44
108 43
8 11
63 37
104 75
128 6
154 61
158 135
88 20
149 57
109 73
133 68
74 33
81 32
36 8
120 48
41 22
74 38
20 5
23 39
38 16
12 21
102 31
102 35
18 22
151 135
29 18
40 14
70 35
70 69
151 116
32 48
66 35
136 35
109 75
7 38
95 32
148 105
159 120
120 1
145 89
138 22
34 17
6 30
39 28
128 23
157 141
9 37
35 10
90 27
154 114
19 31
136 9
55 27
71 72
18 44
61 74
89 94
90 30
122 28
10 5
20 21
74 20
25 5
71 69
24 39
45 13
26 16
65 7
63 6
159 130
88 43
62 17
61 34
123 3
82 32
31 22
41 48
17 9
127 43
90 40
128 43
65 13
25 14
119 21
146 46
60 1
32 0
158 99
80 38
33 31
8 1
159 158
47 31
114 32
151 46
24 6
62 24
94 62
90 11
27 41
35 40
136 5
65 39
20 0
135 40
98 62
84 19
151 70
83 34
41 14
9 41
60 30
32 30
98 69
27 16
114 42
158 62
12 20
39 42
6 21
139 109
108 35
128 38
121 35
128 32
15 45
86 33
41 44
14 3
155 59
57 34
17 37
29 16
67 12
64 62
64 17
102 6
48 1
44 41
5 0
152 123
114 16
64 39
94 34
131 74
19 27
125 75
39 40
133 36
146 17
89 95
89 91
8 48
62 28
22 3
97 28
12 31
137 7
32 41
40 37
142 144
138 31
43 45
124 35
74 23
130 72
44 47
42 47
123 11
74 40
81 0
151 64
21 31
28 14
43 39
148 50
131 67
155 129
81 44
72 8
90 18
88 9
118 68
4 5
105 43
150 89
39 7
83 35
88 23
12 48
55 49
135 7
20 32
10 30
33 28
5 31
114 38
82 30
64 10
88 28
69 72
18 49
45 42
111 34
152 134
12 33
55 32
39 21
25 21
130 66
63 45
73 32
23 21
134 10
56 44
101 28
70 17
95 19
142 106
19 44
13 22
13 21
150 107
137 12
106 99
97 34
23 30
121 14
13 25
135 72
27 49
70 34
6 10
24 21
38 37
155 8
69 25
159 127
146 72
37 0
20 18
102 41
131 72
64 63
83 33
6 8
132 35
6 48
114 18
120 49
40 45
56 9
95 45
43 24
100 44
66 62
43 32
33 37
72 27
74 30
74 63
43 48
135 10
82 8
