41 32
42 13
11 1
11 26
19 3
32 2
35 3
43 3
44 6
58 30
41 6
4 3
45 32
0 5
42 37
39 29
27 1
48 34
48 24
44 15
44 24
43 18
43 33
13 8
23 2
35 22
20 2
59 25
28 9
45 12
11 6
20 4
58 13
43 31
58 14
43 20
3 6
58 32
59 13
43 21
44 0
46 5
11 30
54 4
11 10
11 27
44 32
6 7
35 17
57 8
45 29
8 9
58 15
20 1
57 3
17 1
44 22
58 0
58 10
6 3
0 6
11 25
51 34
56 54
0 7
11 16
26 6
38 4
23 1
40 22
18 4
42 5
19 1
40 0
0 2
59 10
40 12
43 16
58 1
40 31
46 2
11 15
44 28
34 4
42 24
58 6
56 51
20 3
44 21
59 0
39 3
40 18
40 23
54 51
58 20
43 25
35 5
5 9
24 9
40 33
5 6
16 34
41 20
11 33
41 12
45 16
44 17
23 9
44 13
43 27
44 3
59 28
43 10
35 30
55 15
59 2
24 1
24 2
58 22
51 37
11 17
11 29
11 2
45 0
40 19
43 32
52 53
21 5
55 38
45 3
48 13
24 23
17 12
59 21
58 23
40 27
58 27
58 24
11 3
59 30
58 17
33 13
34 23
59 24
39 7
41 18
58 26
59 15
56 4
44 20
29 9
0 1
56 46
44 23
40 28
41 5
38 5
29 7
39 6
32 9
41 28
29 1
43 5
58 31
46 3
40 26
48 2
49 1
42 4
56 57
41 10
41 27
40 1
40 29
35 25
45 1
41 3
35 33
59 20
55 39
10 9
47 19
46 24
56 13
46 23
43 26
59 31
40 15
33 24
41 29
35 2
44 16
11 0
44 33
4 7
19 5
41 22
56 36
4 5
40 5
41 33
59 22
29 2
14 5
11 21
24 13
41 7
43 23
55 49
38 7
56 38
59 23
3 5
35 21
45 26
45 30
29 3
35 15
35 23
11 32
40 24
45 23
40 17
33 34
35 16
40 32
59 27
18 37
51 4
31 5
43 17
51 1
59 6
48 3
41 1
45 14
17 2
59 3
55 16
39 4
35 28
41 21
20 7
56 39
15 34
35 29
35 10
45 31
11 31
11 19
35 26
27 7
41 17
43 1
58 12
44 7
45 2
45 17
40 6
44 26
43 0
43 30
58 28
17 7
56 15
40 10
45 10
18 34
16 13
43 24
20 6
48 23
59 7
58 7
41 0
56 18
27 6
44 1
58 21
43 19
35 24
22 6
45 22
0 3
55 36
18 46
35 12
58 3
32 4
55 34
32 5
35 6
48 5
24 4
44 29
54 16
33 4
59 33
3 9
44 10
44 18
16 37
41 15
32 1
45 5
44 27
2 3
46 12
46 13
45 13
55 37
45 6
19 7
7 9
58 5
11 5
19 6
32 7
45 15
50 9
11 28
35 31
59 19
59 18
45 28
59 12
17 5
41 19
27 9
45 18
40 25
28 6
59 5
0 4
46 4
45 21
56 49
32 13
55 56
58 19
43 12
4 6
44 30
11 7
3 4
17 6
35 18
47 20
40 16
58 25
44 2
30 9
56 24
45 19
40 13
43 2
11 23
48 7
43 7
54 13
59 1
5 4
35 13
49 2
47 0
48 1
45 24
17 9
35 32
45 33
18 5
11 22
24 5
40 20
19 4
36 12
41 23
44 5
48 4
32 3
58 29
45 7
35 7
59 26
11 20
51 2
40 3
58 2
45 25
11 24
43 6
20 5
18 24
6 9
33 37
46 22
32 24
43 28
41 31
45 20
50 1
41 2
22 23
50 2
11 12
16 4
3 7
43 29
15 37
41 30
35 1
40 21
51 13
19 2
46 34
41 24
58 16
56 42
44 14
43 22
59 17
40 30
32 23
42 34
55 42
50 6
23 13
43 14
59 32
11 13
59 29
44 25
44 12
40 14
5 7
35 14
22 12
32 6
59 16
35 20
29 6
11 14
59 14
48 37
35 27
40 7
11 18
40 2
56 37
41 25
39 5
56 34
45 27
43 13
4 9
41 16
13 3
58 33
35 0
5 3
54 48
35 19
44 19
41 26
46 53
43 15
56 50
41 13
16 24
58 18
44 31
41 14
33 5
