12 6
6 29
46 2
32 1
26 9
45 24
28 6
43 28
32 11
10 16
46 16
10 5
23 22
45 41
26 13
17 8
26 6
26 4
36 1
33 17
26 16
9 29
47 0
0 1
27 19
9 2
3 30
33 6
20 4
46 3
46 1
28 4
5 6
5 4
3 5
0 2
26 2
33 2
25 15
43 45
33 9
47 14
27 11
9 4
32 16
47 5
24 2
31 16
23 4
46 5
13 5
32 9
34 3
34 6
45 22
14 33
37 38
2 6
28 8
28 9
10 21
23 6
23 8
45 6
25 6
32 7
34 16
35 0
31 8
37 2
31 13
39 5
10 9
47 8
26 8
43 44
46 22
45 1
39 2
26 5
34 9
17 5
46 19
27 7
31 4
13 6
12 9
23 18
47 3
8 4
43 17
17 9
32 3
32 21
22 9
47 12
45 44
25 13
4 6
7 4
27 22
25 19
22 8
46 14
33 4
4 3
32 18
10 12
43 24
46 7
38 5
34 20
32 20
32 5
23 11
31 5
47 22
31 18
46 11
25 22
46 4
45 9
27 18
10 7
0 6
31 7
45 37
39 1
46 13
46 21
34 17
26 18
10 15
34 5
31 2
31 21
27 5
9 8
23 1
10 3
25 11
33 40
27 2
4 5
31 19
43 12
47 18
47 9
26 17
46 20
26 22
0 4
34 21
26 12
47 4
10 19
5 3
14 4
11 4
25 17
26 19
10 8
35 15
31 0
45 28
27 20
47 11
47 15
8 29
32 19
24 5
26 15
27 14
23 12
32 8
31 11
25 20
25 12
25 5
25 0
7 1
34 8
3 29
32 4
25 3
23 14
28 5
10 6
37 5
10 0
32 22
27 6
10 22
15 2
23 17
45 14
45 33
32 15
17 4
46 6
47 13
4 29
34 12
12 5
47 16
46 15
28 1
46 18
2 5
34 1
23 21
23 16
20 6
25 4
27 21
46 8
47 1
33 7
0 5
39 33
46 9
27 12
32 0
23 20
40 1
31 12
23 5
12 8
31 15
10 11
23 0
46 17
34 13
26 11
47 19
46 0
34 22
28 2
32 12
31 17
47 17
31 1
34 0
47 7
41 12
34 14
45 4
4 30
5 30
33 1
26 21
45 39
34 15
5 29
31 3
34 2
15 6
10 2
11 6
7 9
25 21
14 6
45 8
32 17
15 4
10 4
11 5
10 20
26 1
25 18
27 3
27 1
31 20
31 22
25 8
26 3
31 9
25 2
45 12
10 17
23 7
25 9
10 14
32 6
31 14
27 17
15 5
31 6
25 14
25 1
27 9
47 21
23 15
39 38
12 1
45 40
37 1
47 20
33 5
1 3
26 0
0 3
43 37
32 14
33 8
42 29
25 16
45 5
34 7
23 13
13 29
22 5
43 39
32 13
22 4
23 19
26 20
23 2
15 3
10 13
22 6
27 13
34 18
21 1
34 19
34 4
27 8
45 17
13 4
7 6
14 2
6 30
21 9
25 7
24 6
23 3
7 8
20 5
24 4
27 0
27 16
10 1
26 7
27 15
12 4
46 12
23 9
47 2
27 4
14 1
26 14
32 2
47 6
41 40
34 11
30 29
2 4
14 30
10 18
14 9
