31 30
39 8
36 8
40 9
25 19
24 8
11 4
23 13
22 16
6 16
38 17
8 7
22 13
35 8
40 17
40 0
22 15
22 3
6 13
40 20
23 1
38 14
25 5
23 21
9 4
23 3
27 0
40 10
26 21
26 7
38 1
15 4
35 28
22 9
40 11
40 13
32 35
19 1
10 14
25 11
39 9
22 19
22 11
10 2
22 1
19 2
25 7
40 8
23 14
26 12
39 14
38 19
21 7
38 15
24 4
36 14
6 17
25 13
29 2
38 0
25 12
35 24
26 9
22 0
22 17
6 5
39 10
39 18
6 10
1 2
18 2
26 13
30 7
11 1
22 7
39 20
8 1
23 15
36 37
40 18
35 36
40 3
32 13
32 33
6 12
38 13
26 17
40 15
39 1
40 7
23 7
6 3
40 16
38 20
23 8
39 19
38 18
25 21
38 12
25 10
23 12
38 5
25 20
5 4
36 1
6 18
40 14
38 3
26 15
26 10
24 11
40 12
25 18
21 2
40 21
23 18
38 7
23 20
38 10
32 9
39 17
35 31
26 1
26 3
4 1
25 9
3 4
26 2
13 4
39 2
38 16
22 2
6 7
39 13
39 16
11 7
25 1
32 24
38 2
39 21
35 30
32 16
23 9
25 8
8 2
22 12
19 29
38 21
39 0
28 7
35 13
0 2
26 8
38 8
6 2
26 20
39 3
6 15
22 8
28 29
40 19
23 17
21 1
6 20
24 13
6 9
23 10
26 0
35 4
23 11
28 2
35 12
22 10
26 5
36 2
25 14
25 0
26 16
26 19
39 11
11 2
0 1
39 5
38 11
10 7
25 16
21 4
6 0
22 18
22 20
25 15
13 1
25 3
22 5
6 14
30 4
40 5
23 2
39 7
32 8
19 7
36 4
23 19
6 19
38 9
6 1
36 3
40 2
40 1
39 15
26 11
20 4
25 2
6 8
26 18
6 21
22 14
22 21
26 14
36 7
23 16
23 0
8 4
6 11
32 34
35 11
39 12
23 5
25 17
