46 15
50 2
115 116
101 70
43 2
21 18
45 31
18 11
83 35
74 2
73 32
35 16
79 50
94 48
55 44
31 7
49 1
24 12
49 15
46 38
51 3
106 58
26 9
40 2
73 20
24 11
57 42
39 29
28 7
25 11
80 49
106 84
101 85
23 24
39 31
62 3
55 38
92 6
88 42
24 34
46 32
1 9
47 31
42 32
43 47
36 31
7 11
28 5
90 3
96 27
43 21
55 60
74 9
25 10
49 16
28 15
45 22
73 33
38 9
52 2
36 22
43 24
90 5
40 22
26 25
48 31
5 10
51 32
80 43
88 38
27 25
115 113
38 2
108 69
0 1
33 13
85 58
35 33
49 9
97 5
101 71
77 9
45 21
111 101
109 4
35 22
36 6
3 21
36 16
42 27
105 96
77 18
83 45
41 27
12 10
32 11
35 11
3 32
90 1
110 78
47 5
111 46
80 29
4 2
106 46
104 72
92 9
56 41
84 29
42 40
13 8
35 9
112 86
112 79
2 25
80 59
22 13
73 15
113 71
113 88
36 10
104 46
46 29
85 3
56 40
49 27
93 57
53 18
37 35
34 5
18 8
57 30
68 5
2 47
38 24
3 36
75 40
49 26
110 55
81 39
62 9
30 26
50 46
58 2
74 5
81 48
71 43
94 60
76 2
31 22
60 30
14 16
76 58
110 100
69 27
36 7
51 39
33 25
46 1
78 25
92 21
58 30
14 6
60 46
71 56
41 50
106 104
57 56
29 35
41 31
107 104
37 45
104 41
56 24
33 18
68 11
84 37
104 71
27 11
38 33
56 37
1 25
113 95
22 10
27 3
21 13
29 17
27 26
69 28
81 24
81 1
83 27
49 47
83 28
1 16
23 3
45 6
110 63
89 2
59 41
84 38
111 84
57 50
47 40
96 33
50 1
20 7
36 34
49 40
1 35
15 12
23 34
49 18
84 44
67 46
80 47
28 31
110 23
110 72
15 9
83 36
105 78
94 59
45 5
47 6
101 58
23 33
32 13
16 12
85 29
23 18
105 106
4 6
101 43
37 33
88 40
27 21
25 17
96 49
1 17
45 27
56 28
37 1
114 96
30 1
14 12
51 48
78 18
43 27
2 1
29 12
31 16
78 9
104 44
34 21
59 49
83 39
71 59
59 45
47 29
50 34
94 58
37 36
26 31
60 42
79 51
49 35
37 32
39 36
55 3
104 50
4 3
113 96
81 59
29 7
115 96
88 49
31 34
96 1
83 29
49 36
59 47
88 51
105 69
23 1
38 6
105 102
112 87
69 72
26 34
33 16
79 44
19 15
45 25
50 40
50 39
111 41
51 47
114 101
11 10
51 26
84 2
28 17
27 6
116 58
41 32
117 53
67 41
3 25
109 103
49 30
32 1
51 1
73 25
73 10
25 13
108 82
17 9
114 53
24 1
27 16
28 16
41 40
39 25
15 5
101 98
84 42
94 40
81 38
50 19
45 18
117 25
67 43
27 17
95 1
45 20
77 5
87 21
15 6
59 37
29 6
65 33
67 51
80 41
24 17
51 49
36 1
94 57
46 21
50 35
101 44
88 59
35 26
112 100
33 31
50 49
33 7
59 24
97 2
110 71
101 39
57 46
31 9
49 38
85 44
23 25
63 2
42 29
116 72
85 43
47 45
98 50
114 54
51 50
76 39
116 71
107 76
29 15
45 19
75 59
39 19
108 101
1 32
3 20
23 30
51 44
69 24
78 6
51 46
26 12
61 3
29 9
20 9
75 44
10 13
44 46
51 29
112 92
29 22
104 43
78 34
58 50
29 11
51 24
50 30
56 38
17 6
106 16
30 34
40 1
83 2
35 10
49 21
43 39
116 42
109 52
31 17
116 84
40 21
27 22
1 5
6 20
64 11
42 26
87 20
23 31
37 46
46 31
42 1
37 41
99 54
116 57
86 34
39 16
46 47
40 26
45 34
47 1
98 43
109 74
48 27
77 7
106 51
85 49
106 60
99 25
70 3
80 48
40 29
95 2
104 29
39 1
30 36
28 22
60 48
28 33
24 18
25 1
42 50
116 39
81 46
36 11
41 25
76 48
78 24
101 42
73 22
3 27
101 41
31 15
58 45
25 15
85 60
81 43
37 42
3 26
107 88
19 10
76 47
39 17
39 22
80 50
46 19
43 46
47 35
115 101
38 25
80 40
10 6
106 48
56 51
43 26
46 40
39 2
19 5
32 15
110 83
111 71
29 33
91 9
35 21
59 36
78 5
102 69
55 43
73 11
34 9
104 59
110 52
77 16
65 17
106 56
106 98
26 13
92 7
59 39
94 47
102 88
105 55
6 13
106 44
83 42
106 72
111 43
27 19
49 29
32 12
26 6
105 92
23 6
101 57
37 40
75 30
29 31
51 28
85 50
44 40
105 67
116 45
99 52
91 13
58 39
44 28
34 17
75 41
24 22
2 36
27 33
48 33
35 17
19 7
56 42
67 59
28 27
85 1
101 38
96 25
101 72
26 17
30 25
83 1
75 1
14 13
71 2
89 6
3 31
19 1
12 8
93 25
53 7
94 41
52 1
101 104
38 1
111 56
88 56
113 25
28 11
19 16
39 27
40 7
33 6
29 32
40 36
104 60
34 20
69 21
38 32
38 27
84 35
113 23
34 1
30 28
94 2
104 85
59 43
25 20
96 38
104 37
19 11
88 50
105 77
46 34
110 93
21 7
49 25
87 16
41 29
40 15
32 22
110 73
30 5
32 19
94 49
38 22
76 38
89 9
41 33
50 28
112 78
42 35
57 49
113 73
113 78
44 35
59 35
73 16
92 19
98 51
84 30
21 15
87 25
79 41
107 69
44 27
110 111
44 41
39 6
32 17
24 32
82 8
96 31
109 89
85 51
48 29
83 48
104 70
65 9
47 18
78 27
65 19
1 11
60 56
116 41
73 18
90 2
60 29
41 3
56 29
32 21
32 6
58 37
101 37
34 19
51 42
109 71
116 85
38 20
19 20
58 29
32 33
44 30
25 16
23 9
104 39
51 40
58 46
101 34
40 19
111 47
27 10
2 34
55 30
44 3
47 15
20 16
67 44
117 96
24 20
19 18
84 48
63 3
2 26
110 91
57 39
80 39
79 3
94 37
87 19
113 55
30 27
96 39
55 58
47 27
78 32
56 39
22 16
21 9
37 28
25 21
12 6
65 15
60 39
116 43
109 105
110 66
67 45
93 56
33 34
73 19
15 18
75 39
41 26
93 49
31 6
27 12
105 101
6 5
79 46
113 90
90 9
36 33
58 48
51 41
113 83
111 16
85 57
11 5
80 1
64 9
45 15
30 3
38 17
47 17
3 34
116 46
80 38
47 33
76 44
26 7
29 21
17 13
85 48
22 15
58 60
84 45
104 34
111 48
112 81
113 111
83 3
23 29
81 56
26 15
31 5
48 50
14 9
39 33
58 51
39 7
76 46
19 6
29 1
30 16
37 29
111 37
40 18
30 15
116 34
7 12
40 9
73 31
24 25
96 50
88 60
56 2
79 45
97 3
14 11
33 10
48 43
24 35
26 16
3 6
27 1
106 37
116 37
109 96
91 8
12 5
42 31
18 5
43 28
57 3
51 35
50 45
83 49
74 1
7 9
76 3
110 69
32 20
83 47
114 100
21 5
23 12
22 17
7 13
77 13
76 42
101 45
38 30
33 12
56 3
101 46
98 46
60 38
58 41
111 39
10 8
46 27
49 22
40 12
79 57
25 9
55 1
48 26
55 2
79 56
76 43
25 6
16 5
78 7
58 40
27 35
113 61
38 31
75 3
98 58
26 5
14 21
80 3
72 2
54 2
6 12
68 8
17 11
5 9
53 5
88 45
71 57
110 76
53 8
81 37
31 25
111 59
57 37
65 5
29 3
49 28
16 18
102 55
2 29
59 1
3 39
117 14
4 5
86 21
98 47
17 15
104 57
109 25
2 31
23 15
88 43
101 16
14 15
102 101
49 3
29 25
65 18
48 46
44 49
80 42
49 39
105 88
75 46
1 12
2 38
7 10
39 5
46 28
76 41
84 3
28 1
48 40
96 2
89 3
110 61
18 12
62 5
43 38
107 66
19 12
86 19
47 21
37 24
2 19
43 45
39 35
98 59
17 10
43 30
37 47
87 32
67 25
50 22
92 34
22 12
45 40
3 35
49 24
104 49
46 25
59 29
59 38
73 1
46 26
28 3
29 34
2 22
78 29
17 7
69 25
112 83
88 3
41 39
116 29
29 36
93 45
60 51
64 7
101 50
89 1
11 6
43 40
112 67
64 20
87 33
68 7
104 51
88 47
33 21
46 22
34 11
110 103
29 5
79 1
111 60
37 51
50 26
104 84
84 36
35 1
29 16
41 1
1 29
25 18
57 51
88 2
113 97
28 35
31 10
22 9
29 24
45 29
27 5
41 30
33 20
24 28
1 33
30 21
79 38
15 20
57 44
73 17
106 50
55 56
113 69
102 83
55 41
111 45
117 116
21 16
92 5
35 18
70 1
14 1
55 45
79 47
84 51
6 18
65 31
109 110
56 30
116 98
47 28
44 31
84 27
38 34
81 50
41 47
73 3
45 24
14 5
65 32
67 57
44 32
40 25
73 21
24 15
55 51
34 7
83 41
43 32
50 21
24 26
73 26
106 59
96 46
104 58
117 81
48 38
59 3
32 18
58 59
20 6
98 44
108 76
65 16
7 8
89 5
79 29
117 101
60 44
42 39
22 11
98 38
27 31
41 2
107 55
24 36
43 34
112 66
40 6
31 11
40 20
80 24
1 20
3 18
105 93
26 10
50 38
40 28
30 35
1 21
38 35
44 39
55 46
78 21
23 35
99 81
83 40
30 20
50 17
78 3
3 29
75 43
107 103
23 11
60 47
9 18
93 46
101 51
116 38
10 9
47 34
75 45
48 35
20 5
30 18
38 47
116 59
29 30
49 17
84 1
96 41
22 18
65 21
41 28
111 38
51 45
36 5
42 30
39 34
75 49
80 51
40 16
44 26
3 30
101 59
94 42
116 50
88 41
39 26
96 3
16 10
28 9
62 6
85 56
16 11
75 51
42 46
46 24
65 11
32 34
112 0
111 51
80 30
60 59
56 46
41 49
110 25
43 50
21 20
45 3
49 20
113 63
42 48
3 24
44 50
97 6
83 43
75 48
53 13
110 101
99 96
47 26
55 47
58 42
85 45
48 30
34 18
94 43
88 37
28 26
58 56
68 12
36 12
65 13
38 40
19 22
104 16
14 22
47 12
38 3
93 50
48 39
106 34
21 12
68 10
111 34
76 49
93 42
92 1
93 37
26 18
80 44
80 57
101 47
35 3
58 3
42 36
113 70
110 96
25 12
30 24
50 31
110 95
58 49
34 10
53 6
76 37
64 13
98 42
117 54
21 17
23 32
56 43
81 35
22 5
101 48
80 2
35 32
58 44
61 2
43 25
115 69
109 100
18 7
71 50
75 56
58 1
29 28
76 45
75 58
62 2
102 76
42 45
59 2
12 13
38 7
28 12
14 17
106 70
38 5
113 76
29 27
113 72
67 42
55 39
46 17
90 6
28 6
106 101
38 29
28 21
37 39
79 2
46 2
45 39
32 5
57 47
48 36
36 19
47 7
116 16
30 17
59 51
114 64
47 32
108 88
87 34
6 10
36 17
84 24
17 20
35 25
73 34
68 13
83 24
107 83
76 56
50 24
116 70
58 47
88 48
14 18
66 8
32 7
96 29
106 71
19 21
3 28
20 11
46 33
84 41
24 16
64 5
88 58
9 10
113 67
105 76
60 37
37 26
49 19
31 21
56 44
59 44
105 83
80 56
24 19
44 33
83 44
94 3
83 46
56 59
76 57
46 3
24 7
59 46
20 12
34 22
30 32
61 1
14 7
15 7
55 48
56 49
86 25
112 75
111 57
56 50
17 12
78 19
57 48
38 16
46 36
112 80
98 57
72 1
23 36
38 39
75 47
34 12
32 3
67 56
27 18
93 59
5 13
111 44
34 15
51 43
3 40
85 41
40 24
69 71
37 27
19 13
35 6
25 7
74 6
38 12
79 48
57 43
111 72
98 48
93 51
16 9
116 49
30 9
20 10
105 108
91 5
88 57
63 1
104 42
80 46
76 59
38 26
23 22
16 13
31 1
3 5
81 44
7 5
83 51
34 16
106 41
37 3
98 45
33 22
106 39
22 6
75 2
17 18
26 1
43 29
3 22
41 45
116 56
76 50
29 18
85 46
94 38
35 31
106 57
113 54
24 31
75 37
92 20
75 42
1 18
22 20
98 56
31 19
102 66
30 33
57 2
24 3
58 57
111 85
39 28
47 36
39 12
73 5
44 29
65 6
46 45
45 17
96 40
26 19
116 104
84 47
23 16
23 5
6 11
36 20
51 30
0 2
93 48
41 43
28 36
23 2
40 39
108 104
42 24
41 36
38 21
17 5
69 19
57 45
44 42
6 16
45 1
42 33
19 9
33 19
48 32
98 39
81 40
108 55
33 26
56 48
114 81
31 13
1 26
50 29
80 37
50 3
94 44
3 12
55 50
47 22
111 70
30 7
53 16
16 7
43 35
106 42
10 5
26 11
0 3
109 82
108 83
1 27
38 28
32 26
48 25
57 1
50 47
78 28
60 45
59 48
86 20
40 30
65 22
84 46
64 15
110 90
98 60
29 26
37 43
113 52
57 40
40 27
37 30
101 56
3 15
1 19
106 49
24 5
26 21
62 1
101 60
97 1
32 10
112 77
55 29
79 42
60 43
53 12
81 30
113 91
102 104
45 16
38 15
94 56
44 48
28 32
88 44
85 47
43 31
39 18
23 27
52 3
23 17
60 1
58 43
45 36
27 36
6 9
42 41
112 91
83 50
33 17
98 49
23 20
42 3
44 45
47 19
85 40
95 3
84 50
116 101
57 41
78 20
22 21
29 20
14 19
30 31
59 30
56 35
98 2
5 12
9 13
2 3
88 46
104 101
48 2
49 2
34 13
37 38
85 2
112 93
1 6
30 12
28 25
83 37
28 19
26 20
9 16
96 24
68 9
56 47
81 45
39 15
56 45
86 16
111 49
41 38
41 35
111 42
40 5
110 77
60 24
28 34
32 25
24 27
85 37
3 38
113 62
106 45
31 20
71 37
44 43
60 40
85 38
41 48
28 20
92 13
37 2
38 36
85 59
40 33
102 103
55 42
2 24
79 59
36 25
11 8
96 32
93 44
115 54
55 37
116 47
18 13
42 28
27 32
35 19
107 101
65 20
27 9
45 32
24 33
96 28
79 49
1 24
2 32
78 33
81 2
46 30
110 89
35 20
59 50
42 47
108 103
24 6
57 29
45 9
28 18
5 18
44 1
23 26
39 30
44 38
113 89
65 25
55 57
69 70
36 3
91 6
30 6
35 7
79 37
101 49
37 50
33 5
75 29
51 38
73 6
50 36
47 20
24 21
18 6
94 46
3 1
68 6
2 39
84 39
37 44
9 11
76 51
59 42
41 24
70 2
19 17
38 19
67 50
43 49
40 35
78 16
48 49
47 16
96 43
49 45
94 51
115 105
3 19
36 9
43 3
39 3
111 104
110 62
80 45
59 40
49 32
117 68
101 84
44 36
15 13
96 30
57 24
12 9
106 38
48 45
81 29
93 43
101 29
102 82
76 40
15 10
41 46
60 57
36 15
56 27
51 27
96 47
4 1
72 3
2 35
94 45
64 18
98 3
24 10
3 17
48 28
79 39
23 19
98 40
85 39
60 3
56 1
46 35
48 1
25 5
104 48
71 41
39 21
1 34
95 9
18 9
39 9
55 40
92 16
28 10
46 49
113 101
59 27
113 93
39 20
53 11
43 1
45 28
104 45
69 16
94 50
16 8
98 41
108 66
36 32
105 107
65 26
23 21
116 48
12 11
48 34
83 30
110 97
84 49
110 82
38 45
73 7
55 59
84 28
58 38
81 47
37 48
110 88
77 6
99 100
38 18
45 33
54 1
65 12
43 33
45 12
73 9
33 15
106 43
22 7
23 7
110 70
49 34
2 28
96 26
74 3
81 42
47 39
110 92
59 28
111 29
25 34
109 69
116 60
67 37
55 49
47 9
117 113
79 40
107 82
45 35
104 38
111 98
51 2
45 30
95 5
42 43
43 22
31 12
47 24
40 3
48 3
79 24
45 26
45 7
98 37
39 32
29 19
96 45
35 5
81 3
54 3
44 2
92 18
49 33
43 19
114 25
27 34
104 47
36 18
110 67
2 27
32 31
3 33
2 33
32 16
78 1
35 34
43 36
67 49
32 9
105 91
109 95
50 32
14 20
40 34
96 36
113 92
64 12
78 2
71 42
31 18
47 25
51 36
95 6
75 57
81 41
93 41
110 54
116 51
47 2
30 19
111 50
44 24
65 10
47 30
64 6
35 36
75 50
7 6
16 6
2 40
96 48
112 94
27 15
75 38
3 47
111 58
3 16
25 22
27 20
50 27
36 21
109 101
40 31
30 22
81 51
53 9
34 6
33 9
11 9
50 33
37 49
18 10
81 49
35 12
30 10
79 30
79 43
17 16
49 31
65 7
35 15
96 35
9 12
84 43
14 10
65 34
48 24
57 59
40 17
99 69
42 2
65 3
39 24
1 22
60 41
106 29
3 9
85 42
23 28
46 39
83 38
21 10
65 1
51 33
15 16
64 10
104 56
106 47
76 60
60 50
53 10
27 7
20 13
99 101
26 22
75 60
24 9
104 98
97 9
33 1
67 48
42 49
50 25
47 3
1 28
44 47
81 27
113 77
106 85
109 90
40 32
36 26
64 16
42 38
11 13
48 47
60 49
73 12
57 38
81 28
25 19
21 11
20 18
5 16
60 2
116 44
21 6
84 40
33 11
