9 5
21 4
28 2
26 4
9 12
29 13
36 7
9 14
25 17
11 4
32 1
21 7
36 12
37 19
26 15
9 19
7 1
38 12
26 18
37 13
25 4
28 16
8 3
27 1
12 27
37 4
28 3
23 4
11 3
37 1
28 13
26 19
26 5
37 2
38 16
38 18
26 7
11 14
26 10
24 6
26 23
12 7
27 3
28 10
38 3
37 22
28 5
24 3
28 20
22 3
27 4
12 3
34 3
37 18
5 7
32 4
12 1
9 3
38 10
26 2
9 22
37 14
31 4
26 0
9 15
36 32
28 11
25 15
27 7
38 5
34 14
6 2
28 8
1 4
36 23
38 22
26 22
28 7
25 2
9 16
37 8
25 10
9 1
36 3
0 3
38 17
31 1
9 13
28 23
36 27
37 11
38 13
28 14
36 4
30 0
1 3
25 1
38 6
9 10
37 7
24 4
37 6
38 21
28 21
16 3
37 0
21 14
38 11
26 20
9 8
25 12
25 7
28 22
36 33
25 16
38 0
22 7
26 8
27 5
9 4
26 11
36 24
37 5
38 20
38 7
3 2
38 2
38 4
38 23
7 3
25 6
3 4
28 15
25 22
25 14
28 18
37 23
0 2
37 20
7 6
9 0
36 31
25 18
23 2
38 15
0 1
9 2
5 3
38 19
26 6
0 4
29 0
25 13
26 14
4 2
38 14
8 4
23 3
5 4
36 6
25 19
26 12
24 1
30 13
33 6
26 16
26 17
25 3
16 4
21 6
25 23
35 24
37 10
9 20
26 13
9 23
37 3
13 2
37 12
23 7
9 18
13 4
37 21
27 6
26 3
38 1
28 0
27 16
26 1
28 1
9 11
3 1
28 6
27 14
13 1
37 17
28 4
13 3
5 6
37 15
26 21
35 31
28 19
35 36
9 7
36 16
25 20
25 8
24 7
25 0
21 3
27 2
25 11
9 21
25 21
28 12
28 17
37 16
38 8
25 5
4 3
9 6
9 17
21 2
