20 4
0 9
14 1
0 10
20 9
40 4
27 8
19 13
28 10
23 7
15 2
41 12
40 9
21 7
15 11
20 12
26 4
31 32
38 6
13 6
14 2
20 8
23 6
15 4
24 12
20 5
14 11
24 11
20 10
0 12
26 10
44 13
15 6
44 4
41 13
44 8
16 17
42 7
41 10
40 7
23 12
41 9
21 8
27 13
31 22
0 13
40 3
37 34
21 11
25 4
24 2
40 8
42 6
25 8
0 2
19 8
18 5
42 5
23 10
27 6
28 13
21 6
24 1
15 8
24 6
31 35
21 13
19 6
42 10
42 2
21 3
37 8
23 9
23 13
14 3
19 9
19 12
38 39
19 1
23 5
31 26
20 1
22 4
14 5
44 9
29 30
19 11
28 9
28 1
28 4
24 8
23 11
22 10
0 4
40 6
0 8
37 43
20 13
44 3
0 6
28 2
28 5
15 13
13 1
27 1
44 6
31 2
24 7
41 7
25 12
23 1
18 2
28 7
41 8
37 36
44 1
14 7
23 2
15 7
28 8
24 9
14 8
20 11
31 36
37 2
41 3
42 8
40 5
27 10
40 1
43 17
24 10
25 2
40 12
44 5
20 7
42 13
21 9
21 10
27 11
18 13
21 1
40 2
15 3
43 30
41 2
19 7
21 4
18 10
28 3
37 35
21 2
19 4
20 6
0 7
31 33
10 30
27 3
27 7
40 10
42 1
14 4
31 34
38 17
37 13
24 4
18 9
25 11
18 11
20 2
23 8
41 1
42 12
41 4
37 29
37 33
37 9
44 7
19 10
14 6
42 3
24 13
29 17
27 12
0 11
18 1
25 13
42 11
37 38
20 3
44 2
37 6
25 1
42 4
25 3
41 5
14 10
10 6
42 9
24 3
41 6
25 9
18 12
0 3
13 5
44 10
23 3
28 6
18 6
28 11
18 8
0 1
27 9
27 4
14 9
40 11
15 10
44 12
23 4
21 5
25 6
25 10
15 5
27 5
18 7
31 37
44 11
14 12
28 12
37 47
37 16
19 5
15 1
24 5
18 4
14 13
37 32
15 12
37 46
19 3
25 5
41 11
15 9
31 16
21 12
40 13
27 2
38 10
25 7
19 2
18 3
37 45
0 5
