22 23
14 6
15 0
14 4
16 10
7 4
6 4
26 21
15 1
28 8
14 8
14 11
15 8
27 3
20 19
27 25
9 4
16 4
27 29
13 9
13 6
20 4
15 11
17 4
28 6
17 0
2 4
11 19
27 6
15 9
5 8
22 8
18 4
16 1
18 6
1 0
8 9
17 12
16 7
11 0
28 0
0 1
13 11
26 3
28 11
2 3
20 21
18 10
16 0
28 9
27 4
27 11
13 7
11 9
17 8
28 4
18 12
5 1
5 9
7 3
27 26
16 6
27 2
22 24
28 12
5 11
28 10
27 21
27 9
9 8
18 1
15 10
18 7
27 23
18 8
18 0
25 4
15 6
14 0
6 3
22 2
17 7
27 24
14 9
13 0
17 6
11 8
8 4
14 10
16 12
15 12
2 1
16 8
5 7
5 4
16 9
5 0
17 10
5 6
14 12
7 1
22 26
3 1
18 9
13 4
13 10
27 7
11 4
17 9
26 4
22 27
13 8
15 7
20 3
14 1
9 19
14 7
22 4
28 1
5 10
8 19
18 11
26 19
15 4
27 1
27 20
20 8
25 19
13 12
17 1
27 19
16 11
13 1
4 19
28 7
22 25
5 12
27 8
17 11
