11 16
24 7
12 4
24 8
15 4
27 0
31 16
16 1
31 12
26 2
10 2
17 1
22 8
8 1
13 4
19 7
31 15
18 12
26 4
6 7
29 0
21 8
20 8
14 3
5 2
11 14
16 3
31 10
1 3
28 7
31 17
0 3
17 4
11 12
22 7
14 4
12 1
8 3
25 4
3 2
25 3
5 4
15 1
0 2
11 13
5 1
25 1
29 4
2 23
11 17
27 8
6 8
27 4
11 15
5 3
13 1
29 26
7 2
29 5
9 1
8 4
14 1
31 13
10 4
10 3
11 9
7 3
31 9
17 3
21 7
18 7
15 3
15 2
0 4
3 1
20 7
9 2
27 7
18 9
0 1
18 10
18 15
19 8
18 13
17 2
18 14
3 4
28 8
12 3
13 3
16 2
30 4
28 0
11 8
4 23
7 1
28 4
1 2
28 5
9 4
11 10
29 10
18 17
18 8
10 1
7 4
1 4
27 5
28 26
13 2
11 7
8 2
12 2
18 16
16 4
31 14
27 26
9 3
14 2
