12 2
15 9
6 1
5 6
17 7
24 14
19 16
6 2
9 2
23 7
5 14
22 26
6 3
5 0
24 3
24 2
24 12
5 3
24 4
23 1
22 1
5 7
5 11
12 1
23 11
23 10
17 0
24 6
14 2
24 1
20 9
24 9
20 14
23 2
24 10
22 18
5 12
5 4
5 1
19 2
19 3
22 19
15 14
5 9
20 21
23 9
2 1
5 13
11 3
0 1
24 13
2 16
22 21
18 2
24 7
22 9
20 18
24 0
13 2
0 2
5 2
15 10
15 3
23 6
24 8
20 22
15 7
23 3
4 1
9 1
22 25
11 1
5 10
5 8
4 2
7 3
13 1
0 3
15 8
23 8
1 2
15 0
23 12
10 2
15 13
15 2
15 1
15 11
24 11
1 16
11 2
23 13
23 4
8 1
23 0
6 16
15 4
15 6
11 16
18 3
23 14
15 12
7 1
