27 29
17 3
26 1
28 12
15 21
6 3
1 13
19 20
27 32
6 2
0 2
30 12
14 8
20 19
34 14
24 14
23 4
38 3
27 10
7 20
29 16
27 24
43 4
4 13
8 21
24 12
45 1
37 4
17 1
34 9
47 13
34 8
39 2
47 8
44 2
0 1
33 16
34 16
10 16
42 2
28 16
2 9
7 21
23 3
29 8
25 2
40 2
31 8
46 4
30 8
13 20
25 3
18 21
39 4
36 4
14 16
33 12
24 8
16 11
30 15
43 1
11 13
39 1
3 16
33 14
33 9
24 11
46 8
6 1
16 9
5 2
10 14
6 7
7 19
9 21
3 9
40 4
31 13
14 11
45 4
11 15
24 15
2 13
27 3
5 1
26 3
30 11
3 13
4 8
3 8
9 15
35 9
33 15
1 9
46 7
45 2
48 9
33 8
35 16
0 3
36 1
11 14
6 4
3 15
38 2
31 9
27 28
46 3
27 2
11 8
31 11
30 9
2 15
41 3
22 4
42 4
27 30
37 2
31 14
12 9
16 14
9 19
46 2
24 16
8 19
25 4
22 3
40 3
30 13
33 13
34 11
15 19
23 2
3 14
4 9
31 16
28 9
27 33
29 9
29 11
26 4
12 15
16 13
26 2
24 13
1 15
32 15
14 9
38 1
18 20
15 20
29 12
32 8
41 1
32 9
4 15
46 9
1 8
17 4
29 13
32 11
2 8
13 21
35 12
35 15
12 13
14 13
20 21
32 13
10 9
34 13
32 14
22 1
12 8
24 9
46 1
32 12
14 15
6 9
11 9
36 3
10 8
40 1
21 19
37 1
18 19
27 31
46 13
39 3
5 3
47 18
22 2
33 11
13 19
45 3
16 15
5 4
9 20
28 14
34 15
47 9
34 12
42 1
28 13
35 8
44 1
27 1
36 2
42 3
19 21
27 35
23 1
17 2
25 1
6 8
41 2
44 4
43 3
32 16
29 14
43 2
37 3
30 16
11 16
28 11
31 12
27 4
35 13
10 13
30 14
35 11
31 15
16 8
29 15
28 8
0 4
3 11
35 14
38 4
8 20
44 3
27 34
10 11
10 15
41 4
47 7
28 15
10 12
21 20
