25 1
18 9
25 13
8 12
24 0
24 5
26 2
6 7
11 2
26 13
14 2
19 20
14 7
24 13
0 2
24 2
21 10
2 1
4 5
21 17
10 2
18 0
25 3
25 11
14 10
24 6
21 9
26 6
19 7
15 0
26 11
21 7
16 2
8 5
0 1
27 0
21 20
7 6
18 10
24 1
27 1
27 13
16 1
27 3
25 12
27 11
18 7
21 22
27 5
26 1
17 2
14 0
25 10
8 2
8 0
26 0
22 23
17 16
25 5
8 3
26 12
18 11
14 12
25 6
21 2
1 3
21 23
27 12
8 13
27 2
14 6
14 13
24 11
21 11
14 5
24 3
8 1
25 9
18 13
25 0
19 10
18 1
25 2
18 5
14 9
24 9
26 10
27 7
27 6
21 5
22 16
25 7
8 9
5 2
8 11
14 11
14 1
19 21
26 3
26 9
19 4
0 3
8 7
18 3
18 6
24 12
27 10
18 2
8 10
18 12
24 10
24 7
26 5
14 3
8 6
22 2
27 9
26 7
