114 83
19 3
99 19
60 40
12 39
86 48
46 49
9 3
53 16
32 9
55 53
99 34
11 10
61 46
6 19
50 13
10 0
16 14
123 95
46 47
49 15
127 31
96 12
69 19
95 48
51 35
81 12
45 16
23 12
31 11
48 20
124 49
34 38
32 35
99 39
90 60
98 53
46 32
97 53
129 99
62 56
113 70
119 59
23 9
13 22
113 72
3 1
93 9
30 31
51 10
36 11
22 24
7 16
95 9
18 24
118 106
38 22
41 10
19 24
32 21
62 49
101 19
119 117
39 44
41 19
24 13
121 54
16 9
33 22
32 4
11 1
59 62
40 37
22 25
32 19
123 102
126 72
99 3
16 10
88 3
122 123
71 48
40 44
52 53
41 24
114 91
129 68
106 40
24 19
28 1
30 9
12 9
94 38
85 46
117 109
113 57
67 42
122 72
67 47
60 44
22 5
42 35
15 9
117 86
88 10
79 38
108 48
45 33
31 18
90 49
33 19
125 23
96 21
85 38
95 5
46 35
60 34
35 11
70 38
94 10
64 11
36 0
42 40
88 24
48 11
60 42
45 19
99 33
49 16
106 25
80 60
54 57
47 12
33 36
112 31
42 11
131 67
106 33
106 44
13 5
33 35
31 25
130 85
35 17
45 22
38 19
103 53
44 22
76 11
16 4
99 53
56 48
102 4
51 21
106 7
48 12
91 80
107 25
126 31
16 35
81 0
101 48
113 85
130 113
55 34
97 48
101 22
36 24
127 113
122 26
110 31
39 9
24 0
126 98
43 22
4 13
107 20
60 12
22 14
79 53
102 1
124 78
55 43
95 19
99 35
108 47
84 49
122 103
8 16
77 17
79 59
80 46
58 61
53 49
32 11
47 22
99 8
48 18
121 79
79 61
15 41
16 0
46 43
34 16
15 17
34 5
19 8
37 10
131 29
45 25
57 46
124 60
101 16
51 13
24 20
101 15
113 45
124 84
15 4
13 19
85 55
88 16
24 22
122 68
22 10
75 58
117 72
44 7
131 99
82 61
16 19
5 19
102 19
37 0
9 4
49 45
124 57
123 69
125 2
55 13
36 22
5 0
18 19
58 47
45 15
106 45
42 32
37 8
108 34
79 80
125 100
16 20
118 95
22 11
131 64
39 7
45 43
120 113
95 53
38 20
126 78
72 48
130 69
23 14
104 48
109 18
33 13
33 41
130 108
30 38
40 24
43 25
43 15
36 25
105 22
15 34
99 43
91 48
88 5
47 5
76 19
40 21
65 22
34 20
47 45
10 8
45 39
86 53
93 12
87 20
49 10
109 12
77 18
117 58
31 9
123 23
106 11
39 24
50 20
51 39
130 111
25 10
6 13
95 37
81 1
96 16
47 19
131 31
58 49
96 9
57 60
49 25
45 3
99 17
43 4
47 33
88 39
81 11
68 71
30 41
81 16
43 39
81 22
39 21
29 21
99 7
6 4
56 38
127 99
74 53
67 18
123 79
22 21
13 21
94 9
60 37
31 0
60 33
17 43
120 26
95 16
10 13
39 8
79 48
38 39
131 126
18 7
64 0
84 15
124 69
67 15
60 36
39 22
63 38
29 11
8 10
113 71
3 13
125 96
88 15
42 20
84 60
67 5
57 47
107 4
53 37
6 12
114 54
119 62
55 24
8 17
103 48
77 20
75 59
82 55
92 12
76 22
86 38
41 11
99 18
65 9
107 11
110 20
46 7
108 33
74 57
109 22
64 16
119 84
98 48
17 20
100 59
61 42
126 66
106 12
90 42
66 31
124 110
64 20
94 17
20 22
125 106
129 118
34 15
53 43
56 33
20 7
124 58
130 45
67 8
123 115
19 14
61 53
9 5
20 5
37 41
74 59
38 31
29 13
40 7
35 1
56 45
49 38
117 110
60 47
91 62
109 38
119 71
59 55
107 41
37 21
32 0
100 46
27 0
68 31
90 46
3 4
3 7
122 98
41 39
126 87
33 17
8 4
92 16
42 41
5 17
69 9
46 41
46 24
15 44
43 24
119 90
64 24
30 20
78 48
30 40
88 21
107 8
30 3
65 5
47 32
15 8
88 35
119 69
34 41
3 22
42 13
41 22
120 116
37 15
45 44
46 4
105 14
77 19
68 70
46 44
96 17
29 10
44 17
18 8
92 11
131 100
43 41
105 19
62 47
50 12
118 105
31 41
47 43
45 10
7 17
4 24
16 13
48 35
60 45
81 5
72 80
51 25
22 18
30 42
15 20
11 14
67 45
99 15
117 60
25 24
32 13
38 17
31 24
50 0
31 3
100 58
113 84
5 4
54 56
24 11
54 58
81 3
32 8
34 39
48 36
117 61
94 18
48 17
41 3
32 14
12 25
42 37
16 11
50 11
93 16
10 3
40 20
15 25
16 24
45 7
126 92
60 46
53 55
28 4
84 56
88 18
64 1
56 40
125 105
123 87
36 43
57 38
33 4
50 1
45 37
44 9
46 9
69 10
3 24
25 4
107 5
30 39
85 53
45 12
38 40
104 53
44 3
81 21
38 46
123 31
48 32
53 33
69 38
30 45
31 21
118 121
20 43
94 15
82 47
42 16
125 107
123 27
18 21
48 44
3 21
45 5
6 15
9 1
43 35
47 9
17 5
36 9
101 18
10 14
107 12
117 71
27 14
41 21
35 12
96 1
93 48
39 1
88 41
28 14
42 19
34 17
30 4
49 32
34 19
80 57
30 18
47 3
40 15
124 45
131 113
124 72
104 15
126 69
43 21
15 19
5 9
23 11
38 41
8 22
55 8
48 39
131 51
17 8
42 10
25 17
100 57
130 110
40 19
49 9
88 44
92 4
8 5
27 1
126 63
90 53
3 11
43 3
8 11
96 4
65 16
24 15
112 113
35 16
33 7
66 56
6 8
20 24
40 35
59 56
42 5
118 87
9 0
95 46
65 15
19 13
49 41
53 20
45 32
80 48
89 48
60 15
118 68
2 3
17 4
77 16
120 79
64 12
122 94
25 9
108 16
69 22
83 21
35 10
93 53
50 9
94 20
65 12
110 60
113 59
62 38
88 11
44 35
11 13
99 12
35 7
41 17
37 4
44 18
123 78
16 43
8 0
30 35
99 41
61 15
11 21
126 93
94 16
98 33
107 10
5 11
84 48
87 17
45 31
89 38
69 12
123 97
16 7
102 18
3 14
23 3
117 62
5 18
46 40
65 18
90 47
94 11
29 12
55 48
67 19
66 61
123 105
38 36
43 7
17 41
105 17
37 5
47 41
119 49
23 5
78 53
126 54
98 38
106 38
57 53
39 19
6 21
113 62
12 14
25 13
57 55
99 44
122 97
117 73
32 7
99 11
35 0
49 20
38 15
120 91
123 93
20 12
108 49
15 10
47 15
39 4
131 6
55 36
113 46
51 7
44 16
53 41
117 84
46 22
17 7
33 44
13 9
21 1
51 15
55 4
118 79
53 31
20 11
117 69
6 17
117 111
67 53
75 47
92 3
67 17
88 17
74 56
52 16
71 38
90 48
114 28
46 34
36 12
11 18
130 62
6 9
107 18
37 32
131 88
33 16
125 83
113 61
40 11
106 14
122 28
111 15
121 26
32 43
122 83
113 108
46 36
81 18
56 15
46 18
46 8
3 17
38 5
55 45
59 61
123 71
107 17
99 37
7 22
31 17
23 10
107 31
55 49
100 62
39 20
75 56
51 22
72 57
130 117
67 25
32 3
122 99
16 12
123 116
100 60
130 57
126 89
29 22
47 35
42 3
123 63
125 116
13 17
52 48
55 47
49 5
94 4
51 19
7 9
74 47
41 13
109 31
123 81
111 53
16 39
126 105
119 58
70 48
69 53
55 44
38 16
75 38
78 15
39 10
44 0
34 43
106 22
92 9
67 13
109 48
84 46
113 90
60 20
108 40
80 38
43 5
51 9
25 16
76 18
3 0
40 22
99 13
43 10
41 16
87 48
10 24
34 45
59 60
37 13
113 111
17 39
40 43
107 32
64 7
49 22
84 38
9 25
109 3
67 35
107 16
13 4
51 11
59 48
111 38
40 9
112 100
61 38
33 21
85 59
37 17
85 58
17 0
34 3
18 9
79 57
12 19
93 15
107 24
88 7
40 3
97 15
20 0
100 53
122 115
53 15
99 9
96 18
90 15
55 11
54 48
5 20
24 1
22 1
105 4
101 4
46 39
101 12
65 0
54 60
131 98
80 53
92 0
85 56
58 60
2 4
75 46
55 3
92 21
46 48
15 11
106 41
41 5
36 20
117 78
98 40
5 14
13 1
16 17
34 22
88 0
33 20
88 22
45 4
122 31
33 37
110 46
25 8
25 7
55 9
24 16
46 12
106 15
49 8
123 26
36 18
84 53
113 110
94 12
130 58
67 12
54 59
113 73
130 109
32 17
67 20
40 14
6 11
124 61
50 25
29 0
105 16
80 62
109 41
92 41
56 47
120 68
46 5
38 24
25 0
14 1
50 16
99 24
8 18
18 5
40 25
45 13
39 14
9 19
130 78
28 0
96 22
47 24
24 10
18 10
9 8
15 18
6 1
46 11
25 1
82 60
29 1
24 7
33 14
126 97
7 13
67 36
107 39
106 24
35 4
126 86
82 53
49 42
0 1
44 15
31 5
90 56
60 31
12 4
37 18
57 62
55 31
114 115
20 19
113 117
45 21
51 44
120 117
43 44
55 38
24 4
96 0
15 5
125 66
92 10
55 33
20 39
117 59
101 9
15 16
15 13
59 46
46 19
50 7
111 46
127 98
38 43
106 3
78 16
114 79
18 1
23 1
71 53
16 25
84 34
20 4
98 45
37 11
64 8
123 98
92 19
12 22
36 5
34 10
67 41
102 21
98 31
76 17
40 8
23 20
20 8
16 32
92 15
89 15
122 113
7 18
126 79
64 18
29 18
35 20
122 27
30 16
130 70
55 20
69 20
46 37
34 37
40 10
6 22
110 48
17 13
46 17
74 58
34 7
37 12
119 78
75 48
109 17
22 3
30 19
96 20
61 48
39 12
109 45
11 4
34 24
30 12
36 32
100 38
8 20
25 5
15 40
46 16
38 3
72 61
44 1
51 5
20 14
55 18
76 4
36 3
95 18
51 12
16 8
8 9
42 45
40 4
46 15
124 80
106 39
24 12
125 77
126 106
66 60
77 4
32 39
13 10
114 116
82 49
17 10
55 32
88 20
30 36
68 73
55 41
24 17
33 9
53 38
45 9
54 62
75 62
76 5
55 39
45 11
7 4
105 18
30 44
55 7
109 15
82 48
58 48
53 47
98 47
10 21
46 10
79 56
32 12
67 43
15 22
114 26
65 19
123 28
79 55
113 49
24 21
67 24
101 17
6 14
56 55
19 1
51 17
47 18
131 46
75 60
107 13
12 21
5 10
46 31
106 16
50 21
31 39
29 20
68 72
30 43
19 7
119 111
75 57
7 10
91 59
20 10
85 48
36 14
117 70
20 9
40 13
117 113
88 13
40 18
120 115
6 5
32 20
123 86
109 16
112 98
62 46
64 22
36 44
43 13
30 37
61 34
31 4
44 8
32 16
42 44
117 45
91 60
6 20
67 49
15 39
131 50
43 20
35 15
95 17
99 48
7 11
19 10
23 16
35 13
60 55
43 9
88 19
20 25
48 37
48 22
50 17
65 3
124 90
64 10
30 34
95 31
89 53
15 12
99 40
64 3
124 109
119 86
93 18
42 33
53 36
63 15
24 9
127 64
42 36
100 56
126 52
80 59
113 78
113 56
95 38
67 22
87 15
124 70
63 53
49 24
119 45
32 41
32 25
20 18
35 8
30 5
29 5
27 21
36 41
49 31
23 17
43 0
37 25
41 4
29 9
3 16
95 10
17 22
67 9
106 4
9 13
18 14
39 25
33 38
38 9
50 4
100 61
125 92
18 13
49 40
114 117
36 10
33 5
82 56
72 53
21 0
34 35
106 36
33 10
38 25
37 24
9 10
39 11
50 24
25 18
15 32
37 39
105 5
84 42
75 61
18 0
7 5
67 44
71 15
91 38
59 58
20 44
67 37
108 38
126 113
109 9
9 14
39 0
96 14
15 35
47 4
107 36
59 38
93 22
114 113
37 44
96 5
111 60
24 5
55 16
130 49
7 1
108 46
30 15
31 13
84 47
42 31
100 55
74 60
91 57
83 0
30 32
13 12
58 62
3 18
34 4
106 35
123 68
108 45
45 41
123 101
67 32
130 86
41 9
33 11
88 32
55 25
69 16
48 45
23 22
106 37
124 108
65 21
50 19
77 22
37 14
15 3
95 4
55 37
44 12
54 55
58 53
25 12
4 0
95 22
124 56
121 27
99 4
36 7
20 21
38 33
60 38
118 92
34 44
46 20
38 11
41 15
44 21
121 117
119 46
8 12
58 46
15 36
55 35
8 14
25 19
92 17
60 41
17 35
56 49
23 21
53 45
50 22
30 10
124 71
38 7
62 61
108 37
43 12
106 43
16 37
54 61
32 10
38 42
53 17
69 15
24 8
118 102
38 13
110 53
118 23
73 38
48 41
36 8
111 48
17 24
49 13
125 74
41 14
111 49
107 14
62 60
8 13
123 113
110 38
33 32
16 18
121 116
106 17
11 19
47 49
88 25
60 49
67 31
57 58
5 12
130 90
41 35
121 91
37 7
107 35
99 36
33 40
108 42
126 65
42 4
123 99
65 11
34 25
11 9
111 56
41 20
64 19
30 8
93 17
24 14
41 25
58 56
43 8
49 33
47 10
52 38
107 40
107 21
36 17
35 3
33 12
22 0
40 36
40 16
47 40
107 7
35 21
15 31
94 22
30 11
101 10
130 59
126 95
98 60
119 73
42 7
4 1
40 12
40 5
81 17
98 15
3 20
7 12
74 38
130 61
36 35
51 18
91 56
31 20
104 38
6 7
98 37
38 34
36 15
60 17
33 8
120 83
53 40
34 32
126 99
102 10
75 55
39 35
56 53
29 7
57 61
47 20
50 10
99 31
6 0
15 24
37 20
123 89
82 38
8 21
123 65
107 15
80 58
69 17
55 10
117 80
50 5
31 19
118 66
120 27
92 5
20 3
32 24
7 14
30 24
48 40
118 98
106 10
57 56
100 48
13 18
121 113
47 31
38 12
31 16
96 19
107 19
110 45
72 58
93 38
12 44
120 28
118 91
38 8
25 15
34 12
51 8
99 45
122 93
108 53
95 45
3 9
55 12
98 34
43 11
4 21
101 11
4 19
9 7
55 17
6 16
76 10
103 38
113 60
119 108
44 24
56 60
77 12
119 60
85 61
107 22
98 49
17 44
25 21
11 5
35 9
119 72
118 99
88 9
112 99
17 25
106 5
43 14
4 5
108 55
31 15
123 72
13 20
62 48
50 8
28 21
95 11
64 17
63 48
37 3
36 4
117 49
125 82
45 24
48 16
29 14
67 16
41 44
62 53
25 20
3 8
22 13
32 5
114 27
31 7
31 36
35 14
49 11
118 96
44 5
34 8
46 3
7 19
11 24
31 14
12 11
61 47
99 16
95 49
108 60
30 33
67 39
110 15
78 38
107 43
117 46
65 4
49 39
25 11
83 14
8 19
42 15
126 107
68 41
130 56
30 13
91 58
40 41
33 25
16 31
29 17
124 59
46 38
73 48
106 20
14 21
49 7
39 17
44 19
130 60
55 22
7 0
23 19
20 35
48 15
56 34
37 31
96 11
31 12
51 16
23 18
123 73
124 62
123 92
92 20
119 56
118 65
113 69
64 9
88 12
31 8
107 38
29 19
61 55
109 46
102 0
12 3
40 38
36 13
99 10
38 10
81 20
42 12
129 113
125 95
126 23
30 7
37 43
53 34
118 107
56 46
87 38
106 13
118 54
119 61
122 118
64 13
11 0
43 17
3 25
64 15
37 19
105 9
93 20
92 14
17 12
121 83
67 4
88 14
56 42
119 57
64 14
65 10
59 53
126 91
49 3
88 36
58 38
59 57
129 126
96 10
99 20
18 4
31 22
103 15
99 25
105 12
51 3
70 53
69 48
5 22
52 15
74 46
49 12
64 21
33 24
55 40
6 18
40 17
124 85
47 25
80 56
121 115
12 18
118 120
51 4
126 102
60 16
8 1
92 22
124 86
15 43
126 101
80 61
126 96
62 55
123 52
50 14
77 15
16 22
106 31
44 14
43 16
19 5
94 48
90 55
81 15
47 36
56 16
40 31
49 18
2 5
17 18
49 19
67 48
48 43
126 71
53 48
29 4
73 53
49 43
17 11
87 16
42 17
9 21
54 47
130 80
48 49
76 9
98 42
60 53
38 47
40 0
48 46
4 10
88 4
75 53
47 13
35 18
87 53
61 60
127 128
34 18
23 15
67 38
54 46
31 43
121 28
88 43
42 43
34 11
33 31
37 36
19 21
39 13
36 16
64 25
32 22
130 72
47 48
33 39
123 124
22 4
30 25
46 13
69 11
47 34
37 35
130 73
67 46
65 20
117 90
124 111
102 14
113 80
124 73
16 40
99 42
48 47
67 40
85 60
91 61
105 21
99 22
67 33
5 21
49 35
35 25
88 8
38 32
4 3
15 7
98 46
123 91
125 76
102 9
99 38
47 39
32 15
49 34
46 25
17 14
33 18
131 30
77 9
49 17
36 39
50 3
123 106
12 10
51 0
105 1
94 53
117 56
80 55
60 39
16 5
38 35
13 0
45 20
92 18
47 38
131 130
33 15
81 4
49 36
77 10
24 18
39 3
40 39
41 0
76 20
16 21
51 20
3 12
91 55
126 124
45 35
110 49
57 48
126 73
12 24
68 69
32 18
51 24
14 0
119 113
29 16
43 18
47 37
17 32
130 71
123 83
69 18
123 66
42 9
37 22
127 100
82 46
9 24
19 0
47 16
45 17
20 41
110 16
79 58
35 5
46 42
59 47
47 42
48 38
125 81
13 14
67 10
118 81
25 14
130 46
65 17
99 32
106 32
35 24
123 70
113 109
67 34
58 55
47 8
119 85
6 10
5 1
64 4
34 36
7 20
44 4
54 53
64 5
113 86
105 20
17 21
60 35
85 62
36 21
109 49
46 33
55 42
119 109
39 18
76 12
45 36
30 22
41 12
3 15
38 49
119 80
3 19
101 20
105 0
39 5
37 16
65 41
4 14
36 19
61 56
46 45
16 36
34 13
122 52
49 44
97 38
45 18
94 19
126 81
42 25
122 104
117 57
122 116
41 8
124 113
34 9
23 4
55 19
11 3
60 43
39 16
12 13
99 5
79 62
123 96
120 54
49 37
42 8
107 44
47 7
49 4
124 46
77 11
48 31
110 17
129 130
8 7
124 117
105 11
126 70
110 37
108 15
105 10
99 47
99 46
38 44
31 35
42 24
42 22
76 15
47 11
31 44
127 88
3 10
47 44
44 20
95 41
114 68
23 0
37 9
98 55
44 11
35 22
45 14
18 3
38 45
90 34
13 16
3 5
67 7
55 46
12 0
42 39
44 10
15 45
74 48
113 58
65 14
83 1
16 41
33 3
93 11
44 25
45 38
79 60
85 57
44 13
81 14
118 119
34 42
101 38
117 108
106 9
50 18
69 4
125 102
55 15
41 18
81 10
32 44
106 19
74 61
107 37
38 4
67 11
119 70
118 114
33 43
38 37
60 32
26 1
76 16
84 55
39 15
42 38
40 32
16 3
45 8
109 20
123 107
129 98
34 31
61 49
109 4
74 62
34 40
47 17
119 110
126 68
35 19
99 49
22 19
123 54
25 22
95 15
125 65
67 3
117 85
90 38
7 21
22 9
15 37
17 9
74 55
95 20
10 1
43 19
10 7
81 9
30 17
130 84
17 3
112 68
53 46
121 68
106 18
125 75
13 11
109 37
10 5
95 3
20 13
107 9
118 113
38 18
17 19
42 18
98 16
54 38
41 7
81 19
91 53
12 35
50 15
107 3
31 10
106 8
51 14
95 12
16 44
12 5
45 40
