36 13
6 27
68 9
38 41
27 17
97 22
106 36
77 7
20 14
109 2
31 18
27 29
42 17
10 13
125 72
40 8
106 34
4 29
109 55
49 11
17 23
28 39
113 40
68 4
46 9
47 9
61 19
11 31
32 18
31 24
132 94
99 4
6 36
112 29
35 8
54 11
28 13
62 17
120 100
33 21
32 9
39 33
47 7
89 57
120 101
112 18
61 22
90 2
40 5
85 45
104 11
98 21
131 132
127 112
125 95
45 24
48 4
66 4
43 7
85 57
33 19
66 2
28 6
2 13
27 9
30 24
62 6
78 8
116 94
124 62
9 35
67 72
83 2
6 8
48 8
127 100
38 9
29 18
15 18
115 106
35 13
123 116
81 57
112 13
4 41
96 7
108 59
54 43
43 11
37 14
62 20
132 107
2 4
55 27
91 59
59 10
42 21
23 22
58 43
114 17
5 36
125 70
129 94
4 22
61 3
98 5
116 90
92 55
55 34
53 45
77 9
121 114
8 33
59 44
86 44
44 5
29 14
42 19
23 17
79 8
35 9
126 57
47 4
115 116
132 80
125 112
9 33
86 43
41 24
114 27
69 6
28 41
124 29
56 3
43 24
47 41
90 11
90 59
119 54
69 53
44 42
59 5
42 20
55 28
59 7
125 62
30 1
2 35
97 19
127 12
59 32
2 42
43 13
53 37
119 44
114 38
23 14
56 43
1 20
126 73
23 1
101 56
13 21
53 3
103 54
61 40
91 11
110 45
40 20
61 41
90 55
89 53
3 14
79 41
56 37
78 18
112 7
119 91
45 20
129 65
84 44
15 19
79 9
57 38
19 21
55 42
72 53
10 21
89 44
7 42
11 44
126 116
95 3
32 4
60 11
96 6
98 1
39 40
32 33
42 10
27 10
27 37
62 7
45 10
35 19
33 1
46 5
106 22
107 43
113 8
38 29
78 19
132 57
57 44
121 65
47 13
119 116
69 46
132 59
43 35
123 95
43 23
120 82
96 21
2 39
43 4
4 9
32 20
54 6
6 18
68 42
116 53
45 42
18 14
42 1
40 17
129 104
126 54
32 2
83 27
126 80
58 57
108 4
44 33
112 33
100 56
23 21
3 27
44 10
45 9
69 2
39 2
11 41
23 4
105 3
44 37
44 23
109 28
100 59
119 73
113 23
47 8
66 14
71 6
61 34
52 57
108 3
4 39
129 72
6 42
74 44
11 18
10 36
106 43
110 44
68 41
0 7
57 27
4 24
83 55
87 56
94 3
8 24
3 1
11 39
129 62
132 50
126 53
36 14
66 21
22 24
8 42
67 73
124 106
19 40
38 2
42 2
79 7
125 88
73 6
123 81
125 25
34 24
29 2
45 7
54 55
9 14
27 41
11 4
116 80
38 3
84 46
11 10
133 116
2 36
130 64
120 102
36 24
125 80
79 22
44 20
3 35
130 36
91 54
67 69
49 4
107 3
30 21
38 18
41 8
79 19
45 19
29 35
41 14
129 106
39 14
45 5
62 19
43 22
132 119
46 21
68 11
112 11
46 10
68 37
47 35
59 41
34 13
108 29
45 38
101 54
75 3
74 57
117 118
5 35
24 4
41 35
95 11
68 22
30 40
106 41
121 50
86 54
35 21
84 53
51 3
112 28
59 11
31 36
83 6
31 39
55 11
61 5
32 7
57 29
113 39
123 88
102 59
119 114
54 57
56 55
127 25
48 9
46 42
43 41
126 56
131 120
80 4
132 39
37 8
66 18
133 48
126 68
113 1
41 17
121 43
46 45
47 23
11 30
91 43
87 28
27 42
11 7
56 45
42 41
84 54
119 108
109 46
14 17
125 71
29 34
115 87
1 21
65 3
76 53
112 42
58 46
36 35
3 13
0 1
121 70
68 1
37 3
103 55
7 20
96 3
130 63
11 37
32 39
124 105
48 13
75 46
61 14
37 41
99 13
27 11
8 41
43 6
66 22
109 3
11 1
96 18
5 19
46 8
68 39
55 8
106 6
11 14
125 116
129 126
15 21
43 14
122 116
117 116
59 43
126 71
32 29
62 18
32 36
75 6
110 3
63 13
39 24
112 20
124 118
99 20
57 46
120 15
36 5
43 46
129 50
132 91
46 24
110 37
28 19
54 2
42 7
122 81
99 7
109 6
62 3
27 33
77 18
3 28
48 7
121 54
7 24
71 3
96 13
78 21
61 31
38 24
46 29
44 7
133 129
26 21
92 43
112 14
133 44
82 5
105 11
112 37
62 10
99 8
124 93
127 78
106 37
11 5
32 5
125 82
44 17
46 40
54 53
7 13
39 18
97 20
59 27
113 18
39 22
68 2
73 3
76 54
37 40
43 17
75 43
61 7
72 54
79 4
11 42
4 8
113 2
56 9
66 13
7 1
7 21
25 16
32 38
31 10
58 45
68 8
52 3
89 27
46 27
31 2
89 45
31 33
84 55
44 39
81 56
32 6
89 59
34 5
3 23
109 32
120 117
24 9
44 4
121 119
6 4
129 26
116 56
36 20
121 68
32 22
116 73
0 10
3 45
44 36
36 17
60 3
48 5
90 53
35 24
26 8
33 13
114 28
27 4
74 43
56 30
2 9
42 18
2 19
98 7
4 42
43 38
86 56
11 23
28 8
43 1
119 65
120 95
31 5
0 4
87 45
88 16
28 14
69 45
31 20
52 54
27 21
15 16
45 2
99 22
114 7
116 43
30 36
15 5
43 3
85 27
97 16
1 22
119 50
130 29
42 4
6 33
27 6
112 4
9 40
114 6
129 70
10 40
6 20
127 98
83 43
44 32
59 45
38 34
99 2
22 18
36 19
115 29
4 21
77 17
78 5
76 3
31 6
58 56
8 35
43 34
90 56
127 77
55 5
54 46
121 69
38 4
26 2
117 52
8 19
38 35
1 9
123 93
47 34
27 35
46 38
23 10
30 13
91 32
112 22
77 14
47 36
114 36
30 23
3 38
113 5
70 11
112 38
28 18
22 21
48 22
39 42
57 45
44 13
131 116
32 10
61 23
98 19
6 34
85 59
108 37
59 31
40 18
95 57
26 16
46 28
124 25
29 10
125 51
87 59
62 2
125 63
116 59
15 17
113 17
108 7
10 20
55 36
13 18
91 6
45 3
120 52
121 53
90 45
62 9
5 1
9 17
76 55
24 16
119 110
23 9
30 33
77 21
46 20
120 81
83 3
21 18
61 33
42 24
106 5
0 8
59 42
129 101
39 19
133 29
11 17
17 40
43 39
54 56
64 13
2 14
59 3
82 14
33 17
55 33
43 10
110 59
30 7
113 9
89 55
33 9
46 36
31 21
27 2
113 10
121 56
14 21
125 105
132 72
79 1
46 13
39 1
14 7
112 39
61 2
10 42
47 6
45 13
120 99
24 18
56 39
61 35
90 46
124 72
106 28
3 9
108 55
130 87
132 109
30 10
114 2
54 3
90 44
58 55
78 6
99 21
31 8
44 40
113 34
102 57
108 28
38 7
77 8
19 20
44 45
127 0
27 24
114 3
42 36
11 46
61 37
85 44
108 43
125 101
47 40
54 28
107 44
38 31
15 22
39 23
67 14
99 1
2 24
61 13
65 6
46 7
29 20
34 42
4 18
37 29
6 38
27 28
40 13
89 6
1 24
119 71
41 21
1 17
15 10
129 89
55 4
3 34
125 106
89 43
43 9
37 10
23 24
19 14
9 24
26 22
117 81
106 19
124 116
67 29
37 7
20 18
77 19
90 3
30 17
79 5
3 20
11 3
82 8
132 71
31 35
55 45
28 5
86 11
91 27
63 14
108 11
24 5
53 6
27 36
3 7
78 13
82 1
46 41
123 118
119 58
50 3
110 57
121 71
8 18
114 32
28 17
38 39
42 8
48 1
127 84
29 4
103 56
121 116
117 88
112 41
38 21
43 31
26 18
51 6
116 68
49 6
10 41
53 43
3 17
1 35
29 1
47 30
32 41
87 55
12 14
101 29
10 35
11 9
36 22
43 28
97 10
120 122
127 82
44 18
45 32
107 53
38 6
123 67
129 105
85 53
22 17
112 36
68 5
78 10
28 23
35 23
78 7
28 30
7 33
61 11
19 24
102 53
42 23
31 9
41 18
1 14
0 2
126 58
32 42
55 22
40 35
17 24
47 24
103 59
67 41
27 7
3 18
125 26
22 14
112 3
41 33
126 114
33 14
116 50
2 31
55 9
95 53
52 46
46 18
79 38
55 29
41 2
120 106
36 23
32 14
55 37
82 13
133 66
55 39
81 53
35 4
112 1
3 21
120 121
24 13
34 35
33 40
74 3
106 30
43 18
54 59
40 4
6 1
26 10
36 9
132 65
78 1
133 87
79 18
28 7
84 6
47 20
18 23
39 5
125 113
131 67
69 11
129 15
37 33
23 5
75 11
110 56
126 69
34 33
39 4
127 99
44 1
9 22
46 4
36 40
8 20
31 29
24 1
14 10
6 22
39 9
44 21
24 19
10 9
37 39
126 119
43 8
46 32
85 55
61 6
129 52
29 7
127 128
106 38
129 80
48 17
47 2
39 13
29 5
56 41
103 43
116 57
95 55
44 22
38 10
34 22
106 7
44 19
3 2
79 2
9 19
28 2
22 20
57 4
14 1
45 36
110 2
106 42
112 45
69 27
46 14
52 53
19 17
56 2
130 106
43 42
116 119
61 36
87 32
62 21
46 6
103 53
97 1
4 19
29 42
82 21
87 57
94 11
120 26
75 58
113 21
119 92
96 4
59 38
76 56
34 14
44 6
106 4
45 23
34 21
129 71
91 45
108 30
121 92
31 22
36 18
32 30
58 3
129 100
65 11
26 5
47 18
78 2
125 60
44 31
47 14
113 42
106 44
115 63
108 6
112 19
125 89
46 35
39 35
82 10
32 21
44 27
40 9
121 109
68 40
97 13
109 38
98 17
57 31
59 39
7 18
28 38
37 4
96 19
84 11
91 44
74 54
28 10
98 18
110 28
126 70
77 13
2 1
22 13
85 56
5 40
28 35
33 10
68 32
5 41
11 21
27 19
33 22
74 59
124 49
3 4
50 11
98 13
120 67
69 43
90 32
68 33
5 17
81 11
113 41
126 44
73 11
14 22
127 79
3 6
29 23
44 38
30 18
38 19
45 17
82 9
66 5
6 21
114 5
89 3
55 20
49 2
30 6
84 27
32 8
84 57
61 21
59 56
21 24
61 24
52 58
103 3
68 7
5 21
91 28
106 8
40 16
38 5
33 23
37 17
56 27
108 34
19 35
45 33
45 22
67 27
125 126
82 18
125 93
56 8
36 10
6 23
109 29
75 44
35 16
125 81
68 21
83 54
11 32
127 101
6 7
32 28
108 27
11 38
94 6
108 10
28 22
3 8
121 90
32 1
7 34
27 34
78 9
55 10
34 9
55 13
56 38
59 2
109 27
85 11
52 11
76 6
41 13
24 21
54 32
108 56
127 102
119 68
121 107
58 6
125 98
0 11
52 59
14 8
91 3
113 14
112 30
43 40
59 8
89 32
50 6
4 10
74 56
9 18
125 73
0 6
23 13
83 46
37 30
27 14
126 107
0 9
97 7
76 57
106 39
97 5
2 34
31 34
53 2
106 3
10 1
31 19
2 17
59 30
68 3
112 21
29 36
96 22
56 46
124 67
66 23
27 30
27 18
127 26
3 24
108 46
40 21
126 91
42 22
55 2
125 100
127 83
79 28
19 23
124 104
13 24
26 13
115 51
29 40
40 14
40 19
24 8
46 19
37 23
11 40
53 11
31 7
4 20
4 35
27 32
10 19
15 13
114 43
106 32
43 5
114 10
44 24
35 5
80 6
66 16
45 39
27 39
43 29
82 19
2 8
31 4
37 13
37 34
43 37
79 21
86 6
113 3
91 57
38 17
112 9
92 6
87 11
4 13
119 70
28 3
129 95
119 80
44 14
29 41
11 20
79 29
69 57
61 10
95 43
97 8
78 20
45 29
41 9
55 3
64 14
67 70
61 39
39 8
110 11
37 42
74 53
3 36
39 30
29 24
45 4
95 56
68 10
56 1
77 5
62 11
6 32
57 37
79 17
48 21
29 22
44 30
44 46
122 89
34 20
44 28
83 56
57 2
122 88
62 22
77 2
27 1
24 10
8 1
99 9
113 24
57 28
6 28
56 32
27 31
113 22
96 10
55 17
116 107
31 14
74 45
11 43
44 11
81 54
58 11
123 52
5 18
127 113
24 17
36 8
114 39
72 56
54 27
34 1
48 20
74 55
125 52
24 22
107 54
43 2
27 38
90 57
34 19
77 22
129 82
5 33
28 34
117 89
129 98
32 37
44 9
14 5
129 29
28 37
42 33
92 3
124 96
106 31
132 116
100 53
32 35
11 27
45 6
30 8
61 1
108 38
36 7
29 9
82 17
56 33
4 17
34 23
46 23
56 31
21 20
95 59
107 56
10 22
75 57
107 55
40 1
55 43
27 23
79 3
38 20
121 94
127 87
62 4
14 4
106 45
121 91
129 60
7 17
31 41
5 9
120 89
97 14
6 5
96 9
58 44
44 29
89 56
102 54
46 37
85 54
67 50
70 3
8 10
15 9
96 2
48 18
93 16
53 44
109 4
41 22
113 37
47 19
108 39
55 21
84 45
126 43
6 10
114 9
35 14
6 19
125 67
92 11
109 56
119 57
108 31
108 44
133 97
14 18
123 89
41 19
14 19
46 33
66 10
86 3
42 35
99 14
26 7
4 33
33 4
132 92
55 41
66 9
33 8
5 22
66 17
81 3
116 58
53 32
114 1
5 8
108 2
41 23
45 14
58 59
125 118
33 7
38 1
121 80
9 21
30 4
36 2
47 28
31 17
68 6
109 31
83 11
2 7
29 21
101 59
83 28
113 33
116 54
2 30
119 59
106 55
39 20
7 40
32 23
129 67
77 10
116 72
132 43
4 36
30 5
14 13
132 58
46 2
8 22
107 58
66 7
84 56
34 4
29 17
15 8
115 64
97 21
23 20
122 118
41 5
85 3
129 116
46 31
8 17
36 33
47 22
78 4
71 11
62 13
11 6
106 33
109 45
33 20
92 53
37 22
52 44
112 44
116 69
119 72
43 45
76 58
116 39
59 28
76 46
28 31
74 6
30 22
8 23
132 69
87 3
53 31
61 20
5 13
8 14
99 19
81 58
4 40
26 4
6 17
4 5
83 45
44 41
6 39
91 55
44 8
92 58
31 1
55 31
98 2
117 95
11 35
23 8
54 45
32 34
66 20
102 29
122 95
109 11
32 3
112 35
58 54
6 41
43 30
3 37
23 7
41 1
106 27
78 22
56 42
100 54
115 25
107 6
2 21
129 102
110 32
114 22
83 44
127 76
86 59
4 23
113 4
1 18
66 8
6 30
30 19
40 7
121 39
69 28
95 58
26 9
28 20
84 43
34 36
11 24
116 71
129 96
68 34
112 23
61 4
81 59
3 5
86 57
129 112
28 33
29 19
44 2
82 20
32 31
41 7
89 46
119 69
68 31
114 41
34 30
131 129
55 38
40 23
86 53
28 24
132 44
30 9
57 11
114 44
55 7
46 3
37 24
110 43
57 56
48 10
74 11
32 40
120 113
7 41
34 2
85 46
24 20
5 10
114 29
30 20
47 5
59 55
0 3
59 1
10 18
47 38
87 6
5 20
75 55
1 33
69 59
40 10
43 36
37 9
75 53
125 99
96 11
53 46
7 35
23 18
31 40
44 35
22 35
42 14
108 5
47 11
119 43
32 24
17 18
79 10
106 46
127 86
125 104
82 4
3 29
121 57
98 8
125 50
59 37
96 17
33 24
38 30
119 109
2 40
56 34
96 5
75 59
11 19
56 5
7 22
45 30
45 8
89 28
68 44
98 14
3 40
7 9
68 36
3 30
116 114
55 32
123 119
20 23
109 44
7 19
60 6
7 5
83 32
113 30
55 1
68 43
47 39
99 17
87 53
106 29
75 54
115 67
10 14
45 27
97 18
82 22
7 8
110 6
5 23
15 1
35 22
61 18
3 32
32 13
58 53
11 36
2 33
83 59
107 11
113 20
38 33
107 59
59 36
22 40
2 29
11 2
120 112
79 36
103 57
57 6
129 49
2 18
28 1
124 63
39 10
28 29
42 13
20 24
122 119
45 1
87 27
121 110
104 3
53 55
68 45
39 41
112 27
114 13
121 108
11 8
6 45
124 88
126 109
112 34
43 19
132 56
47 42
14 24
17 21
83 53
8 36
121 59
106 17
59 4
8 13
38 37
57 32
129 51
66 24
116 65
2 41
39 34
113 35
112 17
29 8
100 29
31 42
129 73
0 5
47 31
113 29
29 6
37 2
117 67
7 10
119 107
43 20
4 34
86 45
69 44
68 29
23 16
11 22
41 20
85 6
80 11
37 19
4 30
31 13
92 56
64 36
35 10
125 15
67 28
11 13
85 43
76 11
47 21
120 98
97 9
31 3
90 28
112 46
98 20
117 119
127 74
120 123
7 36
122 67
119 56
109 59
126 110
27 8
130 128
103 11
45 37
33 35
121 44
2 23
86 55
43 21
27 3
10 23
46 17
66 19
108 45
102 56
90 43
77 4
30 35
4 14
53 38
59 6
9 20
53 28
54 44
100 57
57 43
79 39
82 2
64 41
2 37
28 36
68 30
34 10
59 29
129 99
18 24
48 19
37 20
38 14
74 46
91 56
46 30
55 6
96 1
87 46
97 17
14 16
108 32
52 43
10 17
66 1
6 9
130 25
5 24
49 3
62 8
5 30
106 11
13 20
45 35
132 114
77 20
2 38
43 27
79 6
37 5
21 23
83 57
34 41
43 32
30 41
35 2
86 46
86 27
56 11
106 2
28 4
56 10
10 24
5 14
26 17
52 56
127 118
3 46
79 20
45 34
8 21
79 14
39 6
112 5
3 19
32 11
46 11
22 19
56 4
7 30
11 28
32 17
34 17
61 8
126 90
132 68
27 13
68 38
124 125
113 19
112 10
6 13
61 9
29 3
28 42
121 72
57 3
119 53
125 64
125 29
6 2
35 17
17 13
30 2
67 32
3 39
3 10
36 41
46 22
5 42
129 81
34 7
114 4
46 39
61 17
87 43
79 13
80 2
4 7
52 55
41 40
70 6
77 1
32 19
47 17
56 6
127 103
90 27
38 36
109 43
112 40
116 91
106 13
68 27
96 20
122 93
126 59
39 7
68 46
61 38
98 22
27 5
125 94
28 40
127 75
29 39
56 28
68 17
119 39
56 36
44 34
6 40
33 2
40 24
59 9
109 37
116 108
62 5
34 8
87 44
19 13
3 44
23 19
17 20
126 92
126 94
69 55
110 31
38 42
53 57
47 1
90 6
59 34
124 64
113 6
114 11
75 56
56 44
92 57
45 11
4 1
37 1
38 8
96 8
55 44
132 110
132 90
37 35
59 46
11 33
10 33
53 56
133 106
2 10
11 34
127 15
97 24
26 14
36 21
69 32
130 116
41 4
29 13
45 31
17 35
8 30
37 6
46 1
47 10
13 14
92 59
35 7
84 3
101 57
35 20
38 23
112 32
79 27
122 52
121 58
110 53
38 22
26 1
45 40
1 40
28 11
30 42
61 42
69 56
81 43
116 109
23 2
119 90
34 6
126 39
39 21
91 46
92 54
130 97
125 96
31 30
42 5
6 24
119 94
48 16
98 9
26 20
132 54
40 2
124 120
45 41
27 20
133 47
116 44
91 2
6 14
124 51
67 71
110 27
82 7
132 73
40 22
71 2
129 113
53 59
21 14
126 72
2 22
114 8
3 22
57 55
110 55
6 29
79 44
112 2
17 14
98 4
112 6
47 33
14 20
38 40
39 36
81 55
43 44
3 42
31 23
112 8
37 36
26 19
36 4
126 50
46 34
47 37
35 18
42 9
132 70
113 7
53 27
117 93
27 22
99 5
8 9
19 18
79 32
121 73
107 57
78 17
106 10
47 32
3 31
67 68
79 11
37 18
33 5
125 49
35 1
84 59
89 11
7 14
30 14
55 19
28 21
56 29
127 89
127 85
6 31
106 9
126 108
116 92
1 19
57 59
97 4
3 41
125 102
45 21
43 33
68 28
47 3
127 111
76 44
6 44
33 18
80 3
116 70
52 6
37 21
47 29
15 20
9 13
44 3
132 53
11 45
55 30
3 33
38 13
72 59
61 29
110 38
34 18
98 10
2 20
24 7
116 110
2 5
76 59
42 40
101 53
103 58
12 13
51 11
61 30
36 1
87 54
34 40
76 43
132 108
27 40
112 24
106 21
41 10
62 1
29 33
14 9
91 53
125 65
45 18
113 36
7 23
120 116
110 46
55 46
95 54
126 65
31 37
89 2
131 106
99 10
45 28
99 18
28 9
133 132
111 13
1 13
112 31
113 13
106 1
56 7
39 17
11 29
69 3
