20 2
0 11
5 1
18 10
7 10
18 4
29 6
17 2
11 5
26 6
24 25
28 1
0 1
13 3
16 4
26 30
27 7
29 7
3 8
0 8
22 9
19 11
19 4
14 2
9 12
17 9
20 5
15 3
5 10
21 4
29 3
14 11
0 6
29 8
9 1
19 2
9 8
28 7
23 11
27 1
23 8
19 8
22 1
29 11
21 10
7 8
15 7
27 3
29 5
15 1
18 8
15 5
16 1
28 9
14 4
9 6
18 2
26 11
24 9
13 2
26 22
17 11
23 6
21 5
28 3
18 5
26 10
20 9
28 6
29 9
19 6
1 9
27 4
5 12
13 10
14 7
16 9
26 7
20 4
1 6
29 2
26 4
16 10
17 3
17 10
23 2
21 9
13 9
23 10
11 1
0 9
23 5
17 7
1 10
4 6
0 2
5 9
7 1
19 5
20 11
1 8
14 8
1 7
23 1
0 7
28 10
17 5
3 9
16 11
22 5
16 3
21 2
13 11
18 9
17 4
0 10
15 9
20 3
15 11
19 3
13 5
27 11
27 10
18 11
15 8
15 2
14 10
20 10
27 9
0 4
19 7
15 6
29 1
16 7
17 8
11 7
14 6
18 7
21 3
23 4
14 1
28 2
24 26
27 2
13 4
7 9
21 11
27 6
13 6
19 9
14 9
23 9
18 1
12 8
1 5
16 6
20 1
29 10
28 11
23 3
21 7
27 5
5 6
19 1
14 3
20 8
11 9
21 8
21 6
17 6
27 8
1 12
19 10
0 3
28 4
7 12
20 6
24 5
26 5
26 1
26 8
18 3
13 1
26 9
15 10
28 8
29 4
17 1
28 5
4 9
21 1
16 5
5 7
13 8
11 6
7 6
5 8
15 4
0 5
4 8
26 12
23 7
20 7
26 3
14 5
18 6
16 8
16 2
13 7
3 6
