26 8
76 68
120 3
68 43
82 47
31 41
152 134
36 18
68 35
82 27
21 41
104 69
60 22
142 61
43 13
64 74
45 14
95 9
20 41
150 7
13 30
45 22
116 36
7 22
109 65
141 75
35 17
70 17
141 92
61 17
12 45
119 27
7 45
16 30
67 32
72 39
47 1
44 22
8 14
61 63
32 26
73 32
132 30
28 41
72 12
105 68
134 65
141 72
39 30
130 32
23 40
7 33
40 29
28 13
74 6
42 16
128 34
87 33
63 24
99 66
27 31
154 117
154 7
127 26
37 3
6 33
128 42
124 75
132 22
21 22
37 5
66 75
114 20
56 42
132 14
145 115
63 19
59 31
35 13
137 20
111 23
35 27
19 18
20 38
74 28
95 42
21 14
9 29
72 32
81 27
38 42
109 6
125 70
137 40
135 69
26 23
115 41
109 24
157 127
107 71
78 35
64 36
35 28
83 31
89 13
95 28
80 30
108 73
36 37
27 21
118 72
144 92
42 44
35 45
65 34
40 32
24 16
21 3
33 22
43 35
23 14
51 2
40 44
101 22
109 17
127 19
28 22
76 65
94 99
101 28
158 64
130 43
109 64
31 0
18 28
105 35
95 39
151 12
35 12
73 24
98 17
65 6
43 40
95 11
23 27
7 48
43 21
139 128
90 21
36 33
154 124
120 44
27 47
34 29
80 5
146 116
70 35
128 7
73 45
114 45
25 27
145 141
15 35
56 30
111 6
25 49
70 40
150 79
9 5
107 36
50 1
137 29
101 21
115 31
55 30
154 96
158 90
152 123
104 74
146 73
136 24
40 36
12 13
18 5
83 30
38 32
105 72
137 33
159 120
10 18
106 74
38 3
141 135
18 25
107 64
40 28
34 32
15 5
83 27
38 27
138 34
150 122
105 6
15 39
9 39
10 37
5 44
34 12
129 36
13 8
95 7
75 64
72 37
66 73
62 36
149 94
56 27
88 11
123 32
82 41
146 17
75 10
75 17
127 9
26 31
106 68
68 65
63 29
29 11
144 67
70 27
67 70
34 23
26 6
145 89
84 39
95 35
44 1
42 48
150 140
75 6
132 21
35 33
144 75
60 49
17 26
76 69
121 28
65 32
128 18
90 35
61 32
26 19
127 72
64 70
63 8
80 49
152 82
99 26
12 0
151 70
38 5
150 136
150 119
64 35
32 23
123 29
146 67
123 8
6 12
69 32
67 43
28 44
124 67
105 17
73 65
88 35
101 27
19 29
159 141
88 7
11 28
154 141
55 2
65 72
88 19
147 61
10 48
80 19
32 44
88 30
107 68
20 29
46 28
62 34
0 1
82 22
36 28
136 36
70 13
30 41
43 16
44 31
146 68
35 36
81 31
146 75
111 67
34 33
101 35
16 0
151 67
151 75
142 143
120 33
20 16
95 63
136 7
16 44
10 16
74 20
155 60
39 45
30 3
37 32
88 16
69 39
83 21
11 29
68 70
97 29
76 43
36 16
76 75
155 131
4 13
62 6
34 20
22 1
40 5
37 42
155 8
107 99
33 44
118 74
26 22
38 44
74 40
101 10
66 63
80 31
6 38
61 66
25 22
150 105
88 40
5 22
118 73
65 38
128 13
22 47
114 47
13 11
116 34
130 34
8 21
44 48
136 19
28 11
90 24
11 49
92 34
37 49
150 117
131 73
48 0
12 18
34 39
17 48
134 34
134 43
80 29
71 73
158 116
73 20
66 34
91 36
10 14
63 36
10 45
26 36
60 21
106 34
95 8
133 64
136 35
26 25
80 7
7 5
56 7
150 143
95 6
147 124
56 41
99 35
157 154
26 27
36 17
46 32
125 7
154 94
125 64
41 31
45 38
36 45
65 25
120 0
12 28
149 145
40 21
43 36
84 27
111 74
84 24
125 72
35 25
158 94
116 32
97 21
6 22
122 29
146 65
65 63
136 16
6 37
39 47
74 24
146 62
37 1
121 22
63 22
76 62
137 28
130 66
65 11
13 42
45 42
63 33
138 44
16 21
6 29
127 65
36 11
41 30
95 18
125 69
57 35
32 30
64 65
17 45
12 7
4 11
6 20
90 19
80 40
148 76
133 62
129 34
98 72
17 20
159 158
146 12
112 34
87 21
33 8
135 72
128 29
19 8
119 34
56 38
28 7
127 62
146 93
95 36
10 9
56 31
21 5
131 75
127 32
136 12
71 17
69 20
62 69
10 39
150 151
73 7
32 24
84 40
68 24
12 44
35 20
86 28
99 17
99 63
55 44
114 29
69 9
59 21
118 67
65 24
147 52
129 32
42 30
137 18
28 18
35 39
43 37
34 40
115 28
84 11
13 28
152 125
131 71
146 141
18 47
123 5
139 85
149 121
90 45
85 13
74 65
29 13
80 42
26 11
150 57
158 135
136 40
120 31
137 22
46 34
56 19
32 12
65 42
76 71
81 22
71 69
62 10
99 67
122 41
65 29
21 1
69 70
24 19
146 99
84 13
132 31
13 48
27 48
6 16
128 12
115 22
150 126
13 22
10 11
23 7
74 33
56 28
105 24
61 43
107 65
124 71
43 23
133 26
87 3
71 43
135 34
104 70
20 27
12 8
92 35
88 45
147 107
135 7
128 17
25 42
87 44
91 32
7 8
9 16
6 42
32 20
144 71
17 16
13 16
20 49
137 49
90 6
26 21
136 8
9 36
17 14
75 26
42 2
118 65
149 53
20 14
122 27
108 26
96 34
139 109
59 14
45 21
38 48
128 31
133 63
23 47
129 43
60 5
84 36
88 43
30 42
122 30
136 37
149 110
89 10
122 10
81 44
145 146
41 22
14 48
60 41
118 34
65 26
18 14
35 31
76 17
124 72
147 105
80 36
84 45
154 104
133 36
87 27
37 48
122 22
13 38
35 8
29 45
27 16
9 21
151 99
151 96
145 82
36 42
127 35
42 1
40 20
4 5
7 25
45 31
154 119
66 69
30 22
114 8
145 111
127 36
150 124
56 47
102 44
138 35
131 72
19 32
9 41
36 14
77 34
64 19
7 13
45 8
114 30
80 44
132 33
142 110
23 36
154 82
76 70
17 10
40 16
151 91
148 124
64 63
107 70
15 27
144 66
150 128
64 39
67 17
104 72
17 24
145 148
145 125
56 14
99 34
69 35
69 12
41 16
65 17
16 47
19 47
56 40
152 115
106 65
151 64
9 38
105 75
144 73
15 37
12 47
149 119
90 8
40 49
90 39
128 20
43 45
39 36
154 97
84 30
102 31
136 44
71 72
45 13
8 48
154 128
151 93
48 2
158 62
130 17
127 12
64 69
159 81
150 61
8 30
44 11
72 27
74 10
21 0
152 101
12 33
108 72
55 21
80 37
128 23
73 33
121 34
114 38
28 23
10 25
36 26
93 35
83 32
136 14
7 38
111 36
39 33
9 30
55 14
20 5
141 62
43 26
94 34
40 30
17 5
114 35
76 36
109 73
37 41
141 66
76 67
39 42
72 30
90 32
65 43
80 27
135 43
35 42
34 6
70 72
55 49
122 9
42 21
74 26
24 12
34 10
50 2
30 38
148 143
158 72
10 32
107 34
15 14
129 68
34 30
66 70
70 28
154 136
29 42
15 28
95 30
38 33
112 36
98 74
144 46
5 21
90 63
119 32
111 10
150 94
117 34
26 39
24 6
19 39
76 64
24 14
124 36
70 22
66 72
102 32
67 40
67 39
159 17
17 6
149 140
18 32
41 47
141 73
9 40
114 18
45 48
11 1
122 6
29 8
10 22
81 3
5 28
105 43
70 65
5 27
45 25
59 29
150 46
127 7
105 63
38 28
67 63
136 6
59 30
14 31
60 0
101 32
35 44
147 76
12 30
144 95
144 74
12 16
10 27
74 23
75 72
132 29
131 35
80 38
150 112
108 68
6 9
135 6
59 47
7 20
148 105
55 0
65 28
141 112
24 28
8 31
128 28
8 25
29 18
17 31
68 17
9 45
30 49
150 78
90 25
39 11
93 32
4 12
40 12
145 142
137 12
138 29
136 20
48 49
95 26
142 111
133 71
36 41
9 28
158 70
139 54
25 16
63 25
54 3
73 18
43 31
158 73
135 26
59 44
132 35
149 51
142 50
154 46
118 99
87 0
89 95
65 9
60 27
56 48
37 21
148 111
145 105
38 16
20 33
63 16
62 9
65 19
78 32
155 87
158 141
19 36
108 71
43 10
87 14
147 143
67 7
88 32
159 88
121 32
42 28
100 27
109 43
56 22
26 32
23 38
80 45
8 49
32 11
109 74
95 12
24 40
33 5
44 3
31 48
59 42
107 66
122 5
114 33
145 46
72 21
99 72
65 40
128 40
65 12
63 14
72 18
120 47
15 6
100 29
5 16
40 14
7 29
68 6
99 75
154 77
15 40
27 14
84 6
12 32
23 32
5 41
121 21
24 35
146 69
11 41
64 17
9 11
32 19
71 63
61 73
76 32
24 22
159 128
135 24
24 33
152 79
150 58
15 21
109 35
128 6
8 3
19 30
130 67
72 45
154 112
17 39
26 16
137 11
44 42
72 40
80 20
74 25
84 10
88 24
18 30
150 141
15 45
107 74
106 72
84 35
75 62
137 25
29 0
128 5
5 42
122 36
151 62
8 33
28 21
63 18
35 22
146 64
159 154
9 32
90 33
88 6
73 10
114 25
91 34
9 22
114 41
141 46
154 138
158 84
98 68
55 22
150 96
48 14
118 63
23 42
64 72
9 44
63 26
40 31
27 0
68 10
55 31
16 3
67 6
65 5
67 23
15 32
33 41
78 36
87 48
150 15
26 41
39 44
70 37
95 21
99 43
80 47
39 31
120 14
95 17
98 71
69 7
151 84
84 65
103 14
82 8
32 13
59 33
31 47
106 64
133 74
114 32
106 63
144 116
74 30
11 31
18 29
41 49
10 38
142 124
72 6
36 38
84 70
70 26
150 76
15 10
95 20
99 74
145 117
36 5
136 5
63 20
83 29
68 28
124 62
82 3
0 3
158 65
111 62
144 135
24 8
10 21
40 22
159 59
15 31
133 72
157 89
150 86
19 45
151 95
142 107
119 28
23 28
38 41
6 27
98 69
60 1
69 74
24 37
68 64
11 3
122 45
36 12
61 35
134 24
17 11
73 29
25 48
92 32
6 13
63 17
101 13
111 26
8 28
125 67
70 8
32 8
22 49
43 42
39 40
108 62
98 32
31 5
106 73
97 30
80 14
134 10
157 145
131 62
58 32
8 42
35 43
33 13
135 73
101 5
35 41
84 32
32 42
133 69
20 11
104 62
154 93
64 62
109 26
158 86
63 12
158 92
70 30
67 26
67 74
98 26
131 99
72 28
33 30
84 9
39 22
60 14
57 36
124 69
37 31
151 92
135 17
66 74
135 62
149 143
60 42
11 27
123 21
130 99
28 49
6 41
84 20
67 10
133 35
126 36
40 27
59 27
19 7
26 20
20 47
6 31
84 25
141 17
107 69
29 14
42 47
4 7
108 24
6 11
16 49
39 49
95 24
119 14
19 41
46 35
154 76
35 38
84 7
94 66
15 16
74 39
136 42
52 3
15 12
23 49
60 31
159 60
63 7
121 31
39 16
5 33
77 36
69 17
28 25
83 44
159 127
7 47
27 5
87 2
131 32
13 41
154 118
25 30
28 20
40 37
128 45
86 36
154 61
141 99
45 16
10 36
63 40
109 23
5 49
114 16
11 22
144 69
150 54
130 69
148 141
128 43
72 35
150 104
124 35
100 28
60 48
72 24
6 47
142 106
76 66
148 104
8 22
145 123
10 31
90 36
96 35
8 0
124 64
130 72
100 21
134 74
154 127
105 64
130 71
117 32
34 43
128 35
23 48
144 62
108 67
127 6
98 70
130 70
32 41
63 11
43 27
87 30
62 74
66 71
48 21
32 38
75 73
122 13
121 27
7 27
68 74
35 16
75 32
28 14
67 73
114 37
158 17
128 10
6 39
35 29
118 75
22 0
45 5
158 112
74 7
77 32
150 137
123 31
84 28
14 41
97 35
129 75
63 37
98 43
150 82
108 65
66 36
101 29
24 31
129 70
73 26
114 31
22 16
25 28
121 44
19 25
158 71
49 1
124 63
98 34
40 7
104 6
128 9
39 7
63 5
147 50
28 42
18 48
14 22
136 26
32 22
134 63
70 7
59 1
34 7
48 33
8 27
63 31
26 5
97 36
30 48
111 35
127 17
93 36
33 27
36 29
157 128
104 65
72 22
54 2
39 48
71 26
137 45
15 18
15 42
90 38
128 24
26 28
11 44
154 126
9 20
59 48
13 47
101 11
118 71
30 37
125 73
17 18
124 68
41 33
23 22
74 34
47 21
22 5
10 49
7 32
144 91
141 93
150 52
19 28
131 63
47 22
71 32
20 30
141 84
133 17
49 2
127 70
127 43
15 23
149 50
56 25
42 31
13 3
32 28
43 28
55 48
20 28
155 120
28 10
145 106
28 27
136 32
47 0
19 20
135 65
95 29
14 3
30 47
36 22
155 130
65 8
152 131
106 71
20 25
45 49
151 69
101 33
101 17
61 70
39 14
15 8
43 7
115 47
11 33
109 69
24 27
75 69
70 18
93 34
127 63
86 35
23 10
63 45
15 33
104 35
151 141
117 29
90 20
131 34
155 153
74 36
1 2
70 63
6 23
15 7
158 96
21 42
121 36
118 36
97 44
142 104
28 31
106 66
72 29
75 28
146 70
37 33
6 35
39 37
108 32
72 33
76 73
136 18
73 38
45 47
142 52
60 47
131 70
144 93
28 16
9 19
48 30
28 40
155 53
84 72
68 75
148 110
101 31
84 12
44 49
35 23
36 44
87 31
134 64
136 21
17 23
154 78
144 90
99 69
27 49
56 8
40 18
23 9
148 107
31 3
62 65
62 39
144 70
11 30
151 144
110 1
6 14
80 18
136 10
61 75
15 24
23 12
15 25
9 35
12 37
137 5
114 28
71 6
117 35
25 11
37 27
101 6
39 27
42 22
88 42
41 14
150 123
10 12
114 39
35 7
151 71
68 62
130 64
70 11
124 65
149 141
72 7
16 1
74 12
71 35
32 45
65 18
43 24
24 18
146 72
56 37
72 43
47 49
84 19
104 26
24 38
114 27
102 21
43 9
62 43
26 37
32 5
152 129
111 70
88 34
102 33
159 7
122 33
149 150
76 34
5 30
37 25
104 67
80 16
81 48
85 14
65 20
13 27
13 33
41 3
8 29
83 22
147 104
17 13
25 0
129 71
67 72
17 44
15 29
38 25
62 19
15 44
128 37
33 49
158 99
66 64
114 19
10 33
121 14
56 13
63 42
80 35
66 65
158 95
31 49
88 23
17 21
141 69
98 66
28 39
35 18
90 27
59 28
66 43
84 38
137 8
15 41
6 48
105 62
75 70
26 45
24 5
108 69
49 0
24 30
55 29
35 5
105 69
37 44
31 16
114 36
101 30
12 25
18 11
92 36
71 75
14 1
137 44
74 19
75 34
12 22
38 29
32 17
7 49
126 32
109 10
134 67
12 31
106 70
16 33
80 39
141 94
73 70
104 64
137 16
39 5
133 70
135 40
115 2
155 127
5 48
101 45
151 86
89 9
17 32
39 32
25 3
18 16
131 66
144 12
129 99
107 35
105 34
128 25
15 17
119 33
98 62
122 8
83 14
62 26
41 48
19 37
29 3
43 12
68 63
74 29
23 39
30 45
33 42
159 131
108 70
12 49
56 44
29 27
63 21
75 35
114 5
80 32
152 102
150 89
99 36
119 30
127 28
20 32
38 47
6 25
43 41
25 5
67 62
149 83
62 28
74 37
134 28
34 26
127 69
150 50
122 17
131 68
48 3
36 9
135 23
17 28
76 72
120 2
85 8
123 27
118 62
73 19
97 34
88 27
64 67
89 6
104 63
81 14
155 140
136 23
15 30
15 11
26 24
95 32
144 96
72 42
24 41
105 32
101 34
6 18
69 43
150 116
38 31
35 6
121 33
30 27
44 27
19 31
64 9
63 39
43 8
154 57
158 91
12 48
71 34
6 45
31 22
146 71
44 0
44 41
65 36
136 17
101 12
39 41
83 35
88 14
141 91
61 64
36 40
59 3
137 42
66 68
98 64
35 32
148 144
32 7
105 26
67 28
62 40
6 28
150 132
120 48
98 63
137 38
36 6
108 35
70 29
87 47
119 22
128 33
40 11
136 41
128 39
21 31
38 49
139 89
155 81
30 31
82 29
11 0
150 97
133 75
97 28
12 11
158 93
7 14
149 85
104 43
69 10
48 22
110 2
59 41
73 28
28 33
33 31
137 47
45 3
29 41
89 92
146 95
41 27
102 29
146 112
25 41
111 24
81 29
124 66
148 52
107 75
122 21
154 105
154 122
38 30
78 28
39 29
63 10
108 36
152 108
144 68
22 3
109 34
17 40
10 8
82 21
137 13
26 48
26 42
33 38
149 7
42 41
53 1
129 17
67 69
76 63
13 29
56 45
7 28
135 9
66 67
18 21
120 22
9 48
149 54
13 49
74 32
67 24
68 73
22 41
135 10
151 65
125 75
115 30
12 38
155 129
37 29
36 30
63 23
74 13
63 38
90 26
101 8
95 25
129 63
3 2
134 23
11 14
102 30
36 8
28 45
87 29
19 44
80 8
39 18
47 31
99 71
70 33
127 39
67 36
28 12
90 65
7 44
155 54
109 36
13 21
107 62
134 70
125 65
95 19
115 27
16 27
123 0
62 32
79 4
158 69
84 29
104 34
136 31
150 107
18 37
134 9
90 17
10 7
127 73
84 37
17 22
120 30
32 27
32 18
141 90
70 39
150 85
18 45
38 22
0 2
118 68
87 49
88 26
90 44
111 9
96 32
152 54
131 67
139 141
26 33
23 8
34 28
129 67
159 129
82 33
86 32
154 58
149 128
146 46
20 48
19 48
72 11
39 20
78 34
63 6
122 14
61 69
10 35
151 94
147 118
146 96
20 3
23 31
10 40
147 89
128 21
145 136
59 5
59 0
71 62
141 65
114 40
108 17
129 66
72 8
75 36
128 30
88 20
27 1
82 5
88 10
10 30
130 63
18 31
36 23
133 67
33 47
40 48
98 35
12 42
80 48
95 33
115 29
8 41
17 36
104 68
5 3
154 111
74 43
30 11
16 31
132 27
93 28
97 33
16 22
88 41
26 44
95 27
6 30
56 10
63 30
106 69
128 14
133 32
9 14
139 140
98 73
84 23
18 38
61 71
114 42
57 34
57 28
5 29
88 29
136 11
128 22
155 141
120 1
65 35
25 1
72 19
139 7
112 35
152 98
36 7
154 125
123 3
97 31
65 7
56 5
146 74
25 47
146 144
48 31
137 27
84 43
69 73
75 74
95 22
34 36
24 23
111 32
70 45
9 7
129 65
72 26
107 73
35 19
65 27
13 25
138 22
66 32
65 23
24 10
150 110
75 9
136 30
29 31
55 47
147 51
29 30
90 31
73 63
11 16
139 130
135 70
135 32
25 33
127 40
135 19
54 0
133 65
115 33
102 14
158 66
33 25
141 95
81 33
62 72
77 35
56 32
17 7
108 64
136 34
106 62
30 0
27 22
43 30
75 67
60 16
51 1
70 36
41 2
157 141
76 35
139 129
63 27
134 69
69 65
25 29
90 5
73 37
24 39
33 16
45 37
154 107
114 13
128 8
24 25
12 41
32 9
83 34
43 5
13 5
35 14
130 74
130 62
45 30
15 34
38 8
63 35
88 33
82 0
86 34
150 77
104 75
81 30
17 30
98 99
94 73
131 69
154 15
35 30
82 31
109 9
30 8
20 44
30 5
24 11
104 73
38 21
75 43
89 96
104 36
67 12
35 11
9 31
120 27
152 109
31 1
26 35
100 31
37 0
108 6
47 14
152 136
69 36
64 10
74 9
42 33
16 2
3 1
111 63
38 11
19 16
122 35
81 47
109 62
98 65
124 74
134 6
145 107
34 9
56 49
56 29
64 73
148 50
51 3
21 49
85 5
150 115
159 87
56 36
84 17
10 28
43 14
4 6
142 118
158 67
146 135
142 76
33 14
135 12
90 12
24 44
74 38
70 9
130 65
28 48
23 20
158 144
10 19
72 5
74 17
73 39
39 25
6 10
29 25
29 5
36 24
63 34
76 74
152 137
152 113
111 43
136 9
131 43
84 8
144 17
133 24
7 21
43 22
68 9
128 44
82 44
131 17
39 8
144 141
148 61
21 48
18 42
25 31
132 32
66 26
15 36
43 6
88 28
132 36
12 14
67 19
65 45
28 37
29 49
60 11
151 68
138 28
7 11
141 71
89 93
151 66
60 44
66 35
129 69
43 17
122 7
53 3
106 36
137 41
36 13
80 12
15 38
62 24
73 30
146 94
105 73
5 31
155 128
35 37
71 68
151 72
43 29
122 32
123 14
26 13
48 47
29 47
84 26
35 10
141 74
155 85
28 5
33 3
75 63
40 0
24 48
74 72
16 48
32 39
102 22
52 1
33 37
141 70
131 74
6 7
136 22
108 75
40 13
145 76
34 24
151 112
65 13
11 48
138 21
12 29
109 70
40 25
82 28
43 33
132 44
47 3
8 16
56 20
97 27
8 11
70 6
141 68
154 83
9 37
13 32
8 47
53 2
129 72
82 30
10 41
71 36
36 19
119 31
84 33
38 0
90 29
127 34
43 18
97 32
68 69
136 48
67 9
127 74
128 16
23 33
138 27
139 58
137 14
39 0
20 21
12 21
63 13
37 14
34 35
28 38
74 45
114 11
146 92
89 94
138 30
105 71
141 86
124 99
39 38
147 110
145 127
42 3
109 32
150 92
111 17
137 36
77 28
23 16
60 33
135 39
118 35
43 11
37 47
114 14
141 116
40 38
18 3
151 73
95 40
41 1
70 23
97 14
19 42
64 32
19 33
95 5
114 21
146 91
118 66
35 40
149 57
154 132
119 29
104 24
114 49
15 13
118 70
134 73
136 45
35 9
18 22
19 21
56 21
148 51
136 27
126 34
129 64
36 21
48 1
11 47
13 37
96 36
95 38
60 3
28 9
24 36
152 140
64 43
95 13
142 105
101 9
92 28
72 20
17 27
128 32
154 151
145 97
65 10
105 70
82 45
43 19
68 23
109 28
29 38
59 2
42 29
65 37
73 74
135 63
55 1
36 27
19 49
70 43
137 48
91 35
142 141
95 37
56 9
122 12
128 11
158 68
56 23
111 34
65 33
42 49
128 19
5 14
40 41
132 28
29 44
88 5
95 43
21 16
151 46
138 33
19 22
151 116
68 32
137 30
99 64
134 17
73 35
68 67
26 14
72 63
71 64
90 42
11 2
95 10
33 45
28 47
45 29
59 16
146 86
99 70
19 5
117 36
150 125
43 39
39 13
136 28
152 122
133 73
148 118
23 35
9 49
26 40
138 14
29 37
100 30
111 65
148 89
29 22
33 0
124 73
24 45
56 11
18 27
36 25
70 24
90 72
90 10
149 58
117 33
109 75
73 12
7 42
4 8
73 17
29 21
152 100
29 48
67 34
19 27
106 99
73 6
64 6
111 72
16 29
134 35
149 89
61 26
121 35
137 7
118 69
155 109
4 14
150 51
40 45
61 34
68 34
66 62
101 41
101 36
119 44
149 114
15 9
131 64
9 27
34 19
8 44
35 21
122 11
7 31
69 28
34 17
6 36
62 17
154 106
35 26
44 14
134 26
10 20
123 28
98 36
88 12
80 22
27 41
18 44
30 21
27 11
6 5
115 44
119 35
82 32
135 36
44 47
123 41
56 16
87 1
45 28
70 21
19 11
67 65
71 70
129 74
28 30
33 11
62 73
33 21
41 29
35 63
80 11
158 75
80 33
19 14
89 7
37 22
90 7
30 44
59 22
136 39
4 10
36 20
14 0
150 138
105 67
23 5
81 49
74 8
10 5
154 89
14 5
40 47
23 13
72 36
88 22
150 111
120 29
37 28
26 12
127 24
123 33
128 26
99 73
75 24
61 62
95 23
45 0
130 35
7 16
72 17
63 44
5 2
81 21
18 8
131 65
10 47
72 13
154 114
5 1
109 67
63 43
141 67
10 13
135 74
32 37
122 28
73 9
32 16
115 21
15 26
88 25
80 25
25 44
54 1
19 38
82 13
48 27
158 46
8 1
115 1
19 13
27 3
69 40
154 86
23 37
90 9
124 34
26 7
69 6
43 20
64 26
133 34
20 0
109 72
32 29
7 0
72 38
30 13
67 35
151 17
149 52
20 8
9 18
17 8
157 158
15 20
4 9
141 12
37 11
58 36
17 42
18 13
80 41
88 18
36 43
146 84
32 48
114 7
69 63
154 92
5 47
26 9
150 93
12 5
88 17
41 0
74 63
45 44
10 29
42 0
141 96
150 53
14 49
23 30
39 28
99 65
108 34
70 25
24 20
123 47
129 73
80 21
72 10
34 13
45 41
111 28
136 29
88 36
137 39
41 44
85 11
90 43
16 14
23 29
125 62
48 44
43 34
20 18
83 28
24 29
136 38
123 22
49 3
64 34
99 62
70 20
18 41
126 35
23 18
32 31
151 135
128 41
40 8
6 21
63 32
120 49
124 70
90 30
134 36
26 29
23 11
38 37
88 13
146 66
87 22
62 70
137 37
34 45
60 29
139 131
13 14
158 74
12 20
26 18
89 90
61 67
55 3
147 144
147 141
100 44
56 12
119 36
23 41
84 63
80 28
34 63
104 32
159 130
81 1
100 33
106 67
36 32
23 45
37 30
56 39
128 36
61 74
74 70
154 91
69 72
123 44
114 22
26 30
32 33
19 12
122 34
73 23
90 11
134 62
145 122
14 47
114 44
99 68
152 130
58 34
70 31
145 128
60 30
13 31
138 32
9 25
43 25
107 63
142 144
7 37
63 41
56 18
61 36
118 64
9 12
144 65
23 25
152 4
56 33
104 17
154 116
154 115
111 73
20 22
145 124
20 45
11 42
72 9
68 26
13 0
88 38
64 28
64 23
123 30
107 72
121 29
61 72
36 31
17 41
159 56
6 32
65 39
136 25
106 35
52 2
149 127
114 12
7 41
32 10
71 74
94 62
23 44
42 14
35 24
155 59
45 33
72 25
63 28
141 144
88 21
15 19
70 10
62 7
69 24
100 14
84 18
133 43
9 33
88 8
18 49
122 31
145 104
69 19
69 34
152 111
150 91
90 37
115 0
72 23
36 39
73 43
70 32
39 12
125 71
158 12
7 30
45 32
104 28
137 21
90 40
144 72
24 13
144 84
10 42
12 27
68 72
41 21
82 11
9 42
130 75
88 44
88 37
80 13
144 86
119 21
56 35
131 36
8 5
111 69
141 64
127 23
136 33
138 31
108 74
15 43
32 25
32 21
88 39
146 90
24 21
13 44
68 36
25 14
102 28
17 25
61 68
57 32
45 27
20 31
134 32
63 9
159 55
20 13
137 31
61 65
40 33
115 14
105 65
128 38
71 67
24 32
155 7
145 147
44 21
155 156
150 118
73 13
123 11
26 10
59 49
20 37
74 35
105 36
88 31
72 34
101 44
62 63
39 21
83 33
73 72
139 53
134 72
106 75
17 37
152 133
29 33
107 67
60 28
55 16
125 74
149 126
150 114
116 35
43 48
154 137
129 35
30 14
83 36
125 68
17 19
130 36
42 27
98 75
130 68
18 0
128 27
94 75
22 48
58 35
138 36
46 36
115 3
21 47
127 67
6 19
71 65
17 35
127 10
45 11
148 106
133 68
129 62
108 43
65 21
43 32
105 74
70 12
147 111
17 38
74 18
6 8
28 8
6 44
18 33
90 28
108 63
70 19
159 109
122 44
111 64
29 16
75 23
145 61
24 7
73 40
114 48
17 33
120 21
145 118
75 65
139 127
151 74
117 28
62 12
10 44
144 94
43 38
71 24
145 137
20 42
136 13
90 13
151 90
142 51
33 48
150 83
43 44
147 106
9 13
152 153
11 21
25 21
150 106
23 21
17 12
98 67
101 7
95 45
100 22
5 0
70 38
121 30
37 8
144 99
152 53
40 42
17 9
144 64
47 2
73 36
32 6
154 123
69 26
69 23
81 2
102 27
32 14
11 5
17 29
38 14
137 32
81 0
62 35
89 91
55 33
15 22
26 38
9 47
144 112
82 14
64 24
109 63
135 35
37 16
150 127
155 103
142 89
24 9
32 40
44 5
55 27
101 14
62 23
76 26
24 42
94 68
28 29
70 14
90 23
66 17
9 8
88 9
130 73
36 10
30 25
90 18
135 28
113 14
6 40
