48 20
35 14
48 9
29 18
24 4
0 1
11 15
8 4
30 4
48 24
37 6
30 18
32 0
48 1
8 0
5 4
35 17
11 1
29 21
48 21
49 22
24 2
49 6
49 20
29 22
17 7
32 1
42 25
42 17
29 9
19 4
46 1
29 19
8 23
49 0
18 6
8 3
15 33
12 3
46 4
0 2
37 4
46 6
42 10
35 16
32 24
8 7
49 23
46 38
32 14
38 4
32 6
4 2
46 45
46 17
25 4
49 1
36 0
8 12
21 4
8 13
17 2
49 7
49 13
23 7
27 3
40 6
4 3
42 43
8 19
46 7
12 34
30 23
30 7
49 9
46 40
35 10
35 6
35 1
25 27
39 26
2 4
32 10
32 9
35 20
5 7
6 18
48 3
29 20
17 4
14 1
2 34
32 20
48 18
27 15
30 21
32 3
8 16
36 13
29 15
48 16
32 15
4 34
46 24
17 18
35 18
12 4
48 11
10 7
14 3
31 6
29 23
8 24
31 7
8 22
23 2
30 22
10 6
35 21
22 2
30 6
49 17
35 9
42 28
22 7
48 0
30 24
29 14
0 3
32 4
30 15
48 6
8 18
29 0
48 7
49 14
49 12
29 1
12 7
46 41
22 6
11 33
31 2
35 23
35 19
48 14
42 46
32 12
10 4
30 20
24 6
8 15
42 44
39 33
46 44
24 3
26 4
35 15
49 11
23 4
48 12
8 1
22 3
37 7
8 11
11 4
12 6
35 4
24 7
46 27
29 12
35 11
39 4
30 11
5 2
42 38
9 4
22 15
32 7
30 9
8 20
14 2
48 2
29 10
32 16
25 26
49 10
32 22
49 24
8 9
46 3
2 33
29 13
49 16
35 24
13 4
46 12
39 1
35 2
2 3
13 3
30 12
29 16
23 6
16 2
8 17
32 2
35 3
5 3
27 17
48 15
48 5
35 0
29 6
8 10
21 2
49 3
38 26
12 27
48 10
49 21
16 4
27 4
30 19
22 4
29 24
38 1
29 5
32 5
32 18
30 10
46 25
49 15
48 17
46 43
11 2
30 0
27 5
8 21
29 7
49 5
42 31
29 2
13 1
27 47
1 33
7 2
20 1
49 19
48 13
7 6
48 22
28 2
27 2
32 17
35 7
42 45
30 13
10 2
31 3
29 4
19 1
32 21
30 14
12 2
28 4
15 1
49 2
5 6
8 14
48 19
48 23
48 4
18 2
13 2
30 16
35 22
46 28
35 12
49 4
35 13
25 2
29 3
18 33
9 2
14 4
46 31
31 4
7 18
8 5
30 17
29 11
30 3
35 5
30 5
0 4
46 39
30 1
27 7
49 18
32 23
32 19
8 6
29 17
36 14
41 40
32 13
22 18
30 2
46 2
32 11
8 2
