34 35
44 3
27 4
52 0
56 9
55 7
56 8
26 7
56 12
27 10
37 14
19 12
24 3
52 6
47 48
56 13
37 4
33 11
44 0
28 20
2 8
24 14
56 10
55 13
2 14
47 57
36 6
44 9
38 10
23 9
53 5
23 13
6 20
3 15
29 13
48 20
23 10
53 3
38 0
43 5
32 6
52 14
56 7
3 16
53 13
31 5
24 7
52 3
24 0
49 9
41 11
53 12
23 3
33 6
18 20
32 5
32 4
32 13
29 10
55 9
38 14
10 22
56 6
39 10
25 14
38 8
38 13
37 12
12 1
30 7
45 16
33 5
33 12
23 12
55 8
36 9
26 6
2 4
19 5
44 12
37 5
27 5
50 10
50 3
25 11
38 6
32 11
39 12
47 49
24 10
43 13
50 4
47 9
47 16
44 7
39 5
25 10
33 9
47 14
27 8
2 10
42 40
30 12
55 4
29 3
49 22
29 4
38 4
37 11
49 3
43 9
27 3
19 4
39 4
43 10
39 7
55 11
45 46
31 6
39 6
31 9
26 8
52 8
27 0
13 22
44 8
31 8
53 11
37 10
31 14
50 6
37 0
38 9
43 3
43 12
55 3
50 14
23 5
24 5
27 9
37 3
30 14
19 9
13 12
26 5
52 9
56 14
2 12
29 14
8 1
47 41
38 11
52 11
31 10
24 12
24 6
33 4
30 9
39 14
52 4
55 0
30 6
56 11
41 20
25 3
55 5
50 5
29 12
25 7
33 0
53 14
52 5
30 11
2 11
39 8
49 11
31 0
43 7
37 6
29 0
25 4
53 8
38 12
11 1
26 14
37 9
15 17
39 13
32 9
10 20
32 12
23 7
56 3
44 14
44 5
50 12
26 3
24 9
39 11
19 10
56 0
19 13
29 6
23 0
43 14
55 12
32 3
53 4
36 5
39 9
38 3
22 1
29 5
44 11
29 7
56 5
47 11
24 8
53 6
19 0
13 20
33 3
2 7
27 12
38 5
52 12
27 6
52 13
35 22
33 10
25 0
39 3
50 11
38 7
43 0
47 54
51 22
53 10
44 10
41 15
47 46
43 8
31 4
30 5
53 9
26 13
29 9
50 0
24 4
24 13
23 6
14 16
55 10
35 20
52 10
44 13
30 10
30 4
26 12
29 11
50 8
2 3
19 3
30 3
23 14
40 20
2 5
36 0
14 42
23 11
23 4
7 20
47 13
30 13
36 13
31 3
50 7
56 4
31 7
19 6
43 11
32 0
26 9
33 13
2 6
20 18
23 8
32 7
0 1
43 4
53 7
29 8
25 5
19 14
47 4
27 13
25 9
15 18
44 4
25 13
37 8
36 3
36 8
36 12
45 47
27 14
37 13
44 6
37 7
24 11
26 4
43 6
52 7
36 7
31 13
50 13
20 17
25 6
2 13
2 0
18 22
26 11
30 8
25 12
30 0
36 11
47 28
21 22
27 7
36 14
54 20
31 11
36 10
50 9
47 0
2 9
39 0
27 11
32 14
26 10
33 14
33 8
32 8
32 10
55 6
28 22
26 0
55 14
19 11
19 8
25 8
19 7
36 4
53 0
31 12
33 7
