2 11
35 36
92 6
115 69
11 2
112 56
111 8
118 80
22 25
64 19
89 36
73 17
85 4
102 51
28 25
2 30
11 22
36 15
74 19
99 19
72 22
106 89
6 9
3 26
75 34
118 76
74 22
33 40
111 80
79 39
107 67
40 30
63 32
87 12
90 38
105 79
115 82
16 25
31 32
87 24
38 7
59 6
103 55
40 16
64 2
10 17
12 24
112 37
107 40
111 68
69 40
29 24
92 19
119 103
40 13
31 40
57 12
110 86
67 7
35 27
64 37
108 68
40 14
19 18
16 1
36 22
118 67
92 5
60 35
47 4
107 36
27 18
21 42
105 73
15 2
66 3
81 38
100 1
28 4
8 15
74 38
5 9
62 33
61 39
48 18
103 35
5 18
24 1
31 34
59 2
36 28
57 16
48 42
110 91
74 36
27 5
49 5
17 21
31 35
62 34
73 41
81 33
12 25
38 24
24 18
57 28
61 6
103 61
12 43
2 27
17 18
31 37
110 71
87 2
101 35
103 80
63 39
115 84
101 12
112 52
6 18
97 14
65 6
111 84
108 46
112 41
92 4
15 9
46 7
40 28
15 28
39 22
68 62
96 35
92 12
118 101
115 88
73 22
113 63
79 6
34 15
39 11
15 43
37 17
15 26
39 17
105 13
110 95
77 35
100 24
78 4
100 9
2 4
60 2
47 3
112 54
49 6
34 24
98 13
87 4
13 18
85 5
103 58
85 7
101 13
72 27
41 23
40 1
76 41
17 4
82 2
34 9
32 7
37 16
36 2
97 23
106 47
40 21
111 85
103 44
74 32
15 14
84 4
118 54
50 6
25 43
39 6
73 10
13 1
100 28
7 16
3 24
35 23
8 26
111 53
61 36
19 2
1 18
7 18
103 101
93 40
113 47
113 0
111 91
6 27
19 29
25 4
21 5
112 40
90 40
41 19
60 61
83 18
35 10
30 27
98 38
92 21
98 10
98 32
13 3
37 12
12 1
98 12
76 35
25 18
73 40
62 41
118 73
27 17
24 42
49 18
119 115
107 76
47 18
99 17
98 33
110 92
106 81
10 15
19 12
58 6
5 42
47 14
115 65
30 4
19 25
1 26
111 58
36 10
61 2
10 1
64 62
87 13
63 13
111 78
61 34
32 16
41 32
1 4
72 37
84 6
29 3
115 89
60 19
115 46
3 1
112 77
10 18
57 27
14 42
38 6
107 99
9 5
9 1
73 35
12 10
27 25
106 72
0 1
41 10
61 62
2 29
115 44
8 20
33 6
60 34
36 24
6 22
109 69
41 34
6 1
51 58
0 4
12 14
113 70
60 62
60 6
76 11
75 10
16 20
62 35
36 17
83 5
27 2
71 3
75 27
107 35
73 2
68 38
34 14
56 36
90 39
117 118
77 27
45 6
39 27
11 16
64 13
33 36
32 11
107 75
86 18
112 101
38 16
107 54
36 29
84 18
34 13
3 4
2 16
8 2
29 17
106 103
12 6
109 105
40 2
36 7
7 5
1 20
38 36
72 39
92 17
97 35
89 33
35 17
101 39
21 43
32 13
103 67
77 39
118 96
35 3
27 28
34 10
98 37
93 34
57 10
96 2
11 28
11 20
8 6
27 43
10 2
27 4
111 89
27 9
99 34
74 11
105 40
38 19
8 30
98 40
47 11
6 34
81 36
12 22
62 39
75 32
22 16
78 6
38 30
28 3
72 2
29 25
23 43
35 38
113 88
97 40
68 32
54 2
57 7
51 11
47 28
72 19
65 4
34 20
8 1
69 32
81 39
79 12
76 39
62 11
8 18
63 36
7 19
40 27
60 40
10 24
115 51
39 30
99 12
6 12
61 35
119 92
111 112
68 35
113 87
76 12
41 22
74 10
19 23
32 19
35 22
53 2
72 17
83 4
115 81
105 74
13 20
101 6
39 14
36 11
48 5
103 56
40 23
74 29
115 70
87 11
106 70
35 11
25 42
18 43
7 20
110 49
9 25
101 37
111 45
35 34
60 33
28 43
117 51
23 28
6 3
34 2
31 39
112 97
40 34
97 30
21 3
41 16
112 62
51 24
81 6
33 7
15 3
86 7
112 76
11 4
57 17
19 11
61 38
69 38
71 5
29 20
33 12
92 10
9 43
79 2
111 54
103 53
8 9
72 10
115 45
14 1
31 30
84 5
37 29
62 36
108 69
12 2
74 30
83 1
77 29
86 2
115 92
10 28
16 9
73 30
11 27
23 1
2 28
113 90
69 41
27 6
6 21
70 5
33 35
109 51
100 21
34 17
16 14
57 14
97 19
46 2
96 19
87 14
118 77
31 41
12 16
34 3
34 23
119 93
85 1
97 11
32 22
37 3
31 11
11 23
63 41
103 77
37 13
97 3
41 37
111 67
106 108
38 14
29 21
25 1
118 56
8 24
115 85
107 77
22 14
37 19
19 15
32 15
62 7
39 40
96 15
96 27
34 27
109 103
21 25
99 30
4 18
102 31
27 15
98 34
97 29
69 37
99 6
111 72
29 26
96 5
17 43
26 9
71 1
118 98
52 7
87 5
109 81
72 40
23 14
72 6
41 35
50 2
96 3
31 6
74 41
52 18
99 10
115 83
72 41
14 43
33 38
108 103
92 1
5 25
79 41
29 23
26 5
55 7
77 38
6 19
14 5
103 32
105 38
0 2
51 53
98 27
10 23
72 29
11 6
75 11
92 23
103 59
11 10
65 18
14 28
23 9
37 39
118 97
26 42
81 41
21 26
103 36
37 30
110 84
32 36
111 88
31 36
74 6
11 26
101 41
11 17
15 1
49 7
20 3
92 13
85 6
48 43
6 13
118 44
92 28
71 2
10 21
73 13
105 52
13 25
7 6
89 37
118 79
111 50
11 43
115 8
52 2
94 5
77 11
10 16
99 15
107 101
24 9
20 18
3 5
70 4
99 7
6 28
3 9
13 4
111 65
97 15
68 61
48 4
110 103
2 12
22 23
118 40
22 9
40 5
70 42
8 19
67 6
55 2
34 19
36 23
29 9
27 1
35 29
75 12
100 3
112 103
34 1
57 29
21 24
110 56
89 38
61 7
34 4
93 2
4 26
44 7
10 22
105 33
92 18
119 14
113 64
73 6
90 36
106 92
24 25
60 36
57 2
3 20
30 23
89 39
101 38
19 14
23 2
112 58
63 37
75 41
15 5
13 26
103 57
13 29
38 17
26 25
19 22
79 32
74 12
79 40
71 6
65 3
99 36
7 14
75 37
100 5
2 21
90 41
36 19
21 14
75 39
111 70
16 21
27 29
111 92
115 14
73 19
69 36
10 14
29 28
72 12
6 11
35 13
14 26
87 18
63 61
73 27
112 53
96 30
40 19
102 93
107 58
76 32
105 57
89 14
101 40
41 40
24 20
23 24
82 7
30 10
110 111
104 69
67 2
7 26
111 83
8 13
103 79
32 2
118 33
99 3
111 94
103 38
13 22
115 49
112 61
113 89
74 34
118 57
22 4
39 12
105 61
35 14
106 51
107 103
97 16
93 37
87 23
88 38
103 73
70 43
111 82
86 6
68 39
60 13
93 41
33 10
111 55
77 13
8 16
82 3
104 68
37 22
34 11
7 15
116 14
90 35
65 7
41 29
51 28
56 37
66 4
103 99
7 4
99 39
22 17
61 13
99 40
92 22
78 5
15 18
33 32
14 24
99 2
77 34
96 38
8 22
112 73
28 9
88 35
6 26
98 35
2 15
40 36
106 88
11 14
77 6
28 20
7 29
20 42
2 18
7 21
19 1
80 2
39 21
97 2
30 3
113 93
65 5
81 40
106 49
66 18
40 11
102 103
108 105
4 42
105 99
111 90
27 3
99 32
118 99
47 12
7 28
13 11
112 57
61 19
107 57
75 6
99 27
8 25
79 33
96 13
113 66
12 29
52 5
73 39
107 38
20 9
16 28
92 29
40 29
35 6
29 16
34 12
105 59
23 16
75 36
115 100
92 20
7 1
105 77
97 34
107 105
37 40
49 2
29 1
12 30
13 30
118 13
38 2
12 27
1 42
89 32
22 15
64 40
64 35
22 20
79 35
15 25
6 30
22 5
61 37
7 27
115 53
32 23
116 31
113 72
34 16
19 10
19 3
90 32
33 2
109 72
30 14
53 7
22 21
87 1
96 23
113 31
106 109
6 17
56 38
79 30
34 26
112 96
115 87
75 29
52 6
71 18
40 10
17 1
46 3
111 59
45 2
115 47
32 30
5 26
107 74
12 15
39 35
33 39
7 23
103 76
61 40
13 21
11 9
111 52
23 25
113 60
68 40
32 3
51 12
6 20
30 18
3 25
117 106
113 100
75 13
32 6
10 9
69 6
77 36
47 5
56 40
72 32
37 34
9 42
35 16
34 21
38 40
37 23
87 3
105 32
83 2
107 59
37 7
28 42
17 20
96 21
83 6
88 40
93 6
51 56
36 5
38 23
41 3
69 61
51 59
98 19
107 61
14 4
115 78
21 1
57 36
32 29
100 2
62 6
39 19
115 112
98 22
101 7
54 6
34 6
39 23
20 4
57 21
117 92
112 39
115 55
96 10
97 10
110 51
93 62
32 35
29 4
22 43
20 25
110 82
57 5
16 4
108 51
34 5
100 14
111 14
30 24
77 40
9 3
68 37
63 40
77 12
118 61
30 6
33 41
27 20
36 34
92 34
62 32
10 29
112 74
103 75
0 3
41 38
103 105
61 41
63 62
64 36
103 37
70 1
118 41
78 7
103 74
21 20
97 36
58 7
96 17
7 9
13 24
107 32
2 24
74 2
20 5
105 39
31 2
118 39
33 30
110 14
76 2
1 43
10 43
106 100
102 92
59 7
79 36
108 81
13 10
98 6
88 39
98 30
10 6
83 3
62 2
57 19
13 16
30 5
79 27
41 12
16 3
10 20
76 34
57 6
32 17
60 41
77 22
75 40
60 32
16 24
41 27
30 17
5 43
72 13
112 67
11 21
10 5
23 3
47 23
92 30
41 11
94 2
100 26
37 10
73 38
68 2
76 13
93 36
94 4
67 3
106 90
112 98
36 16
56 35
10 3
105 80
27 16
62 40
107 39
88 14
107 80
115 67
90 33
77 30
12 3
105 41
35 12
104 81
52 4
78 3
24 3
20 26
35 5
88 41
76 6
2 5
8 28
3 15
7 12
13 17
118 74
93 38
93 39
33 29
24 28
23 20
110 83
107 96
15 24
105 101
96 7
75 35
103 96
115 58
44 6
64 39
28 1
40 3
17 28
94 7
73 37
84 1
13 23
96 12
64 33
96 24
118 55
7 25
69 62
77 19
105 36
73 34
6 2
47 2
79 37
88 32
112 75
119 118
4 43
111 56
107 73
34 18
41 6
2 22
31 12
99 38
100 43
104 72
103 13
106 107
17 24
86 4
85 18
104 51
71 7
103 40
60 38
106 68
2 19
0 5
6 29
35 15
23 4
2 26
30 9
17 15
99 11
60 37
23 26
116 92
82 6
97 32
35 7
76 38
66 5
8 17
118 103
27 23
77 32
19 4
81 61
37 14
111 49
7 11
35 30
76 19
69 33
30 2
102 45
3 14
39 38
75 2
24 4
14 20
69 2
69 35
111 103
57 30
64 6
110 85
13 28
30 20
96 14
95 7
97 38
88 33
22 3
52 3
118 37
118 62
105 54
11 30
112 99
51 52
107 56
86 1
104 46
92 14
63 19
38 29
112 38
10 26
49 4
19 6
107 62
19 5
115 59
119 48
17 6
77 10
11 24
105 53
37 2
24 26
13 6
91 2
55 6
107 79
99 16
73 29
69 39
72 36
106 69
38 27
101 11
50 7
79 10
31 19
118 53
23 15
103 52
77 2
11 25
8 11
30 43
33 34
87 6
27 24
79 22
8 29
28 5
57 24
47 24
16 2
105 35
112 13
106 104
22 26
15 21
63 38
26 4
103 62
57 3
79 13
100 18
5 1
19 21
89 35
96 36
30 1
36 13
29 6
22 28
13 14
25 5
21 2
29 14
71 4
118 35
81 2
47 13
37 15
17 2
40 7
115 90
113 114
27 26
57 40
2 14
13 12
7 3
18 25
2 1
103 39
76 36
86 5
93 35
38 12
99 35
115 80
57 11
12 9
115 72
118 52
64 32
12 4
94 3
39 2
112 36
62 19
105 98
99 13
37 6
118 75
105 37
48 1
63 2
112 59
26 3
19 27
98 41
110 50
65 1
111 69
31 13
72 11
96 6
13 9
31 33
104 105
22 24
14 2
88 36
4 25
6 14
115 91
8 4
62 37
36 12
107 97
6 10
12 17
112 44
38 28
19 9
94 1
15 4
97 27
95 6
111 46
29 5
97 13
2 3
110 106
92 15
32 14
26 43
32 12
40 15
97 17
116 48
85 3
33 22
45 7
99 37
39 34
8 21
7 10
28 26
17 25
119 31
72 30
111 44
41 2
37 27
112 105
13 27
36 1
36 4
107 44
2 13
35 24
0 7
2 20
86 3
29 15
79 11
17 9
96 22
40 12
24 5
61 33
92 16
40 6
32 10
74 13
75 17
7 2
11 12
111 81
64 34
6 4
38 21
26 18
19 17
70 25
41 17
37 35
115 52
12 26
17 23
103 97
13 19
78 1
39 15
33 11
95 2
39 32
84 2
97 12
107 55
29 2
3 18
19 16
41 36
93 32
10 25
15 20
13 2
116 103
32 21
35 2
93 61
33 27
73 12
35 21
74 27
96 29
119 13
11 18
115 68
23 5
81 37
19 20
110 78
17 26
96 11
109 46
81 34
22 2
63 6
72 35
79 34
39 13
115 56
72 34
12 28
36 20
17 3
40 20
62 38
98 11
11 29
12 20
57 15
27 21
30 22
115 54
38 34
40 4
99 22
30 28
30 16
76 33
53 6
105 76
14 9
36 6
105 67
68 6
77 37
84 3
22 27
115 50
117 115
6 24
17 16
21 4
92 3
8 14
74 17
101 33
31 38
57 34
23 21
76 37
14 18
30 15
109 68
88 37
116 93
47 1
37 38
16 5
99 29
6 16
74 35
5 4
64 61
38 15
7 24
19 24
103 41
3 43
22 18
36 30
38 5
6 15
75 19
44 2
39 36
100 20
11 3
83 7
107 41
22 29
107 33
38 3
14 25
39 10
84 7
75 30
2 17
118 58
22 1
105 44
2 10
76 40
66 1
38 22
5 24
40 17
40 22
112 35
110 45
69 34
97 22
57 13
35 40
19 30
32 40
41 7
74 37
13 5
6 5
21 18
14 3
41 39
32 34
92 11
8 27
57 23
64 41
7 22
77 41
98 36
105 103
16 43
10 27
96 40
101 2
37 21
107 98
94 18
63 33
17 14
98 39
20 43
68 33
118 32
85 2
17 5
33 13
97 7
29 18
43 42
12 18
8 10
1 25
38 13
110 46
36 27
32 27
0 6
5 28
68 36
118 38
91 6
107 37
12 23
112 79
79 29
54 7
37 32
94 6
96 34
98 7
87 28
33 17
20 1
39 3
77 33
12 5
101 32
6 23
26 1
105 56
118 59
37 11
30 25
111 100
30 26
79 38
46 6
96 16
72 38
102 49
105 58
98 29
2 9
65 2
34 28
2 25
7 17
74 40
100 25
117 103
24 43
111 87
33 19
36 21
33 37
73 32
78 2
99 23
90 37
36 3
30 29
73 36
39 29
57 22
3 28
104 103
112 32
64 38
118 36
9 4
51 54
93 33
105 97
90 14
107 52
107 13
8 3
103 98
70 3
111 51
41 30
105 55
32 38
27 14
22 6
13 15
49 1
111 47
18 42
81 32
56 33
63 35
115 103
29 43
81 35
79 19
19 26
40 24
8 5
51 57
39 7
8 12
80 7
23 18
58 2
19 28
112 80
39 16
9 18
97 6
107 53
80 6
89 40
7 13
118 105
51 14
106 87
92 2
60 39
37 36
2 23
89 41
81 62
75 38
103 54
68 41
112 55
68 34
101 36
34 30
105 62
16 18
36 14
51 55
92 24
7 30
41 13
11 15
16 15
70 18
73 11
103 33
5 20
47 6
61 32
34 29
74 39
11 1
16 26
98 2
100 15
52 1
11 5
12 21
75 22
38 10
49 3
63 34
97 21
62 13
102 14
93 13
8 23
35 19
92 27
38 11
34 22
105 96
115 94
112 33
30 21
56 32
10 4
21 28
28 18
100 4
105 75
108 72
21 9
