27 9
19 3
27 3
37 11
22 4
30 13
27 15
7 28
26 16
20 3
12 11
23 4
19 7
0 5
32 4
38 1
26 11
13 1
8 15
8 14
12 2
37 9
27 2
26 7
31 24
13 5
27 19
19 4
11 2
26 9
22 13
3 28
26 13
22 21
11 3
12 7
29 16
25 2
38 11
25 0
10 3
35 4
38 0
31 2
16 3
25 16
6 4
25 13
10 2
25 17
4 28
16 4
38 16
25 12
0 3
13 4
26 17
37 1
35 12
38 18
25 15
11 7
8 16
27 12
23 3
26 18
12 4
35 11
22 1
22 6
10 1
6 2
37 18
8 13
9 4
37 3
38 6
8 3
30 0
38 14
8 1
25 14
27 7
35 33
8 7
26 3
27 21
33 1
26 15
22 7
8 10
38 19
31 4
8 11
20 2
34 31
25 9
29 36
26 1
27 5
35 16
27 16
8 20
38 2
25 21
25 10
25 7
10 28
29 7
25 5
38 15
38 9
17 4
26 12
11 4
27 20
14 4
29 24
22 16
8 17
35 7
27 0
35 31
11 1
16 7
18 28
12 3
8 12
22 18
13 3
25 11
10 5
26 14
22 20
38 4
27 11
10 4
27 18
8 5
31 32
22 14
38 5
37 16
26 2
26 10
0 2
26 4
25 1
26 20
12 5
27 13
13 2
19 1
7 2
34 21
21 4
27 1
27 10
6 7
37 14
26 5
22 15
33 28
12 29
37 21
22 10
4 5
37 5
20 7
37 20
37 7
0 1
29 4
37 17
31 5
25 19
6 3
7 3
37 13
34 35
26 6
22 12
38 10
7 1
15 4
29 2
25 18
31 1
35 29
29 6
29 3
37 0
8 19
25 3
25 6
38 13
19 2
37 4
8 4
29 1
37 6
37 2
8 0
38 12
8 18
22 3
22 17
38 3
4 3
22 9
22 11
26 0
14 2
35 3
34 23
25 4
29 5
37 10
22 0
27 6
20 4
27 4
8 9
38 20
25 20
38 21
8 2
26 21
22 19
34 16
3 4
37 19
37 12
8 6
38 17
8 21
22 5
27 14
15 3
26 19
35 2
9 3
22 2
35 23
23 24
0 4
27 17
5 28
38 7
20 1
6 1
37 15
