0 7
12 11
0 6
14 9
26 6
34 0
28 10
25 13
28 1
46 3
13 3
33 3
33 5
22 1
28 9
30 3
14 7
14 10
34 10
35 3
28 6
22 11
14 2
31 2
26 5
29 0
33 1
37 31
42 17
37 18
12 7
20 16
9 6
24 34
9 5
28 7
24 21
31 13
28 11
17 12
27 2
35 12
28 0
8 13
13 10
32 12
11 6
18 6
30 1
12 5
13 6
24 30
45 16
17 3
29 3
16 3
24 28
53 21
8 9
52 2
32 4
53 14
10 13
37 30
33 2
14 3
33 12
26 7
0 3
26 12
43 7
36 9
25 3
39 18
9 3
27 1
13 5
53 31
20 18
43 6
32 7
40 18
53 23
11 10
23 1
37 25
29 7
18 5
18 2
36 3
8 12
35 6
25 1
32 2
21 10
44 16
30 9
11 7
46 6
10 5
11 5
45 17
37 17
34 13
30 7
30 0
22 3
8 1
16 7
23 13
37 34
22 9
48 50
12 3
29 4
10 2
31 3
52 7
13 7
30 5
21 2
21 1
18 1
30 11
35 9
28 4
53 27
24 32
13 11
21 11
25 10
9 2
47 17
25 4
24 35
30 13
24 36
37 33
35 5
19 18
15 18
21 13
37 8
41 16
43 3
19 16
36 2
32 10
12 2
46 7
30 6
21 0
13 1
31 12
21 9
22 2
8 4
10 6
8 5
22 4
28 2
17 4
33 9
31 7
47 16
21 7
24 29
8 6
31 1
38 18
24 23
10 12
36 7
37 16
31 9
24 17
24 27
30 12
36 13
14 11
11 12
21 3
21 12
0 2
53 34
16 5
24 8
26 4
34 5
10 1
8 7
15 17
37 27
33 10
53 25
31 6
35 4
23 0
0 1
14 5
23 2
26 9
23 10
23 5
36 6
27 6
41 18
33 0
34 2
42 16
16 6
24 25
25 12
33 13
10 11
18 3
41 17
39 16
53 29
16 4
33 4
53 8
27 3
12 1
35 0
22 5
29 10
17 1
9 4
33 11
28 12
34 3
24 31
37 29
53 32
14 12
27 5
25 2
36 1
38 16
29 11
25 9
39 17
46 17
16 2
40 17
52 1
52 5
17 13
22 12
31 10
33 7
9 1
23 7
43 12
37 23
32 0
12 13
37 14
7 5
12 4
18 7
13 12
23 6
29 2
21 5
29 6
30 2
53 26
37 28
32 5
17 5
8 3
43 9
36 12
11 3
32 6
28 5
37 32
7 1
34 4
31 4
7 2
35 2
48 49
27 11
18 4
30 4
24 16
31 0
53 33
38 17
53 30
48 6
36 11
25 11
21 4
26 11
44 17
36 10
53 28
35 1
32 11
22 10
32 3
11 13
10 4
23 4
12 10
33 6
13 2
8 10
37 21
23 9
25 7
26 10
23 11
48 7
17 2
34 1
27 7
29 1
22 13
25 5
35 13
13 4
8 11
26 1
29 13
21 6
37 35
43 0
10 3
34 12
32 9
35 7
47 18
22 6
31 5
20 17
34 6
48 3
14 1
42 18
48 2
17 7
48 51
16 10
16 1
53 36
40 16
17 10
16 12
34 9
35 10
34 7
53 35
23 3
18 11
11 4
24 33
36 5
29 9
24 14
30 10
32 13
19 17
15 16
29 12
0 5
37 26
46 16
23 12
28 3
27 4
46 18
12 6
24 22
8 2
28 13
9 7
43 10
17 6
29 5
22 7
24 18
26 3
37 36
26 13
43 11
11 1
35 11
11 2
22 0
45 18
34 11
31 11
53 22
43 13
26 2
0 4
14 6
16 13
37 22
44 18
36 4
10 7
24 26
32 1
14 4
25 6
14 13
