43 7
39 13
115 59
106 69
29 5
86 75
35 18
81 40
109 95
22 34
7 12
18 3
38 16
3 6
19 5
80 78
110 60
66 24
114 52
102 78
39 11
58 28
22 3
77 68
53 9
85 72
16 3
70 1
28 39
76 15
32 13
114 65
68 27
87 76
84 33
113 114
70 28
68 31
36 5
120 78
75 29
29 26
120 59
46 2
67 25
77 70
71 42
58 20
97 2
15 6
74 70
4 12
80 75
46 26
18 34
37 16
6 12
101 38
67 70
89 1
110 66
117 57
85 29
27 13
104 2
75 40
97 3
67 38
103 68
34 1
42 39
119 117
109 79
13 8
48 1
95 8
11 6
120 38
31 16
82 67
20 3
69 37
38 26
19 13
21 27
32 8
70 18
66 28
25 38
92 2
58 17
73 20
35 27
101 30
39 37
18 39
110 35
38 34
115 103
40 36
100 36
73 42
77 41
102 77
1 13
110 72
91 1
14 10
113 109
59 1
92 68
113 99
9 6
20 19
91 33
55 10
2 34
72 36
70 29
21 26
21 24
25 13
78 70
5 11
76 30
91 24
78 2
108 35
87 20
58 35
84 77
14 1
97 1
42 19
92 72
120 93
104 33
10 8
120 74
22 10
43 26
10 6
115 19
92 73
110 104
100 38
108 60
32 17
59 6
114 96
110 61
115 35
77 25
15 13
88 72
75 36
120 35
66 27
115 62
42 37
23 19
70 26
85 77
35 28
90 25
50 2
106 58
68 15
20 1
85 2
101 29
28 17
73 75
68 26
33 15
26 13
82 70
66 38
86 72
21 17
41 37
102 70
69 28
100 28
114 106
88 78
14 21
102 69
77 2
120 106
77 74
41 22
100 3
42 26
70 39
37 27
21 36
104 35
71 75
114 49
63 74
38 17
57 33
114 100
100 18
106 59
72 76
77 23
58 32
114 82
75 68
5 9
82 41
20 26
2 28
103 72
14 16
23 1
76 22
13 45
29 10
69 40
106 93
104 76
86 76
28 31
40 3
106 41
54 3
53 13
85 33
25 8
14 5
20 33
21 3
11 12
85 42
30 27
25 3
69 26
43 9
90 32
72 33
104 67
41 25
17 11
94 2
14 30
94 1
69 16
72 2
117 88
102 22
40 37
109 46
21 6
18 30
67 31
78 22
66 29
121 50
81 42
36 34
110 86
83 2
25 31
91 23
21 38
117 49
28 29
68 39
114 71
11 1
41 27
73 41
110 67
14 20
116 80
38 1
113 94
81 77
66 23
73 66
43 3
71 66
110 58
80 41
91 30
42 18
69 32
33 27
86 66
17 1
20 11
85 35
106 108
30 39
15 38
15 9
41 36
110 20
92 67
36 32
29 32
32 1
14 7
100 31
83 28
83 76
17 12
75 20
46 25
2 18
101 10
71 77
86 69
28 6
30 3
107 71
37 13
35 33
41 10
115 85
43 28
5 6
35 36
46 35
41 34
15 31
35 34
66 40
38 27
15 23
22 31
42 35
40 24
100 5
69 21
67 39
64 2
20 38
83 70
110 38
33 34
117 100
69 42
75 28
63 73
40 5
14 36
11 13
88 75
111 108
102 40
67 28
48 8
31 5
38 31
115 77
84 70
76 33
14 29
82 77
20 21
42 30
41 38
109 111
73 74
24 23
112 92
56 6
26 7
55 7
116 82
104 41
68 1
41 28
39 3
73 22
16 10
108 75
2 15
53 5
22 30
38 13
72 23
38 9
84 40
121 54
99 2
42 24
46 34
15 32
43 32
100 10
91 37
106 75
26 11
100 25
58 70
24 6
51 2
3 11
106 67
25 17
23 32
21 18
113 51
43 6
17 3
101 28
19 9
35 32
100 6
104 68
80 2
103 69
68 36
32 31
4 8
36 3
17 7
86 67
92 78
90 34
67 21
103 78
74 42
75 76
29 30
76 20
120 41
14 19
40 22
115 58
22 25
48 45
58 25
23 6
42 25
109 89
43 24
42 3
33 6
36 7
25 27
118 55
77 15
94 3
85 66
35 39
37 11
68 6
63 78
48 13
72 42
78 20
121 44
108 68
114 60
17 26
27 5
114 46
54 1
73 21
114 97
28 26
21 13
102 76
117 64
109 107
58 37
24 29
66 68
21 5
32 10
41 42
14 22
75 72
59 3
41 2
81 18
55 5
67 16
70 34
30 10
87 74
100 13
43 16
66 26
50 6
91 16
69 22
78 33
16 9
14 32
68 37
19 1
74 2
95 6
3 12
2 37
91 15
40 21
23 17
4 5
78 76
116 95
69 18
84 20
83 41
69 34
87 72
44 12
37 1
118 48
22 36
66 33
40 42
41 31
35 30
34 11
76 39
90 19
30 37
9 11
80 18
42 5
120 64
37 5
67 41
106 60
14 23
82 28
72 40
31 9
10 11
23 11
2 19
19 12
114 50
58 38
29 37
75 67
5 8
88 68
68 33
117 89
15 7
103 77
21 7
17 8
66 42
70 17
105 49
24 34
9 3
61 2
111 51
70 31
100 26
114 47
88 76
72 21
106 73
72 68
66 17
37 7
42 21
77 28
18 24
106 104
108 84
40 27
74 22
35 17
0 3
35 5
54 11
70 9
110 108
20 18
24 37
76 21
108 72
87 42
116 46
120 87
36 27
33 9
38 11
83 20
43 15
72 74
86 77
28 23
31 8
25 12
108 66
40 20
3 8
120 60
82 21
74 30
43 17
111 71
50 3
39 10
109 82
116 55
22 1
60 2
20 15
35 10
27 8
91 32
91 39
58 22
3 10
28 16
93 1
36 11
20 23
58 68
10 45
75 74
75 35
35 20
34 10
107 51
58 21
87 40
18 33
16 7
101 5
23 31
100 29
28 11
91 26
66 37
84 41
67 19
58 24
57 31
115 78
71 74
29 39
4 13
7 13
68 23
18 10
32 5
74 68
40 30
0 1
2 31
76 42
117 92
70 20
7 6
90 31
82 24
57 61
14 11
66 18
69 67
77 36
42 20
58 23
110 16
73 67
92 76
92 66
42 27
2 32
100 33
25 10
42 1
67 32
34 27
41 19
23 12
41 3
73 68
2 35
27 3
38 37
68 16
58 39
85 15
88 73
41 35
81 22
84 68
21 34
111 92
28 32
4 10
26 3
48 3
28 36
28 18
66 1
121 16
58 2
85 68
108 38
33 13
43 11
28 3
71 76
23 39
29 38
117 106
43 27
85 20
54 10
55 37
22 27
18 9
21 19
32 9
108 77
33 39
69 41
49 1
101 26
25 7
41 39
26 12
114 61
38 8
108 69
91 34
102 66
69 19
79 1
18 26
35 6
56 12
71 73
101 9
56 1
69 25
26 6
68 38
6 13
78 74
78 24
55 3
58 41
56 7
67 18
22 26
36 31
108 58
117 59
77 72
20 24
101 6
101 7
41 15
28 33
43 25
28 19
81 74
27 7
55 30
24 25
39 7
102 35
0 2
67 24
66 25
2 26
54 8
116 100
82 72
88 66
20 27
68 18
102 72
7 45
115 74
15 26
80 76
16 5
19 6
96 2
102 2
56 45
50 1
40 17
39 16
103 41
22 24
39 12
2 33
115 104
66 20
36 23
120 86
39 27
109 92
34 8
121 49
29 23
75 69
87 41
121 4
2 22
91 3
37 8
29 17
46 41
10 13
46 38
10 1
4 3
74 76
120 104
114 89
87 67
87 78
29 36
113 98
108 104
32 12
65 6
75 33
55 39
6 7
15 16
43 34
120 85
110 70
42 2
35 13
80 42
55 6
120 83
25 30
75 42
108 59
66 31
104 66
69 33
78 36
80 72
70 6
69 24
35 1
74 23
17 27
23 16
6 8
14 39
35 24
5 1
69 20
35 11
70 22
29 9
75 22
18 6
81 69
121 100
80 35
3 9
88 67
47 2
114 62
44 8
110 73
108 78
115 83
35 37
104 77
85 67
67 42
41 26
23 3
15 5
31 11
20 9
73 77
6 9
22 6
112 71
33 38
87 35
36 16
24 5
40 2
77 33
69 39
101 32
6 11
71 67
22 18
33 31
102 21
21 28
80 40
28 7
66 19
117 50
46 19
71 68
53 11
72 69
103 2
100 37
71 40
10 7
39 8
28 9
17 37
59 2
9 8
91 38
70 27
117 95
76 24
18 7
83 29
38 3
113 106
19 39
104 20
74 20
70 25
118 91
63 2
22 28
100 16
36 26
2 30
102 74
93 2
20 29
57 58
43 37
84 36
106 63
114 57
63 69
70 40
42 31
28 5
1 31
78 68
19 16
15 27
95 31
58 26
38 12
78 75
70 5
39 26
13 6
1 10
92 70
101 34
102 75
115 16
9 12
54 7
76 41
120 70
76 67
34 7
81 78
41 5
86 2
55 25
32 34
113 47
106 86
113 97
43 10
70 37
56 13
55 31
119 49
103 74
83 21
111 106
27 11
68 70
85 36
15 10
71 78
117 71
106 19
110 85
42 22
22 23
38 30
77 20
78 40
48 9
70 30
80 68
89 2
42 38
37 34
41 1
37 9
43 38
75 41
82 15
91 25
29 1
84 15
20 7
86 40
66 34
116 101
96 1
81 20
55 13
74 25
69 1
103 76
40 23
6 10
70 36
43 39
14 25
5 12
84 24
32 11
67 26
54 13
81 68
22 17
108 70
32 3
116 79
105 55
108 103
43 19
3 5
24 19
26 10
107 57
15 25
83 67
26 5
42 33
78 67
66 22
78 69
118 106
14 15
55 9
69 38
82 42
48 7
44 45
36 10
38 10
10 3
2 41
82 20
96 3
115 84
37 10
36 6
100 1
71 22
2 39
106 103
80 74
84 72
40 10
23 34
113 57
46 23
57 63
2 23
44 1
121 14
77 35
46 20
68 41
73 2
106 70
40 34
34 5
82 22
115 20
29 31
18 32
82 66
101 35
25 23
85 28
18 19
110 78
21 25
81 21
77 69
108 67
114 92
71 72
42 23
120 77
67 35
101 36
30 13
58 66
80 69
101 2
94 6
24 33
80 67
100 9
20 30
117 46
39 17
24 7
104 72
65 1
28 30
112 51
40 1
25 19
55 32
91 31
108 76
120 108
81 2
20 32
58 19
83 36
72 32
9 45
82 35
18 36
71 2
101 22
37 12
83 33
30 8
81 70
43 13
44 11
20 5
11 45
23 26
108 63
117 62
100 17
87 77
82 69
120 63
54 12
121 117
38 7
26 31
120 20
72 29
26 1
67 37
107 106
42 17
76 40
114 79
69 36
115 72
117 60
19 7
2 20
77 40
36 17
114 88
115 68
14 27
35 15
112 57
83 74
55 1
24 31
21 10
115 61
106 64
69 30
18 11
58 1
16 8
35 25
115 108
78 77
101 17
34 13
117 63
32 39
115 76
18 23
58 69
66 35
29 3
104 40
106 20
57 60
26 16
14 37
28 10
58 30
86 74
103 66
32 30
84 29
75 21
36 39
78 18
1 11
40 28
4 6
41 17
21 29
70 24
86 78
74 33
91 19
5 10
93 3
101 20
48 6
86 68
78 28
22 37
30 31
106 84
37 31
25 11
43 18
24 11
74 67
66 70
38 5
41 24
40 15
20 10
21 31
25 9
20 34
110 103
44 7
95 1
30 1
55 29
29 13
101 37
68 19
72 28
115 67
24 13
32 26
35 21
25 34
40 31
66 39
16 12
46 16
84 28
41 18
74 66
22 38
76 69
84 42
121 120
76 2
87 22
37 6
106 74
82 36
103 70
25 37
101 39
40 25
102 41
72 24
23 30
78 66
43 36
44 13
42 36
3 13
110 41
42 32
40 6
14 35
55 15
40 16
72 30
15 39
15 1
53 16
25 32
67 20
57 62
120 76
58 36
100 15
88 74
69 23
43 31
66 21
18 31
1 34
101 21
68 24
77 18
29 34
25 26
106 77
31 12
1 12
15 19
67 27
73 76
41 20
84 18
19 27
66 41
100 24
43 23
80 22
40 18
102 67
117 52
103 22
12 8
74 35
2 36
81 76
17 9
117 61
40 38
19 34
5 45
30 19
111 82
65 3
110 59
15 17
20 31
33 32
86 70
24 32
23 13
24 27
70 23
72 18
91 7
9 1
14 18
40 35
75 2
106 76
13 12
72 41
14 6
24 1
92 41
101 23
68 32
113 100
5 13
105 50
81 67
102 20
57 64
42 9
9 10
66 67
36 1
85 70
19 10
53 12
100 7
120 66
34 12
74 28
101 24
33 10
120 58
85 76
115 106
75 77
79 8
96 6
19 8
19 31
42 34
33 16
35 31
30 17
54 9
74 24
26 27
87 66
79 6
102 68
11 3
40 41
33 36
70 21
26 34
110 87
22 21
33 1
83 15
83 42
117 65
55 19
91 27
20 16
23 27
67 1
87 73
19 11
38 19
30 11
92 40
33 5
66 16
74 38
2 21
31 6
11 8
92 69
103 42
118 49
108 93
106 61
20 6
69 17
30 16
118 50
76 35
100 39
74 18
41 23
73 69
4 11
119 50
101 3
100 23
85 40
102 73
106 66
40 39
18 29
76 23
91 6
9 7
14 31
42 6
27 16
101 18
1 5
121 106
40 32
14 2
103 73
110 76
92 75
18 17
8 45
88 77
89 3
31 1
108 106
101 27
28 13
101 31
100 34
36 13
33 17
113 63
115 93
85 22
77 29
33 30
91 28
69 35
109 110
83 66
32 16
35 26
39 5
9 13
70 19
56 10
53 3
108 85
24 30
67 68
119 57
30 26
53 8
115 38
35 16
14 9
114 51
74 32
26 8
68 40
110 19
28 25
77 21
101 19
108 64
67 17
24 10
21 39
39 6
74 40
106 62
101 11
72 25
120 67
14 28
85 41
84 35
17 13
18 1
105 106
33 37
66 32
114 63
65 2
101 25
43 30
31 27
29 11
49 2
34 6
100 19
25 6
57 32
113 96
114 95
92 77
84 69
91 13
28 38
41 32
41 33
32 27
110 83
35 38
53 1
116 102
57 34
106 68
82 33
110 64
101 15
17 10
70 33
93 6
66 30
17 6
72 20
63 67
5 3
68 34
18 27
81 41
48 11
41 9
109 88
17 34
29 16
46 1
83 77
68 29
62 2
35 23
67 23
103 67
78 72
43 29
73 40
115 75
117 93
70 41
21 32
55 16
33 26
76 28
21 30
72 22
117 97
83 40
117 82
115 70
28 1
20 28
98 2
83 35
69 27
76 68
55 36
76 70
108 61
75 70
43 33
36 25
101 33
95 3
15 3
100 32
25 16
91 11
58 18
110 62
20 36
72 38
7 8
115 66
14 17
28 37
110 77
118 53
41 30
55 38
115 86
120 69
116 88
1 16
119 109
69 70
67 33
90 38
87 2
69 31
27 9
68 17
2 29
22 19
106 16
106 78
2 40
14 26
115 63
67 34
110 84
82 2
83 18
16 6
22 2
52 2
25 39
119 120
40 9
36 9
118 100
110 63
22 33
114 64
120 72
84 22
5 7
76 18
120 84
81 35
48 12
43 5
21 33
72 35
56 3
28 24
87 70
73 78
83 72
116 81
28 34
82 68
67 36
22 32
23 37
31 3
120 16
101 1
35 7
35 3
110 74
110 69
68 21
67 30
14 3
77 24
76 38
40 19
56 11
113 0
43 1
35 29
18 37
1 6
36 37
75 66
84 76
21 16
72 67
30 12
92 42
110 93
119 106
90 26
100 11
117 79
63 66
27 6
84 67
83 24
107 92
95 34
14 38
26 37
13 3
104 74
21 23
91 10
69 66
22 16
75 18
1 26
106 72
42 10
32 6
55 11
108 83
69 68
120 75
106 38
120 103
24 9
77 22
110 75
44 6
85 18
70 16
54 45
22 35
73 72
40 26
33 19
33 25
68 5
106 85
74 69
15 30
79 3
2 24
120 62
55 27
67 29
55 24
108 74
100 30
76 32
34 9
29 27
107 82
109 57
24 17
80 77
54 6
77 66
2 1
77 38
101 16
20 13
78 41
85 74
69 29
58 33
41 16
4 9
108 86
19 17
108 87
78 29
105 57
86 73
67 40
46 32
4 7
29 6
72 66
71 41
21 9
24 16
1 8
77 32
76 36
30 6
38 32
29 19
10 12
36 19
22 20
74 29
104 70
39 9
23 9
112 82
115 64
100 27
17 16
57 59
104 69
73 35
109 71
27 12
95 26
103 75
56 8
1 7
14 34
3 7
87 68
58 67
16 11
108 73
78 21
30 5
76 66
20 37
85 69
33 7
42 29
108 41
114 40
2 42
2 25
15 37
55 23
21 1
82 18
41 29
103 40
120 68
2 17
76 29
24 38
85 21
33 29
120 61
19 37
1 3
36 30
39 34
34 3
108 19
121 56
14 24
115 60
2 38
22 7
76 25
18 25
41 6
84 21
71 70
83 68
112 106
81 72
30 9
70 32
121 48
116 90
19 26
32 37
82 74
106 87
80 70
12 45
15 11
84 2
110 106
120 19
46 31
34 31
114 93
18 13
90 16
72 70
41 21
38 23
23 10
69 15
17 31
1 9
53 6
39 31
92 74
29 25
35 9
77 42
7 3
106 35
121 55
38 39
18 28
81 66
23 7
114 59
106 83
1 27
58 42
85 24
115 73
112 108
39 1
42 28
76 17
87 75
40 33
109 112
91 17
68 20
25 5
18 16
14 33
91 29
41 7
111 57
82 76
20 39
108 62
66 36
91 18
80 66
33 23
31 13
121 43
70 35
110 68
115 87
105 47
82 29
23 8
46 33
16 13
24 26
117 51
25 1
42 16
84 74
24 39
21 37
53 10
18 38
82 40
115 69
42 7
68 42
22 39
19 3
16 1
36 38
32 7
88 70
30 7
71 69
74 41
55 17
107 108
117 96
24 36
108 20
58 29
67 22
31 10
23 5
31 7
109 106
76 19
53 7
58 34
55 34
68 25
35 19
78 42
74 36
108 16
91 5
74 19
70 42
74 21
80 21
83 69
32 19
102 42
37 3
7 11
114 115
15 34
22 9
68 22
33 3
91 36
73 70
27 10
30 34
95 16
22 29
77 76
117 115
20 17
24 3
40 29
83 22
55 33
7 1
1 37
17 5
20 25
33 11
91 9
115 41
78 35
55 26
34 16
120 73
87 69
4 1
27 1
18 5
75 24
38 6
80 20
58 40
88 69
44 3
28 27
26 9
68 35
109 93
57 26
48 10
84 66
81 75
70 38
77 67
22 5
68 30
68 28
29 7
117 47
