88 3
104 37
103 19
68 1
20 19
46 47
78 21
20 4
52 7
60 7
41 21
0 10
78 26
63 21
63 34
63 35
69 9
82 22
104 10
44 30
7 45
46 36
66 4
82 47
7 30
66 24
0 14
91 22
60 11
68 21
92 4
48 39
94 37
50 10
52 14
66 9
87 25
60 22
31 27
104 75
31 35
50 3
52 13
91 26
79 11
56 13
54 5
0 8
62 19
49 26
103 17
69 14
88 21
99 35
91 5
104 12
46 4
78 67
64 27
103 45
94 34
41 8
91 3
73 4
100 43
100 18
85 9
90 11
63 12
16 45
56 4
98 27
68 17
79 16
69 4
5 39
104 16
66 21
60 16
54 13
79 12
31 3
72 53
52 19
69 13
52 48
31 7
91 21
69 3
31 4
48 45
56 5
8 15
93 44
54 8
79 21
0 9
88 5
56 9
51 21
82 37
0 15
95 26
73 9
49 19
61 9
80 17
54 4
50 35
62 5
70 17
100 47
66 17
82 36
87 4
78 23
68 7
87 5
0 13
94 23
102 101
94 22
66 3
60 3
50 18
64 3
20 27
43 39
63 23
87 8
51 8
31 22
50 26
104 15
99 7
78 32
20 26
87 22
31 8
38 9
92 12
63 26
46 37
49 17
52 34
46 23
62 13
69 8
85 35
70 1
78 22
88 2
42 7
54 32
68 4
20 7
92 2
94 18
66 12
70 27
82 23
66 5
60 1
28 6
97 3
62 7
66 15
98 35
80 16
70 5
104 5
103 40
20 2
13 44
84 48
103 30
51 35
46 7
31 15
66 19
60 13
68 3
87 26
8 10
54 24
0 7
13 45
102 18
91 16
20 21
49 8
82 7
86 47
73 1
70 48
70 25
0 18
17 40
73 17
82 4
12 45
8 40
104 36
100 48
104 106
87 18
31 10
68 48
103 44
82 13
54 9
66 2
91 8
54 37
54 36
102 27
84 43
62 47
70 7
68 25
70 19
66 67
66 14
94 13
52 26
98 22
92 18
8 30
46 24
49 4
82 25
88 9
104 19
77 4
63 5
20 13
82 1
88 37
56 2
54 25
78 3
31 5
78 12
31 24
62 17
98 32
66 27
69 10
85 23
88 35
20 12
73 22
51 26
88 4
31 36
97 48
88 22
0 5
100 37
60 32
100 7
59 3
66 34
84 21
92 15
88 23
62 12
49 34
102 4
104 101
63 3
45 30
100 2
102 48
52 1
51 7
85 8
78 27
7 44
63 4
84 16
98 2
94 26
29 10
34 39
66 10
90 27
29 3
68 43
88 18
88 89
0 6
86 22
92 8
79 15
52 21
50 2
46 13
66 8
94 8
104 27
78 7
42 43
78 18
82 3
52 25
104 89
84 10
73 26
62 14
87 15
73 2
104 2
42 23
60 9
104 34
78 43
62 23
20 22
80 19
68 19
46 3
102 32
31 9
49 33
60 19
60 8
87 7
70 8
69 2
62 27
103 39
57 2
84 9
0 17
87 35
62 35
54 22
110 23
31 33
64 35
54 18
104 44
104 8
85 16
70 4
68 5
29 23
66 22
104 32
76 45
20 8
58 44
8 39
69 12
104 22
104 43
52 10
62 2
69 35
69 67
20 3
98 34
91 12
92 22
42 32
0 4
63 1
73 10
49 9
100 5
97 37
104 11
42 27
85 18
104 108
75 45
46 35
82 9
78 34
56 32
0 19
84 2
49 3
43 40
41 12
54 34
104 93
61 3
46 18
49 14
51 34
66 18
80 1
60 12
70 12
91 2
85 10
56 19
68 18
82 24
68 8
60 21
29 8
92 26
42 14
20 24
51 5
60 43
46 48
60 23
54 3
52 23
104 33
82 12
38 23
96 14
94 47
79 2
78 9
62 43
76 44
82 48
102 10
38 37
96 2
88 34
73 16
52 8
73 74
82 34
102 14
64 21
54 33
52 35
104 23
80 32
91 7
83 4
100 1
80 15
48 44
102 16
60 35
83 5
29 14
73 67
63 18
104 1
60 4
66 1
31 1
71 44
54 26
60 10
10 45
102 35
102 22
88 8
49 21
54 35
31 21
60 17
73 75
51 22
46 26
78 2
29 24
31 14
63 37
42 22
52 24
63 9
104 18
79 67
87 12
73 34
88 13
69 5
66 16
86 21
78 35
69 27
48 53
20 18
82 27
60 47
102 9
62 4
46 27
20 23
62 34
10 44
104 71
49 35
104 17
70 22
56 48
52 22
92 9
69 19
109 26
54 12
54 23
82 21
82 8
62 3
104 39
46 16
0 16
68 15
66 47
87 10
104 107
88 47
73 35
31 12
96 3
91 10
100 4
80 10
87 27
104 105
79 32
82 5
46 12
60 5
69 7
84 35
49 10
104 30
94 12
93 45
63 47
49 5
0 2
87 16
20 17
31 37
55 7
8 45
104 25
85 3
84 4
62 16
31 23
88 6
46 34
87 43
100 3
97 47
87 37
31 32
55 27
85 12
79 10
104 4
64 43
49 36
0 11
20 9
63 8
52 37
42 3
104 72
51 13
103 53
79 8
90 9
104 24
52 17
104 45
85 7
73 3
51 4
29 12
49 2
66 43
62 37
46 22
52 3
54 21
84 3
73 32
87 3
94 6
29 19
38 8
92 14
63 48
60 34
46 25
51 2
75 30
73 19
102 2
51 25
49 7
62 26
60 2
42 2
82 26
52 12
82 2
46 33
8 44
29 17
82 35
68 10
60 27
84 7
75 44
38 24
73 15
46 5
79 1
0 1
58 45
34 40
85 67
46 21
104 76
38 3
68 9
104 47
88 12
104 26
81 3
79 4
65 6
104 3
63 2
70 10
16 44
62 18
60 48
20 25
31 18
91 15
52 6
9 30
46 8
51 12
68 12
73 48
94 21
80 9
49 12
54 7
31 26
69 17
56 17
78 14
54 6
60 18
104 35
29 5
73 47
12 44
60 14
82 6
102 7
62 8
104 74
48 40
66 7
10 30
0 3
100 34
31 2
52 4
82 33
42 4
104 21
80 2
54 14
91 18
46 6
68 14
79 19
92 10
79 17
5 40
78 5
38 12
88 24
100 101
78 8
104 7
52 2
63 22
92 35
62 22
31 34
0 12
91 14
68 2
92 23
66 23
8 53
94 5
78 10
52 5
104 48
70 23
28 18
3 30
