29 17
5 8
31 15
19 12
18 2
25 15
12 26
28 2
28 3
22 7
31 14
37 12
29 7
23 6
39 14
30 2
39 2
19 13
42 15
18 0
30 12
37 36
36 7
29 5
37 41
20 3
28 0
39 7
25 2
37 6
6 9
40 6
39 17
40 2
43 18
15 8
41 8
37 35
32 5
22 9
12 13
24 18
12 4
30 8
31 11
31 12
22 16
10 13
24 5
43 7
22 12
40 16
24 7
37 34
20 6
43 0
16 13
0 7
20 16
10 14
24 6
38 6
42 3
7 5
43 13
19 2
32 36
39 3
32 27
14 1
20 12
22 11
7 2
39 12
3 2
43 14
10 5
38 12
38 18
42 11
36 5
31 6
25 7
42 2
3 7
29 2
7 4
0 3
28 9
23 5
30 16
26 4
32 33
39 9
42 7
19 17
38 3
43 12
25 14
29 3
29 13
20 8
23 2
27 15
24 0
10 3
28 13
28 15
25 0
32 3
30 17
32 34
31 16
20 13
22 14
5 0
10 2
31 3
40 5
10 6
29 6
22 3
28 5
23 15
38 7
40 8
22 2
20 18
28 11
31 17
37 33
10 8
23 0
19 15
20 17
31 13
37 5
37 1
20 9
28 16
43 8
29 8
29 11
22 17
22 15
30 7
37 2
18 1
7 8
42 18
42 14
23 14
29 14
42 17
7 1
38 16
20 11
25 18
38 5
37 0
36 17
39 0
18 4
18 3
10 11
40 13
0 5
31 2
0 4
20 2
19 0
3 5
20 15
30 3
23 3
7 0
37 3
6 2
24 9
22 8
24 17
6 8
30 5
19 16
37 7
39 6
19 7
23 17
37 17
25 3
21 15
30 9
19 6
38 9
28 14
3 1
42 9
15 1
38 8
29 15
40 11
14 4
37 4
10 7
11 13
25 9
25 5
23 9
19 9
24 3
20 0
10 9
28 7
23 12
24 2
30 11
22 13
39 13
31 8
10 0
25 11
4 13
43 17
30 0
32 35
42 0
42 16
30 13
40 12
30 18
29 0
40 3
0 6
23 8
7 6
19 11
24 11
29 18
14 5
42 12
25 17
38 2
25 8
38 13
3 6
24 12
25 12
39 11
43 3
23 16
20 14
38 17
42 13
25 13
37 14
19 5
0 1
42 6
23 7
43 16
40 17
29 9
19 3
43 5
39 5
24 8
40 7
40 9
10 17
43 6
10 16
28 18
37 44
28 12
20 5
31 0
10 15
0 2
23 18
29 16
3 0
10 18
32 21
26 13
39 18
32 37
36 0
22 0
39 16
22 18
40 14
39 8
23 13
28 17
31 18
30 6
11 4
43 11
8 9
37 18
42 8
43 15
40 18
40 0
43 9
25 6
18 5
22 6
31 7
38 0
38 15
19 14
38 11
37 15
23 11
19 18
25 16
24 13
30 15
24 16
31 9
28 6
28 8
20 7
24 15
22 5
39 15
19 8
40 15
24 14
38 14
30 14
31 5
18 7
10 12
29 12
3 4
43 2
