62 11
15 1
54 41
24 4
37 12
19 8
54 32
87 70
78 43
44 23
37 31
68 37
5 8
31 16
17 1
20 9
11 13
41 14
48 38
8 4
49 38
55 15
44 15
29 19
28 1
74 21
62 23
72 47
66 32
37 22
78 11
53 39
30 19
60 31
69 70
72 38
79 59
5 7
41 20
16 9
4 2
30 17
20 2
72 21
20 6
40 20
26 22
39 20
29 20
58 30
58 40
40 32
50 40
26 8
72 77
58 31
17 21
39 31
29 7
80 77
20 23
6 2
58 23
31 24
60 39
12 7
42 6
44 11
21 2
11 4
22 21
39 16
21 1
82 83
12 11
18 5
79 70
10 19
18 9
78 79
35 11
4 25
68 40
54 30
63 22
23 7
50 15
16 11
62 2
10 11
19 4
20 7
87 67
32 9
26 18
7 4
36 40
62 8
44 1
67 39
80 49
80 19
74 40
15 17
80 68
3 9
40 21
55 37
10 5
37 36
80 21
58 37
30 7
26 1
75 59
63 9
59 50
55 39
31 18
81 54
72 65
26 19
80 38
80 37
80 32
14 16
34 25
39 14
56 32
82 64
31 13
75 51
10 7
60 36
9 7
76 43
11 1
40 18
81 55
51 31
31 12
65 40
15 21
11 2
15 2
3 6
18 2
76 51
78 33
17 16
29 30
66 31
58 20
32 22
70 66
44 13
80 40
65 16
31 22
39 11
12 4
26 9
72 68
82 84
51 50
18 4
15 22
1 7
22 8
12 18
32 19
23 12
59 32
9 8
1 2
50 41
55 36
70 21
29 15
70 50
3 2
32 2
23 21
72 40
26 17
72 44
36 1
31 15
29 17
38 32
65 15
43 14
62 20
53 20
79 10
15 8
31 2
7 2
17 19
80 31
73 74
37 32
80 67
87 50
79 43
66 23
56 39
72 19
68 20
38 30
73 60
78 61
82 77
36 14
65 30
3 1
71 70
71 72
23 13
44 19
65 11
88 87
49 41
12 6
57 2
55 30
74 50
15 6
73 35
88 26
2 7
59 49
46 38
66 22
22 1
15 19
22 5
37 39
82 10
20 8
67 32
30 1
79 61
63 2
31 9
0 1
67 37
41 15
1 4
15 4
10 23
72 46
72 66
30 16
10 4
24 16
74 68
20 24
80 47
20 5
87 39
61 2
29 16
50 38
30 11
29 13
12 2
85 11
48 30
29 24
32 7
73 76
60 40
79 57
20 22
20 13
15 20
43 46
88 3
14 17
85 70
13 8
32 23
72 32
17 8
26 5
53 14
14 8
70 72
23 24
20 16
48 50
67 14
27 4
32 14
58 39
36 23
37 30
70 39
4 6
60 41
74 66
23 6
22 13
4 1
68 31
15 16
53 15
29 1
24 18
51 32
41 32
75 70
56 20
82 70
36 9
39 23
30 20
52 25
60 37
44 32
62 15
22 16
36 24
81 34
63 16
15 9
1 8
12 21
39 22
65 1
41 31
37 21
9 1
31 6
11 9
30 2
39 12
43 11
15 23
63 13
24 11
43 9
39 24
39 21
68 36
50 49
21 8
27 1
86 73
10 17
65 32
79 11
40 13
14 4
46 37
70 58
1 5
24 19
79 45
51 40
14 11
72 58
63 17
24 1
10 9
80 36
29 11
3 4
46 41
66 24
74 37
40 7
11 18
15 7
16 2
35 36
74 46
40 17
22 7
87 46
54 39
69 28
32 6
82 11
23 19
62 12
22 2
48 41
82 60
14 18
32 18
74 58
74 32
44 24
63 1
20 17
53 31
72 49
40 2
10 18
81 56
15 13
39 30
70 38
15 18
78 73
53 30
43 44
49 39
38 39
24 7
87 65
30 12
29 8
16 18
55 41
70 45
46 36
59 41
14 2
40 11
72 39
31 8
86 87
87 31
24 17
14 22
31 4
66 39
66 15
59 38
86 43
85 27
66 17
24 6
70 67
51 41
40 15
42 4
62 9
63 21
72 31
20 19
29 9
32 16
70 47
70 32
3 8
55 40
44 7
44 2
22 18
23 17
24 5
12 8
54 37
59 36
36 15
66 21
44 9
19 6
74 49
44 18
88 11
21 5
76 72
26 16
63 12
56 36
21 7
32 30
51 49
12 13
30 4
32 20
62 6
10 24
82 35
87 45
81 52
36 12
13 5
74 41
79 83
26 12
21 13
17 2
53 23
16 7
1 9
76 34
36 17
48 32
21 9
23 18
88 27
87 72
31 11
71 51
66 40
53 37
66 36
87 68
72 37
56 41
48 49
39 40
14 9
32 24
10 21
13 2
74 31
51 38
36 5
74 39
39 15
72 45
16 4
66 14
17 12
41 38
29 23
73 57
65 18
87 58
54 15
80 41
63 11
12 19
19 9
86 28
87 19
26 11
7 1
31 1
81 60
30 14
29 4
73 43
37 20
65 31
29 5
74 70
70 37
51 30
10 22
82 46
88 63
39 36
44 16
44 22
36 16
87 21
50 39
56 40
56 38
26 7
2 5
26 24
15 14
11 5
62 1
19 1
19 5
48 39
14 13
36 13
17 4
79 60
20 14
40 16
36 20
54 20
23 2
29 12
30 21
20 1
20 12
22 4
12 16
10 6
14 19
38 36
87 24
78 46
13 9
79 46
85 62
70 36
74 19
40 23
73 51
75 43
5 1
24 8
58 14
29 18
44 31
70 65
23 16
74 77
62 22
60 11
54 40
31 23
17 6
69 11
5 4
23 5
37 24
20 4
62 13
36 31
14 6
63 7
40 30
74 47
80 39
80 66
10 8
30 9
37 15
79 77
24 21
8 25
72 70
10 1
82 28
79 51
17 18
74 24
32 21
27 6
65 23
39 17
62 16
35 39
65 14
26 13
73 71
67 20
63 8
26 23
14 5
52 1
3 7
67 31
40 31
23 22
30 8
53 32
2 8
59 40
10 16
14 7
27 2
41 40
35 38
85 28
70 40
49 40
66 11
86 63
69 43
22 6
50 30
41 37
31 5
66 16
21 11
10 15
43 47
8 6
7 25
53 36
88 28
63 24
14 24
87 49
82 80
20 18
22 19
21 19
38 15
2 9
62 7
70 41
65 13
53 40
87 38
58 32
62 4
51 36
32 15
82 61
72 67
65 20
79 80
80 58
79 34
50 36
58 36
46 40
15 12
40 12
71 59
63 19
79 84
82 52
33 1
49 31
40 14
88 82
48 31
12 9
29 31
79 64
82 43
73 70
44 30
57 1
11 6
24 9
87 47
65 22
13 7
16 5
13 4
37 23
50 37
62 18
75 72
87 41
14 23
18 6
74 44
17 7
54 38
80 50
24 13
65 19
13 1
22 11
26 14
40 22
43 45
38 14
44 12
81 0
9 2
19 7
19 13
37 16
51 39
73 59
74 65
12 22
12 1
35 37
31 14
42 1
29 14
82 47
87 66
31 21
65 2
12 5
50 32
68 41
14 1
73 75
75 34
56 30
11 19
66 30
65 21
30 13
70 44
40 9
80 46
19 2
71 43
72 24
56 37
87 36
14 12
48 40
62 21
71 34
37 14
80 44
60 38
10 20
37 17
38 37
29 6
21 4
8 2
13 6
16 13
44 21
39 32
32 17
74 67
24 22
79 47
35 31
65 36
10 2
87 44
32 1
40 24
23 8
49 15
70 68
23 4
6 25
61 1
59 30
8 1
62 24
18 1
3 5
11 8
70 24
63 4
66 20
59 39
82 51
74 72
19 18
10 13
35 41
62 19
66 12
24 12
67 40
2 6
58 15
62 14
16 6
30 18
41 39
9 5
55 20
80 24
74 45
79 35
48 37
32 8
37 40
70 19
20 21
82 45
72 36
13 18
26 6
49 37
16 8
42 25
36 22
18 8
87 77
18 7
81 53
35 40
36 30
32 5
44 20
32 4
16 19
88 42
43 24
1 13
80 70
27 8
80 45
76 59
63 18
74 38
30 5
26 21
21 6
41 36
15 24
74 36
5 6
55 38
76 70
36 18
28 2
36 2
87 37
36 21
41 30
31 20
17 9
51 37
67 36
55 31
80 72
62 17
44 17
7 6
63 6
79 28
9 4
86 82
65 12
26 4
5 2
30 15
54 36
55 32
31 17
52 2
32 12
15 11
54 31
82 59
81 35
73 52
64 1
56 31
30 24
29 21
17 22
36 19
48 15
40 1
40 5
87 40
1 6
86 70
9 6
20 11
14 21
68 32
30 6
70 46
23 11
72 41
63 5
0 2
44 5
36 32
32 11
31 19
24 2
50 31
59 37
64 2
70 31
32 31
15 5
72 50
49 30
38 20
17 5
65 17
82 57
23 1
17 13
87 32
2 4
21 18
26 2
44 14
16 21
38 40
27 25
79 33
22 9
6 1
62 5
40 19
78 70
29 22
79 52
7 8
65 24
10 14
30 22
48 36
70 77
56 15
88 29
10 12
16 1
11 7
30 23
49 32
68 38
38 31
33 2
31 7
70 49
43 20
29 2
32 13
42 2
29 32
17 11
80 65
88 70
68 39
36 11
49 36
81 48
23 9
82 33
