27 14
18 5
45 18
27 0
27 15
29 19
31 12
29 1
46 17
31 5
27 4
46 18
2 8
44 17
14 3
23 2
28 7
15 5
46 25
6 2
9 21
42 6
44 12
38 37
9 11
11 2
32 4
44 13
42 15
9 7
28 15
28 24
32 6
29 17
9 10
28 5
11 6
39 18
42 12
11 1
11 3
29 7
30 6
13 6
33 0
44 11
25 3
22 2
15 32
18 2
42 13
38 13
31 14
44 21
29 22
31 0
46 5
27 19
42 41
27 22
4 5
28 3
45 0
31 23
39 25
9 0
27 5
28 10
23 3
42 38
42 2
6 5
27 25
31 6
5 1
36 8
39 40
0 3
4 3
32 8
29 6
45 6
45 26
13 5
45 16
23 6
39 42
28 0
29 18
31 18
31 7
29 23
9 6
9 4
29 15
44 25
11 5
37 1
16 6
16 2
26 12
28 14
45 15
44 24
34 35
46 0
45 4
46 16
15 3
44 14
32 43
3 8
28 17
46 20
31 11
27 26
30 2
27 21
9 26
31 19
30 5
15 1
9 13
34 12
23 8
9 2
46 6
45 11
28 20
13 1
28 23
46 11
45 14
9 17
30 3
45 19
28 25
27 16
4 2
45 12
31 22
29 0
46 10
9 12
28 18
31 26
45 13
42 18
44 26
16 1
27 17
27 18
29 5
32 2
18 6
42 32
29 3
27 13
9 18
13 2
45 3
15 2
23 1
45 24
9 19
0 2
46 22
46 1
42 40
45 22
46 23
29 10
27 20
20 3
45 2
39 13
4 1
31 2
31 15
29 2
32 3
23 5
31 1
30 1
44 3
28 26
27 6
9 24
7 8
4 6
46 21
36 3
17 2
29 26
45 20
0 1
44 19
14 8
29 20
44 0
15 6
9 14
2 3
29 4
9 3
28 16
28 4
29 25
31 4
32 5
28 13
28 12
34 1
29 12
46 15
36 32
44 4
5 8
44 20
42 37
39 34
6 1
42 36
27 23
39 41
5 6
24 3
9 25
44 7
42 34
46 26
14 1
24 5
44 15
31 16
46 19
27 7
27 12
31 25
13 3
45 23
16 5
44 23
44 10
46 4
6 8
46 3
28 1
44 18
29 24
28 21
27 3
28 22
29 13
31 24
45 21
9 5
44 2
24 6
45 17
27 24
31 17
44 6
31 10
28 2
9 23
36 1
44 1
46 13
9 22
29 16
44 5
27 1
44 16
31 20
45 25
10 2
46 2
45 1
29 11
31 3
28 11
9 16
46 24
9 15
45 5
46 14
29 14
31 21
28 19
21 8
27 11
16 3
14 2
46 12
27 2
9 20
24 1
32 1
46 7
44 22
28 6
45 10
31 13
9 1
27 10
45 7
29 21
24 2
