87 6
236 6
341 134
140 84
108 6
280 20
149 154
211 117
153 105
87 80
210 2
345 104
116 77
185 51
92 96
161 107
244 81
120 112
11 18
217 106
203 89
100 118
91 6
219 104
335 83
203 187
265 104
187 89
197 118
230 234
296 129
296 135
79 81
191 83
334 303
200 53
260 2
195 80
159 106
40 33
40 4
343 172
172 66
113 115
34 68
76 77
312 143
286 3
243 119
125 49
93 194
277 33
192 83
173 99
184 34
146 136
160 105
275 42
22 80
35 129
284 137
44 198
271 9
198 34
21 81
35 7
56 75
240 82
88 82
5 77
247 4
322 303
19 21
36 82
269 113
246 127
48 61
9 42
202 105
93 65
7 68
91 8
98 5
160 104
217 142
47 33
339 220
101 33
12 50
315 83
46 7
270 134
287 25
32 30
244 33
0 4
244 4
184 36
138 6
322 109
125 116
308 42
334 242
100 74
262 187
315 82
185 20
265 85
295 60
334 0
310 20
237 126
314 83
254 69
113 124
41 9
310 22
300 6
187 8
345 81
312 237
322 324
48 15
180 44
284 83
247 126
269 85
66 6
32 78
37 80
121 9
280 19
172 5
154 38
318 21
93 72
277 38
280 185
214 134
188 83
247 212
99 9
270 125
217 64
246 49
289 134
155 107
247 7
292 104
315 50
124 65
101 80
144 96
160 98
312 179
312 44
46 30
135 58
125 8
214 53
184 25
200 17
324 33
180 84
218 64
44 204
213 6
293 51
213 105
240 6
328 60
200 26
312 165
250 50
136 92
38 86
246 4
274 188
269 120
280 34
242 111
253 34
335 81
274 278
101 82
171 100
99 2
326 80
113 127
42 77
334 44
66 9
149 158
269 104
122 186
251 9
240 8
293 42
12 69
247 122
174 107
216 129
32 27
16 77
275 16
236 34
277 58
221 2
262 306
7 72
198 118
135 8
46 89
22 33
93 96
345 135
185 35
236 118
322 153
269 8
230 262
46 135
100 126
312 164
255 9
156 100
0 3
42 69
341 141
177 101
342 137
217 136
1 74
288 5
65 187
193 108
93 120
201 143
291 135
274 32
117 194
22 86
182 111
98 8
206 104
235 83
148 134
285 111
48 187
114 33
278 108
38 77
293 135
236 117
102 4
251 86
11 29
119 89
182 42
213 80
315 80
57 34
230 154
127 4
79 6
280 22
304 5
266 136
211 7
293 14
219 135
10 3
322 282
79 85
272 50
277 16
48 142
259 3
27 95
343 203
335 139
336 51
272 4
324 82
20 84
87 34
288 4
293 128
184 12
38 80
296 51
166 94
274 97
147 9
320 81
230 227
270 123
236 124
289 60
201 35
153 107
265 80
157 104
88 9
133 81
186 77
180 49
133 135
230 141
46 58
305 139
275 50
48 89
200 61
92 107
118 77
274 276
117 186
242 89
185 17
345 139
178 107
97 104
113 6
152 106
20 86
35 6
48 75
277 47
219 84
293 12
342 129
342 53
264 24
269 49
327 4
89 90
315 33
322 238
119 76
336 135
307 134
269 127
123 77
200 14
230 117
163 105
146 143
274 18
29 69
79 83
217 53
160 106
249 80
285 84
274 173
237 125
88 50
141 85
265 69
182 106
48 21
182 143
284 104
243 114
307 110
293 142
152 99
149 169
317 203
216 141
217 139
294 21
170 102
314 34
274 169
247 8
301 81
291 53
93 196
11 43
284 30
315 24
324 80
1 33
265 124
208 84
135 68
238 136
198 105
219 106
135 57
149 164
1 84
289 142
166 107
200 36
48 141
48 53
230 191
41 75
219 60
293 119
159 107
201 83
211 83
246 42
308 35
109 86
218 53
151 105
181 21
288 9
71 41
65 2
307 143
10 9
197 107
46 105
230 243
79 86
228 83
230 91
213 127
240 9
224 9
40 86
330 65
339 210
252 80
327 6
213 125
93 69
299 297
158 102
175 98
194 89
42 33
149 162
319 187
230 121
202 144
88 24
322 192
164 107
88 80
232 83
228 106
63 9
185 18
291 137
293 27
183 83
59 69
292 84
282 12
19 61
134 65
230 272
167 99
54 70
164 4
326 82
171 99
176 105
35 127
200 45
252 34
242 114
46 72
206 42
216 138
64 4
229 83
41 67
116 89
281 60
329 5
161 131
296 83
19 38
300 81
297 61
162 98
35 82
242 128
299 110
258 84
309 9
291 42
245 60
46 26
113 104
269 119
230 244
167 98
269 118
256 81
195 9
308 135
282 31
297 24
269 117
249 2
143 60
335 141
131 2
218 136
28 134
19 26
303 47
200 52
152 98
40 24
230 125
48 12
310 19
11 52
328 50
142 68
200 48
333 139
120 77
57 41
100 84
148 147
40 75
237 80
215 139
230 188
307 141
207 84
135 33
170 103
240 127
151 60
322 23
135 76
197 114
113 121
282 56
230 247
280 21
56 72
122 9
40 83
211 9
46 17
274 267
56 90
308 117
301 4
206 106
217 83
185 40
232 121
306 3
102 34
258 4
184 35
66 2
91 66
322 328
322 158
46 127
275 27
215 51
247 113
322 46
273 106
216 84
213 121
306 9
293 16
272 82
305 105
208 53
322 91
20 33
46 60
148 2
262 194
149 150
4 68
327 2
97 99
113 116
110 82
217 111
301 34
207 4
187 119
164 6
181 39
305 53
223 108
46 9
246 128
19 51
156 99
275 46
253 82
1 147
247 83
198 115
177 105
284 81
93 134
282 58
42 5
135 60
202 142
274 193
46 196
167 102
125 89
229 136
200 13
277 26
163 83
224 4
274 231
167 100
135 1
297 80
295 144
147 83
304 65
204 9
101 2
15 86
64 8
325 80
185 61
184 24
243 85
317 0
285 110
280 26
343 16
41 58
32 116
11 55
35 30
145 33
251 2
211 113
213 4
103 34
307 136
197 49
304 6
243 120
328 24
295 111
297 128
326 2
304 66
184 43
202 138
339 303
203 9
255 81
113 126
225 9
325 50
247 117
200 46
331 1
65 84
265 122
336 134
254 147
22 9
184 31
161 104
214 30
319 65
289 30
281 24
93 74
281 9
214 42
269 123
250 60
277 52
140 33
247 119
314 84
147 194
230 241
259 8
307 83
200 30
79 33
322 266
293 120
274 159
36 9
87 82
19 17
274 158
21 50
274 277
265 9
20 83
322 11
287 1
36 51
12 4
62 47
241 9
322 265
184 44
277 12
19 44
282 38
200 38
310 31
92 94
334 53
220 9
237 129
181 33
202 129
168 100
114 72
262 84
64 6
185 15
345 138
19 13
272 81
213 122
178 111
210 3
100 115
242 126
44 197
333 129
200 33
240 50
205 84
216 64
218 144
218 60
293 52
215 53
156 103
242 118
19 54
335 60
211 68
289 111
322 246
36 33
27 50
108 8
92 115
97 100
156 98
254 2
250 4
213 129
35 84
322 287
277 9
219 117
333 35
202 134
275 61
135 49
293 31
162 105
277 19
32 34
146 111
261 6
280 14
345 51
139 83
322 231
255 4
277 61
319 8
218 134
256 83
297 34
275 22
248 86
230 267
19 35
319 9
315 4
280 48
310 42
146 139
219 142
11 31
110 34
63 6
260 81
332 318
182 105
246 114
184 47
19 50
201 110
202 42
158 99
216 143
252 2
200 58
295 105
274 155
310 50
277 23
327 60
304 187
149 178
241 5
300 9
71 78
236 84
312 180
328 84
32 142
304 4
57 74
331 49
32 52
315 2
201 144
283 141
19 39
113 85
322 18
239 3
179 42
210 66
200 42
290 134
203 2
292 53
269 114
197 121
305 74
125 122
180 115
127 186
125 124
252 60
324 86
127 90
239 9
310 40
34 77
184 52
165 8
296 139
319 134
195 6
197 8
197 187
251 81
338 94
172 9
310 36
87 50
250 2
65 74
233 136
224 7
265 34
152 105
135 85
144 92
319 115
198 9
103 33
320 4
119 112
243 122
213 117
230 266
206 84
144 205
220 6
288 65
274 168
287 51
244 24
179 38
19 49
148 3
66 8
322 320
296 143
184 42
324 81
312 151
125 129
120 111
71 58
179 84
202 35
99 50
1 80
128 74
280 38
275 31
193 54
98 3
195 24
285 51
280 58
64 2
322 270
19 15
211 129
197 123
127 84
69 77
287 288
293 69
246 34
252 9
148 115
322 273
289 135
115 72
315 81
341 83
222 34
284 144
158 101
155 104
216 42
227 136
321 81
99 6
35 4
310 45
197 85
104 84
249 60
47 9
230 212
341 60
299 36
322 88
55 136
322 150
113 123
269 107
200 34
245 4
339 203
240 137
215 111
307 81
332 242
345 9
242 117
11 62
37 34
110 6
185 28
135 27
241 6
216 53
182 135
102 81
130 94
335 30
155 100
200 54
259 7
211 123
272 34
216 139
336 74
296 74
242 121
109 83
205 147
237 120
328 34
290 84
74 77
282 29
235 106
282 52
322 62
48 78
270 107
299 0
209 83
36 60
317 210
182 139
19 43
198 186
265 68
265 107
217 51
267 106
253 86
325 24
182 117
292 83
121 85
307 53
242 69
46 226
334 319
165 4
328 83
292 135
244 80
284 106
125 117
208 81
286 9
47 84
20 9
283 42
301 50
280 52
314 6
103 24
140 2
182 64
242 122
334 203
290 139
310 37
274 275
185 38
339 242
285 106
12 71
220 24
335 64
165 107
295 143
19 30
20 34
310 56
85 77
93 9
196 9
247 85
135 31
208 138
241 2
114 78
307 84
243 113
158 103
44 50
12 52
214 74
41 52
300 84
230 232
168 103
326 33
208 111
150 121
284 74
301 86
41 74
93 119
219 143
327 80
48 27
202 60
44 316
178 44
248 34
331 82
308 138
20 2
322 239
236 128
217 105
236 60
275 26
36 127
213 42
230 196
135 141
123 73
185 45
267 83
321 24
310 12
292 137
219 110
120 89
246 69
341 104
275 59
270 69
10 8
283 137
293 50
274 170
291 35
332 0
11 44
36 8
12 33
88 84
133 104
326 60
261 9
165 5
110 80
148 69
182 104
29 73
148 126
11 38
237 128
185 24
41 42
282 54
97 98
113 111
265 8
275 39
197 122
211 69
63 7
217 30
256 80
243 128
176 99
40 2
133 42
106 107
260 83
285 35
79 50
240 24
32 58
240 34
36 226
280 44
181 115
263 194
336 144
167 101
182 144
333 60
37 2
292 117
203 126
333 110
270 42
308 111
299 225
306 2
261 60
114 187
291 141
216 51
274 183
250 81
274 233
247 49
230 257
19 23
11 15
8 5
341 35
27 187
220 4
207 6
254 93
184 51
297 33
146 106
97 107
143 84
283 143
22 82
113 125
110 86
88 81
284 143
234 83
71 52
166 6
342 105
297 6
322 200
282 16
185 30
250 83
216 110
103 81
189 83
253 80
100 104
65 118
321 60
236 126
220 50
210 93
275 51
325 6
149 151
121 194
103 60
155 99
35 128
269 80
282 24
206 129
274 153
207 83
182 134
149 173
269 84
146 51
165 115
310 34
103 80
110 9
242 141
102 33
243 117
308 83
166 115
256 84
322 199
314 2
301 83
322 143
282 51
272 84
345 105
248 84
333 106
305 136
332 44
242 73
22 84
32 111
178 51
48 26
290 83
133 105
32 104
166 5
277 62
297 82
342 110
271 7
33 77
203 3
252 84
328 82
215 142
221 50
296 142
200 57
185 16
35 50
19 12
48 47
197 128
150 83
189 136
282 14
37 6
274 266
10 6
293 281
328 86
178 115
113 117
295 64
282 42
46 68
336 117
218 42
290 135
46 39
270 118
295 142
169 106
299 35
103 50
176 106
326 4
48 30
282 32
211 125
55 106
114 60
310 54
245 50
256 82
230 242
200 44
345 143
307 144
302 83
180 47
253 4
135 142
27 52
7 5
103 2
331 196
239 116
270 114
246 84
305 60
196 194
149 179
236 115
152 103
270 112
133 51
251 83
114 61
230 199
60 186
287 196
88 83
289 104
134 118
243 34
153 106
285 141
322 55
221 24
84 77
275 23
248 24
149 153
71 50
44 115
220 84
236 127
135 186
230 87
19 16
29 80
203 4
171 101
317 44
146 84
302 2
237 114
292 42
21 86
253 84
101 24
274 279
299 23
271 8
46 119
120 86
326 6
185 36
198 6
154 129
79 9
197 119
216 111
46 67
281 86
316 9
269 83
290 138
0 1
199 106
174 99
71 69
250 34
237 104
246 111
26 69
101 84
316 96
255 83
180 26
11 60
299 301
286 5
46 1
293 58
44 6
268 136
243 212
274 48
293 3
213 104
158 104
207 80
230 268
289 53
172 7
133 137
247 60
125 84
215 138
15 89
329 9
102 6
188 136
64 3
305 81
312 166
208 136
291 105
35 80
280 41
110 84
139 6
173 102
46 104
101 9
322 327
300 4
214 137
221 86
198 7
208 105
274 228
258 24
345 83
27 33
275 12
40 84
237 49
251 24
32 26
124 84
284 111
211 127
230 263
237 107
198 83
221 80
335 106
270 128
237 4
214 105
283 81
99 60
122 194
255 84
312 236
198 127
48 107
12 9
220 89
1 126
32 42
202 83
154 21
319 111
134 69
11 28
274 227
220 83
310 33
256 9
9 132
230 233
99 33
258 60
312 198
319 104
270 68
247 42
292 105
302 6
252 50
293 49
11 32
230 209
274 11
138 4
99 4
335 104
20 81
333 134
274 177
290 110
339 81
1 115
19 40
211 124
292 134
65 126
310 48
288 8
345 74
164 84
345 144
336 111
277 57
281 82
240 61
310 52
248 83
164 8
27 5
146 141
246 8
230 251
161 105
297 89
182 137
143 65
230 178
214 35
172 3
237 127
184 26
93 107
248 82
166 4
205 115
320 80
184 45
304 205
15 80
269 9
315 86
313 4
46 50
297 84
252 86
327 50
216 144
146 144
38 14
280 60
172 126
310 15
336 129
247 9
41 69
321 50
322 151
322 174
182 51
330 6
283 106
228 136
44 84
19 18
103 4
245 9
265 115
199 83
260 60
325 33
264 83
232 122
136 122
322 280
135 5
155 98
301 24
165 6
243 42
87 83
269 112
253 24
48 135
322 329
146 74
102 24
19 9
265 113
139 86
289 84
246 125
219 144
129 111
325 2
282 27
308 60
180 42
135 34
277 30
269 6
182 60
270 122
197 84
302 34
217 144
118 80
297 114
255 80
336 142
179 21
208 137
133 111
143 205
37 33
171 106
134 33
143 204
184 61
40 80
282 36
48 51
217 84
211 111
274 150
230 1
184 23
22 81
291 30
337 94
32 54
135 84
172 2
93 115
204 6
157 100
12 75
333 83
275 34
275 62
311 81
322 183
230 250
133 60
308 141
164 7
111 77
242 116
322 331
167 107
246 68
138 2
19 24
274 156
156 105
321 4
49 33
310 57
144 316
342 104
205 9
261 34
249 82
110 50
322 222
21 4
332 210
1 2
32 9
34 85
243 8
250 86
221 6
262 69
79 2
32 107
310 44
215 35
275 48
32 56
162 101
280 33
295 104
93 127
119 73
240 2
264 86
197 6
200 60
221 33
135 196
167 104
19 45
36 120
188 106
322 45
169 105
184 54
284 51
109 24
270 119
260 80
345 42
249 81
134 126
308 143
270 115
336 136
149 97
322 168
160 101
265 7
135 17
322 48
146 142
202 136
36 30
213 118
11 42
243 68
11 48
109 80
86 77
36 52
246 116
185 58
182 110
71 68
32 68
308 53
310 185
293 59
184 30
52 77
237 122
48 39
290 143
262 9
140 80
207 24
313 2
136 94
87 86
214 84
336 139
198 80
213 49
336 42
230 259
178 39
23 136
185 60
170 105
301 60
184 33
184 185
291 111
164 3
1 3
291 83
102 60
36 129
103 84
184 27
202 111
327 34
252 33
326 86
256 6
186 33
292 51
200 40
200 50
250 24
181 111
280 56
293 83
114 69
293 15
79 24
19 185
143 198
57 33
256 24
126 33
313 5
202 81
230 213
319 128
230 228
240 60
329 8
10 2
202 30
161 102
117 33
184 22
218 81
258 86
230 248
274 241
14 108
277 46
241 8
174 102
32 25
173 103
248 50
113 112
214 64
252 4
265 119
195 50
154 26
178 26
109 9
215 74
295 134
197 125
336 138
312 241
202 51
272 33
219 134
49 70
265 212
42 89
307 117
26 77
325 84
103 9
296 117
243 49
343 91
147 60
309 3
139 80
282 61
149 171
295 53
295 135
201 135
37 81
38 112
159 101
154 111
341 144
244 50
68 70
269 68
272 83
44 187
37 4
288 3
296 42
237 8
128 33
168 105
230 0
172 89
293 25
236 4
26 74
204 3
237 83
133 129
295 83
38 197
293 24
55 49
213 9
221 81
196 96
277 29
333 51
293 47
197 126
332 303
274 229
265 123
242 113
126 132
230 260
27 67
133 143
311 84
93 33
251 50
314 50
277 18
206 117
297 2
210 4
280 40
224 2
275 40
215 129
133 140
44 93
339 16
174 100
27 72
292 60
133 83
274 160
292 142
345 111
274 192
12 58
198 111
322 195
311 4
254 104
322 244
213 112
57 50
245 81
247 105
219 64
240 7
286 8
109 2
310 59
79 34
179 111
322 314
200 51
277 14
193 83
185 59
212 77
93 147
263 9
179 26
280 42
330 8
217 143
185 39
305 104
312 150
272 9
319 5
341 81
218 117
113 83
170 99
320 6
159 105
196 84
219 83
292 35
47 74
57 71
217 137
317 303
35 61
213 68
88 34
296 81
57 85
250 6
315 34
256 60
309 7
260 6
155 105
148 33
187 49
310 32
88 86
316 194
134 2
219 51
230 231
178 84
342 35
15 111
195 83
200 35
149 168
216 105
125 104
310 53
312 91
179 51
218 111
286 65
322 267
11 25
176 102
180 107
211 84
295 81
153 102
113 42
44 66
149 177
116 186
199 136
21 82
17 77
55 15
217 42
244 34
270 49
222 6
322 323
135 104
214 136
172 1
105 77
133 136
310 17
213 114
213 8
246 115
108 9
202 110
324 84
27 69
93 89
342 143
289 138
41 34
181 30
124 42
208 83
184 20
295 137
63 2
22 6
324 60
163 122
247 211
236 85
274 199
203 8
237 7
0 9
35 24
326 81
304 3
277 48
289 141
40 50
336 84
280 25
296 134
223 136
246 122
297 60
211 107
333 81
5 70
275 25
332 16
44 92
335 53
44 111
174 105
216 117
245 84
285 135
156 101
255 2
205 96
245 187
211 116
87 9
307 139
8 30
92 194
216 106
290 105
66 5
328 6
334 210
185 52
319 33
243 124
341 142
200 22
216 142
139 4
289 137
277 36
125 60
119 78
289 110
35 83
184 21
262 4
162 99
322 220
19 29
333 104
119 80
236 129
271 33
213 69
322 243
274 162
255 86
140 50
9 33
280 62
114 68
140 24
182 53
27 75
213 107
240 81
44 196
196 68
243 125
176 100
32 89
37 83
325 60
87 60
242 4
333 137
305 64
322 259
101 60
282 18
222 83
185 54
289 81
32 17
336 64
88 2
58 69
125 128
189 106
208 35
304 9
149 167
208 42
270 117
19 42
137 77
135 72
291 117
274 234
322 198
157 102
60 77
275 49
224 5
309 6
311 83
113 8
168 102
322 152
246 118
280 17
219 111
109 81
240 33
160 100
120 52
117 187
181 51
108 5
185 23
335 105
293 187
247 116
141 194
289 105
219 42
153 98
20 60
206 81
241 4
285 81
230 134
292 144
101 81
275 58
315 9
71 4
211 115
82 77
221 84
319 84
1 93
230 220
215 42
262 74
282 53
200 16
155 103
256 86
93 197
88 60
288 7
65 80
110 4
236 122
293 7
44 3
299 179
125 80
92 95
154 47
144 104
134 3
293 107
125 4
237 121
143 196
277 59
254 126
211 105
213 212
125 42
341 143
272 86
308 105
6 89
24 77
200 21
310 27
207 33
144 95
289 144
37 60
98 7
284 84
225 3
103 83
282 15
46 85
332 319
290 64
311 9
208 51
198 129
102 82
316 65
296 136
182 35
215 60
182 142
324 24
135 127
322 167
206 110
297 7
270 120
140 9
256 34
312 314
307 111
222 2
285 74
146 35
50 5
238 106
282 33
318 280
300 86
125 127
202 74
309 65
207 50
97 102
260 9
277 44
272 24
336 83
320 82
310 29
225 2
211 49
277 40
19 14
38 65
185 9
125 114
322 276
154 49
110 60
230 148
308 81
293 94
154 84
135 105
8 73
319 105
310 30
343 53
312 134
185 49
265 6
200 24
111 68
218 137
263 84
218 30
205 3
32 141
184 9
293 38
171 105
307 138
46 120
312 140
277 20
335 134
282 44
299 244
240 84
335 135
21 60
128 77
312 141
261 33
179 30
206 105
22 50
242 8
200 25
65 115
131 4
320 2
277 51
230 122
62 100
185 42
335 74
201 51
302 60
270 121
312 196
296 138
322 19
307 104
195 34
218 139
240 86
182 84
203 7
224 3
37 86
311 34
293 74
218 135
21 84
322 277
215 104
201 117
164 2
274 151
11 46
320 50
184 38
56 186
322 294
280 30
19 57
106 33
201 74
213 116
216 74
341 136
149 175
125 212
202 143
255 60
230 211
212 115
200 27
185 43
143 115
101 50
287 141
326 83
283 84
295 129
40 81
65 254
32 49
48 111
46 111
305 143
299 181
198 114
277 41
326 24
277 39
289 143
311 2
246 117
319 69
247 68
175 100
109 60
218 51
91 94
277 50
280 46
335 136
135 116
135 39
345 137
156 104
153 104
208 143
197 80
281 34
275 44
277 43
44 2
218 104
322 189
101 86
181 107
135 107
97 106
185 50
264 50
171 98
65 5
144 78
15 112
310 39
314 24
64 66
261 84
297 81
135 128
165 204
179 115
280 49
124 4
306 7
320 86
109 84
124 76
11 37
322 207
319 85
335 111
92 74
144 121
305 35
203 204
197 113
216 81
239 84
207 81
290 144
285 129
35 34
280 31
265 60
99 24
291 110
299 154
322 172
244 60
293 57
269 212
150 107
203 205
113 129
32 61
292 111
265 112
144 90
285 117
214 104
159 104
200 41
236 105
305 134
270 60
185 53
129 80
295 84
46 56
290 53
283 110
102 83
211 80
113 60
292 139
314 33
310 14
319 120
305 129
47 194
214 138
79 82
19 22
336 30
184 55
134 5
166 60
91 92
333 111
335 35
11 56
206 143
139 84
205 68
176 103
333 135
222 80
297 4
134 80
280 29
163 121
7 132
164 94
322 157
280 50
195 60
146 105
307 35
225 65
261 4
126 73
242 85
143 134
21 9
195 33
204 2
247 125
37 84
113 107
296 30
173 98
133 110
312 211
314 60
211 121
151 107
109 4
293 26
296 110
121 186
197 105
172 8
302 50
124 187
294 20
208 139
280 47
3 77
282 30
110 33
143 5
137 111
11 41
285 60
324 83
214 106
208 141
260 34
57 61
336 143
41 73
242 42
46 57
265 129
22 4
279 108
242 120
46 34
343 210
135 120
230 190
215 105
36 27
198 126
344 94
48 24
38 141
12 72
277 22
339 44
269 122
280 36
275 55
113 120
310 38
282 62
55 51
240 114
139 60
22 2
172 204
143 9
55 65
333 74
247 80
197 83
222 84
182 136
274 238
32 8
251 60
261 80
299 48
253 81
316 4
135 7
161 99
65 93
166 84
197 34
291 74
243 116
125 123
275 32
233 63
274 209
46 142
218 106
117 9
282 25
38 196
131 9
206 134
211 120
146 137
206 139
27 70
300 82
135 119
36 34
44 7
281 84
117 68
225 6
322 176
336 81
333 53
253 6
168 106
312 313
274 157
240 52
146 83
48 116
48 128
29 77
317 172
135 56
100 80
169 101
286 4
243 69
330 5
308 136
219 30
293 9
175 103
247 123
106 122
133 144
240 89
311 24
248 2
202 53
147 5
236 212
275 28
172 187
210 136
236 68
272 60
181 44
302 24
61 74
274 171
170 104
27 4
239 194
322 233
93 68
274 257
237 124
149 176
300 34
275 43
87 24
230 252
184 19
198 85
256 2
109 82
4 132
243 83
36 26
275 13
237 123
175 106
57 52
326 34
113 49
11 61
307 42
133 74
32 51
306 8
80 77
99 84
310 16
198 104
261 81
166 204
265 105
71 70
185 33
41 50
322 165
166 7
208 129
328 81
304 2
75 90
217 141
299 223
144 1
242 107
304 96
317 318
311 80
301 6
204 7
53 74
342 81
283 117
197 111
101 4
307 51
79 80
135 50
38 46
342 138
341 129
46 54
270 116
135 111
280 28
36 6
112 33
334 172
133 134
153 103
246 124
102 50
345 110
149 160
182 141
27 85
230 238
297 86
242 119
133 30
11 22
305 117
253 33
191 136
269 116
140 60
32 50
280 18
203 111
277 15
282 59
162 104
320 33
292 64
237 84
201 106
65 205
29 111
309 2
230 265
265 126
6 72
261 50
335 51
11 16
322 28
345 35
270 83
36 128
159 103
329 4
190 136
181 38
91 3
161 106
265 83
308 129
286 198
110 83
240 30
140 4
38 124
289 35
35 120
234 136
246 60
284 53
102 9
220 33
149 166
133 106
258 2
283 129
265 118
40 6
185 47
242 6
55 288
268 106
28 111
281 80
213 111
178 129
243 121
292 30
289 136
242 49
310 25
197 7
46 42
220 2
11 9
264 84
291 84
211 60
317 242
247 112
143 3
321 2
165 9
135 75
129 112
125 69
297 137
83 72
243 105
149 170
48 44
15 60
250 33
274 45
213 126
202 104
47 89
291 136
98 4
243 129
166 2
250 9
41 77
237 116
195 84
332 91
209 106
242 112
258 81
248 81
46 75
312 154
184 56
272 80
335 110
215 141
341 117
170 107
285 143
36 84
128 52
283 83
179 33
104 83
46 33
249 6
312 245
242 84
4 73
192 136
35 51
285 144
157 106
183 106
308 142
260 84
185 21
260 33
343 0
79 60
56 77
211 122
217 35
12 67
11 51
40 60
216 134
345 136
220 80
275 15
319 3
129 73
237 60
55 25
184 41
44 107
184 46
254 74
265 114
246 123
48 38
230 28
321 83
197 68
124 147
44 205
19 59
274 235
247 127
270 124
178 47
263 306
211 119
206 137
322 13
225 4
41 54
171 103
270 94
185 37
170 100
109 33
11 17
342 142
157 103
12 51
291 60
146 117
292 136
249 4
230 46
282 37
20 80
101 83
35 114
36 137
146 110
329 3
100 3
104 69
248 80
167 105
55 1
149 161
282 34
124 194
280 37
148 118
168 104
61 50
147 90
322 321
173 101
11 53
242 212
133 117
265 111
19 62
285 105
237 111
321 82
36 81
305 138
249 86
146 60
274 200
295 136
44 89
211 34
27 42
135 226
48 56
185 26
230 197
144 69
255 82
230 198
293 111
301 80
19 52
195 81
307 105
274 167
249 50
19 58
243 6
219 74
198 112
255 34
280 39
248 33
182 74
218 141
200 15
143 197
247 129
249 9
32 39
274 152
29 86
79 69
36 80
308 134
127 194
106 121
158 98
211 128
47 4
57 69
46 116
280 53
8 77
221 82
312 243
230 180
277 60
206 60
250 84
8 132
320 9
198 116
170 101
217 104
211 6
277 37
12 61
299 45
173 100
283 35
244 82
322 304
19 28
282 21
187 5
135 46
327 82
135 4
206 74
213 83
251 80
133 64
322 164
207 34
214 111
248 4
243 127
295 141
317 319
185 55
341 64
269 129
240 226
179 49
246 9
157 101
57 4
42 70
175 105
248 6
211 112
299 43
41 78
222 33
274 185
324 34
341 106
181 49
322 156
156 102
257 106
215 136
306 6
290 142
230 179
282 60
36 4
103 82
202 139
112 77
322 175
299 178
91 2
113 118
200 31
146 64
282 19
293 203
138 7
204 4
110 24
32 75
263 113
247 104
277 24
35 8
336 105
185 29
123 112
293 186
301 84
36 50
277 28
242 7
243 84
139 33
264 60
274 259
309 4
301 9
309 5
197 117
200 12
254 118
184 15
218 143
179 39
280 35
295 106
242 80
328 9
202 137
198 68
230 271
322 155
149 180
282 40
12 68
61 68
134 147
217 60
120 27
173 107
336 104
185 31
247 128
71 27
230 249
280 54
200 49
118 86
184 39
278 44
41 4
168 99
230 181
215 135
184 17
297 129
12 77
19 31
93 116
164 9
275 33
102 84
284 142
318 47
290 141
45 47
322 268
32 12
135 67
175 102
237 85
32 53
43 108
214 110
20 4
184 14
336 53
296 84
210 9
11 24
326 9
102 80
287 82
270 80
239 69
150 60
295 51
336 137
305 137
11 45
119 77
176 107
113 84
208 110
183 136
342 111
333 144
274 280
11 33
284 134
191 106
1 92
299 304
271 3
310 60
300 50
334 220
135 13
342 106
308 104
104 33
246 126
343 220
339 172
9 69
328 33
296 141
157 107
260 82
4 69
155 102
153 99
35 89
165 94
172 111
261 83
275 57
166 9
176 101
312 281
217 138
208 104
113 69
135 26
46 187
242 123
0 2
142 77
290 74
264 34
108 2
218 129
159 99
333 84
177 107
246 7
320 24
285 83
283 144
210 106
236 112
123 111
312 270
308 30
91 9
237 118
195 82
125 34
47 72
299 303
161 100
230 13
297 52
341 84
46 84
274 62
125 107
172 4
242 83
205 95
129 77
125 121
12 42
135 89
335 84
169 104
164 60
283 60
272 2
143 4
141 69
280 27
154 44
185 46
192 106
312 315
103 6
342 144
230 192
146 81
125 115
213 124
33 69
269 121
125 7
266 83
120 80
214 129
307 106
298 75
275 17
262 3
299 180
247 34
280 16
285 138
342 135
341 110
258 34
287 15
230 256
171 104
185 34
322 311
218 35
283 51
32 187
149 163
211 8
11 19
97 105
19 33
11 49
319 126
152 100
285 53
6 33
38 198
322 229
100 2
207 82
36 61
243 118
19 27
161 98
177 99
19 55
218 138
131 7
302 84
135 74
297 30
141 68
158 106
290 104
181 129
308 144
265 84
195 2
184 58
219 53
217 81
206 111
284 110
48 68
131 6
108 3
91 93
334 81
332 220
242 9
119 111
111 69
311 86
245 34
144 122
174 104
167 103
164 5
139 82
248 60
206 30
11 13
200 19
27 60
36 86
35 2
22 60
80 132
185 25
285 139
275 45
290 60
135 61
256 4
11 40
230 253
219 81
256 50
139 34
242 127
246 212
20 82
299 79
213 7
44 1
247 111
6 69
213 85
294 47
220 60
12 27
160 102
237 212
109 50
299 32
321 86
149 174
342 74
322 162
34 187
221 83
120 73
310 28
185 44
295 30
237 6
341 42
66 3
290 51
214 51
180 39
33 70
264 81
32 44
91 7
22 83
293 84
48 59
35 26
243 7
171 102
203 66
246 112
41 70
21 24
275 9
218 110
292 74
244 9
60 69
307 137
284 138
238 83
45 21
79 84
261 86
35 226
240 120
243 9
343 318
33 51
32 47
297 226
125 119
48 25
11 12
285 42
236 125
156 106
236 111
308 64
246 6
160 103
335 142
20 24
217 129
259 9
275 14
277 56
282 48
289 83
322 275
213 84
108 7
19 53
8 51
275 30
283 30
222 4
274 91
329 65
156 107
322 160
282 35
202 141
109 34
209 136
290 30
314 9
100 5
201 53
124 9
322 171
300 24
247 124
345 142
101 34
135 42
281 81
314 86
198 119
297 127
226 77
245 86
260 86
285 64
242 34
68 77
274 176
247 6
10 7
317 53
255 6
317 91
125 120
286 2
322 177
293 226
327 24
271 6
100 93
217 135
180 30
65 92
36 7
231 136
215 81
270 126
304 95
50 70
125 6
280 59
297 8
125 68
133 138
270 6
195 4
184 13
289 64
284 141
258 6
237 34
124 205
64 9
345 134
269 115
57 60
113 7
334 91
12 41
290 81
55 82
198 4
66 4
35 9
61 77
275 56
208 106
210 8
275 53
341 137
245 33
125 105
56 33
310 24
240 27
304 8
230 245
46 8
15 77
92 68
249 24
242 129
1 118
236 80
336 106
322 228
271 4
47 187
214 60
275 38
281 4
297 26
218 142
283 142
71 42
221 4
265 49
299 185
291 143
290 137
134 84
343 242
200 47
31 77
275 41
201 137
74 69
311 50
325 82
9 73
342 42
308 137
270 212
295 139
114 54
242 60
213 34
91 96
35 52
246 119
318 277
158 100
102 2
322 163
254 3
121 33
293 196
92 3
122 84
48 17
21 34
46 44
322 278
141 84
328 80
135 9
269 4
275 47
151 121
219 105
261 82
218 74
1 69
296 53
202 106
303 21
293 54
322 330
282 9
200 18
271 2
328 2
283 136
230 189
282 47
165 2
92 69
213 128
204 5
46 186
342 136
161 103
164 204
148 80
88 33
222 50
282 13
168 107
283 134
310 51
291 138
270 8
234 10
163 107
216 136
296 106
331 288
281 83
201 139
135 30
342 139
215 137
63 8
342 51
203 6
343 319
320 60
280 24
312 304
221 9
335 117
240 83
99 34
274 163
237 9
330 4
345 53
46 69
175 99
284 42
258 80
310 43
312 256
127 9
119 187
308 84
64 65
148 104
345 106
36 114
222 60
160 107
326 84
230 236
234 224
277 54
322 125
162 102
277 55
139 9
218 84
322 173
113 4
245 80
161 101
275 36
314 80
230 240
242 196
230 255
165 60
240 51
275 19
252 6
178 30
275 35
219 136
133 139
292 110
11 59
336 60
256 33
174 103
113 122
169 103
227 106
214 143
179 44
200 39
216 137
127 68
242 115
241 7
342 60
135 69
173 104
322 241
110 2
12 74
195 86
57 54
291 51
87 4
214 117
18 30
252 24
107 77
190 83
269 42
339 53
184 28
254 80
247 118
91 95
113 33
270 105
277 49
154 42
11 47
177 106
322 326
222 82
304 7
207 86
341 51
139 81
319 124
134 115
210 5
285 134
146 53
135 54
270 127
290 136
291 81
327 81
345 129
140 81
244 83
280 43
237 117
146 135
172 65
277 42
277 13
184 16
310 62
269 124
222 86
322 97
201 81
305 83
313 8
237 42
290 106
315 6
283 111
264 82
99 86
270 129
306 4
243 115
230 270
169 107
273 83
92 84
65 3
258 82
92 65
8 70
113 80
106 4
283 139
321 33
11 35
333 138
59 72
314 4
224 8
33 42
4 33
297 120
242 187
245 82
57 27
283 135
100 69
135 117
201 30
214 139
184 18
140 34
208 134
262 85
281 50
140 82
36 24
118 73
185 27
185 41
322 237
40 82
322 227
322 203
180 21
37 24
304 94
319 42
342 117
9 68
302 33
240 4
247 69
93 94
208 135
310 35
293 39
280 15
246 85
11 23
311 60
201 84
44 9
233 83
55 94
46 128
46 52
234 106
35 60
243 111
322 184
242 105
246 120
170 98
281 6
237 115
165 84
184 59
345 117
98 6
214 144
200 43
262 42
215 144
307 135
317 16
44 8
252 81
277 35
230 258
296 104
40 34
332 53
131 8
219 137
336 110
301 187
322 271
46 27
65 147
292 129
325 9
137 80
140 86
236 113
301 33
292 141
262 33
162 100
213 123
275 29
123 86
79 4
331 15
148 74
259 6
330 9
270 84
335 42
113 114
220 82
313 7
243 80
234 225
135 194
345 84
21 33
219 139
284 105
282 22
11 21
198 84
242 104
101 6
322 235
290 42
52 90
252 83
296 144
270 111
48 58
310 47
269 60
284 60
290 35
257 309
40 9
282 57
316 84
99 83
114 50
11 20
224 6
113 119
200 20
136 33
251 33
93 141
71 77
259 5
322 213
300 187
258 9
258 83
242 68
182 81
57 42
280 23
197 112
322 40
215 117
200 29
317 145
322 221
322 269
343 303
104 9
32 59
214 81
336 141
19 37
118 111
98 9
206 142
283 105
312 259
319 127
315 84
138 3
249 34
237 113
198 49
306 65
259 4
198 60
32 33
154 107
242 125
322 161
38 73
125 112
198 120
247 120
265 116
252 82
275 24
220 81
295 138
27 71
305 84
158 105
319 50
270 4
230 273
197 72
206 35
143 7
184 53
325 86
99 82
341 135
282 45
11 30
310 58
343 44
264 2
322 310
214 135
246 104
299 280
291 142
295 110
184 29
282 17
48 57
269 7
276 108
345 60
275 18
331 25
44 126
10 4
247 84
115 77
265 42
321 84
230 246
176 98
305 42
184 50
251 6
247 115
237 68
284 35
264 6
312 163
285 142
44 141
332 81
11 36
236 42
274 273
82 68
333 30
271 5
158 107
291 104
165 7
312 178
270 7
261 2
204 8
236 69
325 83
311 82
242 33
126 68
15 69
203 5
9 5
246 113
313 3
284 64
213 115
292 143
200 55
91 4
177 102
120 76
312 246
292 138
245 24
246 83
179 129
57 186
71 73
288 6
243 4
219 141
285 30
217 110
146 129
230 239
322 279
310 55
341 138
200 56
146 30
131 3
131 5
21 80
159 102
208 142
4 5
57 187
119 52
48 4
309 8
274 174
260 4
316 95
144 65
215 83
327 84
299 87
12 34
48 42
275 52
38 111
214 142
29 112
216 104
88 6
143 94
322 185
82 69
341 30
41 68
125 83
42 60
243 104
230 183
322 188
200 32
148 84
27 49
84 68
293 104
230 235
123 80
48 54
154 33
38 13
326 50
71 61
236 9
254 5
211 42
49 77
32 4
251 84
249 84
109 6
334 16
9 74
291 64
289 129
334 145
205 65
319 68
236 49
146 134
125 113
71 75
264 33
284 129
297 83
299 302
321 6
167 106
11 50
293 6
341 53
282 43
206 53
143 8
168 101
138 9
119 27
248 9
280 61
225 5
203 94
230 264
322 325
143 2
139 24
215 110
201 104
310 21
197 212
201 134
327 83
187 68
208 64
149 159
280 32
51 77
165 3
230 237
173 106
50 33
283 138
11 57
201 138
87 84
1 5
266 106
114 77
64 7
300 80
311 6
48 104
275 54
197 69
265 120
319 83
85 132
177 104
149 165
173 105
345 141
27 74
321 80
15 73
229 106
159 100
211 212
125 111
333 141
3 89
322 169
53 78
218 105
0 5
71 9
206 138
215 134
345 30
11 14
312 213
277 45
322 297
322 223
91 5
152 101
322 79
296 60
237 119
197 42
221 60
319 254
322 245
312 195
55 92
35 81
78 77
12 76
36 2
198 124
291 139
108 4
44 94
201 111
230 261
257 83
155 101
207 2
306 5
125 118
185 62
236 119
150 105
310 41
201 60
262 115
149 156
206 51
319 125
243 126
44 4
225 8
233 106
12 73
198 107
102 86
301 82
152 107
296 35
277 53
307 129
230 229
225 7
231 106
178 33
307 30
236 116
284 139
200 28
166 3
284 136
198 122
289 51
63 4
144 93
48 49
265 125
265 127
18 108
12 78
174 101
270 1
275 60
8 33
236 104
201 64
244 86
206 144
48 9
322 191
185 12
295 35
327 33
265 4
174 106
246 80
9 77
127 33
283 104
48 8
274 175
140 6
93 198
317 81
182 129
270 34
136 121
10 5
139 2
216 30
134 74
169 99
222 81
194 77
181 26
35 86
253 60
342 134
19 47
343 145
342 30
198 125
277 27
289 117
210 6
172 6
22 34
324 6
322 318
335 137
312 271
293 78
197 4
172 113
48 52
307 142
197 104
146 42
137 73
327 86
36 83
118 112
293 43
219 129
274 161
27 41
133 142
32 24
295 74
20 50
274 184
342 64
181 42
166 8
66 7
114 34
329 6
244 84
198 42
251 4
37 9
137 86
63 3
249 83
202 84
181 47
215 143
308 139
285 137
7 77
282 50
48 34
185 32
134 104
187 42
243 123
247 237
269 126
247 114
144 94
87 33
258 50
254 115
210 205
246 121
141 65
185 22
322 159
332 203
293 53
275 21
333 142
197 60
264 80
32 57
275 20
63 5
236 120
81 77
281 33
284 117
339 318
283 64
205 83
280 51
270 85
184 62
46 124
93 3
299 277
4 77
242 124
333 42
236 121
222 9
339 0
302 86
19 34
288 2
222 24
32 38
133 84
125 9
119 86
260 50
253 9
243 112
71 74
65 33
206 64
83 77
46 49
99 81
319 80
329 7
254 84
41 71
314 81
8 68
327 9
290 117
307 60
19 48
285 136
260 24
198 69
11 58
148 5
103 86
198 117
324 50
46 13
206 136
216 35
221 34
325 81
220 86
296 111
301 2
157 105
282 41
1 104
104 194
144 83
251 82
207 9
32 15
206 135
335 129
236 7
197 124
200 23
216 135
280 9
334 318
322 302
168 98
265 117
302 9
237 69
255 33
4 42
132 77
325 4
217 134
197 129
134 93
250 82
129 86
35 137
135 52
215 30
322 257
27 54
190 106
65 104
302 80
305 110
282 20
217 74
325 34
197 120
64 5
293 30
110 81
277 34
345 64
179 47
324 4
239 74
217 117
210 7
213 60
35 27
305 135
282 28
265 128
162 106
269 125
328 4
149 152
236 8
206 141
65 95
202 64
48 50
307 74
143 6
240 26
330 7
135 187
269 69
242 186
244 2
87 2
255 50
282 39
289 74
285 104
341 74
154 30
126 77
342 141
297 9
332 172
36 89
302 82
35 33
289 139
145 4
117 84
339 145
125 85
280 45
137 112
322 209
322 170
143 107
200 9
162 103
11 34
237 112
42 50
61 70
187 69
215 64
264 4
60 78
312 269
32 128
342 83
282 55
178 49
114 186
269 105
6 77
251 34
55 196
322 166
196 95
7 73
19 32
329 2
44 134
320 34
259 2
249 33
93 95
185 14
284 135
197 9
169 98
308 110
282 46
19 20
0 7
157 99
170 106
11 27
177 103
175 104
135 44
322 140
341 111
269 111
197 127
201 129
270 9
270 104
198 128
180 129
143 66
239 115
296 137
286 6
46 5
322 43
296 64
182 138
343 81
295 117
179 107
308 74
201 136
339 319
314 82
208 30
208 74
202 117
184 37
273 136
227 83
310 61
133 141
201 142
178 21
12 70
12 54
219 35
146 104
0 8
121 84
211 104
206 83
277 31
305 30
310 23
201 105
182 83
300 60
177 100
218 83
291 134
85 33
44 65
330 3
38 134
264 9
293 34
280 57
317 220
185 19
290 129
231 83
149 172
292 106
300 2
335 143
295 42
230 254
321 34
305 144
277 21
310 18
92 9
241 3
236 83
53 77
174 98
253 83
250 80
289 106
216 60
201 141
299 300
2 77
163 60
11 39
46 74
335 144
126 5
274 282
37 50
91 65
297 51
269 34
235 136
277 17
208 144
71 67
211 85
286 197
286 7
247 121
87 81
268 83
169 102
215 84
198 121
88 4
41 61
240 80
220 34
270 113
322 190
310 46
277 25
293 60
274 189
205 194
113 128
159 98
280 12
133 35
124 68
198 113
240 128
138 5
310 9
184 57
176 104
322 234
33 186
187 33
125 186
297 50
162 107
62 225
300 83
322 44
246 129
299 10
208 60
282 49
27 96
247 107
138 8
139 50
185 56
214 83
198 123
341 105
147 84
160 99
339 91
274 223
19 56
215 106
333 143
154 51
44 33
154 115
280 55
126 69
211 114
312 181
202 135
213 119
310 26
291 144
46 61
245 6
113 68
184 48
125 126
257 136
57 49
333 117
46 31
197 116
239 4
292 81
291 106
92 83
333 64
93 84
150 122
200 59
313 6
55 93
11 26
255 24
180 38
282 26
243 60
155 106
211 4
71 34
321 9
208 117
210 147
246 105
98 2
198 8
146 138
181 84
185 48
332 145
219 138
308 106
281 2
265 121
253 50
305 141
184 32
245 2
290 111
42 74
247 198
65 69
200 62
274 190
152 104
233 286
333 136
324 9
322 281
211 118
214 141
46 117
261 24
230 269
97 101
283 53
230 195
307 64
236 123
22 24
282 23
113 9
302 4
141 9
311 33
207 60
19 46
187 77
230 100
93 83
236 107
153 100
44 5
322 193
322 32
21 83
274 268
201 42
148 93
336 35
269 128
144 147
274 191
0 6
305 142
157 98
184 60
54 77
180 51
329 94
149 157
275 37
315 60
158 131
322 145
310 13
308 51
46 4
97 103
297 27
333 105
27 34
244 6
313 9
277 32
289 42
100 147
140 83
169 100
151 83
296 105
243 107
305 111
319 118
272 6
180 111
305 51
92 116
149 181
152 102
46 107
175 107
153 101
185 57
213 120
21 6
151 122
320 83
19 36
57 5
164 115
253 2
106 83
319 4
267 136
287 49
154 39
237 105
246 107
274 281
331 51
32 135
20 6
21 2
30 77
258 33
46 194
340 94
175 101
61 42
211 126
302 81
19 25
149 155
342 84
184 40
293 116
184 49
198 212
171 107
291 129
27 186
283 74
182 30
197 115
236 114
89 77
37 82
245 83
133 53
293 44
46 141
200 37
293 56
185 13
213 113
341 139
178 42
50 77
178 38
324 2
41 27
177 98
216 83
330 2
320 84
71 54
310 49
300 33
230 81
99 80
32 21
280 13
27 61
180 33
305 106
240 129
11 54
335 138
