8 6
37 32
10 1
27 17
9 3
39 13
23 7
25 7
27 3
27 21
27 0
24 1
23 20
6 7
9 17
29 7
31 2
28 22
15 5
23 13
10 5
16 6
25 14
12 7
37 24
13 2
12 6
40 11
37 5
26 20
39 12
25 16
13 3
19 5
39 19
39 17
28 17
26 2
19 1
4 7
9 2
23 12
4 6
26 18
37 33
21 2
9 10
28 15
25 20
26 21
37 41
30 2
9 6
26 15
37 6
25 0
16 2
26 3
40 16
0 2
9 14
39 0
9 21
29 5
12 2
9 15
39 3
26 7
25 11
12 1
18 3
25 15
28 19
6 5
40 4
9 20
9 19
28 18
1 5
39 21
14 5
40 20
37 29
28 10
37 1
34 33
26 11
30 5
23 4
35 30
9 7
23 17
37 12
17 1
8 5
27 19
29 6
39 18
25 6
23 21
37 14
25 18
28 16
14 29
27 20
23 15
32 3
26 19
9 0
11 6
29 2
27 16
3 5
25 3
16 7
28 21
26 14
39 1
29 1
4 1
40 6
9 18
40 1
29 38
25 22
40 15
27 2
27 10
33 5
23 14
23 2
25 10
38 5
40 17
40 10
9 11
28 7
8 7
28 3
15 1
25 13
40 14
39 7
26 12
40 21
40 2
40 18
25 2
23 22
9 4
37 34
30 31
35 22
1 3
22 5
28 12
40 0
39 20
30 3
16 1
26 13
20 6
16 3
35 24
39 11
20 5
2 1
26 6
29 16
27 13
29 4
23 11
21 6
27 14
25 17
17 31
39 6
26 1
25 19
4 5
8 1
11 1
39 15
23 10
26 17
40 19
18 1
32 31
28 4
27 4
26 16
27 12
6 1
11 7
9 13
22 2
23 19
23 3
39 14
23 1
28 13
28 11
37 16
9 16
21 1
27 11
35 12
35 37
26 10
39 10
20 7
39 16
9 22
9 12
0 3
7 5
17 5
39 2
26 22
28 6
27 18
25 12
26 4
40 13
40 3
25 21
14 1
35 36
37 30
40 22
28 1
20 2
40 7
10 2
35 32
23 0
19 7
39 22
20 1
28 0
31 5
13 1
27 22
40 12
32 29
23 6
21 7
27 6
24 2
23 18
14 2
37 7
37 21
27 15
28 20
1 2
21 5
14 7
7 1
32 5
8 2
28 14
29 3
14 6
0 1
19 6
37 36
26 0
9 1
27 1
27 7
4 2
12 5
18 5
39 4
23 16
19 2
11 5
13 5
25 1
32 2
28 2
25 4
