34 16
39 4
23 12
34 19
34 10
30 14
41 10
30 4
4 3
37 1
33 29
24 17
21 4
23 1
34 4
30 15
37 13
41 14
27 19
26 9
26 1
23 8
5 9
25 10
41 4
39 10
24 12
35 37
34 20
37 9
27 12
24 15
22 7
37 3
41 20
41 17
25 19
26 16
34 3
40 20
30 17
31 0
23 13
21 6
35 20
34 1
22 16
23 10
35 36
40 18
37 32
37 33
39 1
34 18
3 28
12 1
39 14
21 7
30 12
15 1
27 11
23 20
30 11
23 3
25 20
25 17
37 11
24 14
23 19
5 8
40 11
39 3
37 43
39 15
24 0
35 32
40 1
34 17
5 13
23 17
27 4
41 9
26 0
27 18
26 17
5 16
34 9
23 11
25 3
21 20
40 8
27 10
27 9
34 12
12 8
40 13
40 4
2 1
29 1
24 3
25 11
11 1
34 14
26 11
40 0
25 0
22 3
40 6
9 3
29 7
39 18
21 9
35 9
24 10
34 13
22 19
25 18
26 10
5 1
26 6
25 13
27 15
35 15
30 10
21 15
26 15
29 15
24 1
41 0
30 8
18 3
40 3
29 4
26 4
22 10
39 16
40 15
23 4
23 0
22 0
30 1
40 10
30 7
21 8
22 17
18 1
37 42
26 19
31 12
26 18
41 6
39 9
5 17
30 3
24 11
27 20
41 1
7 3
33 8
26 14
23 7
26 13
30 18
32 8
5 20
39 0
22 4
22 1
35 13
23 18
30 20
5 10
41 8
41 11
34 7
11 29
8 28
5 7
26 7
23 9
27 8
25 4
35 33
17 1
3 1
41 15
23 16
30 19
23 6
30 16
14 1
21 10
4 1
37 29
22 6
9 1
34 15
41 12
39 17
13 3
41 18
26 20
39 11
39 8
21 17
5 19
30 13
5 0
39 7
27 16
22 13
22 11
24 8
11 3
22 15
26 8
27 13
21 16
24 20
34 8
5 14
40 9
41 3
27 7
24 6
27 14
27 17
21 1
5 18
29 3
37 15
23 15
25 8
21 3
16 1
41 19
22 12
24 19
6 1
21 14
27 1
41 7
39 13
26 3
25 9
23 14
22 18
15 3
40 16
24 13
21 0
25 12
29 38
0 1
21 12
21 19
5 12
24 9
27 0
26 12
5 15
7 1
34 0
21 18
25 6
21 11
2 3
40 14
40 17
24 7
30 0
24 18
25 14
25 7
13 1
5 4
30 6
39 19
34 6
40 19
19 1
24 16
30 9
10 28
22 9
22 14
21 13
39 6
40 7
27 6
1 28
34 11
39 20
24 4
27 3
19 3
41 13
5 3
22 8
39 12
10 8
5 6
22 20
25 15
25 1
40 12
5 11
41 16
25 16
