101 27
68 55
23 31
76 6
11 92
15 46
104 27
86 9
0 17
85 33
62 21
109 25
69 18
0 20
104 9
63 1
54 7
107 17
14 47
107 20
109 19
8 40
107 22
88 1
86 11
106 26
63 31
67 10
67 8
99 55
84 3
63 24
8 43
59 19
76 24
29 39
72 7
62 19
85 17
108 41
76 16
85 1
85 28
75 57
107 3
85 22
102 56
108 58
80 10
17 40
106 17
23 25
14 38
101 34
35 33
89 16
109 24
63 51
107 30
89 21
74 9
1 40
99 7
108 39
72 26
52 15
6 47
109 57
85 3
9 49
29 42
26 38
70 37
98 27
19 40
54 16
31 58
101 55
99 19
54 51
3 49
23 14
60 1
89 20
41 44
68 20
101 3
70 3
35 24
5 58
106 19
68 21
67 2
33 39
62 22
73 32
68 27
97 20
84 11
109 55
100 43
107 29
94 56
67 18
84 13
98 22
80 34
23 3
63 17
83 38
68 10
44 46
73 21
104 1
88 56
88 15
94 11
107 28
80 33
75 20
88 26
80 19
12 19
5 39
62 11
72 10
72 5
86 22
76 51
69 17
78 10
42 44
101 5
30 43
104 26
77 6
73 17
88 21
0 16
102 21
30 39
106 24
76 9
75 10
101 15
84 26
41 45
85 19
73 6
75 9
90 9
67 11
68 14
99 9
109 10
75 15
89 9
98 12
107 19
107 16
99 1
23 15
109 22
29 82
109 8
63 25
63 19
88 22
36 15
0 1
89 25
30 42
95 18
0 13
35 15
0 11
74 56
74 55
89 11
72 34
110 37
71 15
109 4
76 12
37 38
54 2
99 14
94 10
75 30
0 9
95 6
73 18
62 26
69 22
59 16
74 31
59 2
101 33
109 20
69 9
76 20
104 16
104 22
63 5
11 39
23 30
95 19
60 9
0 12
101 10
109 3
106 6
63 22
14 22
99 48
85 20
75 29
60 22
107 2
59 11
67 32
73 3
102 11
106 3
41 43
19 42
29 87
23 29
103 12
54 12
102 26
97 27
67 1
84 20
94 26
59 18
107 7
80 6
23 32
22 38
29 66
5 9
106 7
19 43
30 19
23 24
89 27
104 20
6 9
52 4
59 56
106 33
84 15
67 33
107 6
105 5
109 31
95 9
11 19
30 37
52 18
80 29
41 39
95 34
101 31
90 55
63 27
5 43
6 66
85 27
101 1
75 5
104 11
79 12
94 13
37 39
6 38
68 12
23 9
29 1
19 39
36 19
2 51
68 6
109 26
0 14
1 43
88 14
29 41
54 26
54 8
107 56
104 14
15 37
101 6
8 47
84 1
79 1
85 34
11 44
82 39
81 48
59 14
75 12
76 56
59 27
106 51
72 22
54 56
88 3
15 64
108 40
71 27
109 5
73 22
79 56
102 7
109 48
109 51
72 20
107 9
23 19
88 16
103 18
109 34
54 1
97 22
109 33
59 4
37 40
106 30
76 1
71 21
94 3
63 28
94 55
11 18
99 21
71 9
71 12
109 16
101 25
109 27
84 55
86 24
108 92
69 51
109 32
71 56
0 5
81 40
72 15
91 55
6 42
71 29
63 14
98 3
33 45
35 6
89 24
90 17
95 22
104 21
109 7
106 25
54 27
67 25
90 14
68 25
75 25
70 39
26 49
0 18
67 26
107 11
76 15
51 37
94 7
4 38
69 26
85 21
67 34
68 26
54 10
80 28
80 51
61 57
63 15
95 15
88 30
4 49
88 51
6 37
76 19
74 22
0 21
61 20
35 22
67 19
47 40
108 45
78 21
56 39
75 28
106 29
63 16
102 4
101 57
73 57
22 39
107 12
85 13
80 11
88 17
23 22
60 11
71 1
75 11
45 39
61 1
79 20
93 42
109 2
108 1
72 12
85 18
73 30
75 32
80 14
63 12
29 40
72 27
23 26
106 10
54 22
107 51
53 3
10 47
106 28
104 51
95 51
63 32
102 3
54 14
41 40
94 19
88 11
79 17
101 18
54 17
17 39
105 15
94 22
106 13
80 9
97 6
93 92
72 56
91 56
84 19
99 8
73 34
67 6
85 8
36 18
109 13
93 47
101 9
89 12
92 49
30 9
0 2
42 40
60 20
2 22
0 10
11 93
84 22
48 47
94 4
11 46
0 3
76 25
73 20
99 26
80 1
69 12
75 19
95 2
1 39
81 38
54 55
98 21
106 14
23 8
78 7
54 21
36 17
109 12
109 17
70 44
101 2
80 4
0 15
72 16
42 39
54 29
102 14
5 45
29 43
52 19
95 21
71 16
97 1
71 28
97 26
89 14
97 10
106 20
54 24
109 29
35 25
85 26
68 7
80 25
67 57
79 4
100 40
69 20
99 3
80 21
42 47
79 14
84 6
77 51
95 4
75 6
67 28
72 17
108 44
78 11
109 6
75 3
108 46
99 6
73 31
84 21
67 29
72 1
23 4
62 17
23 28
63 34
77 32
70 1
30 40
30 18
86 25
80 24
52 28
70 20
19 58
72 33
54 19
109 28
84 27
75 51
88 4
107 10
95 17
59 9
12 18
0 19
89 19
94 27
63 18
90 10
98 56
104 17
6 43
101 56
101 24
21 40
97 21
63 3
107 8
59 8
59 15
109 15
108 42
81 43
107 55
3 42
54 25
99 27
75 13
4 43
23 6
106 18
101 32
68 4
72 55
0 4
17 38
68 9
101 17
52 29
58 39
30 41
62 15
28 40
71 10
88 6
107 14
54 3
95 57
85 12
70 46
86 7
36 3
81 39
67 14
67 31
22 40
98 26
23 21
15 44
19 38
106 21
67 12
77 31
89 18
62 18
94 14
50 21
89 26
91 3
78 3
107 15
80 20
28 42
84 16
84 56
69 7
6 22
75 26
73 7
67 22
76 17
29 44
6 1
107 4
59 20
62 9
99 56
99 2
6 39
68 51
62 6
3 47
6 65
72 19
59 17
75 8
6 20
98 20
106 34
63 13
6 21
106 16
94 21
100 39
73 29
23 33
84 18
88 18
99 18
73 33
106 1
0 8
97 14
63 7
72 25
52 21
59 21
95 10
54 13
23 11
72 11
54 30
102 27
101 19
95 14
72 24
86 57
94 20
88 25
76 18
88 7
71 26
23 12
107 18
98 1
76 55
82 40
106 22
68 24
69 1
75 7
96 3
98 7
95 3
88 55
90 11
59 55
77 15
102 22
90 4
68 15
75 24
75 22
27 47
68 1
90 56
60 12
54 15
71 4
89 10
94 9
101 26
102 31
85 14
75 18
73 11
89 1
23 10
98 4
85 29
59 1
102 9
72 8
104 13
63 11
90 6
108 20
21 47
19 47
78 22
88 9
88 20
104 56
63 29
67 20
79 3
54 20
46 40
104 55
0 6
80 26
99 16
41 46
6 17
75 27
103 19
109 30
35 18
48 49
68 56
107 21
106 11
100 47
72 6
11 40
109 18
99 12
79 8
88 24
83 39
99 20
73 1
101 51
50 19
106 9
107 1
77 22
104 3
33 40
76 22
71 20
102 32
74 10
67 9
54 4
72 3
75 21
80 22
62 51
76 10
89 8
69 19
10 64
80 15
109 56
54 28
99 11
83 47
88 19
71 3
63 10
99 30
6 64
26 11
23 13
75 14
35 19
101 22
63 20
62 3
94 18
5 37
97 15
60 14
74 32
34 39
41 38
6 40
71 55
5 40
63 6
2 47
63 9
101 30
41 42
59 12
54 6
80 18
86 21
54 18
99 4
59 3
84 12
107 26
108 93
99 15
63 8
74 21
29 58
67 13
67 30
73 14
70 41
109 11
68 22
29 46
89 22
108 37
72 18
36 10
68 11
19 49
31 37
106 15
52 3
98 9
80 3
68 3
68 17
59 13
59 6
89 3
72 13
23 20
105 6
84 9
63 33
75 31
101 7
23 18
106 27
42 46
36 6
73 19
20 39
4 40
101 16
98 55
108 81
46 39
90 15
54 33
59 7
30 47
23 1
48 40
51 40
71 14
109 9
79 13
10 42
107 57
29 20
97 57
101 20
95 33
74 14
33 58
54 9
63 26
71 22
102 55
85 9
0 7
69 27
86 12
67 27
63 21
3 40
109 21
23 34
52 6
73 15
101 14
94 16
35 34
59 26
72 9
94 1
75 17
101 8
108 38
59 22
35 8
109 1
59 51
73 28
68 16
107 27
86 16
11 17
67 15
80 27
50 18
11 81
54 34
82 43
67 24
80 13
23 27
104 4
79 55
62 27
54 11
88 27
50 9
57 47
70 9
71 6
46 47
75 1
92 64
109 14
0 22
99 22
70 42
84 7
