13 7
12 2
11 2
15 5
19 7
6 3
7 4
17 1
10 1
15 6
0 1
0 5
19 3
13 4
3 1
17 10
8 4
8 2
19 12
20 6
15 12
18 1
10 3
19 5
20 2
20 11
14 1
7 1
14 4
20 5
20 3
18 0
11 3
4 5
17 9
17 11
12 1
13 5
0 2
9 3
1 3
11 1
15 2
17 0
15 10
19 10
2 5
17 18
3 2
19 6
18 3
15 9
9 1
15 0
9 4
13 2
20 0
11 4
0 3
20 12
19 0
18 2
8 12
19 4
17 3
13 12
15 7
8 9
13 6
8 0
18 5
20 4
8 6
18 4
14 3
8 5
6 1
7 3
19 9
8 3
13 11
6 7
3 5
13 0
13 10
15 4
20 10
8 11
17 4
19 2
13 9
12 3
8 10
11 5
14 2
15 3
1 2
19 11
17 7
13 3
20 9
0 4
8 7
20 7
15 11
16 17
