56 32
109 23
67 5
79 2
67 8
31 15
103 5
52 34
81 13
0 17
54 22
20 12
78 32
92 44
46 47
81 23
98 34
103 39
99 3
58 21
102 53
54 7
35 40
49 4
86 4
29 8
69 7
31 26
65 1
77 9
85 22
82 4
91 2
55 7
52 2
49 9
61 37
46 25
52 24
58 9
20 18
0 7
103 100
103 36
20 21
38 24
67 12
63 34
69 1
99 1
67 2
0 3
99 37
67 48
62 47
58 1
62 35
91 8
65 43
86 25
72 32
77 8
31 7
65 35
49 34
74 45
86 8
68 5
51 2
84 18
8 39
17 40
64 6
0 19
20 26
72 74
60 9
103 104
91 23
49 33
83 34
56 9
10 45
5 40
61 16
68 14
103 43
61 19
0 2
96 3
54 13
103 33
96 47
0 12
101 100
63 3
68 19
103 24
69 8
67 19
93 18
62 3
77 32
56 5
99 47
56 2
51 26
103 70
91 15
91 10
75 44
83 43
41 12
16 45
87 23
20 22
54 36
31 32
77 22
87 37
62 22
54 9
31 14
56 17
68 27
42 23
65 2
31 8
78 17
77 2
87 4
90 2
61 4
81 4
7 30
81 24
99 7
84 7
81 5
58 48
87 8
85 21
72 3
58 13
90 15
67 9
103 92
96 48
93 13
65 47
83 7
51 22
101 4
103 12
0 8
3 30
87 9
8 40
58 35
49 21
69 23
49 26
51 5
31 1
90 10
0 14
41 8
72 26
52 10
48 40
68 10
95 2
90 8
8 44
103 47
99 48
10 44
77 12
69 27
86 37
72 17
58 10
20 7
81 3
81 21
102 39
59 3
52 17
65 15
48 44
61 12
72 48
62 8
65 66
57 2
65 24
72 22
52 35
65 8
49 17
86 16
62 5
97 35
45 30
79 19
50 10
68 66
54 35
60 3
42 3
83 2
10 30
46 48
87 22
50 34
8 30
99 100
62 9
54 34
29 23
61 8
13 44
20 24
20 19
87 35
0 6
65 18
101 34
46 13
20 23
61 26
58 43
29 3
31 34
31 18
31 27
101 32
56 4
77 27
68 13
29 12
67 43
54 25
68 3
81 47
61 14
101 22
54 32
72 10
87 24
65 10
61 2
90 7
103 32
68 2
65 22
49 35
81 36
61 27
52 22
52 48
16 44
51 4
103 105
54 33
103 4
90 26
8 45
58 16
86 43
0 11
93 22
81 12
46 27
62 34
86 34
77 5
48 45
93 6
56 19
72 4
46 7
68 9
46 6
13 45
80 3
31 2
51 7
69 4
52 37
84 23
90 5
46 23
93 26
58 3
67 10
78 11
20 8
67 21
78 12
65 21
93 35
87 47
103 45
49 36
46 24
93 8
103 30
51 21
87 3
20 9
46 21
103 18
52 23
68 7
46 35
72 16
58 8
83 9
49 3
65 19
31 5
101 16
55 27
103 11
72 66
58 14
77 23
77 21
89 27
46 16
58 18
42 4
90 12
67 25
103 26
54 26
101 10
8 15
86 22
79 15
83 21
0 16
29 19
52 6
61 3
58 22
81 27
86 15
76 4
42 2
72 73
95 14
85 47
31 21
84 8
38 9
52 4
58 5
102 17
44 30
75 45
9 30
58 12
90 18
87 2
86 3
79 10
51 12
86 26
42 32
102 40
7 45
35 39
46 36
69 5
31 4
77 14
72 9
67 1
0 15
20 27
93 23
72 2
87 21
103 2
82 5
65 3
99 2
52 14
65 12
101 2
29 24
98 7
29 10
12 44
48 53
93 47
103 8
87 18
102 19
61 22
90 22
38 12
103 17
52 1
31 37
52 12
103 88
83 3
61 43
96 37
91 34
93 12
31 9
54 24
81 25
101 9
62 2
58 7
81 2
46 33
70 44
54 21
65 14
81 8
5 39
22 44
84 34
79 16
0 10
91 22
7 44
65 9
90 3
52 25
0 5
51 8
77 10
81 33
38 23
20 25
81 34
65 27
31 3
56 48
69 10
51 35
91 26
103 22
101 14
67 17
65 7
54 18
58 4
91 14
103 71
29 17
50 3
51 34
56 13
78 15
54 5
103 19
68 34
67 14
93 21
102 30
65 23
31 12
0 9
87 6
78 66
67 3
103 48
52 26
52 13
81 1
91 9
103 15
0 18
61 13
103 107
79 32
31 22
46 26
65 4
41 21
72 1
62 23
38 37
54 14
50 26
58 32
51 13
62 12
103 74
103 73
31 10
62 4
87 88
46 8
97 2
99 5
20 3
46 22
61 17
54 23
49 14
101 27
69 48
69 25
65 17
46 18
29 14
87 13
69 17
67 7
58 17
61 34
78 8
91 18
81 9
91 4
29 5
38 3
77 35
103 10
103 34
38 8
86 27
68 17
69 22
31 35
103 44
74 30
99 4
101 7
61 18
81 48
22 45
46 5
103 16
90 21
84 10
20 4
54 6
87 5
61 5
99 18
62 37
69 12
62 21
42 14
61 35
78 1
84 12
46 12
58 34
86 7
0 4
89 11
63 43
72 19
50 2
101 18
58 27
103 3
49 7
31 33
87 12
78 4
8 10
61 23
78 19
93 5
68 4
71 53
97 34
103 106
77 26
67 15
77 34
81 22
95 3
89 9
31 36
65 16
0 13
69 19
28 18
93 37
81 35
77 3
108 26
99 35
77 7
42 43
83 48
68 12
48 39
31 23
68 8
43 39
87 34
49 19
99 43
52 19
81 26
42 22
65 5
49 8
103 23
86 5
79 9
103 27
61 7
72 35
72 47
103 25
90 14
86 18
52 7
54 3
78 16
77 43
46 34
42 27
49 2
81 7
43 40
52 5
103 37
84 66
62 18
77 66
46 37
54 4
49 12
72 15
97 32
83 4
77 18
58 23
62 26
62 48
8 53
58 11
52 21
97 27
58 47
92 45
84 9
78 10
102 45
103 35
63 21
67 18
28 6
0 1
58 19
101 48
103 7
61 47
97 22
20 2
103 1
74 44
94 26
46 4
12 45
72 34
78 2
54 12
42 7
54 37
83 16
63 27
52 8
54 8
49 5
86 10
58 2
79 1
81 6
84 3
46 3
81 37
20 17
78 21
20 13
49 10
52 3
50 18
103 21
103 75
51 25
91 12
86 12
90 16
79 17
67 4
31 24
83 10
102 44
84 16
62 1
