238 106
242 127
339 220
79 33
200 55
88 6
205 96
217 53
345 129
91 9
174 104
216 81
125 104
185 56
269 104
310 33
44 107
125 112
321 34
38 77
319 104
270 134
4 69
312 314
146 144
325 33
251 2
3 89
302 86
117 84
342 42
269 34
177 99
232 121
282 46
230 251
211 9
46 4
113 117
221 84
322 221
92 94
282 33
310 16
114 54
197 120
144 83
195 84
222 9
274 189
322 174
198 113
110 33
171 105
181 129
230 190
102 2
110 83
345 136
222 86
176 101
322 323
46 8
240 84
313 9
9 73
322 155
297 50
311 33
339 44
305 51
250 24
46 142
247 104
218 139
124 4
197 122
248 81
5 77
281 86
38 111
184 49
280 42
266 83
144 90
309 8
234 225
335 111
206 138
322 62
236 113
135 13
12 50
161 100
184 48
127 194
336 117
314 81
217 74
185 55
61 68
305 81
282 45
35 4
218 81
139 80
246 119
48 78
11 27
197 117
269 83
121 9
113 33
144 316
87 60
336 81
282 19
246 128
237 4
294 21
149 167
274 229
258 60
219 117
299 302
19 34
316 65
185 24
241 8
1 118
133 104
292 117
280 45
80 132
218 64
174 103
308 142
245 6
41 70
293 53
144 92
108 2
218 144
46 34
65 92
236 8
53 74
242 104
243 107
322 227
40 84
198 121
113 104
272 50
102 4
52 77
178 26
322 209
139 4
201 111
247 126
275 15
280 24
282 14
243 121
299 223
140 80
19 56
113 69
11 61
201 30
275 31
42 5
197 69
322 166
342 144
57 5
181 115
245 24
280 28
341 129
265 126
247 127
178 30
219 84
89 77
155 105
105 77
251 83
125 6
91 93
342 53
16 77
265 42
12 72
101 82
98 8
262 84
9 132
275 35
230 264
197 187
92 65
135 1
277 27
237 42
175 98
280 49
184 33
317 81
313 6
128 52
324 83
292 136
243 69
46 117
307 141
290 129
297 89
81 77
200 52
65 254
312 256
178 33
143 2
206 84
218 35
165 94
211 107
243 124
148 5
147 84
310 34
296 117
280 62
282 60
274 275
269 117
88 2
311 34
226 77
315 82
150 122
0 4
252 2
320 83
184 46
274 150
66 8
312 91
305 136
216 104
192 106
302 24
158 99
310 20
82 69
211 112
101 50
191 83
325 81
44 9
280 185
291 111
214 134
99 34
236 120
11 34
296 74
197 4
304 8
21 34
243 114
277 26
157 98
322 203
38 65
341 143
274 183
173 100
57 41
335 64
341 117
149 171
282 57
218 110
263 306
242 118
282 47
288 8
322 165
289 51
214 30
135 8
246 84
115 77
265 120
221 50
55 51
270 212
335 139
335 42
140 81
172 4
299 303
184 36
305 138
315 50
200 56
246 120
197 60
275 57
38 197
154 107
206 134
269 68
325 80
283 35
135 33
163 122
342 104
219 105
322 189
109 6
282 58
253 86
295 111
292 53
125 9
328 86
302 81
164 2
242 89
113 7
36 127
0 9
291 30
106 83
221 81
139 24
88 84
230 248
282 36
281 60
277 51
297 61
146 106
243 115
219 53
197 126
172 8
330 5
322 161
176 103
306 9
147 60
158 131
91 2
168 102
313 3
108 6
283 84
322 157
237 6
135 194
295 142
218 141
297 137
277 20
301 6
315 4
280 17
237 115
215 129
200 36
79 34
210 5
88 50
27 34
322 246
214 139
285 105
114 69
275 43
326 34
280 57
274 234
265 83
247 4
275 30
264 24
297 86
335 135
71 54
150 83
71 41
275 42
237 34
282 34
319 254
207 80
283 74
197 85
111 68
312 151
345 138
328 84
48 8
345 9
57 34
315 83
250 9
11 54
247 115
285 83
269 112
274 152
299 181
333 139
116 186
59 72
281 80
214 142
46 33
275 32
211 121
211 118
100 104
230 134
202 83
189 83
335 35
22 24
255 80
27 54
274 185
290 117
293 34
254 84
251 81
206 110
146 84
220 60
246 42
11 59
133 60
328 50
164 107
312 134
109 24
91 92
291 136
120 76
19 62
176 107
245 187
47 33
210 6
284 144
201 35
230 268
322 19
10 5
79 50
274 161
118 80
304 9
261 33
274 200
27 72
87 6
236 6
341 134
140 84
325 60
280 20
149 154
211 117
153 105
87 80
210 2
116 77
185 51
92 96
161 107
244 81
120 112
11 18
217 106
203 89
100 118
91 6
219 104
335 83
203 187
265 104
197 118
230 234
296 129
296 135
79 81
282 59
334 303
200 53
260 2
195 80
159 106
40 33
40 4
172 66
113 115
34 68
76 77
312 143
286 3
243 119
125 49
93 194
277 33
192 83
173 99
184 34
146 136
160 105
270 107
22 80
35 129
284 137
44 198
198 34
21 81
35 7
240 82
88 82
345 105
57 71
322 303
19 21
36 82
246 127
48 61
202 105
93 65
7 68
91 8
98 5
160 104
217 142
269 212
101 33
342 111
315 9
46 7
287 25
32 30
244 33
343 145
244 4
180 38
138 6
322 109
125 116
308 42
334 242
100 74
262 187
185 20
265 85
295 60
334 0
177 98
237 126
314 83
254 69
113 124
41 9
310 22
300 6
54 77
312 237
322 324
48 15
284 83
180 84
66 6
32 78
37 80
328 33
280 19
172 5
154 38
318 21
93 72
277 38
282 56
282 55
188 83
247 212
99 9
217 64
246 49
289 134
155 107
247 7
292 104
339 303
124 65
101 80
144 96
160 98
312 179
312 44
46 30
135 58
125 8
214 53
184 25
200 17
324 33
281 83
187 49
44 204
213 6
293 51
213 105
240 6
180 51
200 26
312 165
250 50
136 92
38 86
246 4
274 188
280 34
242 111
253 34
335 81
274 278
129 77
171 100
99 2
113 127
42 77
334 44
66 9
149 158
122 186
251 9
240 8
293 42
12 69
247 122
174 107
216 129
32 27
271 33
275 16
236 34
277 58
221 2
262 306
7 72
198 118
282 26
46 89
22 33
93 96
9 42
185 35
236 118
322 153
230 262
46 135
100 126
312 164
255 9
156 100
0 3
42 69
217 136
1 74
288 5
65 187
193 108
93 120
201 143
291 135
274 32
117 194
22 86
182 111
129 112
206 104
235 83
148 134
285 111
48 187
114 33
278 108
316 84
293 135
236 117
180 107
251 86
11 29
119 89
182 42
213 80
230 154
127 4
79 6
304 5
211 7
293 14
219 135
10 3
322 282
79 85
265 127
277 16
48 142
259 3
27 95
315 34
328 80
179 30
324 82
20 84
87 34
288 4
293 128
184 12
38 80
296 51
166 94
274 97
147 9
320 81
230 227
236 124
289 60
269 121
153 107
157 104
88 9
133 81
186 77
281 50
133 135
230 141
46 58
305 139
275 50
48 89
200 61
92 107
118 77
274 276
117 186
342 139
185 17
85 77
265 123
97 104
113 6
152 106
20 86
35 6
48 75
277 47
179 21
293 12
198 112
198 6
57 33
280 29
89 90
339 81
322 238
119 76
307 134
123 77
200 14
230 117
163 105
146 143
274 18
29 69
79 83
181 111
160 106
249 80
285 84
274 173
237 125
57 85
141 85
182 106
48 21
182 143
284 104
282 31
307 110
293 142
152 99
149 169
317 203
216 141
217 139
272 60
170 102
314 34
274 169
247 8
301 81
291 53
93 196
11 43
284 30
339 16
324 80
1 33
208 84
135 68
238 136
219 106
135 57
149 164
1 84
289 142
166 107
57 187
48 141
230 191
41 75
219 60
293 119
159 107
201 83
211 83
282 20
308 35
109 86
218 53
151 105
341 111
288 9
270 128
65 2
307 143
10 9
197 107
46 105
230 243
79 86
228 83
230 91
213 127
240 9
224 9
40 86
340 94
252 80
280 31
213 125
93 69
299 297
158 102
327 4
194 89
42 33
149 162
319 187
230 121
202 144
88 24
322 192
269 127
88 80
232 83
228 106
63 9
185 18
291 137
293 27
183 83
198 85
292 84
282 38
19 61
134 65
230 272
167 99
164 4
309 5
171 99
35 127
200 45
252 34
242 114
46 72
206 42
216 138
64 4
229 83
41 67
116 89
9 33
161 131
296 83
19 38
300 81
326 60
162 98
35 82
242 128
299 110
258 84
291 42
245 60
46 26
60 69
175 106
230 244
167 98
175 105
256 81
195 9
308 135
282 18
297 24
175 104
249 2
143 60
131 2
218 136
28 134
19 26
303 47
178 111
152 98
40 24
230 125
239 115
233 106
11 23
332 81
32 75
274 273
148 33
319 65
295 104
218 138
21 9
261 86
47 89
220 80
97 106
185 46
322 302
312 271
135 17
208 51
19 22
93 74
333 30
227 83
50 77
321 83
21 86
341 105
234 106
320 50
251 50
217 51
178 84
15 86
138 2
275 40
93 89
280 18
124 68
181 107
194 77
200 22
297 7
308 137
135 119
174 106
225 5
135 89
327 34
204 9
292 134
197 212
201 136
48 104
240 127
230 100
247 119
342 135
101 34
310 14
319 125
222 33
50 70
101 84
271 2
175 99
19 51
322 279
282 42
174 98
293 116
202 141
254 3
137 112
320 34
179 38
180 39
277 31
284 129
113 123
236 60
345 84
64 8
32 8
275 56
265 113
198 68
211 80
19 28
330 7
267 136
245 82
300 187
217 84
156 102
19 40
197 42
310 26
166 84
286 2
184 42
221 82
331 49
299 43
213 104
213 68
246 123
220 50
151 107
270 34
146 138
292 129
97 103
32 56
269 126
127 68
274 171
277 14
146 53
12 27
79 82
12 75
175 101
19 54
222 82
48 68
333 83
184 55
283 138
311 2
159 101
248 4
253 2
255 24
277 23
256 60
139 33
182 110
245 50
308 139
335 106
220 86
20 9
292 51
230 239
315 80
197 104
133 134
218 111
211 119
274 163
242 9
91 65
312 198
243 49
197 8
230 256
35 52
257 136
35 81
202 111
1 92
103 24
242 73
37 6
262 42
93 119
341 83
197 80
321 6
284 105
269 111
93 94
118 111
5 70
44 94
334 172
345 81
200 47
292 139
322 331
290 53
154 39
93 116
134 69
310 12
285 137
108 3
47 84
198 42
187 119
320 9
246 113
327 60
6 77
290 74
282 44
21 6
126 5
216 60
262 115
322 330
214 111
221 33
293 107
230 269
135 5
79 80
11 37
333 35
319 134
181 38
197 6
322 278
280 38
113 118
120 86
153 103
236 112
126 69
203 204
297 51
110 60
301 86
269 125
300 60
135 104
280 43
211 6
299 179
44 115
71 67
11 25
216 64
88 34
246 9
41 54
317 16
274 153
184 17
138 3
184 44
135 85
135 60
38 13
322 325
236 127
293 59
167 105
264 81
29 77
246 114
324 34
125 128
322 156
79 4
214 84
169 100
255 6
122 9
334 318
64 2
310 61
262 69
121 186
143 3
174 105
310 58
197 34
286 65
277 12
272 9
103 82
333 60
40 60
17 77
284 134
336 138
280 48
37 82
185 39
282 48
322 318
110 50
230 254
196 96
148 69
281 4
136 122
185 52
44 4
36 9
306 7
248 34
154 115
242 116
1 80
113 122
225 9
187 42
184 9
309 4
286 8
206 81
310 56
343 203
277 17
106 122
101 60
244 83
300 83
288 7
47 194
184 61
87 84
100 80
274 193
285 106
224 4
6 69
245 9
124 187
296 111
46 5
281 34
345 83
301 9
227 136
134 5
138 7
270 124
32 142
281 2
40 50
200 57
216 51
179 26
61 70
243 60
140 86
244 60
38 14
11 60
301 80
113 107
302 80
128 77
146 105
277 35
331 1
200 60
328 81
146 139
270 42
245 84
98 6
216 106
65 126
181 26
334 91
125 83
275 33
246 69
27 75
32 141
322 273
285 134
180 33
329 94
187 77
321 33
316 96
281 9
325 50
336 129
335 74
287 196
197 116
133 51
297 33
35 120
103 34
195 50
277 24
185 16
40 2
328 34
293 3
41 69
149 175
291 110
133 138
198 124
255 2
32 59
11 36
293 16
11 45
185 50
113 85
27 41
260 33
325 24
200 31
8 68
197 111
68 77
280 47
291 144
46 13
306 2
295 74
134 74
345 141
277 42
327 80
336 106
236 68
157 107
19 31
341 135
47 74
44 6
300 80
339 53
164 3
214 110
19 29
187 89
48 107
312 150
307 81
319 80
280 50
125 115
322 88
184 18
258 6
299 48
270 111
164 60
305 35
46 186
275 60
177 102
159 104
114 77
247 129
48 111
133 74
122 194
246 125
250 83
12 68
172 126
185 31
251 82
253 6
154 21
274 190
184 53
216 135
198 107
269 9
285 74
193 54
295 143
149 163
211 124
311 24
22 9
40 81
213 111
274 228
156 106
171 102
285 30
175 100
36 33
211 105
326 2
275 12
333 144
322 171
300 86
341 35
222 60
308 134
275 49
301 50
265 128
285 60
237 84
310 38
122 84
265 117
335 51
255 33
140 83
277 53
306 65
217 135
26 74
230 273
170 101
200 35
71 77
131 6
237 127
326 9
280 15
289 64
88 60
92 115
4 42
11 13
12 52
11 31
325 6
197 114
295 35
44 93
110 86
297 30
35 50
230 211
164 7
113 126
133 110
280 32
149 170
219 134
334 220
310 19
274 238
178 21
46 84
265 212
322 259
166 2
158 101
289 30
285 117
19 45
293 60
242 60
110 2
27 50
221 86
250 33
135 117
242 126
277 46
322 271
208 143
290 104
144 205
247 120
336 35
46 42
252 4
305 137
11 19
185 60
211 128
216 30
345 104
180 44
322 191
131 8
79 60
251 34
302 34
129 80
139 34
215 42
264 60
200 44
173 107
312 243
148 93
176 98
322 233
149 176
213 123
7 132
36 89
280 27
162 99
65 3
102 82
236 83
322 281
345 111
269 7
154 51
345 135
236 116
251 80
154 129
125 89
274 160
125 34
293 9
312 270
280 30
156 98
322 11
310 37
215 111
31 77
312 196
215 141
113 111
35 61
325 9
215 64
36 61
237 121
185 22
146 30
262 33
270 116
274 231
329 6
273 83
175 107
295 134
165 115
287 49
63 3
312 211
312 245
157 101
274 184
284 64
121 84
98 4
21 2
307 129
197 128
185 32
269 124
333 64
256 83
46 50
293 84
165 60
237 122
282 35
321 24
135 76
275 19
218 134
143 9
127 9
29 86
184 40
200 34
182 141
137 86
293 7
326 50
195 6
237 117
7 77
206 64
335 136
171 104
44 33
305 117
272 33
97 107
237 114
308 84
247 6
32 68
215 134
113 125
270 118
262 3
240 52
290 64
155 103
218 117
135 116
336 83
336 42
149 166
124 205
341 64
91 3
256 86
37 83
220 83
247 9
132 77
211 68
125 117
139 84
133 106
119 187
182 64
65 115
249 33
341 74
272 34
242 187
146 110
301 33
341 139
46 104
255 4
335 134
247 105
339 318
11 33
245 83
32 42
41 52
113 9
184 35
236 123
101 83
44 316
211 125
98 9
319 33
101 2
230 28
274 159
198 186
32 49
125 127
281 24
259 5
46 120
93 3
240 80
322 294
303 21
120 27
342 129
123 80
305 42
20 4
341 104
219 81
202 139
19 39
260 50
93 115
275 24
314 84
322 151
181 39
265 68
48 34
236 111
104 84
249 60
230 212
314 4
299 36
333 135
304 96
264 33
44 1
245 4
230 188
240 137
44 205
261 24
55 288
242 117
11 62
37 34
110 6
135 27
241 6
216 53
182 135
102 81
130 94
269 115
155 100
200 54
211 123
216 139
302 4
282 51
242 121
109 83
237 120
290 84
93 134
335 143
235 106
241 5
48 52
299 0
209 83
36 60
182 139
19 43
35 84
253 82
216 84
333 142
206 106
342 84
265 119
182 117
292 83
121 85
307 53
242 69
201 110
165 4
149 178
292 135
244 80
284 106
312 241
208 81
286 9
185 37
283 42
173 98
243 85
322 46
198 105
140 2
312 213
242 122
290 139
343 44
148 147
322 125
12 71
220 24
282 32
165 107
319 124
19 30
20 34
262 4
93 9
196 9
247 85
135 31
208 138
241 2
114 78
307 84
243 113
158 103
52 90
214 74
311 82
300 84
230 232
309 6
208 111
150 121
284 74
46 68
41 74
185 13
219 143
280 21
202 60
322 304
288 3
308 138
20 2
236 128
217 105
304 95
275 26
342 137
213 42
230 196
135 141
123 73
217 83
292 137
219 110
120 89
180 47
112 33
275 59
198 9
10 8
283 137
293 50
274 170
291 35
277 56
11 44
36 8
12 33
342 81
272 24
198 115
165 5
110 80
322 48
182 104
29 73
148 126
11 38
237 128
256 80
41 42
247 117
97 98
44 65
265 125
275 39
211 69
63 7
217 30
243 128
307 83
322 13
133 42
197 124
285 35
343 242
240 24
32 58
240 34
36 226
145 33
341 144
19 17
182 144
318 277
37 2
272 2
203 126
198 125
308 111
299 225
320 4
114 187
291 141
179 44
282 41
250 81
274 233
247 49
230 257
19 23
11 15
243 122
27 187
220 4
207 6
254 93
184 51
310 48
317 318
312 315
143 84
283 143
22 82
312 269
197 129
88 81
284 143
234 83
71 52
166 6
198 84
297 6
57 27
174 100
319 85
216 110
103 81
316 4
253 80
270 94
236 126
329 5
210 93
275 51
50 33
149 151
121 194
103 60
155 99
35 128
264 83
335 138
206 129
262 9
207 83
182 134
149 173
8 5
146 51
311 6
103 80
110 9
242 141
102 33
243 117
308 83
173 105
301 83
271 7
172 113
55 82
248 84
179 42
177 103
277 62
322 91
22 84
32 111
332 53
239 9
290 83
133 105
32 104
297 82
8 73
309 2
33 77
203 3
252 84
179 51
215 142
282 22
296 142
322 158
255 83
185 54
19 12
280 54
270 129
189 136
185 15
274 266
10 6
293 281
343 91
322 200
330 65
295 64
125 124
218 42
290 135
271 5
48 24
325 4
299 35
103 50
309 9
335 84
302 60
151 60
114 60
185 41
230 242
205 68
55 1
307 144
281 6
253 4
135 142
27 52
244 24
103 2
239 116
205 115
282 25
305 60
149 179
236 115
152 103
270 84
322 18
271 6
114 61
230 199
74 77
322 184
88 83
289 104
134 118
243 34
153 106
285 141
165 8
221 24
275 23
248 24
149 153
71 50
220 84
170 107
135 186
230 87
19 16
29 80
203 4
166 60
269 8
312 180
292 42
333 138
101 24
274 279
299 23
333 117
125 111
46 116
198 80
256 84
44 111
322 220
79 9
216 111
125 121
341 84
7 5
290 138
0 1
199 106
254 118
71 69
250 34
237 104
246 111
26 69
172 204
341 142
312 281
322 32
299 301
125 122
293 58
48 53
243 212
274 48
322 79
345 142
158 104
270 8
269 120
289 53
133 137
247 60
215 138
15 89
326 86
102 6
188 136
64 3
62 225
208 136
291 105
35 80
213 4
110 84
139 6
197 125
125 85
101 9
166 204
300 4
214 137
44 2
317 210
208 105
319 69
40 75
27 33
288 6
60 77
237 49
32 26
284 111
211 127
230 263
237 107
221 80
125 80
272 86
214 105
283 81
99 60
319 128
213 129
322 140
12 9
220 89
1 126
44 134
270 114
319 84
162 101
46 57
11 28
274 227
312 246
282 40
230 233
99 33
254 2
237 80
247 42
292 105
293 49
11 32
230 209
274 11
138 4
99 4
213 122
20 81
329 8
274 177
290 110
215 139
1 115
324 81
319 3
332 91
250 82
314 86
6 72
21 50
240 61
27 5
146 141
246 8
324 84
161 105
178 49
182 137
230 178
214 35
277 45
317 303
184 26
93 107
247 69
184 45
170 104
15 80
264 82
261 84
259 6
104 9
297 84
197 7
216 144
316 194
280 25
147 83
277 49
165 6
44 66
286 4
260 4
182 51
283 106
228 136
185 40
19 18
103 4
282 29
275 46
199 83
333 136
333 105
232 122
322 175
282 23
270 126
155 98
301 24
243 42
87 83
141 65
166 7
146 74
102 24
19 9
187 5
139 86
289 84
319 9
219 144
280 37
280 44
335 141
322 162
135 34
182 60
204 6
247 107
217 144
185 34
297 114
287 1
322 55
208 137
133 111
37 33
196 194
134 33
322 310
40 80
256 50
310 53
281 33
211 111
177 106
230 1
184 23
22 81
342 117
284 81
32 54
135 84
277 44
310 51
157 100
185 57
310 25
275 34
275 62
230 250
269 105
254 147
322 185
246 212
333 134
19 24
274 156
156 105
322 183
283 141
252 24
322 280
332 172
21 4
277 60
1 2
32 9
34 85
243 8
221 6
254 126
79 2
32 107
215 35
275 48
144 93
297 128
313 2
93 127
119 73
240 2
204 2
345 137
322 231
322 163
135 196
246 83
197 123
36 120
188 106
164 84
65 33
184 54
284 51
187 69
48 25
162 107
55 93
134 126
48 12
19 44
149 97
173 103
160 101
305 105
333 84
165 3
146 142
202 136
36 30
213 118
11 42
11 48
109 80
269 113
36 52
42 60
185 42
71 68
312 178
46 60
184 30
168 99
305 74
290 143
260 86
180 115
207 24
327 33
136 94
87 86
126 33
205 9
297 34
213 49
213 121
230 259
23 136
258 2
247 211
301 60
332 16
184 185
282 9
1 3
291 83
102 60
36 129
184 27
185 19
261 81
198 69
246 85
185 36
200 40
200 50
56 33
333 81
293 83
57 49
293 15
79 24
19 185
261 82
111 69
310 40
202 81
230 213
162 105
230 228
240 60
315 2
10 2
202 30
161 102
117 33
184 22
328 9
252 6
342 134
274 241
14 108
141 194
272 82
32 25
269 122
113 112
214 64
305 53
266 136
154 26
336 105
109 9
215 74
44 89
49 77
241 9
310 62
202 51
46 39
182 105
301 34
41 68
26 77
343 319
170 105
326 81
322 229
261 9
336 143
342 110
295 53
295 135
201 135
37 81
38 112
185 49
154 111
314 24
68 70
261 2
308 105
37 4
310 43
296 42
237 8
325 86
246 126
230 0
293 25
236 4
66 2
237 83
133 129
295 83
270 119
293 24
243 6
213 9
342 30
310 21
343 172
293 47
169 105
43 108
180 129
217 111
242 113
230 260
27 67
133 143
93 33
99 50
144 65
206 117
297 2
210 4
224 2
333 110
342 60
133 140
308 64
148 115
269 114
292 60
133 83
198 119
292 142
55 94
274 192
12 58
143 66
333 137
143 115
213 112
171 98
219 64
240 7
109 2
243 4
57 61
280 56
200 51
198 111
193 83
93 147
327 83
211 113
202 42
217 143
142 77
305 104
322 167
244 9
345 110
312 259
113 83
212 77
253 81
159 105
219 83
292 35
106 33
48 58
217 137
44 196
74 69
329 9
296 81
339 210
19 35
251 4
271 8
313 4
312 195
88 86
328 83
134 2
219 51
230 231
280 14
103 9
15 111
195 83
317 53
149 168
216 105
140 6
9 68
280 59
319 105
165 7
263 9
83 77
211 84
295 81
153 102
113 42
149 177
270 120
199 136
21 82
322 270
322 152
217 42
48 51
222 6
167 103
46 194
214 136
277 43
106 121
133 136
307 35
213 114
213 8
108 9
202 110
277 22
27 69
168 104
261 6
289 138
341 106
198 128
208 83
184 20
295 137
63 2
22 6
330 8
169 98
236 85
274 199
203 8
237 7
342 35
35 24
309 65
277 30
277 25
289 141
274 277
197 49
296 134
223 136
297 60
178 115
308 129
246 34
275 25
248 86
202 129
69 77
216 117
285 135
156 101
322 159
172 6
211 116
87 9
178 38
92 194
322 222
290 105
173 104
255 50
295 105
250 6
125 123
332 318
216 142
289 137
171 101
119 78
289 110
35 83
184 21
168 98
258 50
261 34
310 28
119 80
236 129
144 1
213 69
143 94
274 162
297 80
114 68
182 53
322 207
213 107
240 81
172 9
305 134
32 89
312 141
185 53
328 24
265 112
222 83
179 49
289 81
32 17
220 9
343 220
198 49
265 122
189 106
208 35
322 177
208 42
50 5
19 42
137 77
135 72
291 117
57 4
307 105
157 102
282 13
45 21
224 5
333 111
141 68
113 8
48 42
243 120
330 2
219 111
109 81
240 33
120 52
117 187
56 72
108 5
255 86
255 34
293 187
166 8
289 105
219 42
153 98
20 60
177 100
241 4
285 81
270 68
292 144
275 58
339 319
211 115
82 77
330 4
170 98
1 93
230 220
205 147
125 114
277 34
200 16
312 304
71 58
93 197
317 220
125 212
302 6
110 4
236 122
84 68
46 67
185 43
92 95
154 47
258 86
134 3
197 113
140 4
44 3
306 3
166 115
205 83
282 30
213 212
265 121
118 112
345 30
24 77
200 21
207 33
258 9
289 144
37 60
98 7
284 84
225 3
261 80
65 93
312 313
56 186
333 42
237 129
310 9
296 136
182 35
215 60
182 142
277 18
135 127
143 107
269 49
332 44
48 26
322 320
222 2
319 8
146 35
110 34
78 77
249 83
322 239
202 74
176 100
207 50
97 102
251 6
12 4
243 126
307 104
225 2
211 49
102 50
19 14
258 81
181 44
143 197
154 49
317 44
230 148
277 57
293 94
154 84
135 105
162 102
307 42
342 136
244 34
257 106
304 65
200 24
265 49
218 137
218 30
37 84
172 2
322 45
293 38
125 69
300 33
343 318
215 53
218 60
21 60
198 60
71 27
163 121
242 8
206 105
22 50
200 25
161 106
131 4
252 50
230 122
4 73
44 5
280 55
201 51
327 6
104 69
243 129
296 138
4 77
195 34
345 74
182 84
203 7
224 3
244 2
293 74
218 135
21 84
215 104
201 117
274 151
11 46
277 50
184 38
314 6
142 68
184 43
19 57
7 73
201 74
213 116
216 74
282 15
321 86
140 34
202 143
197 9
243 84
200 27
157 106
305 129
287 141
320 33
44 141
295 129
319 118
205 95
210 66
104 194
71 75
102 9
55 49
57 42
289 143
242 186
299 45
250 84
119 86
54 70
109 60
218 51
91 94
336 135
11 55
263 84
322 190
135 39
153 104
179 47
9 77
200 13
275 44
246 60
218 104
36 137
307 142
135 107
333 106
42 89
40 34
15 112
277 41
157 99
64 66
135 128
300 50
293 52
127 186
253 83
109 84
280 39
46 124
196 95
85 132
92 74
112 77
46 31
269 119
310 185
207 81
290 144
285 129
277 36
119 52
99 24
321 60
240 129
293 57
280 26
150 107
203 205
113 129
32 61
292 111
208 53
282 50
214 104
200 41
236 105
48 9
42 70
252 33
295 84
65 69
46 128
283 110
36 26
324 50
113 60
46 61
98 3
307 30
65 5
214 138
185 58
333 104
322 314
322 243
296 139
269 42
307 138
11 56
206 143
247 237
265 115
322 276
148 3
20 33
240 51
91 7
250 2
143 65
312 166
143 5
314 60
198 127
179 107
239 74
338 94
295 141
59 69
342 74
249 81
322 311
258 83
223 108
270 122
135 67
321 84
154 44
295 144
310 57
135 69
200 43
261 50
27 4
345 143
99 83
9 69
184 28
342 64
146 134
274 62
92 116
137 80
331 15
185 12
243 116
164 6
280 22
265 7
230 240
270 60
166 3
159 102
280 35
174 101
161 99
237 111
231 83
161 98
12 42
213 126
214 51
113 120
176 102
310 23
275 27
213 113
56 77
214 117
150 105
46 1
275 22
185 44
218 83
327 24
326 4
141 69
280 40
143 4
322 235
19 13
310 44
336 74
200 62
204 5
293 6
252 83
314 33
341 136
146 129
166 5
283 83
220 81
147 5
192 136
181 51
270 80
230 265
38 196
19 27
242 120
342 83
200 29
293 43
36 6
44 126
147 90
325 83
282 53
255 81
92 3
274 167
258 82
265 129
333 51
225 6
200 39
41 27
335 142
211 212
332 319
133 117
11 12
277 48
236 69
301 84
66 5
344 94
160 107
332 303
213 115
9 74
311 81
12 54
274 91
284 53
102 34
335 144
310 35
315 84
243 105
292 106
225 7
211 85
35 226
230 235
36 2
211 4
280 23
57 54
184 29
274 174
36 84
345 144
240 89
208 104
214 143
289 35
197 112
240 83
296 137
291 134
169 103
207 60
296 60
159 103
312 140
8 30
200 48
315 33
6 89
246 107
324 9
191 106
229 106
215 106
345 139
284 60
292 138
320 6
310 45
87 33
182 30
41 78
304 4
342 143
296 110
114 34
246 105
247 114
22 2
260 82
331 51
321 50
230 180
206 141
215 105
21 33
32 50
11 21
318 280
304 66
322 321
282 43
198 129
291 142
283 104
265 114
11 26
211 129
322 234
222 24
217 129
246 7
37 9
332 220
282 39
119 77
259 2
333 141
198 104
197 83
93 83
247 34
307 136
174 99
308 60
32 135
208 142
247 118
63 6
146 64
148 74
301 187
292 81
135 74
282 28
263 194
265 118
99 80
265 80
288 2
44 7
32 34
36 50
297 8
55 15
143 196
215 83
274 282
270 69
149 174
293 30
208 139
40 83
299 154
286 198
152 100
183 136
208 30
0 2
297 9
167 104
248 9
201 64
210 147
40 9
114 72
215 143
121 33
135 52
48 39
282 62
320 80
243 125
287 288
341 53
65 84
168 101
293 226
222 50
270 115
269 6
280 61
113 116
274 45
179 39
233 63
269 107
12 41
48 54
293 203
289 117
88 33
252 9
210 8
143 8
209 106
197 68
248 6
221 60
1 104
237 116
289 106
205 65
204 4
146 111
139 60
339 0
242 49
219 35
6 33
335 105
158 105
237 9
202 106
146 137
230 266
307 135
283 136
144 147
240 26
311 86
277 21
99 81
177 107
55 136
36 81
329 4
241 7
242 115
267 83
283 30
283 51
179 84
294 47
324 6
172 1
326 24
292 141
247 128
275 9
1 5
317 91
46 127
294 20
4 132
293 54
322 188
201 104
246 80
333 53
311 50
310 39
2 77
240 226
11 51
319 120
310 59
236 9
305 111
168 105
215 110
82 68
230 189
230 270
242 42
166 9
164 94
100 3
125 60
306 5
143 6
198 4
319 83
312 181
297 81
87 4
185 21
334 145
285 136
310 32
38 124
280 13
280 41
324 2
265 124
269 123
326 83
200 15
217 141
249 24
322 43
163 83
33 51
8 33
143 134
222 34
220 6
246 68
133 84
252 81
280 46
224 7
135 187
330 6
296 35
259 9
149 181
264 34
266 106
208 144
271 9
249 9
280 51
149 159
308 117
103 33
329 3
249 84
310 36
46 9
239 4
198 212
277 29
327 9
321 9
336 30
341 138
162 104
200 42
138 5
138 8
322 173
244 50
128 74
200 19
283 129
300 9
236 42
75 90
247 111
260 81
158 100
274 235
42 50
258 24
41 4
11 53
267 106
120 77
206 30
216 134
330 9
208 64
55 196
198 7
203 94
205 194
242 119
304 6
306 8
342 105
290 137
270 9
246 115
201 129
244 6
277 9
32 44
211 60
19 58
273 136
100 84
113 121
308 144
195 82
48 27
36 114
291 84
310 60
213 34
256 82
206 135
292 74
169 104
110 82
155 106
44 197
248 33
195 33
268 136
250 80
149 165
222 81
44 50
159 98
201 142
19 25
181 21
218 143
135 54
11 16
227 106
280 53
22 60
335 60
11 49
66 3
57 50
177 105
310 52
308 141
225 8
249 6
135 61
244 82
170 106
46 226
252 82
139 9
269 60
275 45
184 47
32 15
8 51
274 268
33 70
35 137
165 204
38 198
207 82
311 84
178 107
270 112
215 51
64 5
190 106
208 129
146 135
233 136
66 4
18 108
57 186
213 124
304 7
184 19
339 242
41 73
277 28
118 86
125 120
124 42
200 37
203 6
242 212
177 101
333 74
275 38
184 50
220 34
214 135
117 68
290 141
320 2
62 100
255 60
280 52
305 106
203 9
230 198
285 144
236 80
113 68
271 3
269 116
47 4
158 107
282 24
207 84
170 103
221 9
290 51
208 134
11 57
282 52
345 134
19 49
65 95
313 8
206 53
19 32
293 196
40 82
57 52
37 86
204 7
262 74
299 180
210 106
32 12
213 85
217 104
108 7
210 7
252 60
36 24
158 98
48 57
305 144
230 245
240 27
322 23
185 27
108 4
302 83
45 47
71 4
247 80
335 30
308 53
334 53
164 204
310 17
257 309
32 57
71 61
149 172
258 34
231 106
253 50
171 107
71 78
270 127
200 9
236 104
236 49
19 55
79 84
337 94
10 4
34 187
46 196
327 81
316 9
207 86
309 3
328 6
345 60
322 170
200 32
234 10
35 86
146 117
274 259
230 246
35 114
274 223
88 4
200 30
324 60
333 143
217 110
21 80
218 129
103 83
35 9
287 51
179 129
269 80
345 106
322 176
35 33
27 42
22 4
265 34
58 69
127 33
287 82
184 31
310 54
11 24
264 9
230 183
46 44
32 128
322 40
210 3
36 27
291 129
329 2
219 139
245 2
292 110
269 69
167 101
312 163
324 86
214 83
22 34
172 89
114 50
152 101
254 74
237 119
217 117
127 84
125 84
311 80
36 7
296 141
157 103
19 52
195 81
147 194
291 138
281 84
207 4
219 74
97 100
146 83
36 86
182 74
275 47
144 78
306 6
11 9
79 69
33 186
214 42
336 139
162 106
184 24
143 204
296 143
137 73
103 86
206 60
160 100
185 33
310 42
230 255
311 9
4 68
102 84
12 61
216 42
246 124
247 116
277 61
322 241
211 34
206 74
213 83
133 64
207 34
197 84
149 160
280 16
135 50
291 60
284 35
336 141
293 31
37 50
48 128
270 105
282 61
46 56
172 65
307 51
198 83
315 24
135 46
215 136
336 142
339 145
19 15
46 141
153 100
100 69
178 129
321 80
319 111
290 106
110 24
240 114
322 168
291 51
204 3
256 6
135 42
135 26
131 9
322 198
202 138
248 80
327 82
200 12
184 15
243 83
265 8
135 56
219 30
247 198
202 137
236 107
237 123
149 180
335 53
319 50
134 147
217 60
200 38
20 83
306 4
38 141
284 117
200 49
305 143
184 39
341 137
215 135
262 85
259 7
12 77
290 81
46 107
304 205
249 50
165 9
274 209
321 2
62 47
198 116
261 83
341 110
184 14
99 6
48 47
210 9
61 77
230 46
283 117
264 6
150 60
327 86
165 84
177 104
230 238
160 103
113 84
208 110
230 181
198 126
176 104
311 83
275 52
8 70
48 135
249 86
144 122
200 58
290 142
84 77
293 111
37 24
282 17
219 138
211 122
251 24
100 2
277 52
296 64
289 83
304 187
217 138
32 24
180 21
300 34
236 7
305 84
252 86
310 30
290 136
230 271
230 13
310 24
181 84
237 112
167 107
15 60
41 58
4 5
46 75
144 121
265 9
140 82
66 7
291 143
320 60
241 3
274 155
257 83
302 84
103 84
146 81
120 111
4 33
277 37
169 101
332 242
214 129
312 236
219 129
277 40
170 99
139 82
256 34
343 53
263 113
308 104
143 198
305 83
319 4
211 8
253 60
97 105
19 33
283 139
138 9
239 3
109 4
187 68
46 49
320 24
242 107
107 77
198 122
131 7
243 7
234 224
280 60
198 8
41 61
195 2
184 58
217 81
206 111
317 319
271 4
324 4
48 17
274 168
246 122
299 87
57 69
272 4
322 269
334 319
284 42
237 105
295 138
322 193
331 25
246 118
335 129
301 2
11 40
71 9
134 80
20 82
141 9
213 7
254 115
308 81
289 42
185 59
220 2
221 4
109 50
297 127
217 35
237 113
156 107
36 4
243 9
264 4
157 105
216 83
293 104
256 33
290 42
295 51
22 83
343 81
331 288
240 30
203 66
310 41
35 27
21 24
125 126
140 9
35 51
225 65
172 7
246 117
307 111
56 75
269 4
290 134
140 24
181 47
125 4
113 49
218 84
305 30
30 77
20 24
212 115
236 125
103 6
275 41
237 69
213 84
201 139
178 51
307 60
246 116
176 105
261 4
104 33
293 69
185 30
47 187
291 74
27 74
225 4
279 108
202 104
286 6
207 2
18 30
265 4
243 118
197 115
280 58
32 51
295 30
19 53
244 84
243 68
3 77
282 49
295 106
32 38
335 104
229 136
319 5
46 52
284 141
288 65
101 4
110 81
101 81
230 241
139 83
275 36
46 27
104 83
244 86
0 8
156 99
53 78
258 33
249 34
281 81
342 138
65 118
27 71
296 104
125 129
32 33
222 84
282 21
290 60
180 49
242 123
208 117
128 33
125 7
295 139
125 68
317 145
1 69
310 15
290 30
280 9
93 68
135 30
275 18
274 175
327 50
285 142
342 51
164 115
236 114
46 17
140 60
341 30
135 111
320 84
203 111
19 48
258 4
297 52
65 147
290 35
173 101
237 68
136 33
284 142
246 121
20 6
113 114
19 46
216 136
210 205
48 4
99 84
32 47
250 86
12 76
278 44
274 257
277 13
345 117
242 125
12 67
197 121
40 6
200 20
334 210
221 34
12 78
242 80
161 104
145 4
322 297
320 82
264 2
126 77
253 33
19 50
197 72
47 9
100 147
275 55
71 42
32 187
345 42
178 39
190 83
322 267
124 76
175 103
256 9
151 122
322 97
27 61
322 195
118 73
97 101
243 111
46 187
302 33
154 42
149 155
300 2
286 7
131 5
209 136
165 2
149 152
35 30
274 191
184 16
283 60
262 194
208 106
296 53
283 105
335 117
299 32
133 139
237 212
274 157
64 6
233 83
71 34
276 108
12 73
336 111
32 21
179 115
270 6
234 136
87 2
332 203
314 82
280 36
322 237
218 105
322 199
153 99
341 141
243 112
293 44
322 327
291 64
15 77
92 83
313 5
102 83
91 4
304 3
290 111
48 49
151 83
224 6
63 8
322 287
8 77
285 143
61 50
248 82
230 81
242 112
184 37
135 226
184 52
242 84
85 33
345 51
139 50
35 26
152 107
264 84
65 80
322 145
259 8
315 86
250 4
322 44
206 51
308 30
213 60
268 83
119 27
201 134
245 33
272 83
240 128
285 138
248 2
253 84
275 14
197 127
125 42
334 81
326 33
270 4
285 42
236 119
243 104
322 265
46 54
206 139
100 93
154 33
92 9
196 68
230 253
83 72
11 14
214 60
329 7
230 261
168 107
20 80
151 121
154 30
125 186
129 73
289 129
282 54
11 35
260 6
201 53
277 15
20 50
148 118
102 86
302 9
230 258
48 116
242 196
315 6
131 3
280 33
322 150
191 136
237 118
124 147
336 110
218 106
221 83
182 83
299 300
328 60
256 4
310 31
163 60
231 136
168 106
249 4
206 142
164 5
270 49
242 6
240 86
328 4
171 106
161 101
314 9
308 74
172 111
250 60
310 27
184 60
32 53
213 117
148 2
300 82
135 4
327 84
319 68
35 34
341 81
180 30
272 80
274 267
119 112
12 51
173 106
230 229
164 8
93 95
36 51
55 106
184 56
113 80
21 83
270 1
235 136
299 178
318 47
146 42
49 33
143 205
91 96
285 139
48 44
56 90
314 2
155 104
230 267
245 81
133 144
260 80
8 132
160 102
270 7
283 144
345 35
239 84
183 106
29 112
275 28
239 69
29 111
135 9
283 134
299 79
270 83
296 30
260 84
253 9
284 136
185 14
200 33
55 25
270 113
269 85
162 103
101 86
218 74
265 116
148 84
302 2
283 111
243 80
181 33
65 205
283 64
322 213
300 24
299 280
293 56
195 24
237 85
60 186
158 106
208 141
203 2
167 102
268 106
204 8
287 15
137 111
167 100
185 25
277 59
282 27
185 62
125 119
314 50
343 16
215 81
213 119
93 198
256 2
146 60
162 100
322 328
260 34
117 9
334 203
322 143
255 82
149 150
305 110
328 82
181 42
243 123
307 139
46 74
178 47
305 64
202 142
322 266
242 129
0 5
307 137
46 69
140 33
307 74
171 103
214 141
297 83
296 106
270 123
251 60
246 6
260 83
247 125
159 100
322 257
155 101
310 55
238 83
10 7
139 81
149 157
205 3
57 60
265 60
339 172
275 54
325 2
236 212
286 5
326 84
61 74
317 0
253 24
214 81
272 81
92 69
216 35
11 20
136 121
309 7
27 49
93 141
38 134
195 60
319 126
247 124
174 102
187 33
315 81
11 17
61 42
211 42
32 39
92 68
295 136
185 28
307 106
299 244
169 106
152 105
185 45
71 73
92 84
134 93
322 245
236 84
202 35
201 84
123 112
261 60
11 52
316 95
152 102
285 53
343 210
216 143
308 136
273 106
246 129
260 60
277 39
245 80
299 277
201 137
19 37
38 73
53 77
310 29
27 60
184 59
185 29
326 80
281 82
201 42
170 100
240 50
322 28
178 44
301 82
251 33
198 114
277 32
0 7
215 137
123 86
129 86
258 80
248 60
27 85
246 112
206 83
297 26
242 34
146 104
181 30
182 129
47 72
124 84
295 117
336 144
182 138
264 50
28 111
160 99
222 80
197 105
135 75
298 75
275 20
0 6
286 197
206 136
282 37
100 115
270 104
38 46
270 125
265 6
277 55
282 16
260 9
296 144
99 82
144 95
198 123
91 5
134 84
1 147
42 74
264 80
230 236
327 2
320 86
293 39
322 275
167 106
230 247
185 61
336 60
289 139
106 107
343 303
19 59
113 128
285 104
295 110
113 119
322 228
34 77
332 0
247 84
285 51
149 161
274 280
292 64
299 185
275 53
247 113
133 141
87 82
178 42
264 86
19 47
127 90
247 68
129 111
237 60
198 117
169 102
289 74
71 74
317 172
284 138
119 111
200 23
55 92
312 154
218 142
134 115
213 128
270 85
214 144
322 169
201 106
65 104
120 80
305 135
200 46
219 141
224 8
135 44
195 86
308 51
322 164
260 24
339 91
280 12
335 137
172 187
345 64
322 223
265 111
242 68
272 6
311 4
325 34
91 66
215 117
15 69
140 50
97 99
148 80
335 110
304 2
120 73
161 103
339 203
135 7
299 304
86 77
35 60
324 24
249 82
230 195
230 197
236 121
343 0
285 110
48 50
185 48
134 104
64 9
100 5
125 113
297 226
19 36
219 142
200 18
342 141
208 135
208 60
314 80
135 49
91 95
215 30
108 8
139 2
283 135
230 249
172 3
64 7
333 129
319 127
274 158
169 99
180 111
269 129
299 10
143 7
275 61
184 32
36 34
269 84
230 237
181 49
87 24
87 81
152 104
202 64
102 80
32 52
149 156
310 13
11 41
265 84
27 186
164 9
222 4
46 85
269 118
144 104
321 4
242 7
328 2
49 70
310 50
293 78
201 141
169 107
201 81
275 29
336 137
198 120
251 84
35 8
41 71
57 74
326 6
185 26
51 77
265 107
297 27
284 110
230 252
206 137
336 64
274 176
46 111
11 22
11 50
35 2
322 277
216 137
36 128
341 60
277 54
336 134
179 111
310 49
242 85
203 5
186 33
220 33
293 186
304 94
185 47
12 70
297 4
201 144
48 56
109 33
341 42
301 4
293 26
345 53
195 4
310 18
310 47
310 46
214 106
242 105
317 242
308 106
255 84
123 111
15 73
322 160
336 104
44 84
206 144
202 134
265 69
329 65
163 107
219 137
202 135
176 106
247 121
230 179
159 99
87 50
202 117
315 60
36 83
180 42
291 104
321 82
153 101
184 13
211 114
307 117
126 68
308 143
302 82
331 82
115 72
175 102
41 34
211 126
283 53
242 83
98 2
322 244
63 5
41 77
275 13
144 69
35 89
168 100
12 34
248 83
217 134
220 82
106 4
206 35
202 84
60 78
275 21
245 34
126 132
93 84
211 104
124 194
109 82
242 33
184 41
80 77
321 81
215 144
325 84
308 110
237 124
305 142
9 5
185 9
185 38
99 86
11 39
179 33
124 9
141 84
210 136
114 186
275 17
322 268
135 120
289 135
201 60
233 286
277 19
201 138
184 57
284 135
55 65
295 42
207 9
289 111
240 4
133 142
180 26
182 136
259 4
184 62
27 70
336 136
148 104
239 194
291 106
342 106
297 120
302 50
283 142
32 4
254 104
196 84
201 105
307 64
44 8
32 116
332 210
144 94
182 81
101 6
33 69
202 53
230 192
211 120
27 96
336 84
331 196
292 30
296 84
274 281
247 123
173 102
341 51
247 83
109 34
48 59
291 139
330 3
243 127
254 5
113 4
291 81
336 53
332 145
319 42
313 7
11 30
185 23
248 50
44 187
297 129
166 4
11 47
254 80
125 107
289 136
319 115
325 82
33 42
126 73
176 99
270 117
240 120
272 84
242 4
292 143
133 35
296 105
282 12
63 4
285 64
270 121
326 82
305 141
322 326
156 104
41 50
133 53
197 119
125 118
64 65
247 112
322 172
156 103
48 38
36 80
269 128
284 139
205 84
155 102
334 16
168 103
65 74
213 120
200 59
19 20
336 51
133 30
71 70
46 119
111 77
200 28
322 329
256 24
293 120
12 74
245 86
11 58
275 37
246 104
242 124
311 60
215 84
187 8
208 74
265 105
48 30
342 142
44 92
190 136
125 105
219 136
