6 7
38 20
38 13
3 4
11 8
25 33
39 16
26 13
35 30
25 8
34 31
40 5
38 3
21 13
22 17
2 24
22 5
35 6
23 8
38 2
40 11
26 6
40 1
40 7
39 11
39 13
25 2
38 25
22 13
9 4
23 13
38 6
9 1
26 15
39 14
21 11
20 8
35 36
40 14
27 0
35 3
22 19
23 16
10 19
21 7
22 12
40 0
6 8
26 14
38 28
39 1
23 1
26 1
21 0
23 5
0 1
40 15
13 1
10 2
26 19
36 4
13 24
10 17
22 0
11 2
10 14
40 13
34 7
30 1
38 30
39 0
37 7
35 9
38 15
26 8
21 14
26 2
26 16
39 19
23 0
10 20
20 2
39 18
22 11
21 6
10 0
35 11
13 8
39 7
38 8
1 2
19 2
22 18
37 4
39 15
40 16
22 1
38 34
10 5
39 20
26 17
28 2
10 1
23 2
35 15
39 17
22 15
23 17
25 4
28 1
10 16
10 18
9 2
12 2
19 7
26 0
21 8
15 2
10 11
31 7
40 20
26 12
35 38
21 12
40 2
23 12
28 4
23 14
39 5
39 2
21 20
23 19
26 5
23 18
13 25
21 19
6 2
23 20
10 12
13 2
38 11
40 12
5 2
35 28
39 8
15 8
22 8
39 12
23 11
23 7
10 6
30 4
40 18
21 2
10 13
23 15
26 18
35 37
21 1
18 2
11 7
10 7
21 16
21 15
22 2
28 29
40 19
12 1
14 2
0 2
22 20
21 5
25 7
38 31
22 14
10 8
40 17
40 8
19 8
8 1
23 6
21 17
10 15
22 16
26 20
26 11
25 6
39 6
38 37
40 6
25 1
38 36
22 6
21 18
29 2
38 9
26 7
32 33
22 7
38 7
