54 22
46 8
55 18
41 19
54 4
5 2
51 6
42 12
32 3
55 29
54 12
38 7
32 2
54 10
53 14
54 15
9 29
53 26
31 14
12 3
55 25
26 8
42 4
31 18
39 2
37 10
9 17
54 11
11 2
9 27
19 3
4 3
37 13
51 46
15 3
42 21
4 6
41 16
55 21
33 27
15 20
38 24
9 16
37 25
31 30
41 20
53 5
41 14
37 7
18 1
51 47
36 20
42 7
36 52
33 19
31 3
3 8
33 22
3 43
9 3
37 20
42 17
42 24
13 3
31 12
38 26
53 25
53 17
33 5
42 28
37 3
22 2
41 24
2 3
53 2
38 19
9 14
29 5
37 16
41 17
9 12
33 28
33 13
38 25
9 21
51 5
12 2
42 27
31 13
55 7
46 1
28 5
9 5
51 48
38 4
14 6
39 5
41 10
55 19
49 50
42 19
31 27
16 3
13 2
36 1
51 45
31 2
37 0
32 1
28 2
9 2
54 2
27 3
27 2
45 1
9 1
42 15
41 5
15 10
4 5
31 29
31 11
17 2
53 0
31 22
18 2
39 3
0 3
38 3
38 27
42 26
33 24
55 16
54 16
33 7
9 7
36 3
49 45
2 8
41 26
51 36
40 6
53 19
55 26
42 30
37 24
37 2
37 18
9 25
16 1
31 23
54 27
55 15
51 30
53 15
41 29
53 28
33 0
37 23
38 23
51 14
41 13
25 35
42 25
28 20
39 1
9 11
49 34
37 5
40 3
53 3
53 21
21 3
31 15
42 14
53 7
47 6
4 2
40 2
36 2
55 11
38 30
16 43
53 29
13 6
48 47
37 12
41 2
29 3
42 23
31 17
51 34
9 26
33 29
45 3
13 5
42 1
15 1
46 3
41 23
28 6
0 2
55 28
33 3
38 14
15 2
33 1
41 4
7 8
55 10
41 12
38 18
38 1
42 2
36 12
51 3
38 21
5 1
54 0
29 6
33 16
19 10
42 13
31 21
48 14
9 20
55 5
16 6
53 18
16 36
25 3
9 15
33 26
3 2
38 5
55 1
41 3
37 15
9 10
14 5
54 14
37 1
39 40
9 0
49 14
31 20
36 22
33 17
11 3
54 30
31 1
33 4
54 29
1 3
37 17
53 22
15 8
41 21
38 22
41 22
25 2
53 4
33 15
55 2
31 5
43 8
38 10
49 32
53 10
51 13
37 4
51 16
31 28
55 27
33 30
49 51
54 3
38 29
24 3
42 10
39 13
55 14
37 19
1 10
55 24
38 28
30 5
54 28
38 20
36 47
41 15
9 30
33 21
0 1
42 0
55 30
25 8
12 5
18 3
1 2
37 21
37 29
28 3
21 2
40 5
2 43
31 16
55 20
9 22
25 1
33 12
38 17
9 24
37 27
42 20
9 19
53 24
31 10
38 12
22 3
38 0
39 6
16 2
17 3
51 32
9 28
38 11
9 4
33 18
29 2
31 7
38 15
53 11
44 18
49 39
33 10
42 5
33 2
51 57
38 2
49 6
42 22
33 11
19 1
34 36
45 35
41 25
42 29
34 2
55 22
38 13
17 1
55 4
33 20
41 7
12 6
30 3
54 17
35 3
54 26
38 16
53 1
9 18
41 28
54 24
54 13
55 23
31 26
1 8
37 22
53 12
53 16
53 20
30 2
36 4
42 11
31 25
51 2
41 0
9 23
31 0
44 0
53 13
36 10
51 58
42 3
54 7
54 25
33 25
54 18
33 23
36 5
54 1
34 35
31 4
54 21
55 12
16 5
42 18
41 30
44 17
51 39
33 14
54 5
41 1
54 20
37 28
53 30
41 11
54 19
51 56
36 40
9 13
31 24
37 11
41 27
53 27
42 16
2 1
37 26
55 3
55 0
31 19
51 22
34 1
41 18
55 13
49 13
55 17
37 14
20 8
34 3
54 23
37 30
53 23
