13 5
26 5
36 18
36 3
17 13
33 12
8 2
22 15
33 24
36 1
24 34
8 5
35 15
8 3
22 2
29 12
29 19
21 14
36 9
14 2
3 5
4 5
33 19
36 12
22 16
25 10
33 27
33 9
10 1
16 2
21 2
11 2
35 11
33 26
22 17
22 9
18 14
22 13
36 10
22 1
21 18
35 18
18 2
35 17
36 17
36 8
35 1
21 7
24 2
21 4
22 14
22 4
33 30
35 16
6 4
24 7
12 2
29 30
33 2
22 12
21 9
6 3
36 4
24 12
6 13
21 1
6 10
6 17
6 2
21 11
35 2
24 14
36 14
35 4
21 15
15 1
21 0
6 8
20 2
9 14
35 9
1 5
10 3
35 8
35 7
12 14
24 19
29 33
6 12
36 2
22 8
36 13
35 13
36 16
21 17
8 1
2 5
22 11
6 9
36 15
6 1
14 13
33 32
33 14
27 19
36 7
33 28
36 11
35 12
9 19
9 2
0 3
21 13
26 3
6 11
23 5
35 10
33 37
2 23
18 19
22 3
29 31
35 0
10 2
22 18
33 31
17 14
12 7
22 10
0 1
35 3
19 13
22 0
29 32
6 0
21 8
14 5
21 12
21 16
21 3
12 13
28 27
36 0
29 20
6 14
17 2
33 20
22 7
6 18
25 0
35 14
33 18
6 16
21 10
6 15
0 2
9 24
6 7
18 13
26 1
