11 4
46 24
9 18
58 15
59 1
38 19
40 20
3 7
32 18
58 24
20 21
38 21
13 2
32 14
38 13
57 15
40 28
59 27
36 16
59 16
32 22
35 0
33 31
32 10
59 23
42 19
34 15
32 25
27 20
10 3
2 43
30 3
8 7
9 13
27 2
34 27
59 13
3 43
12 2
51 33
46 3
35 3
42 26
33 4
9 28
39 20
9 0
32 0
42 0
38 4
36 24
14 20
36 8
57 18
54 41
42 27
42 25
39 26
58 1
51 52
35 18
3 2
47 48
39 13
36 20
9 21
57 23
55 53
34 26
31 17
35 26
19 1
7 6
36 23
32 1
13 7
11 3
38 11
57 19
0 3
34 25
10 2
51 53
57 27
42 11
34 2
33 2
51 46
32 26
58 8
11 2
2 7
55 12
42 3
40 23
51 54
39 21
12 20
9 8
34 14
35 21
39 3
36 15
29 2
19 3
11 1
40 27
42 22
38 15
34 0
55 48
26 3
14 31
25 3
14 2
45 24
34 23
58 3
16 4
39 0
35 12
9 12
40 18
32 24
38 2
25 2
19 20
37 7
58 4
35 28
59 14
34 28
59 26
39 19
40 26
58 28
36 3
58 10
13 4
9 2
51 12
32 20
36 4
59 24
39 15
26 17
34 4
57 8
36 10
42 8
36 1
55 19
39 4
36 27
55 31
9 23
58 13
36 28
39 24
44 15
32 2
59 22
42 4
15 2
57 12
34 18
59 11
58 18
21 20
34 3
35 25
55 29
40 4
29 31
12 3
34 10
57 13
58 25
36 22
54 27
9 3
35 16
34 1
32 16
55 45
44 0
6 7
42 12
3 4
32 27
27 21
36 19
35 15
40 17
12 21
40 21
36 11
59 2
9 27
16 2
38 1
38 3
13 1
32 8
59 10
51 55
57 21
55 24
38 22
42 13
36 18
58 26
21 1
38 0
38 17
58 23
34 19
9 17
36 12
40 1
38 10
38 20
57 3
58 16
9 14
19 2
0 1
59 3
40 8
42 24
57 0
59 4
26 21
58 22
59 18
55 47
9 24
38 27
58 0
42 20
32 12
29 3
36 25
55 52
36 14
39 2
39 10
19 21
46 31
14 43
40 11
39 28
38 18
38 14
20 7
57 28
42 10
50 49
58 20
42 16
27 4
20 2
9 26
39 23
32 21
38 26
35 13
38 16
31 2
15 4
31 20
9 1
51 45
59 0
57 20
59 25
58 14
34 11
57 11
45 3
59 28
36 0
32 11
31 3
42 1
55 33
35 23
57 16
34 21
5 6
39 12
39 17
23 3
55 50
32 17
32 3
55 1
1 20
24 2
42 28
31 21
35 17
40 10
21 7
59 8
9 22
35 22
35 20
34 8
9 16
38 24
34 17
55 5
34 22
4 43
39 1
35 1
33 3
10 4
57 26
39 25
51 29
40 14
40 0
42 18
57 14
59 19
9 10
40 19
55 14
31 4
38 28
40 12
38 25
9 4
39 11
59 17
15 3
40 25
0 4
59 12
25 4
16 3
9 25
32 19
42 23
34 12
45 30
38 12
36 13
58 2
29 4
57 25
58 17
58 21
12 4
35 19
39 18
55 27
42 15
2 4
42 14
33 30
9 15
58 27
58 12
44 11
9 19
40 22
34 24
32 4
39 14
39 22
28 3
34 20
32 13
27 3
9 20
35 11
57 24
57 4
14 3
36 26
40 15
35 2
14 4
15 1
40 13
14 1
57 22
29 30
36 2
39 27
32 23
14 21
46 30
21 2
40 16
57 10
26 1
51 28
34 13
0 2
35 27
59 20
26 2
36 21
39 8
57 17
40 24
13 17
42 17
36 17
35 8
59 15
26 20
42 21
32 28
41 7
51 19
9 11
1 7
57 2
31 1
2 3
55 21
58 11
35 4
42 2
27 1
34 16
31 24
38 23
20 1
58 19
12 1
57 1
55 46
40 3
23 49
26 4
59 21
35 14
4 7
35 24
38 8
31 56
35 10
39 16
16 1
32 15
44 16
13 3
40 2
