10 1
15 1
4 5
2 1
11 9
0 3
13 1
16 1
11 15
8 3
25 2
14 1
19 3
13 2
17 4
25 4
21 2
7 2
17 1
14 3
22 2
4 3
21 4
6 5
18 2
20 4
0 2
24 4
22 3
2 4
11 22
11 17
26 0
11 8
26 1
15 2
13 4
23 5
0 4
17 2
2 5
24 5
16 5
25 1
15 3
26 27
6 1
17 3
11 21
7 1
9 5
17 5
18 3
23 1
11 13
9 3
21 5
19 2
15 5
4 2
14 4
20 3
11 7
22 1
21 1
18 1
18 4
19 1
12 3
10 5
25 5
24 2
11 19
9 1
8 1
10 4
22 4
23 0
20 5
11 12
19 4
13 5
12 1
19 5
11 16
11 14
10 2
8 2
8 5
12 5
7 5
14 5
26 9
15 4
16 3
9 2
11 10
20 1
14 2
0 1
22 5
11 18
10 3
0 5
18 5
21 3
4 1
6 0
24 1
26 5
16 2
13 3
2 3
16 4
29 5
26 28
20 2
7 3
11 20
