46 3
32 17
48 22
35 9
34 0
45 15
46 5
46 12
10 1
48 24
23 2
30 13
32 15
46 18
31 12
32 19
8 22
44 26
32 2
34 4
44 20
46 2
46 20
46 1
48 13
47 11
29 13
17 4
46 28
35 20
47 2
2 33
29 4
32 16
29 3
11 4
27 12
29 10
25 1
36 3
27 16
17 34
31 13
8 20
12 9
11 2
48 2
0 5
31 15
22 6
20 5
8 0
35 17
47 28
30 5
45 20
14 2
8 19
32 9
27 28
35 3
35 1
48 25
46 11
48 11
36 4
30 15
27 17
46 14
30 18
46 15
8 4
31 21
19 1
4 12
29 14
27 9
1 2
30 2
5 6
31 4
35 23
34 12
32 25
8 17
48 17
31 19
35 18
8 1
30 21
46 4
21 43
29 21
8 14
34 5
48 10
11 3
31 10
46 24
34 36
47 10
32 11
31 5
40 12
45 40
7 5
35 15
47 3
45 42
24 4
29 28
30 10
47 22
27 21
32 3
3 1
18 1
36 1
17 12
4 3
18 2
30 25
11 1
31 18
11 5
17 33
32 22
46 9
8 21
27 3
26 12
8 13
8 11
30 3
13 1
32 28
47 17
8 9
30 22
30 17
31 14
0 3
24 1
8 3
31 20
48 36
8 25
48 20
29 25
0 2
29 20
29 22
34 42
28 1
0 4
8 10
26 2
6 7
45 26
45 4
47 5
47 24
47 4
48 12
34 3
32 0
3 6
35 21
47 14
28 2
45 28
27 23
27 24
8 16
31 17
45 38
20 3
31 24
32 5
32 10
41 42
30 19
46 17
26 1
7 3
29 5
40 34
32 4
30 11
35 10
31 9
27 1
29 24
47 21
35 14
29 9
1 33
5 3
5 1
17 1
8 5
31 23
47 13
36 2
48 18
35 5
46 16
14 1
36 5
29 15
16 12
31 1
27 15
48 0
48 5
25 4
29 1
35 11
32 14
8 23
0 1
37 18
27 13
29 18
32 1
27 10
30 9
35 2
3 5
32 24
29 19
29 17
34 11
32 12
35 22
48 9
24 5
35 13
35 24
28 4
46 23
8 24
31 3
23 1
8 2
34 1
45 41
24 2
4 1
46 13
47 9
47 12
31 11
27 22
35 16
31 2
32 18
48 21
47 25
46 0
20 4
7 4
48 3
35 12
47 16
34 2
46 19
30 23
12 2
48 14
31 16
30 12
29 23
48 1
30 28
32 23
27 11
47 15
44 45
27 18
45 17
48 4
35 25
27 4
32 20
47 1
31 25
30 14
47 18
48 15
32 13
35 0
45 34
30 1
30 16
29 12
38 12
8 15
47 0
13 4
30 20
45 2
27 25
29 2
12 1
45 49
48 16
35 19
8 12
27 14
14 6
1 6
44 38
27 5
20 1
18 12
38 39
31 22
29 11
30 24
27 20
20 9
2 6
46 21
46 25
34 9
31 0
7 1
27 2
7 2
32 21
47 20
44 13
27 0
24 3
30 4
45 1
35 4
10 2
4 5
46 22
30 0
8 18
47 23
27 19
