42 17
20 24
76 20
120 72
21 34
78 2
97 2
74 23
2 19
75 21
67 17
14 6
110 93
61 2
39 37
78 70
110 59
120 103
14 38
97 3
80 74
70 28
72 41
28 36
108 78
53 16
27 12
55 6
91 5
121 16
25 31
109 89
104 2
113 47
82 29
57 34
66 32
68 16
17 31
102 40
20 6
41 36
70 42
41 16
29 31
2 26
74 29
14 21
48 1
21 25
102 76
21 19
28 5
21 32
44 6
108 70
6 13
19 26
100 39
55 38
46 1
114 79
43 23
67 70
19 31
69 30
77 41
18 26
54 1
29 39
92 40
25 34
88 74
84 70
66 18
33 15
58 22
76 25
76 67
86 77
28 24
76 70
80 66
117 65
44 12
68 39
18 19
4 9
55 32
106 16
34 3
103 69
114 64
91 17
2 37
28 27
120 70
75 69
58 20
58 17
51 2
114 89
40 35
35 3
40 32
84 77
4 13
38 17
101 19
41 38
106 62
27 6
120 84
76 69
26 5
16 11
69 24
7 12
25 16
42 9
1 34
82 36
58 30
108 104
46 32
83 28
103 67
66 17
114 71
76 41
20 25
103 77
114 82
34 10
40 16
9 3
93 1
103 73
31 5
92 77
52 2
82 66
55 17
74 24
115 66
108 20
40 25
78 20
4 8
80 69
33 19
110 78
72 30
33 30
88 77
117 97
35 16
109 111
22 25
110 108
42 18
23 3
102 70
71 70
110 85
16 9
41 29
42 39
67 27
120 83
30 11
120 19
35 13
18 36
85 72
87 78
73 78
24 7
58 69
6 9
84 40
66 31
46 23
18 23
76 35
104 74
21 9
17 37
24 9
32 5
20 29
68 27
38 27
34 7
106 63
2 25
121 4
40 15
37 7
100 3
32 10
117 88
82 21
85 29
120 38
29 38
120 59
58 26
2 15
20 31
104 77
19 8
106 67
32 7
102 69
42 26
34 16
14 16
91 25
35 1
79 1
91 33
76 21
36 31
103 78
77 74
102 78
1 12
64 2
83 33
69 29
37 16
69 66
39 9
48 3
108 84
33 25
14 35
40 42
18 34
22 26
85 24
119 120
28 16
115 77
95 16
92 75
70 34
5 6
41 25
101 36
30 1
28 23
70 30
85 33
57 26
117 52
1 5
69 42
66 37
108 35
81 69
48 12
58 23
10 3
23 16
21 1
111 51
66 35
78 68
101 5
34 11
56 45
42 33
77 42
53 10
69 37
100 18
80 42
31 16
38 10
108 67
36 34
30 39
22 27
26 8
67 18
89 1
44 1
106 103
85 69
66 30
28 37
44 45
75 42
83 36
115 38
58 32
118 49
108 86
18 17
68 5
28 33
78 22
33 13
88 69
54 10
2 36
18 3
18 13
75 33
56 8
66 1
78 69
14 18
15 37
33 1
91 13
32 13
50 2
47 2
9 1
77 2
36 13
14 11
56 13
24 23
110 86
68 19
78 35
29 34
58 68
5 8
40 18
72 66
77 24
113 98
55 9
21 38
46 31
96 2
71 22
73 74
113 99
30 12
33 3
77 69
66 38
43 10
75 66
110 58
117 47
42 37
38 30
56 11
120 58
40 36
6 10
2 22
86 68
20 28
14 32
29 3
44 11
22 18
70 39
80 41
83 22
70 1
40 21
42 7
32 39
80 78
100 26
55 34
66 26
14 19
55 33
59 3
77 66
58 40
2 30
58 28
95 6
19 13
55 5
94 6
37 9
26 12
69 20
119 50
2 28
85 18
106 60
69 21
43 28
9 7
110 104
116 101
115 70
76 68
20 26
66 19
106 78
80 18
16 12
74 21
103 2
75 35
68 33
115 64
20 15
87 66
35 25
19 10
110 19
41 30
31 1
68 30
110 106
4 1
80 77
54 11
24 29
33 29
36 25
40 37
16 8
44 13
86 78
114 100
85 35
69 68
22 37
41 2
75 22
70 29
16 3
99 2
117 59
42 3
53 5
121 120
19 27
74 40
33 9
58 25
18 37
120 35
10 7
120 87
58 24
31 12
28 13
106 61
110 61
31 7
33 23
74 41
25 7
43 27
108 38
30 13
106 108
35 20
120 60
14 28
114 60
35 31
35 17
68 24
68 18
116 95
30 5
75 2
42 6
85 21
48 7
74 36
70 6
15 27
78 41
1 37
117 46
103 42
110 70
90 32
38 39
32 26
1 26
2 33
11 45
72 18
72 24
101 18
42 30
23 12
1 16
9 8
35 27
70 9
8 45
41 31
41 17
117 64
77 32
42 20
32 17
14 27
110 35
103 40
58 37
120 68
55 29
26 7
57 32
28 38
120 64
110 74
30 16
34 8
102 75
85 2
117 89
114 65
10 11
18 6
114 51
76 40
69 28
77 72
2 41
17 34
81 42
102 68
115 60
56 1
102 73
21 27
81 72
0 1
28 7
69 38
1 13
23 31
76 39
110 60
2 17
101 34
36 10
84 15
74 19
115 106
58 42
68 34
22 35
42 23
18 32
100 27
111 92
76 19
82 40
67 36
90 26
19 17
42 27
100 29
21 23
83 29
22 33
114 50
43 34
34 1
63 66
53 12
102 74
91 10
41 1
103 41
69 39
39 8
3 5
50 1
85 70
20 23
78 21
17 9
20 33
106 72
22 2
68 22
101 20
36 32
82 42
39 10
67 21
105 106
120 76
116 90
32 31
3 11
39 16
84 35
42 32
110 77
6 8
37 34
37 8
20 37
104 70
19 39
87 2
55 30
46 35
22 29
66 21
72 22
54 13
101 22
106 74
70 18
34 9
5 13
73 41
66 24
88 70
23 10
25 6
112 82
73 77
7 3
15 38
24 36
72 67
92 78
43 7
109 46
121 106
106 93
32 37
82 18
68 25
2 18
71 40
20 3
37 31
116 82
25 1
18 39
30 9
14 23
21 7
30 31
2 38
100 9
104 66
76 18
91 24
106 38
115 41
21 16
75 74
26 9
55 25
24 19
68 23
81 76
14 34
41 34
67 24
3 9
95 31
88 67
39 3
103 76
74 70
110 87
15 10
109 71
76 23
29 27
78 36
40 17
39 7
101 39
30 37
63 69
42 10
102 42
77 23
77 68
81 74
102 72
101 30
83 24
108 16
22 28
5 10
35 39
23 11
39 1
40 33
120 67
106 64
54 7
108 62
68 37
106 86
84 22
112 71
21 3
102 35
18 28
121 50
66 68
66 25
76 24
71 69
80 70
19 5
117 51
88 78
25 11
66 23
2 1
24 11
29 7
16 7
91 32
85 67
69 23
23 30
87 42
100 36
10 13
2 31
102 67
35 28
24 38
103 70
91 28
27 16
114 97
18 11
22 20
53 1
77 76
104 68
121 44
109 82
3 6
36 17
13 45
101 27
38 32
22 3
53 9
77 67
76 22
28 39
107 57
87 68
84 33
75 29
29 26
46 2
74 22
71 42
108 74
114 95
15 6
104 41
4 12
80 75
46 26
36 9
6 12
74 69
100 31
110 16
27 13
75 40
77 33
100 32
117 95
120 77
95 8
115 73
110 73
82 74
68 32
38 3
68 21
32 8
66 28
25 38
92 2
69 32
73 20
10 1
78 72
73 42
109 110
91 1
14 10
59 1
92 76
9 6
20 19
115 61
55 10
2 34
72 36
21 26
21 24
25 13
5 11
37 3
87 20
58 35
84 69
14 1
97 1
42 19
92 72
33 31
22 10
43 26
92 73
32 30
59 6
86 75
15 13
88 72
75 36
66 27
78 75
23 19
110 84
90 25
107 51
20 1
68 35
28 17
73 75
26 13
82 70
78 76
86 72
21 17
41 37
108 87
115 83
111 71
34 5
41 22
115 67
21 36
71 75
110 68
63 67
57 33
3 10
72 68
110 41
75 76
5 9
82 41
70 36
38 7
115 72
23 1
29 10
109 95
28 31
40 3
33 27
54 3
53 13
121 55
25 8
14 5
77 70
36 27
85 42
25 3
43 9
69 41
72 33
113 96
17 11
94 2
14 30
94 1
72 2
30 34
70 16
21 6
18 30
74 67
66 29
77 35
68 28
83 2
121 117
91 23
12 8
30 26
28 29
34 13
41 27
101 28
14 20
69 25
75 18
111 57
117 61
73 66
43 3
71 66
38 26
91 30
106 41
86 66
17 1
20 11
107 108
114 93
101 2
15 9
121 14
67 38
92 74
29 32
14 7
109 106
83 68
17 12
46 25
35 30
36 6
119 106
28 6
41 10
75 77
38 5
113 97
113 94
100 38
15 31
66 40
15 23
22 31
42 35
40 24
20 38
83 70
74 33
63 73
40 5
14 36
88 75
74 38
48 8
9 10
120 20
14 29
82 69
20 21
117 50
109 112
67 34
39 13
56 6
38 8
55 7
41 28
67 41
16 10
115 68
69 26
22 30
33 7
72 23
38 23
34 27
42 24
46 34
15 32
43 32
91 37
106 35
26 11
58 70
24 6
108 73
106 87
25 17
23 32
21 18
70 5
43 6
17 3
19 9
80 2
38 19
17 7
86 74
115 74
90 34
107 82
38 13
40 22
100 30
106 58
48 45
77 22
23 6
42 25
43 24
77 29
25 27
85 66
63 78
48 13
72 42
73 21
29 30
17 26
27 5
34 31
120 86
28 26
21 13
31 27
26 1
23 37
78 42
108 19
71 76
39 31
95 3
35 15
13 3
108 60
67 26
81 35
101 23
91 16
53 7
117 96
76 32
40 34
108 103
19 1
82 33
73 40
40 30
65 1
41 6
70 19
72 38
70 17
120 61
15 1
107 106
28 18
118 50
86 67
101 21
35 10
118 48
25 5
7 11
17 27
106 59
14 24
19 11
0 2
14 22
40 1
68 1
33 32
31 3
67 37
19 6
33 11
118 91
14 17
58 1
68 36
14 25
108 85
120 66
78 18
22 5
24 32
100 24
80 35
33 26
9 45
50 6
55 36
108 68
68 17
82 35
112 106
25 30
100 6
110 66
70 38
70 21
66 41
25 37
83 18
39 5
76 15
85 74
72 35
35 23
16 13
114 106
114 92
115 87
19 34
113 106
115 75
32 9
113 109
84 67
55 24
87 73
110 75
92 69
67 28
1 6
67 32
71 78
72 32
120 78
106 84
81 68
37 10
55 23
115 35
18 9
102 22
37 13
110 67
21 30
17 10
82 68
32 1
32 19
28 11
119 49
84 2
120 93
74 42
87 35
42 31
22 19
86 2
92 66
90 19
41 26
67 1
55 37
54 8
79 6
60 2
13 8
11 13
103 75
84 72
1 11
35 34
104 33
23 9
121 49
117 49
58 36
40 9
33 16
18 38
20 36
3 7
100 23
114 57
25 10
3 13
7 8
115 84
77 20
67 40
119 117
21 29
41 18
115 86
102 20
48 10
101 29
28 34
54 6
84 66
117 82
101 35
84 76
20 7
81 2
26 6
88 66
16 6
101 7
102 41
115 104
29 1
22 39
63 2
76 30
93 6
110 76
83 40
59 2
2 20
22 21
84 21
115 16
23 34
43 13
101 17
37 1
83 74
15 19
83 42
72 70
82 22
10 6
81 18
5 7
84 68
6 11
73 22
111 106
16 1
43 1
30 27
101 6
101 31
69 70
4 7
101 15
32 12
111 108
70 35
100 7
114 63
39 11
67 39
114 59
91 39
68 38
103 74
80 68
115 76
43 18
30 7
91 6
36 11
38 12
28 32
11 3
2 39
108 41
29 37
20 9
20 27
38 16
87 74
86 73
80 72
55 11
1 31
66 39
40 19
27 3
73 76
76 29
100 16
112 108
30 6
113 63
113 51
113 0
27 7
117 92
18 25
19 3
40 27
53 3
18 7
55 3
18 24
20 13
70 20
20 17
41 15
37 27
116 55
17 13
41 23
16 5
104 67
65 2
36 7
15 16
73 70
24 31
71 72
35 33
77 40
108 93
77 21
100 28
67 35
32 11
46 16
115 93
76 36
43 11
96 1
20 18
41 5
118 53
80 20
25 19
3 8
46 19
78 28
75 20
81 66
113 114
23 13
11 8
49 1
70 40
115 63
43 17
48 9
108 61
41 39
78 40
81 78
69 27
44 7
1 9
91 18
41 33
115 103
43 15
88 68
35 32
102 2
70 23
35 5
68 29
121 100
36 3
23 27
73 68
20 39
28 9
20 34
102 77
69 35
22 32
73 2
71 68
25 9
112 57
92 68
22 24
87 75
1 27
113 57
17 5
41 24
108 69
26 16
29 17
100 17
27 10
24 39
17 8
78 77
105 49
114 47
15 5
38 9
2 23
35 11
115 108
83 15
67 31
11 6
75 72
58 41
72 28
33 6
55 31
108 58
93 2
77 28
114 88
33 10
23 17
101 25
21 10
35 38
19 16
7 6
57 64
74 68
87 22
87 67
15 30
30 10
15 11
87 70
4 6
103 72
101 3
36 38
108 64
114 52
38 11
73 72
23 39
25 26
70 31
68 41
22 1
110 20
112 92
40 38
115 19
105 55
90 16
82 15
110 62
28 3
55 15
29 16
38 31
31 10
5 45
84 18
69 15
115 85
35 26
24 16
86 70
83 41
100 1
29 25
13 12
100 15
31 8
83 21
43 33
36 19
83 77
90 31
116 80
44 3
54 45
84 29
35 24
102 66
67 23
114 46
35 18
38 6
67 30
18 10
28 19
83 76
91 34
35 6
72 76
23 5
73 35
91 15
101 32
11 12
108 106
98 2
91 19
22 38
19 7
2 32
71 67
14 26
26 10
68 26
100 11
39 12
88 73
77 18
95 26
24 37
55 27
49 2
29 23
103 66
35 29
15 3
48 11
77 36
75 67
9 11
68 6
104 35
76 42
74 25
43 29
81 75
2 40
81 67
67 20
120 62
84 41
69 17
58 38
40 23
2 35
48 6
73 69
66 16
89 2
101 38
58 18
69 22
93 3
17 6
101 24
69 34
25 12
101 9
100 13
75 24
84 36
107 71
33 38
20 5
14 2
24 13
66 34
106 85
70 27
80 40
83 35
66 70
100 19
55 16
29 6
75 68
15 34
71 2
2 42
35 7
85 20
91 29
108 75
63 74
82 24
42 21
113 100
100 25
58 21
116 102
69 67
26 37
68 70
106 73
66 67
29 13
71 77
83 67
33 17
27 9
92 42
46 41
15 17
53 11
36 5
14 31
30 19
10 45
34 6
109 93
13 6
117 57
88 76
22 17
115 20
66 22
58 67
91 11
58 34
65 6
42 29
57 60
101 37
104 20
24 30
115 59
76 28
21 28
120 41
104 40
102 21
120 108
82 72
28 1
9 12
53 6
78 67
46 20
115 69
5 12
83 66
106 70
83 69
41 9
58 33
118 100
5 3
43 31
62 2
67 22
18 5
110 69
55 26
24 27
114 49
116 81
66 36
42 2
57 58
117 63
41 20
42 22
12 45
69 1
106 19
43 25
24 26
56 7
85 40
70 25
80 22
24 3
23 26
30 17
110 38
75 70
101 11
101 26
35 19
42 28
1 8
23 7
114 62
4 5
39 27
41 42
40 29
24 10
26 3
117 62
87 72
72 29
39 26
96 3
15 25
85 77
28 30
115 62
25 32
94 3
40 39
44 8
120 74
100 10
91 31
116 100
1 3
29 11
91 3
70 33
100 37
40 31
81 40
2 29
83 72
109 57
31 9
20 16
10 12
18 16
41 32
117 115
15 39
18 1
72 40
15 7
109 88
57 31
69 19
112 51
84 42
85 28
73 67
24 33
110 64
14 33
24 5
108 72
43 19
110 83
15 26
53 8
106 69
27 1
24 25
75 41
117 100
110 72
82 77
118 55
42 36
100 5
121 48
91 9
55 13
68 31
101 10
117 79
106 83
82 20
120 16
21 33
33 5
42 38
20 30
69 18
89 3
106 76
108 59
67 19
105 57
38 37
19 12
76 33
43 38
81 20
115 58
80 21
85 68
121 43
68 20
22 9
110 63
90 38
72 25
116 46
65 3
83 20
39 6
35 36
69 33
76 66
34 12
91 38
69 36
110 103
46 33
96 6
84 20
35 21
20 32
116 88
32 34
71 74
92 41
87 69
43 39
28 25
77 25
92 67
105 50
77 15
31 6
120 104
19 37
67 16
18 31
101 16
120 75
3 12
91 36
118 106
4 10
30 8
55 1
36 16
114 40
87 76
76 38
105 47
101 1
14 9
106 104
74 32
25 39
87 77
58 29
43 30
33 36
67 25
50 3
39 17
106 77
41 7
70 37
33 37
104 72
117 93
58 66
76 17
120 85
81 70
91 7
41 35
14 3
7 45
22 36
78 29
57 59
106 75
111 82
37 11
55 39
29 9
74 66
42 5
58 19
42 34
92 70
40 26
67 33
81 77
103 22
72 74
14 37
40 2
100 34
74 2
114 61
33 39
36 37
14 39
108 83
81 21
21 39
91 27
70 22
40 10
58 2
21 37
4 11
10 8
106 66
109 92
30 3
81 22
119 57
27 8
36 26
6 7
21 5
72 20
43 16
29 19
120 69
26 34
72 21
85 36
117 71
78 33
1 7
58 39
38 34
40 20
36 1
39 34
108 66
108 77
100 33
66 20
26 27
114 115
108 76
5 1
37 6
116 79
31 11
37 5
106 68
54 12
121 56
56 10
24 1
20 10
24 34
78 74
107 92
121 54
36 30
72 69
101 33
70 26
57 61
31 13
103 68
74 20
18 27
87 41
80 67
21 31
85 76
26 31
91 26
84 28
24 17
9 13
22 23
79 3
82 2
117 60
67 42
0 3
4 3
23 8
70 32
29 5
85 41
86 69
27 11
86 40
41 21
87 40
104 76
40 41
114 96
74 35
69 16
109 107
120 73
66 42
67 29
2 21
74 18
32 16
37 12
74 30
22 34
54 9
18 33
119 109
32 27
67 68
80 76
17 16
66 33
11 1
74 28
7 13
57 63
18 29
85 15
33 34
2 24
29 36
40 28
56 3
104 69
77 38
75 28
106 20
36 23
70 41
120 106
40 6
70 24
43 5
42 1
81 41
82 28
41 3
71 73
28 10
117 106
22 16
7 1
84 24
22 6
38 1
68 15
78 24
43 36
76 2
78 66
95 1
1 10
32 3
42 16
41 19
115 78
36 39
85 22
25 23
108 63
74 76
14 15
86 76
32 6
22 7
95 34
57 62
56 12
120 63
68 40
79 8
84 74
69 31
35 9
46 38
82 67
71 41
109 79
82 76
35 37
68 42
69 40
55 19
43 37
