16 10
48 4
15 8
21 5
27 18
17 8
24 8
14 8
41 16
8 12
49 25
29 19
10 12
27 19
46 17
13 14
27 9
17 5
28 15
49 22
6 7
1 5
27 26
13 3
46 4
26 7
5 12
20 7
31 1
7 5
13 9
25 6
27 21
48 17
27 20
16 11
15 5
46 19
49 16
46 1
27 3
48 14
46 3
34 16
48 18
6 12
28 14
31 16
23 8
13 2
37 2
13 16
2 11
49 9
29 18
13 1
48 16
4 6
23 5
20 5
9 10
29 14
8 5
9 11
29 2
48 26
29 23
37 1
46 22
21 7
33 1
19 5
37 3
48 19
17 7
49 2
30 3
29 21
26 6
46 18
19 6
9 12
30 9
38 2
13 4
48 22
13 17
19 7
39 3
46 26
4 1
6 5
27 24
35 1
16 5
29 9
18 5
1 11
32 1
29 25
3 10
48 2
13 15
46 20
44 9
47 1
13 25
24 6
22 5
48 9
41 1
16 12
49 20
13 23
36 16
9 5
7 10
1 10
3 5
20 1
0 1
45 1
36 3
19 8
29 3
24 1
3 12
13 20
27 15
13 19
27 1
48 23
46 2
18 6
7 11
39 1
34 1
25 5
8 11
27 14
4 5
7 12
25 8
46 23
29 22
14 7
49 4
34 3
31 2
41 2
49 24
27 16
29 17
4 7
46 9
46 24
8 10
27 23
3 7
38 1
27 17
25 7
22 8
27 25
20 6
3 6
6 10
40 1
49 14
48 3
11 12
27 22
37 5
29 26
44 1
29 24
29 15
41 3
49 3
3 11
46 15
1 12
49 21
44 2
29 16
18 7
23 6
48 21
36 2
24 7
48 20
23 7
18 8
6 8
26 8
49 17
36 9
32 2
49 1
43 1
28 1
49 23
5 10
8 6
15 7
14 6
6 11
24 5
48 25
44 16
13 22
26 5
15 6
49 15
5 11
36 1
32 16
22 6
0 3
14 5
29 1
46 14
0 2
46 21
27 2
13 21
48 24
13 26
32 3
42 1
3 8
13 24
17 6
20 8
49 19
32 9
37 9
35 2
30 2
31 3
34 2
30 16
49 26
48 1
4 8
48 15
2 12
37 16
44 3
46 16
13 18
39 2
27 4
2 10
30 1
22 7
42 2
21 6
46 25
29 20
8 7
29 4
49 18
21 8
