30 5
34 1
20 9
22 13
13 5
40 15
24 1
6 8
21 13
1 5
21 1
27 4
9 8
19 7
16 7
3 2
15 4
1 7
18 9
40 6
40 13
10 11
40 19
22 14
10 16
2 8
25 2
26 2
40 20
6 4
10 15
10 1
36 5
40 11
18 5
17 7
10 13
16 4
21 2
17 5
22 19
28 1
26 1
36 4
15 9
1 4
20 5
18 8
2 4
30 7
1 9
11 5
11 8
20 8
0 1
14 5
6 5
25 1
20 7
23 1
7 8
10 18
21 14
35 4
29 4
31 2
12 4
14 8
34 2
9 7
7 4
12 5
40 17
14 4
22 1
30 4
35 5
23 2
35 8
11 4
36 38
11 7
30 9
33 2
15 7
22 17
40 18
21 19
40 16
23 4
17 4
24 2
14 9
19 9
27 1
21 15
29 5
11 9
29 9
16 5
15 8
7 5
1 8
40 12
40 14
2 7
27 2
10 19
3 5
14 7
21 20
0 2
29 7
9 4
16 9
17 8
21 17
22 18
33 1
23 5
13 7
18 4
36 37
22 16
39 5
20 4
27 5
15 5
2 5
16 8
21 16
32 1
22 20
18 7
3 1
10 14
21 12
31 1
17 9
28 2
3 4
22 11
22 15
19 4
13 9
19 5
10 6
7 9
22 2
13 4
13 8
12 8
6 9
22 6
9 5
10 17
10 20
21 6
6 7
21 18
32 2
19 8
21 11
2 9
10 2
22 12
10 12
