id met_endotherm_vertebrate met_invertebrate met_ectotherm_vertebrate mov_walking mov_other mov_flying mov_swimming log_mass
0 0 1 0 1 0 0 0 -1.3266897886871862
1 0 1 0 1 0 0 0 -4.172630726946175
2 0 1 0 1 0 0 0 -3.623302625035092
3 0 1 0 1 0 0 0 -2.7634294875385246
4 0 1 0 1 0 0 0 -2.7303864325357248
5 0 1 0 1 0 0 0 -4.462180904926726
6 0 1 0 1 0 0 0 -4.462180904926726
7 0 1 0 1 0 0 0 -3.9766034855222485
8 0 1 0 1 0 0 0 -2.214087249036903
9 0 1 0 1 0 0 0 -2.764975829343016
10 0 1 0 1 0 0 0 -1.9632942317384154
11 0 1 0 1 0 0 0 -2.911103763905207
12 1 0 0 0 0 1 0 1.1139433523068367
13 0 1 0 1 0 0 0 -2.341030871555904
14 0 1 0 1 0 0 0 -2.1629158380150533
15 0 1 0 1 0 0 0 -2.8083922318429666
16 0 1 0 1 0 0 0 -2.4616047456183106
17 0 1 0 1 0 0 0 -3.0416487772458685
18 0 1 0 1 0 0 0 -1.4898651896142554
19 0 0 1 1 0 0 0 1.3010299956639813
20 0 0 1 1 0 0 0 2.0
21 0 1 0 0 0 1 0 -0.6186024885899137
22 0 1 0 1 0 0 0 -0.8352644079632612
23 1 0 0 0 0 1 0 2.322219294733919
24 0 1 0 1 0 0 0 -0.7965336852100187
25 0 1 0 1 0 0 0 -1.07599850306088
26 0 1 0 1 0 0 0 -1.9352654981607453
27 0 1 0 1 0 0 0 -3.1329528674278295
28 0 1 0 1 0 0 0 -2.107646735063964
29 0 1 0 1 0 0 0 -0.9888483259310306
30 0 1 0 1 0 0 0 -1.9632942317384154
31 0 1 0 1 0 0 0 -1.8404285059489693
32 0 1 0 0 0 1 0 -0.6310194603106327
33 0 1 0 1 0 0 0 -1.5186051751878356
34 0 1 0 0 0 1 0 -0.5009088688861186
35 0 1 0 0 0 1 0 -0.8261421294269076
36 0 1 0 0 0 1 0 -0.6112145544937153
37 0 1 0 0 0 1 0 -0.2872545983254296
38 0 1 0 0 0 1 0 -0.6876834080443549
39 0 1 0 1 0 0 0 -2.1605747499543293
40 0 1 0 1 0 0 0 -1.7983474063683829
41 0 1 0 1 0 0 0 -2.889896028402916
42 0 1 0 1 0 0 0 -1.7626347664254056
43 0 1 0 1 0 0 0 -1.3344999753987798
44 0 1 0 1 0 0 0 -2.315404625771952
45 0 1 0 1 0 0 0 -2.640990842090319
46 0 1 0 0 0 1 0 -1.211872436066916
47 0 1 0 0 0 1 0 -1.9563910891753304
48 0 1 0 1 0 0 0 -3.1283260910515565
49 0 0 1 1 0 0 0 1.0
50 0 1 0 1 0 0 0 -3.378819562316793
51 0 1 0 1 0 0 0 -3.0128984167655033
52 0 1 0 1 0 0 0 -3.543574748933647
53 0 1 0 1 0 0 0 -0.6740867738775266
54 1 0 0 1 0 0 0 3.6989700043360187
55 0 1 0 0 0 1 0 -4.274088367704952
56 0 1 0 1 0 0 0 -4.059981844992337
57 0 1 0 1 0 0 0 -3.0516716516369544
58 0 1 0 0 0 1 0 -3.2744542434484982
59 0 1 0 0 0 1 0 -4.0338582672609675
60 0 1 0 1 0 0 0 -3.4616047456183106
61 0 1 0 1 0 0 0 -3.4162821972094815
62 0 1 0 1 0 0 0 -3.4616047456183106
63 0 1 0 0 0 1 1 -2.9832281512785617
64 0 1 0 1 0 0 0 -2.410630105216664
65 0 1 0 1 0 0 0 -3.105578700128785
66 0 1 0 1 0 0 0 -2.420212060460085
67 0 1 0 1 0 0 0 -3.6100741221474917
68 0 1 0 0 0 1 1 -3.40648823690929
69 0 1 0 0 0 1 0 -3.454910704043071
70 0 1 0 1 0 0 0 -0.7079802912495725
71 0 1 0 0 0 1 0 -1.7937290535250852
72 0 1 0 1 0 0 0 -3.712753805804977
73 0 1 0 1 0 0 0 -2.6374788853146867
74 0 1 0 1 0 0 0 -3.555121783933263
75 0 1 0 0 0 1 0 -2.451111338134304
76 0 1 0 1 0 0 0 -1.755021250241618
77 0 1 0 0 0 1 0 -3.177544230440442
78 0 1 0 1 0 0 0 -3.2186544856624986
79 0 1 0 1 0 0 0 -2.382187113886413
80 0 1 0 1 0 0 0 -2.342902154618591
81 0 1 0 1 0 0 0 -3.4616047456183106
82 0 1 0 1 0 0 0 -3.119181836222407
83 0 1 0 1 0 0 0 -1.994394370274338
84 0 1 0 1 0 0 0 -4.530177984021837
85 0 1 0 1 0 0 0 -2.9899630747339545
86 0 1 0 1 0 0 0 -2.4189025946349605
87 0 1 0 1 0 0 0 -2.4189025946349605
88 0 1 0 0 0 1 0 -3.7539719134579275
89 0 1 0 1 0 0 0 -1.0520917398738157
90 0 1 0 0 0 1 0 -1.6070014662641792
91 0 1 0 0 0 1 0 -2.8808791062016255
92 0 1 0 0 0 1 0 -2.30364282481862
93 0 1 0 0 0 1 0 -1.797333152135074
94 0 1 0 1 0 0 0 -3.302396697140269
95 0 1 0 1 0 1 0 -3.0154554772345015
96 0 1 0 1 0 0 0 -2.189282326725573
97 0 1 0 0 0 1 0 -3.5754842391124795
98 0 1 0 0 0 1 0 -2.508413567896792
99 1 0 0 1 0 0 0 1.5440680443502757
100 0 1 0 0 0 1 0 -2.9222717253371355
101 0 1 0 0 0 1 0 -2.9222717253371355
102 0 1 0 0 1 0 0 -1.0620022420848803
103 0 1 0 0 0 1 0 -3.6723938436052093
104 0 1 0 1 0 0 0 -0.9490406376087525
105 0 1 0 1 0 0 0 -2.231816036734928
106 0 1 0 0 0 1 0 -3.933018468200503
107 0 1 0 1 0 0 0 -4.530177984021837
108 0 1 0 1 0 0 0 -3.6272021063325264
109 0 1 0 1 0 0 0 -1.8968242028017743
110 0 1 0 0 0 1 0 -4.274088367704952
111 0 1 0 0 0 1 0 -2.213756545187264
112 0 1 0 1 0 0 0 -2.13235264422998
113 0 1 0 0 0 1 0 -3.128326091051556
114 0 1 0 1 0 0 0 -4.530177984021837
115 0 1 0 1 0 0 0 -1.621241911235645
116 0 1 0 1 0 0 0 -0.90646527989345
117 0 1 0 1 0 0 0 -1.734133019101279
118 0 1 0 1 0 0 0 -1.8348031727927256
119 0 1 0 0 0 1 0 -3.2744542434484982
120 0 1 0 1 0 0 0 -1.7875675278817198
121 0 1 0 1 0 0 0 -1.1125321800688956
122 0 1 0 1 0 0 0 -2.92823247013955
123 0 1 0 1 0 0 0 -1.235917942544284
124 0 1 0 1 0 0 0 -1.2334130609826526
