26 4
25 3
38 19
46 14
35 28
27 18
67 1
17 12
2 11
67 5
19 13
37 20
64 5
39 17
22 6
40 10
39 20
28 14
37 18
42 13
65 6
52 6
46 15
74 44
53 1
38 20
0 3
61 6
58 3
49 5
29 18
49 2
57 6
35 42
38 14
35 46
58 14
43 14
58 5
16 12
19 14
41 19
15 24
60 3
43 11
56 24
42 18
29 11
2 19
35 27
43 18
48 45
43 13
47 19
37 19
21 15
61 1
12 24
74 47
68 6
40 18
13 24
63 20
70 14
10 13
49 1
65 3
48 47
30 5
20 19
21 20
48 44
36 15
5 21
6 19
31 3
39 10
68 3
51 4
52 5
57 2
26 2
40 19
5 20
45 20
37 15
48 4
22 3
4 14
44 12
29 15
37 14
19 20
70 6
11 24
28 18
16 15
63 10
5 14
48 3
1 13
74 46
1 11
17 20
33 2
1 14
69 4
45 11
62 20
48 29
4 13
8 6
5 12
35 29
66 3
52 3
35 43
21 11
50 2
49 4
9 6
36 19
59 6
39 12
39 11
47 21
55 19
28 10
44 19
16 14
45 17
43 15
35 37
58 4
47 17
38 10
48 1
0 5
51 5
70 1
58 2
42 20
19 11
2 14
65 2
48 42
7 4
46 18
44 21
3 19
1 12
45 21
47 14
29 19
21 12
35 47
37 21
55 21
41 11
55 20
21 14
58 6
20 13
31 4
4 11
47 15
35 2
62 18
68 5
35 36
30 1
43 10
19 12
46 13
5 15
32 1
64 1
38 18
67 4
35 44
37 10
50 3
4 19
3 13
40 13
26 5
43 17
36 13
55 14
41 21
28 19
74 37
65 5
27 12
17 13
59 5
33 4
16 18
20 15
30 4
45 13
71 1
18 14
39 15
17 21
42 17
35 5
70 5
47 12
38 12
65 4
48 27
27 13
22 5
16 20
48 38
3 15
53 3
27 14
28 13
59 1
74 40
44 17
41 18
50 5
29 20
40 14
35 40
66 5
68 4
35 16
54 4
37 13
32 3
0 2
20 17
55 18
58 1
48 41
31 6
34 6
40 15
43 20
74 16
59 2
60 2
47 18
46 17
64 3
6 11
48 6
55 10
69 15
45 12
48 36
62 15
23 24
60 6
57 4
48 16
30 12
20 14
39 18
2 13
57 3
63 19
29 17
62 17
64 4
30 3
42 19
57 1
7 1
17 15
74 28
28 12
6 12
70 3
47 11
58 15
15 11
67 3
74 29
16 17
71 6
42 10
27 10
29 13
61 3
46 10
8 1
21 19
16 19
35 38
67 2
32 2
28 11
19 17
16 11
61 2
54 6
74 45
43 21
61 4
42 21
26 6
62 12
53 4
63 21
48 5
25 6
16 21
3 12
18 11
39 19
62 14
71 4
46 21
30 15
37 17
45 19
40 17
38 15
33 3
33 6
35 39
55 17
60 1
46 11
8 5
25 2
31 2
55 15
1 19
2 15
5 13
9 3
8 2
20 12
74 43
31 5
27 15
66 2
35 45
63 12
51 2
6 14
54 3
36 11
17 11
65 1
9 2
74 36
70 4
34 3
69 3
43 12
45 14
73 15
71 2
69 12
68 2
52 4
9 4
54 2
17 19
40 11
63 17
3 11
27 19
46 19
29 21
47 13
26 1
41 10
18 13
41 13
29 12
0 1
4 15
45 10
29 14
30 14
34 5
44 13
48 46
44 14
10 14
42 15
53 6
62 21
60 4
55 12
25 1
10 12
74 3
10 15
18 15
39 13
28 17
20 21
46 12
73 11
35 3
64 2
72 56
5 11
74 39
42 12
35 1
0 4
74 42
74 1
19 15
10 11
57 5
63 15
67 6
36 14
36 12
6 13
4 12
53 2
48 39
45 15
37 11
20 11
27 17
30 6
74 4
19 21
69 6
50 4
32 5
40 21
41 14
7 6
33 5
38 21
34 1
69 1
42 14
74 27
66 6
42 11
22 1
34 4
6 15
62 19
7 2
70 2
48 28
9 5
63 18
31 1
71 5
41 20
35 41
52 1
59 4
5 17
47 20
48 37
48 2
74 41
9 1
7 3
69 14
54 1
53 5
1 15
26 3
41 17
33 1
0 6
30 2
66 4
51 6
34 2
21 13
16 13
25 4
39 21
63 14
44 10
46 20
28 21
51 3
61 5
72 23
52 2
68 1
22 2
64 6
21 17
38 11
3 14
27 11
38 13
45 18
48 40
66 1
8 3
41 15
59 3
74 2
43 19
44 18
39 14
71 3
28 15
7 5
28 20
18 12
38 17
49 6
35 6
60 5
44 11
69 2
37 12
27 20
40 20
32 4
74 38
17 14
54 5
29 10
22 4
51 1
14 24
40 12
35 4
50 1
27 21
41 12
62 10
48 43
49 3
44 15
44 20
2 12
8 4
25 5
32 6
69 5
50 6
70 15
