17 18
17 1
27 21
21 11
21 10
43 22
17 3
15 9
27 2
23 9
39 3
8 10
17 15
11 10
42 10
19 9
16 4
5 6
37 3
5 4
31 1
43 18
43 15
15 8
41 7
21 8
14 2
40 2
23 4
32 3
36 4
14 1
17 2
20 4
28 4
27 22
17 24
12 13
29 3
21 9
26 7
26 11
3 9
7 13
37 1
24 11
41 4
27 20
16 10
27 5
20 11
1 7
23 11
40 3
19 10
10 13
0 4
27 25
43 21
31 3
26 4
2 7
11 8
42 4
43 19
4 13
24 9
15 7
26 10
30 13
25 4
28 2
6 10
27 16
3 10
2 11
18 4
27 19
4 10
8 4
37 2
6 4
16 6
18 9
2 9
19 11
2 6
17 23
43 25
8 7
27 23
5 8
20 8
34 2
20 10
17 25
24 8
43 16
25 10
25 6
16 8
1 9
38 3
43 26
1 4
8 11
43 5
32 1
24 6
16 11
34 4
17 16
26 6
11 6
0 2
5 9
8 9
32 4
26 9
0 1
6 9
27 15
25 11
24 7
6 7
32 2
36 8
21 4
16 7
27 1
34 3
29 2
34 1
22 11
39 1
22 8
27 18
15 10
21 7
15 6
19 6
23 8
35 2
38 2
27 3
17 21
22 10
2 10
15 11
17 5
24 10
6 11
43 20
16 9
18 7
14 3
22 7
25 8
42 7
9 13
22 9
25 9
19 7
28 3
24 4
40 4
5 10
43 23
11 9
28 1
26 8
35 3
22 6
2 4
29 1
41 30
43 1
29 4
2 8
20 7
43 24
3 7
17 22
23 7
8 6
36 11
41 12
0 3
18 10
31 2
23 10
17 20
38 1
3 4
33 1
25 7
23 6
35 1
6 8
27 26
11 7
19 4
33 3
20 9
22 4
1 10
36 6
5 7
39 2
17 19
19 8
17 26
5 11
20 6
40 1
15 4
21 6
33 2
27 24
11 4
4 7
