63 24
117 88
65 32
113 109
73 4
109 76
8 31
33 4
108 49
101 17
47 16
20 24
62 17
55 47
53 62
114 38
105 57
14 8
14 24
64 4
65 23
20 31
100 46
68 49
6 25
52 40
46 44
56 42
101 5
18 8
95 16
40 20
113 93
55 42
120 51
62 25
35 8
111 60
20 11
12 1
116 74
71 5
88 2
118 96
6 19
120 79
26 4
47 13
45 5
46 47
62 1
52 22
104 100
6 7
55 6
19 22
46 5
109 83
100 47
7 25
5 20
95 20
108 54
101 1
48 25
101 62
117 86
79 26
43 26
71 48
49 47
82 6
104 54
44 14
111 83
101 3
3 15
2 12
55 49
101 32
116 80
64 19
32 23
101 40
22 20
28 3
81 20
61 14
114 70
104 79
75 56
20 16
5 32
114 86
2 26
64 10
20 10
113 95
96 5
79 22
101 20
72 49
62 27
26 18
33 1
56 12
48 5
7 20
49 54
25 31
115 67
48 54
50 42
6 8
120 46
47 27
109 89
2 15
95 26
62 15
55 26
52 20
114 65
7 13
113 86
14 10
4 11
98 2
120 54
7 22
83 44
110 52
51 32
12 24
114 95
56 46
64 40
50 51
10 31
117 101
61 20
75 49
55 5
49 62
104 46
71 47
21 1
34 24
79 13
100 42
56 13
2 6
41 46
27 3
41 48
105 108
116 0
13 18
3 10
52 17
6 20
7 1
42 7
47 9
38 24
32 17
118 34
84 1
43 9
89 52
104 52
78 24
7 27
56 22
99 40
54 16
41 6
51 2
35 31
18 10
61 13
4 17
25 4
103 104
116 90
16 31
42 40
80 23
110 55
38 4
21 24
121 95
108 99
98 18
113 28
40 25
45 9
43 16
95 8
13 6
115 56
104 42
117 66
26 10
15 21
118 63
95 23
2 17
49 9
56 14
39 6
62 26
32 14
64 21
72 43
46 14
102 6
101 10
114 58
61 12
81 17
2 22
19 21
98 43
71 46
77 48
53 2
44 10
79 40
87 5
115 50
40 18
54 14
109 110
110 10
41 51
37 2
17 24
25 3
120 67
51 5
56 2
44 43
22 8
105 41
77 46
117 39
83 51
95 7
70 2
50 40
22 1
6 40
46 27
43 40
67 5
53 49
6 1
120 52
55 7
71 42
14 21
9 16
116 102
95 25
84 5
18 11
41 56
108 14
22 10
25 6
43 12
121 64
103 96
27 17
117 68
22 4
119 39
48 26
61 18
12 16
47 44
121 104
7 12
73 2
119 65
22 13
120 56
39 4
96 6
99 49
29 24
56 18
5 62
75 51
1 15
19 3
110 67
98 47
96 51
2 40
47 12
56 44
61 47
49 27
120 82
28 6
43 20
83 52
55 19
33 16
100 56
77 2
6 4
44 7
61 9
117 85
47 26
47 10
54 23
9 20
33 9
52 1
52 19
76 3
26 17
78 3
95 9
42 13
6 21
114 67
50 44
26 23
95 24
72 5
90 51
45 13
72 48
114 115
48 6
80 17
32 15
19 1
47 21
41 50
44 17
43 10
56 20
2 4
49 2
93 2
10 3
47 32
43 18
101 26
43 5
53 32
12 21
43 32
101 9
101 24
86 6
57 6
32 4
24 31
87 2
22 23
78 4
49 18
110 46
22 27
41 45
42 26
15 4
27 11
112 83
85 24
114 92
6 17
44 23
23 24
33 27
75 44
33 20
5 18
51 27
6 10
41 53
86 3
120 100
40 27
54 25
56 51
61 2
99 44
46 9
116 60
44 4
88 14
115 69
39 5
12 18
117 67
112 107
54 5
49 40
6 18
46 7
89 46
44 16
7 3
73 5
101 15
64 3
120 45
108 45
110 50
118 39
46 12
33 26
33 25
108 69
10 21
64 26
43 21
7 23
79 53
44 25
7 6
54 17
26 21
20 23
5 16
101 12
71 56
4 8
5 7
63 17
54 47
12 25
2 19
75 47
117 91
56 7
101 13
108 67
101 23
64 12
14 23
83 54
44 13
50 55
102 18
5 43
59 1
43 24
108 53
62 9
114 69
12 4
79 52
33 17
121 96
49 44
75 46
102 24
28 5
43 2
94 31
90 42
27 13
45 6
26 12
102 4
77 51
66 2
90 52
61 52
98 26
60 31
67 2
115 54
52 24
49 48
19 20
17 1
13 12
6 43
20 18
75 48
27 18
74 1
108 98
15 8
26 11
116 89
44 9
96 50
44 15
103 95
5 44
9 27
109 90
56 62
54 26
1 31
12 23
25 15
30 1
103 38
83 49
114 97
115 53
100 32
80 10
113 57
8 3
108 55
54 4
20 21
98 19
45 22
52 25
9 18
14 18
99 46
101 21
100 52
108 68
105 83
58 5
114 106
35 10
23 10
100 62
72 56
76 24
96 45
10 24
42 18
102 16
114 82
51 62
100 22
19 17
61 5
54 44
75 2
88 32
41 52
100 27
41 5
32 13
113 65
8 24
47 15
33 10
0 4
99 26
75 52
18 31
100 40
66 5
115 46
28 4
53 54
85 6
21 3
42 19
99 5
9 10
42 2
96 42
48 52
110 56
53 55
25 10
61 19
17 11
99 43
116 29
42 48
65 7
56 40
45 49
44 2
4 21
68 53
110 49
120 66
6 14
117 57
7 21
32 22
4 24
72 6
0 1
53 22
56 45
115 66
18 24
109 65
55 27
64 16
110 66
52 6
50 56
47 20
109 75
110 104
75 53
101 25
108 100
22 25
9 14
49 46
114 76
13 23
2 20
42 32
36 2
120 104
32 16
43 19
96 55
50 5
56 47
15 1
112 57
55 48
55 20
0 6
25 21
48 62
51 19
96 47
19 24
101 27
32 19
9 4
63 10
18 6
64 62
90 53
6 24
98 32
16 21
47 14
32 26
110 108
114 75
53 46
89 45
100 13
34 11
71 50
42 51
104 68
100 51
95 40
7 10
103 37
72 54
17 31
121 34
7 16
20 4
16 4
17 4
12 8
53 9
116 96
2 7
54 22
79 42
26 8
51 6
27 23
99 19
48 18
52 21
91 6
114 73
47 40
30 21
83 55
64 17
16 11
58 6
73 1
45 32
19 18
53 7
77 55
47 18
9 13
7 4
115 51
64 27
59 11
33 14
98 13
19 6
96 54
78 5
109 104
114 89
14 3
111 65
116 61
13 10
88 10
72 45
19 23
49 7
62 14
120 98
9 12
25 24
64 23
62 16
78 1
54 1
41 54
115 14
84 3
4 10
116 81
39 3
77 32
5 9
2 23
94 11
108 104
81 21
113 87
119 95
42 6
11 24
40 9
113 37
117 30
13 3
91 2
47 7
16 15
55 46
0 5
90 46
20 3
72 46
52 26
42 9
62 8
104 98
32 3
84 4
81 23
50 47
53 56
99 62
47 52
22 12
43 25
108 46
47 25
102 21
113 107
108 42
15 11
42 47
61 43
40 3
104 82
92 2
79 6
9 8
43 15
40 8
104 48
98 44
6 15
1 11
77 44
100 44
51 18
48 40
40 7
114 88
90 45
57 2
45 51
121 10
53 47
79 45
25 1
48 12
114 107
32 1
79 47
14 11
52 3
68 42
48 14
109 30
115 100
46 32
7 9
91 5
33 18
95 21
45 27
48 43
62 24
48 19
44 32
117 102
1 24
90 54
71 53
62 10
111 108
35 15
87 4
62 19
20 1
76 31
54 7
100 6
43 14
56 26
117 65
45 40
115 68
65 68
17 15
1 10
95 43
79 5
69 6
71 52
108 66
32 11
27 21
15 24
47 23
86 2
52 32
102 17
117 115
100 48
18 21
111 104
42 43
45 19
48 32
9 24
19 15
40 26
10 1
49 22
47 22
83 6
46 19
30 11
121 117
27 4
109 88
3 11
7 18
108 48
69 5
97 1
23 8
9 17
49 14
117 83
90 48
64 24
26 9
110 98
14 17
46 51
121 94
40 4
112 104
25 11
48 9
53 27
77 47
116 76
41 43
54 3
116 72
33 11
56 27
79 27
95 17
17 23
114 37
2 32
5 25
51 40
98 25
53 52
99 7
50 43
54 62
87 6
70 3
54 6
88 7
46 52
50 48
59 24
44 40
61 7
26 16
76 11
72 42
110 42
88 1
27 15
7 19
32 12
45 26
5 15
64 2
120 99
88 23
2 25
7 26
5 22
95 18
51 54
43 1
74 3
44 12
33 23
77 40
37 6
2 27
62 4
99 48
117 70
76 4
4 23
46 26
35 24
54 13
71 49
109 111
114 83
56 25
35 3
120 14
102 1
100 20
36 6
44 22
96 44
97 6
68 46
104 56
47 1
48 20
9 3
28 1
113 85
26 24
108 79
121 59
27 31
100 2
10 8
51 44
43 27
10 4
44 21
15 3
62 18
110 48
100 9
49 42
16 1
39 1
113 114
40 21
51 13
2 18
55 45
8 11
114 41
27 8
68 56
61 40
9 19
114 30
103 65
19 10
120 10
26 22
100 54
64 15
42 14
51 14
62 23
49 25
97 3
2 9
33 21
19 11
95 12
43 4
38 1
75 6
75 50
83 50
54 32
104 69
5 26
9 23
5 17
20 25
53 26
52 27
13 8
85 2
5 19
2 3
23 1
19 8
121 35
104 55
26 20
64 43
87 1
90 56
112 65
5 23
22 14
45 62
13 11
32 10
50 49
117 104
13 17
55 52
51 9
40 23
52 15
118 17
101 7
113 63
110 100
117 84
45 48
117 75
18 25
6 16
114 68
79 32
44 18
99 22
23 15
12 3
79 49
69 2
88 21
38 3
14 6
52 43
115 52
22 15
42 5
6 62
53 13
40 16
44 26
23 4
72 50
92 5
100 43
27 1
55 9
102 8
86 4
108 50
120 108
111 107
51 47
97 2
114 85
56 54
95 6
77 62
98 14
43 17
35 11
101 19
104 53
40 19
105 75
9 21
40 5
70 4
52 18
45 44
46 48
44 19
77 52
64 14
49 13
39 24
54 10
120 47
9 1
71 54
114 57
42 25
82 5
116 77
79 9
115 45
5 6
104 14
46 54
17 16
97 5
53 6
75 5
32 9
55 22
55 32
53 5
7 24
64 18
74 4
46 22
7 14
105 60
7 15
2 10
50 54
83 45
50 46
19 4
27 14
89 47
45 46
32 27
77 53
62 6
42 12
45 54
80 24
57 5
6 13
40 1
109 101
18 4
103 39
25 16
110 47
96 53
18 1
115 47
75 45
113 92
12 17
1 16
117 58
115 79
78 2
97 24
95 22
53 45
102 14
116 88
33 12
41 49
88 6
115 48
89 48
102 12
27 10
114 101
88 4
114 102
25 17
114 36
117 92
42 62
45 7
2 14
113 104
6 26
7 8
120 53
90 47
49 51
113 106
75 54
71 2
77 6
99 55
108 82
119 109
6 23
93 6
88 20
17 8
62 13
5 40
19 27
41 47
2 1
41 55
55 54
53 19
100 26
23 16
70 1
59 3
71 6
113 91
52 44
19 16
114 104
71 51
76 1
104 66
54 40
110 68
26 25
42 54
5 12
12 6
43 23
16 24
56 43
40 14
52 10
13 24
70 24
14 15
51 52
18 23
33 15
56 52
62 12
117 76
112 106
87 24
12 31
99 42
90 55
61 32
120 50
35 1
52 7
115 99
104 99
117 82
73 6
30 4
39 2
18 3
49 12
40 32
27 12
20 6
99 45
46 13
33 8
42 44
50 6
117 73
49 19
71 55
13 14
20 15
96 52
72 44
47 43
46 25
32 6
51 26
46 40
98 7
56 32
61 54
48 22
99 53
95 13
114 39
9 11
118 104
104 108
5 10
117 69
54 20
117 41
45 25
114 90
22 11
79 48
117 97
30 3
110 82
104 51
89 54
117 36
81 14
66 6
53 40
14 1
0 2
9 22
35 21
116 101
25 8
61 6
43 22
109 112
104 10
99 6
53 43
96 49
20 8
45 12
43 3
89 42
95 4
9 6
46 6
99 27
42 27
11 31
64 32
20 12
85 1
49 20
28 2
26 1
101 8
13 20
77 54
2 5
119 104
14 4
120 68
105 107
99 51
79 55
95 5
120 48
3 24
64 13
108 51
62 21
42 22
6 12
22 31
105 104
40 17
27 24
51 22
13 1
44 6
5 21
112 41
95 1
5 27
26 27
79 46
2 44
98 22
47 19
48 2
45 42
101 16
17 10
48 7
100 7
61 25
56 49
43 62
102 15
55 43
95 14
45 52
111 57
104 67
86 5
49 43
38 6
101 2
75 42
33 13
35 16
79 51
53 48
73 24
72 55
115 98
4 15
116 30
62 20
1 3
95 19
115 82
26 19
45 47
0 3
71 44
78 6
110 14
98 51
99 47
46 2
65 67
9 25
48 47
2 43
52 9
88 5
79 19
103 63
3 21
23 11
7 11
54 18
104 45
22 16
64 9
115 42
114 60
113 68
110 54
116 71
111 106
117 90
52 12
45 43
22 6
46 62
98 5
65 69
118 95
112 108
90 49
49 6
99 56
95 2
87 3
48 27
109 41
102 23
12 10
32 24
115 49
6 22
8 1
35 4
54 52
109 102
26 13
64 20
33 3
12 15
37 5
5 13
49 26
10 11
40 15
40 24
110 51
12 14
33 24
115 104
117 95
88 17
83 5
115 108
48 44
110 79
32 25
89 53
72 53
32 18
56 6
112 60
41 42
44 3
71 43
62 3
19 25
36 5
7 17
83 46
13 15
5 3
53 44
13 16
110 69
51 20
54 9
83 2
54 27
40 12
13 31
98 54
38 5
21 4
40 13
61 27
12 11
68 2
2 16
113 78
34 31
77 7
45 14
19 13
93 5
79 43
88 24
99 9
117 93
6 9
46 20
95 10
14 16
50 2
61 44
64 1
47 6
81 24
9 15
110 53
79 44
65 66
79 54
56 19
92 6
19 12
59 31
70 5
26 14
27 25
68 54
102 3
114 66
83 48
83 56
26 15
111 75
59 4
120 49
99 32
84 6
70 6
83 53
77 56
21 8
108 56
51 43
101 22
96 46
118 59
72 52
89 49
3 31
63 21
89 51
113 84
100 45
88 3
49 32
15 31
19 14
53 42
109 105
45 18
52 16
73 3
112 75
21 31
42 20
72 51
25 23
101 43
79 62
42 52
98 20
51 7
100 49
108 52
49 5
99 2
4 16
79 7
84 24
98 12
102 25
98 52
114 84
54 2
40 6
95 62
119 94
48 13
68 47
98 9
105 106
22 21
83 42
113 36
5 14
43 8
30 24
120 42
49 52
111 41
120 69
38 2
54 19
100 19
89 56
23 21
61 26
64 7
18 17
47 62
44 24
96 56
44 62
68 45
13 4
51 12
5 4
61 22
4 1
119 117
115 55
77 5
43 6
5 1
71 45
32 20
20 14
18 16
95 27
22 17
84 2
100 5
121 33
77 49
22 24
114 63
54 43
72 2
44 1
62 32
26 6
98 40
101 4
41 2
114 93
101 6
27 6
77 42
13 21
56 9
22 3
61 62
82 2
44 20
55 44
108 47
99 52
51 25
43 7
62 7
32 7
64 22
74 24
1 21
48 51
102 31
95 32
8 4
96 2
55 13
108 10
2 62
55 40
14 31
77 45
86 1
98 62
75 55
99 54
6 32
17 21
67 6
16 8
52 14
47 4
50 53
45 20
55 2
81 10
96 48
117 38
4 31
110 45
14 25
98 27
56 48
10 15
2 13
119 120
27 20
50 52
16 10
64 5
4 3
63 23
79 56
55 51
23 31
21 11
20 17
18 15
77 43
98 6
16 3
109 95
117 37
27 16
85 3
83 47
72 47
33 6
85 4
53 51
52 23
64 25
47 17
47 3
24 11
46 43
33 22
100 12
101 18
56 5
104 50
110 99
40 10
85 5
32 21
52 4
95 3
68 5
54 12
104 49
52 62
32 8
58 2
64 6
114 91
55 62
55 56
52 13
13 25
121 39
45 2
79 2
97 4
61 51
44 27
46 18
33 19
30 31
115 10
22 18
43 13
80 21
89 55
102 10
95 15
94 24
62 11
101 14
6 3
120 55
64 8
104 47
17 3
102 11
121 120
117 89
23 3
41 44
26 3
44 5
50 45
42 46
105 65
