19 6
25 17
28 15
40 6
26 2
23 20
27 18
32 5
39 16
25 6
8 6
35 22
37 33
1 3
19 1
40 12
20 6
30 31
32 29
27 17
11 1
16 6
15 5
32 3
26 19
22 2
9 7
39 19
39 11
39 12
40 18
25 18
14 29
23 10
9 20
40 11
25 15
31 5
14 1
39 14
23 21
39 7
32 31
0 1
39 18
20 2
40 16
37 16
35 32
27 13
26 17
21 5
25 3
4 5
27 22
28 17
25 4
18 5
14 2
35 37
9 18
27 0
28 6
33 5
37 24
16 1
7 5
13 2
29 16
26 7
37 6
23 22
6 7
40 1
12 7
19 7
37 7
23 7
8 2
26 15
38 5
16 2
27 15
28 10
21 2
23 15
34 33
9 19
25 20
28 14
12 1
32 2
26 1
25 13
9 11
27 11
37 32
4 6
27 6
13 1
8 1
40 2
23 13
39 13
39 20
40 10
40 17
7 1
9 0
9 3
24 2
27 19
9 22
26 13
3 5
40 15
25 22
23 18
26 10
14 6
28 22
23 16
29 4
25 7
28 7
23 4
39 1
27 14
29 5
21 7
19 5
16 7
26 14
23 2
25 12
37 5
39 3
21 1
25 1
29 3
9 2
18 3
26 4
28 12
25 0
39 10
13 5
27 7
25 21
9 13
31 2
23 1
20 1
23 19
25 14
29 6
11 7
37 36
1 2
29 1
37 30
23 11
28 2
28 20
40 0
39 6
40 7
6 5
23 0
37 14
23 6
11 5
22 5
37 12
39 22
18 1
10 1
30 2
39 0
27 12
23 14
40 14
23 17
28 3
17 31
26 11
26 12
17 5
40 4
9 15
28 13
1 5
35 12
26 0
24 1
28 21
27 2
15 1
39 4
9 10
40 19
20 7
12 5
25 19
29 7
12 2
21 6
26 6
37 21
28 0
30 5
26 18
39 15
8 5
9 17
27 4
26 16
4 7
27 1
29 2
20 5
9 4
27 20
28 1
28 19
39 21
6 1
40 20
27 16
39 2
40 3
9 6
14 7
27 10
26 22
25 10
28 16
37 34
9 12
30 3
9 1
37 1
12 6
0 3
10 2
35 36
25 11
40 22
40 13
0 2
35 24
23 12
28 18
19 2
4 2
28 11
23 3
37 41
16 3
25 16
37 29
39 17
27 3
14 5
2 1
17 1
11 6
9 16
13 3
29 38
4 1
27 21
25 2
26 21
26 3
35 30
8 7
9 14
40 21
9 21
26 20
28 4
10 5
