28 17
6 0
35 21
50 15
25 15
34 16
46 5
47 18
23 15
32 22
34 10
28 22
34 18
30 19
21 16
25 20
33 16
46 47
31 21
23 20
46 27
29 19
50 16
21 7
39 46
29 21
39 42
50 18
24 21
0 5
33 1
49 15
31 17
46 18
31 18
51 17
48 19
32 16
29 22
14 18
49 17
49 10
31 22
37 19
34 1
46 11
29 16
24 6
29 6
34 15
50 19
34 17
23 21
48 18
34 6
46 45
47 2
22 5
48 22
29 15
23 22
25 1
46 15
47 7
33 17
14 6
6 5
46 26
1 7
2 8
32 17
46 21
48 15
50 22
34 19
25 21
25 16
37 15
3 9
37 21
49 1
32 21
37 20
26 3
24 18
20 7
32 1
26 6
36 9
51 6
37 1
33 15
1 6
48 6
49 19
33 21
49 21
5 10
31 16
26 18
35 16
48 1
25 10
51 1
39 41
14 15
21 3
35 10
49 6
24 1
30 10
35 6
51 16
14 19
28 21
25 19
39 44
14 22
39 45
23 16
31 10
51 20
50 1
24 17
33 18
51 18
34 22
46 36
31 19
31 20
35 15
11 12
30 18
34 20
48 21
23 18
31 1
1 5
28 10
51 22
28 20
46 52
35 22
29 17
0 4
37 17
24 22
23 1
23 6
24 20
24 15
32 19
26 27
39 26
26 0
6 3
34 21
30 15
25 18
35 1
50 17
29 1
1 2
30 22
30 16
29 20
46 38
25 6
31 6
25 22
49 20
25 17
48 16
30 21
30 1
29 10
5 9
0 3
14 17
30 6
50 6
6 1
50 21
13 7
24 19
32 15
30 20
33 20
51 15
51 21
2 10
14 16
14 10
32 10
37 18
28 1
32 20
29 18
37 22
35 19
2 9
0 1
48 10
6 2
33 19
33 10
14 21
39 43
23 17
51 10
46 42
47 1
14 1
50 20
0 6
39 40
33 6
24 16
48 20
39 36
35 20
24 10
51 19
45 10
50 10
37 10
32 18
31 15
22 3
39 27
32 6
35 18
23 19
37 16
46 3
28 19
23 10
35 17
0 2
33 22
22 4
48 17
1 3
49 16
49 18
28 6
45 9
28 18
38 2
14 20
30 17
36 10
37 6
26 5
49 22
4 10
3 10
28 16
28 15
