7 9
35 16
39 0
15 11
10 38
5 7
30 13
5 8
30 12
13 9
20 1
10 9
19 25
36 11
15 0
34 16
2 1
15 12
41 10
8 1
14 1
36 13
15 13
34 14
32 28
39 12
0 1
2 3
27 22
9 10
33 14
35 21
15 19
29 17
40 23
31 4
35 23
37 24
32 6
2 5
34 4
35 12
31 22
30 6
14 10
16 26
12 4
16 1
40 4
39 20
33 0
31 2
5 6
11 3
39 4
27 18
27 10
19 3
31 12
33 13
32 14
40 11
39 23
40 5
20 4
10 24
18 1
41 22
35 4
32 4
36 23
32 10
36 16
12 5
31 28
29 0
14 5
29 2
27 16
41 13
39 17
41 18
36 14
37 9
34 22
34 2
37 1
30 0
32 13
30 18
2 4
34 17
3 9
33 2
32 21
40 13
19 6
33 17
12 1
15 10
37 3
30 5
14 8
35 14
39 5
11 6
10 7
33 10
19 1
29 28
39 16
33 18
39 28
41 23
35 24
15 24
39 21
31 13
32 23
31 14
14 9
30 21
32 2
40 12
31 24
31 20
15 16
29 13
16 25
39 22
10 6
35 6
31 6
41 24
36 21
29 14
32 12
29 16
35 28
19 5
39 18
15 4
41 20
11 8
27 5
39 13
10 25
34 5
19 10
41 16
39 11
16 10
30 14
3 10
32 19
12 9
5 1
36 6
15 6
13 3
2 6
13 8
32 5
27 17
35 13
15 17
40 24
39 2
7 1
40 14
29 4
16 5
35 20
40 6
31 18
15 5
34 28
36 12
15 2
14 3
19 4
4 8
29 23
32 20
40 16
31 11
34 6
15 18
41 4
33 23
33 19
13 1
35 22
36 28
29 19
32 11
29 22
32 16
11 4
29 11
17 1
11 10
32 0
5 4
9 7
27 19
41 12
16 6
17 8
30 4
40 18
3 1
35 19
12 7
40 17
36 22
6 1
29 5
30 11
34 19
39 19
14 4
18 10
6 8
35 10
41 21
13 10
4 1
31 23
10 5
27 23
27 0
40 19
16 3
27 14
12 3
36 17
33 5
16 24
33 22
22 1
36 5
30 17
32 17
2 7
33 11
33 20
13 7
31 0
35 2
34 13
27 13
30 24
41 0
40 0
27 12
35 18
34 12
39 14
13 4
27 21
34 0
36 4
36 20
29 20
13 6
33 12
30 2
29 18
34 21
33 21
16 4
31 17
41 19
40 22
31 16
10 8
39 6
32 22
16 8
40 2
30 28
30 23
34 18
2 10
17 24
23 1
33 24
32 18
41 6
27 11
15 14
41 14
11 9
24 10
10 4
13 5
2 8
34 23
12 6
31 19
39 10
40 21
41 17
30 22
34 24
31 5
37 10
30 10
41 5
33 6
11 7
29 6
36 2
11 1
27 20
11 5
34 20
10 3
15 22
20 6
36 10
35 11
19 8
15 20
30 20
27 2
19 7
36 19
30 19
15 21
18 9
35 0
35 5
24 1
19 9
36 0
14 7
35 17
39 24
33 28
14 6
16 7
31 21
29 24
32 24
29 12
2 9
34 10
30 16
12 8
36 18
40 10
27 6
41 11
31 10
37 38
40 20
34 11
12 10
29 21
41 2
33 4
29 10
27 4
16 9
27 28
10 1
36 24
41 28
15 23
27 24
40 28
33 16
17 7
