110 111
72 63
63 37
8 16
115 25
109 46
51 53
32 17
24 21
83 0
18 7
48 35
34 30
81 64
51 41
110 23
76 41
59 41
65 56
68 59
62 16
75 12
70 54
64 12
106 96
76 64
14 19
63 16
106 59
121 57
32 13
116 59
97 60
52 64
115 44
41 42
106 57
106 94
52 37
102 54
17 36
24 13
116 53
48 15
65 59
120 106
15 11
74 57
111 95
67 13
111 45
37 4
95 31
33 4
119 28
99 8
113 26
32 21
88 42
113 68
58 31
6 14
79 12
32 14
118 106
100 30
3 0
106 53
22 18
54 64
88 15
116 94
95 9
22 8
41 17
88 35
57 58
22 7
72 62
72 42
103 9
15 18
6 16
117 84
41 8
68 55
34 4
13 14
57 12
57 42
64 15
111 43
109 41
63 12
12 15
62 22
9 4
58 15
119 87
17 21
7 19
66 18
23 21
118 67
42 32
91 15
20 13
89 12
100 4
114 82
116 77
111 103
87 18
103 41
70 42
115 80
20 11
121 79
52 36
42 21
59 36
66 15
118 84
8 10
88 33
33 10
95 62
9 11
70 52
74 52
31 36
45 21
85 52
97 64
22 20
58 54
100 18
122 8
88 16
10 3
42 24
106 45
12 17
55 64
24 17
88 8
56 64
109 53
44 49
104 8
39 13
82 10
40 22
115 38
95 37
99 34
115 84
70 60
30 16
90 52
25 1
66 3
109 79
69 14
52 42
110 100
50 15
4 11
63 34
77 56
68 53
106 58
62 35
37 22
83 15
65 42
121 77
107 27
77 63
64 37
75 52
113 27
48 16
53 57
118 9
11 24
76 56
115 73
65 64
76 61
17 14
57 59
97 59
99 14
83 19
53 52
9 30
42 14
106 48
54 31
41 22
36 3
90 53
60 15
37 9
62 60
73 1
106 56
24 19
94 34
113 109
109 8
58 34
59 31
62 9
44 22
60 36
102 59
53 62
16 8
104 20
99 22
118 83
54 12
3 19
96 52
101 64
39 16
47 53
42 7
36 7
34 18
64 17
116 64
116 54
13 32
54 60
106 104
31 22
99 15
83 10
40 37
6 3
29 8
91 14
22 15
6 7
62 64
7 10
55 9
116 47
99 31
70 63
50 10
88 13
109 96
60 12
39 15
60 33
116 76
116 60
90 62
35 3
99 36
20 18
45 42
102 15
31 20
111 54
63 31
16 36
24 4
94 60
109 76
31 19
107 68
42 18
81 59
7 21
16 19
54 41
106 77
32 24
8 32
59 22
53 59
100 32
19 1
53 42
110 99
64 42
111 102
50 16
18 4
119 90
99 20
116 62
53 12
111 48
94 64
55 41
94 41
114 86
43 12
29 34
68 54
35 17
45 37
65 62
12 16
61 58
22 11
114 88
37 36
68 58
55 60
14 24
35 4
110 83
94 35
6 20
92 59
7 3
87 13
115 85
69 11
92 54
65 54
52 17
45 13
115 82
40 41
106 55
117 66
12 18
15 3
106 61
109 92
92 58
24 10
89 18
73 0
118 38
75 62
56 41
110 68
72 54
11 0
88 14
22 10
109 64
30 0
33 14
85 61
40 33
112 108
58 60
36 32
92 64
81 63
41 10
45 12
115 99
56 55
60 22
13 21
76 52
16 3
57 63
109 75
61 62
99 10
42 36
29 22
64 34
54 42
55 59
102 52
116 52
66 16
116 46
63 13
122 90
115 39
62 34
99 32
87 7
99 21
34 10
120 110
12 21
87 36
7 14
115 79
97 33
52 41
23 0
0 1
8 7
77 62
12 37
115 81
30 24
75 54
99 24
106 76
45 16
8 0
118 86
71 52
9 21
34 31
70 58
110 84
117 90
64 8
122 106
68 62
66 13
110 106
33 19
36 17
84 54
74 63
101 52
116 101
23 13
94 33
58 59
82 21
62 42
94 12
122 87
106 8
55 34
117 98
6 19
13 24
105 28
38 15
47 54
103 12
7 4
116 45
15 4
6 22
56 33
32 4
106 103
11 4
95 33
42 30
24 1
6 4
36 22
110 88
68 60
31 17
106 95
54 34
88 31
118 46
48 64
117 65
45 35
39 12
30 13
111 104
111 109
94 37
76 33
55 35
110 112
55 63
29 24
104 12
24 18
16 7
99 11
50 12
114 44
7 0
92 55
61 60
13 18
62 33
116 95
115 83
96 42
100 13
68 64
16 24
33 20
88 9
48 17
12 42
54 35
88 3
85 9
109 47
8 4
84 60
52 22
48 31
116 57
100 12
17 8
61 34
15 32
117 2
31 32
40 36
42 15
87 10
99 16
64 9
33 7
118 49
75 61
36 21
40 34
74 61
114 47
118 99
97 41
64 31
61 15
88 20
94 59
103 64
96 59
21 10
111 56
12 11
48 12
114 115
65 61
100 21
9 19
47 57
121 63
121 58
102 62
54 59
11 19
42 31
52 9
112 68
42 16
87 32
29 32
69 3
17 0
68 52
58 35
121 94
29 35
121 97
61 41
89 21
97 54
94 9
121 61
109 59
29 36
77 64
35 0
54 37
35 16
106 75
88 22
76 60
106 62
110 89
51 59
55 15
109 106
114 38
92 62
37 19
52 34
91 3
118 80
95 64
109 103
14 10
116 8
114 89
75 33
51 60
23 4
14 11
76 62
52 13
31 30
40 35
89 35
30 7
69 16
16 0
34 15
13 20
112 74
84 52
45 9
100 7
56 60
83 7
59 35
15 30
112 109
41 37
20 24
8 17
37 8
37 13
53 63
92 56
90 60
91 13
111 60
10 19
31 24
100 9
91 11
106 101
77 34
75 41
72 57
20 21
31 4
29 16
102 12
17 10
84 59
91 21
72 56
23 10
20 10
68 57
63 64
72 60
88 17
117 78
44 9
109 94
57 54
62 8
61 42
36 8
48 13
90 54
40 15
121 56
40 17
121 47
54 63
114 26
92 52
111 63
13 19
35 7
6 9
45 17
97 63
48 9
100 35
92 63
36 16
104 3
74 12
121 59
103 17
33 16
90 61
84 55
13 30
117 70
121 53
3 11
20 14
69 4
34 22
122 29
41 34
69 7
57 33
3 7
106 109
89 32
15 37
97 34
37 20
48 34
33 15
116 40
96 63
111 61
6 15
29 11
35 36
10 7
91 12
58 52
53 64
99 13
35 10
50 18
63 15
52 60
55 37
111 49
72 12
75 34
102 55
33 35
115 6
118 6
32 3
30 19
37 15
33 31
56 31
24 15
68 56
13 3
53 34
87 21
77 61
61 33
97 12
51 55
58 13
83 16
54 52
29 30
77 59
20 7
21 11
31 13
77 60
112 26
99 12
36 18
118 47
22 24
16 21
72 64
47 63
99 35
12 20
17 20
42 37
116 49
23 15
57 56
118 116
89 36
64 60
84 62
97 52
9 36
75 57
69 13
102 41
41 31
52 16
111 41
100 16
95 16
77 33
58 37
109 67
63 9
119 88
9 32
100 3
56 62
45 15
92 61
110 113
77 58
33 30
89 22
20 15
101 55
115 47
22 4
32 10
122 89
30 3
60 20
16 30
100 37
21 20
106 102
63 17
107 106
109 56
13 36
85 53
53 56
41 12
33 22
31 8
40 42
71 55
117 71
60 17
26 19
60 42
13 22
81 52
36 13
35 22
71 59
60 30
9 7
10 0
117 83
7 18
121 54
33 37
76 59
107 44
94 42
8 3
11 7
57 41
5 4
97 62
40 13
89 3
84 63
89 10
14 0
87 17
111 67
97 15
8 30
12 3
91 10
85 64
31 7
13 16
88 36
35 9
41 35
14 3
36 0
47 52
48 52
75 59
99 3
121 62
121 75
82 16
87 30
42 10
6 8
117 6
72 58
34 3
111 52
99 30
62 13
114 9
8 18
88 10
122 88
65 55
46 12
59 37
90 41
69 15
111 92
9 18
45 41
111 76
121 41
75 63
58 62
75 58
88 32
59 60
118 88
22 19
34 32
16 32
13 10
85 62
15 7
28 1
16 20
116 103
81 53
15 9
69 10
101 56
12 35
106 64
111 55
29 15
10 32
67 12
115 116
12 14
17 19
48 22
110 6
118 100
56 54
115 68
47 55
111 47
72 41
34 36
37 16
77 55
56 34
106 52
103 59
55 31
62 17
101 59
41 9
111 97
85 41
31 12
71 41
56 42
34 13
34 17
60 31
89 42
52 62
9 10
81 12
112 106
118 39
84 57
106 40
104 13
111 96
35 21
117 5
104 9
40 31
74 41
15 31
82 17
85 58
59 15
61 64
88 18
77 12
70 12
84 41
89 24
84 64
31 11
18 10
101 54
118 23
42 11
76 57
2 4
21 18
4 1
42 33
87 9
85 54
101 63
52 31
34 20
117 99
83 13
55 12
103 63
118 89
30 20
29 3
50 21
96 53
87 12
9 20
121 64
56 59
118 50
63 36
84 53
115 91
109 58
74 58
107 108
15 19
8 19
42 20
61 12
24 11
95 63
37 11
96 60
45 36
35 24
84 56
64 33
51 58
9 14
53 58
30 18
64 36
89 8
60 8
81 54
23 16
118 79
121 106
115 67
116 75
109 61
56 15
71 58
50 17
34 11
51 64
97 58
30 32
83 11
82 18
45 10
85 56
31 37
76 54
4 19
13 17
76 34
101 60
121 102
14 18
114 108
71 54
100 15
102 58
58 33
107 73
20 32
40 14
113 106
101 12
111 79
16 17
104 22
81 57
96 33
62 12
45 31
17 30
34 9
107 109
37 3
56 58
44 48
51 12
95 60
30 21
16 4
59 64
111 62
76 63
45 33
42 35
115 50
121 103
90 64
120 89
58 9
75 55
40 16
68 61
6 18
35 8
97 55
120 88
41 30
94 62
77 42
94 52
37 7
34 8
45 20
115 108
36 20
119 9
42 3
58 63
63 62
107 26
63 42
12 32
69 19
23 14
57 64
95 17
45 14
12 24
87 22
14 20
62 36
100 14
113 81
17 24
59 33
115 28
20 17
81 41
57 62
89 17
114 28
19 0
15 20
118 91
89 34
111 8
118 82
36 24
116 97
65 52
21 3
51 61
22 17
81 56
56 63
29 17
83 3
60 34
96 55
81 55
89 9
40 20
61 56
18 0
109 55
60 9
71 53
36 30
21 7
104 16
54 13
60 37
53 61
97 42
63 22
71 42
82 11
9 16
89 31
100 19
8 20
70 41
37 30
112 81
40 8
109 54
17 7
62 15
95 12
12 22
109 102
88 11
57 60
115 26
32 16
92 53
51 56
72 61
20 0
114 110
110 107
87 37
37 18
82 15
24 14
87 15
16 22
118 85
34 12
83 20
96 56
88 30
20 16
118 43
98 4
87 3
77 57
111 101
76 42
23 7
100 17
42 9
66 21
59 16
106 41
104 41
116 79
64 13
106 49
101 41
121 60
22 30
109 62
35 14
12 33
42 8
119 89
13 4
58 41
116 92
105 44
100 36
71 61
115 43
102 63
109 101
117 100
65 53
102 60
116 55
53 33
59 17
105 90
16 18
61 52
22 14
82 12
48 42
37 32
65 58
59 13
110 44
47 59
107 81
51 63
115 106
33 11
85 60
55 33
41 32
15 24
40 12
59 9
84 58
96 57
63 33
17 4
22 32
30 11
109 104
90 12
12 30
87 20
31 3
34 7
114 106
73 4
38 12
47 62
26 0
23 20
61 55
110 69
117 23
55 58
17 32
104 10
95 35
63 52
3 4
74 54
29 37
13 9
33 12
86 12
42 17
96 62
118 69
59 12
51 54
48 41
26 1
6 17
111 59
92 12
29 18
44 46
82 13
48 62
85 63
87 34
109 40
70 59
15 10
57 55
87 11
33 9
71 62
59 62
88 37
59 42
62 37
91 16
72 55
74 64
111 77
32 15
89 30
114 73
90 59
31 9
100 20
81 58
67 15
117 85
71 63
34 24
29 14
85 57
121 43
32 18
34 14
109 48
22 16
99 37
99 17
60 35
55 54
69 21
21 32
99 42
8 13
42 13
69 0
121 104
83 17
15 21
122 118
116 43
94 31
35 32
74 55
60 13
70 61
50 14
35 19
37 10
106 47
22 0
9 17
33 8
54 15
35 30
29 7
17 3
37 24
105 89
2 3
54 62
116 104
94 54
18 20
106 43
87 4
12 31
99 18
68 41
70 53
15 16
9 13
96 61
59 52
115 27
105 106
57 52
111 46
22 21
99 33
33 21
21 4
112 27
115 89
101 62
33 34
31 10
76 55
106 54
89 33
24 16
23 18
64 35
109 57
78 4
30 14
35 15
74 62
12 13
64 30
100 8
36 11
23 17
100 11
122 9
12 10
52 12
10 4
122 121
31 18
100 10
121 76
98 3
76 12
55 52
18 24
97 31
70 56
36 14
85 55
109 95
44 47
7 11
105 88
16 10
117 69
118 44
9 8
53 60
120 121
103 52
34 35
111 94
107 74
99 9
78 3
75 56
117 73
72 53
121 67
121 40
44 41
41 20
69 17
121 8
41 13
62 31
95 34
8 21
58 42
31 21
118 74
45 30
88 24
21 0
111 106
71 64
13 8
36 15
15 36
38 13
96 58
31 16
36 4
30 15
24 3
74 34
93 12
36 10
34 21
106 97
111 58
36 19
66 17
106 46
110 50
116 96
90 56
83 21
109 43
34 19
91 17
115 46
48 36
120 118
70 62
32 1
116 102
60 16
87 33
29 9
63 35
113 108
48 33
62 41
21 19
116 56
117 74
33 17
111 64
88 34
37 12
35 13
37 14
89 37
48 60
103 16
74 42
23 3
84 61
55 13
45 8
16 11
59 34
112 44
17 22
110 81
12 36
33 3
77 41
29 4
110 74
8 15
48 37
95 13
103 13
87 14
92 41
23 11
4 0
41 14
114 93
7 1
81 61
74 56
55 62
117 51
117 72
16 14
65 57
8 24
35 20
70 57
66 14
33 18
18 3
52 33
109 49
9 3
109 63
74 60
116 58
89 20
13 0
35 12
101 58
84 9
100 31
103 62
91 18
53 55
44 45
89 11
81 62
68 12
101 61
87 24
90 63
81 60
115 49
8 14
32 11
121 49
50 3
96 12
110 85
121 52
70 64
106 79
65 60
113 74
30 10
32 7
15 17
12 9
31 35
52 15
83 14
33 32
37 17
94 13
42 22
64 22
58 64
45 22
115 9
34 37
9 12
6 10
94 63
10 24
116 106
94 15
115 74
95 52
89 13
74 59
22 13
34 16
106 60
29 12
31 15
115 100
57 61
13 11
77 52
29 13
100 24
121 46
32 0
104 21
40 9
64 41
10 11
29 21
14 4
113 25
111 75
92 57
113 73
23 19
30 17
116 67
42 34
83 8
114 25
41 16
121 96
95 59
121 55
116 48
51 62
9 0
118 81
83 18
106 92
51 52
104 18
115 23
109 97
70 55
58 12
54 9
15 14
121 101
65 63
15 35
75 42
87 31
52 35
12 8
20 19
17 18
95 15
90 57
100 22
6 11
82 14
31 14
41 36
111 53
9 22
102 64
105 9
73 19
59 63
51 42
15 22
17 11
121 92
89 15
77 53
14 7
68 63
50 13
111 40
20 3
61 59
112 73
76 58
29 33
9 24
77 54
57 34
112 25
92 60
113 44
95 42
96 41
115 86
103 15
56 12
90 55
71 56
6 12
116 63
6 13
27 1
109 52
117 28
35 37
29 20
18 11
121 95
116 109
5 3
109 60
56 52
30 4
90 58
33 13
80 12
24 0
106 63
111 57
104 15
63 60
121 48
114 27
6 21
13 7
64 16
8 11
85 59
115 69
49 12
89 14
71 60
103 60
35 18
42 12
118 68
95 41
37 21
109 77
40 30
71 12
53 54
66 11
107 25
60 41
69 18
65 41
72 59
51 57
37 0
104 17
61 63
121 45
33 24
29 31
20 4
83 4
12 34
87 8
61 54
15 8
116 61
72 52
21 14
109 45
116 41
53 41
71 57
120 44
18 19
33 36
29 10
32 19
35 11
75 64
22 3
9 15
119 106
15 13
96 34
88 12
88 21
89 16
65 12
41 15
75 60
54 33
121 109
55 42
41 33
96 54
115 88
106 67
66 10
63 41
87 16
96 64
45 34
74 33
82 3
87 35
24 7
