13 8
35 30
37 7
20 2
38 2
39 17
26 8
35 38
10 18
19 8
22 13
20 8
40 12
38 34
40 18
39 13
40 8
10 5
38 31
18 2
10 19
23 2
39 1
21 1
39 19
34 7
28 4
10 2
38 20
37 4
38 7
40 16
21 20
23 7
2 24
10 7
5 2
22 2
21 0
21 16
26 15
26 7
40 6
10 16
21 12
39 11
3 4
25 7
35 9
22 5
25 8
39 15
38 28
23 11
35 6
26 17
39 18
22 0
10 15
38 6
23 17
6 2
14 2
21 14
19 7
22 19
35 37
10 1
25 2
25 4
23 18
30 4
13 25
21 19
26 1
13 2
23 13
34 31
22 16
21 15
22 11
23 19
22 1
38 30
23 8
21 18
26 18
35 3
32 33
0 1
40 14
19 2
25 1
26 6
36 4
35 36
39 16
23 5
40 15
39 12
21 7
40 2
8 1
39 20
11 2
10 13
10 6
23 20
38 15
40 20
10 11
26 0
23 12
35 11
38 11
9 1
9 4
39 8
0 2
23 1
39 6
6 8
39 7
31 7
40 13
25 33
10 8
22 15
10 12
23 6
21 8
21 17
22 17
26 19
39 2
10 14
26 11
22 20
22 6
35 28
15 8
10 17
39 14
22 8
26 13
38 37
12 1
23 16
10 0
40 7
23 15
25 6
28 29
28 2
11 8
40 17
38 25
39 0
29 2
21 13
28 1
26 5
26 14
26 20
38 13
35 15
22 7
15 2
40 11
22 14
22 18
27 0
21 6
22 12
9 2
38 8
26 2
38 9
39 5
10 20
40 5
6 7
40 1
1 2
38 3
21 5
21 2
13 1
13 24
38 36
23 14
26 12
40 19
11 7
21 11
40 0
30 1
12 2
26 16
23 0
