29 8
20 2
2 1
1 2
28 6
19 4
38 16
12 2
13 8
23 8
38 20
27 9
21 6
10 4
24 8
21 14
13 10
13 0
12 1
21 8
20 1
22 6
28 8
28 7
16 2
22 9
13 14
10 2
16 4
27 8
1 4
11 9
0 1
25 9
34 4
6 4
26 9
21 20
26 8
36 4
5 8
25 6
22 8
13 12
28 9
21 17
38 14
32 8
20 4
13 18
38 10
5 9
14 4
0 2
24 9
19 1
30 8
25 4
21 19
30 6
38 0
29 6
9 1
8 4
29 9
15 2
31 8
21 18
25 7
21 10
15 4
26 6
38 6
0 4
12 4
13 6
31 7
10 1
33 6
38 19
32 7
21 0
9 2
8 2
4 37
23 6
38 15
32 9
20 3
13 9
30 9
24 6
27 7
5 6
7 4
32 6
17 2
0 3
13 20
31 6
33 8
29 7
13 17
21 12
9 4
19 2
21 16
23 7
26 7
31 9
25 8
33 4
15 1
38 17
21 9
10 3
35 10
13 16
13 15
16 1
18 2
11 8
33 7
11 6
11 7
11 4
38 18
2 4
35 4
21 7
24 7
18 4
7 2
30 7
18 1
17 4
38 12
5 7
21 15
13 7
7 1
33 9
27 6
22 7
23 9
8 1
17 1
3 4
13 19
