28 5
56 19
56 15
9 6
82 52
59 18
27 1
74 35
39 9
51 35
75 46
19 12
23 12
70 44
24 5
78 25
12 8
18 8
68 14
13 23
53 18
3 11
13 22
29 20
79 63
35 28
31 8
16 5
12 7
3 12
17 7
6 11
88 63
22 12
17 21
75 54
29 19
20 5
29 6
21 3
88 84
38 37
80 41
20 3
71 59
13 9
8 7
6 4
81 35
35 24
7 9
6 5
2 9
85 39
64 38
77 57
8 22
22 3
42 18
61 9
13 7
33 5
82 34
19 11
43 38
18 10
24 14
88 40
32 18
80 44
9 3
27 0
3 10
22 10
33 6
29 8
20 15
37 24
33 7
55 17
24 9
34 36
89 41
57 1
39 0
54 23
78 72
37 18
10 4
80 25
23 20
24 20
68 21
55 23
19 5
34 28
68 10
74 43
71 57
80 40
65 35
15 8
6 12
6 10
68 8
81 38
74 50
20 9
71 25
12 6
82 68
68 2
13 24
21 0
81 42
52 0
55 36
38 29
14 10
17 5
80 66
24 7
88 75
0 1
79 27
76 50
54 28
28 8
51 28
5 2
84 52
84 50
20 11
3 4
70 37
82 65
84 81
7 11
10 1
16 3
67 37
2 6
15 14
9 5
28 23
38 17
18 3
77 25
29 18
29 5
31 18
89 67
68 23
2 8
89 49
24 23
19 9
71 27
15 9
9 22
79 57
80 59
68 24
74 42
89 43
14 5
3 1
63 18
84 46
79 62
9 2
20 2
80 46
8 6
13 5
81 67
68 15
36 9
89 74
85 70
4 5
29 22
8 3
77 72
18 17
28 24
78 51
14 6
36 19
18 29
76 42
61 1
78 73
52 5
84 49
80 45
76 24
69 70
37 16
4 0
48 8
70 50
80 27
80 73
84 58
75 40
15 19
36 23
76 38
76 74
76 29
53 17
77 74
61 12
17 14
50 18
77 59
33 1
64 28
16 4
75 71
7 5
21 2
38 36
80 83
63 28
52 10
71 40
68 3
23 5
34 24
59 28
69 64
2 4
9 11
7 1
8 9
22 5
84 43
79 70
19 21
69 40
82 48
24 19
89 55
59 37
65 38
79 72
40 42
39 7
39 6
10 9
84 13
35 19
60 18
18 28
17 10
38 23
81 36
63 6
45 18
74 24
68 20
68 4
84 60
54 36
19 0
61 6
54 29
48 24
22 0
2 7
60 9
15 7
45 6
43 37
89 38
80 13
80 60
15 6
45 5
65 37
79 30
14 4
18 23
35 16
20 19
13 20
3 9
59 38
70 67
18 6
22 8
40 43
75 61
7 4
37 29
16 9
85 86
28 22
9 0
55 18
34 29
24 6
17 4
74 49
89 29
76 44
44 18
35 23
36 24
23 15
82 54
39 1
84 68
74 37
48 22
69 65
80 31
70 43
69 45
70 28
71 54
46 18
22 4
20 14
80 32
85 34
20 22
46 9
75 76
84 70
65 18
4 6
84 61
10 11
36 14
13 12
13 14
39 8
39 11
15 2
80 50
84 41
67 38
24 8
48 9
24 4
14 9
65 36
38 24
17 23
3 0
12 5
24 22
52 12
71 72
82 83
81 43
81 70
37 17
80 63
80 49
9 12
79 73
74 29
77 54
89 42
53 29
34 38
18 24
37 28
14 22
14 0
69 34
37 23
81 41
77 73
82 64
76 35
34 18
12 11
24 21
12 0
16 19
71 74
56 7
80 61
79 45
58 18
22 21
18 22
61 0
70 49
63 36
19 7
69 63
29 24
8 0
55 35
63 8
14 11
61 5
80 51
9 10
48 6
38 35
47 38
79 80
22 2
56 21
18 14
53 37
55 24
28 9
28 3
90 84
15 4
63 14
33 9
18 5
7 6
35 15
23 2
67 36
64 35
68 9
16 7
18 16
89 35
76 28
78 74
13 8
56 3
56 8
48 20
63 24
36 18
81 24
90 70
29 23
80 62
56 22
74 67
5 4
74 70
28 14
78 57
28 16
29 15
47 17
78 70
63 22
68 7
59 29
21 8
60 8
67 18
17 18
5 12
21 12
79 56
70 42
22 9
23 19
34 17
56 5
19 4
13 16
52 8
18 19
28 20
84 59
29 3
90 89
75 63
61 11
80 81
2 5
63 17
17 9
56 9
71 51
6 21
53 24
29 9
18 21
15 3
71 70
3 5
14 21
26 1
66 8
47 28
5 1
81 44
23 21
67 29
23 9
67 28
75 70
15 5
21 5
56 10
79 60
77 40
75 52
90 33
67 35
81 55
74 41
4 9
61 8
56 4
21 4
80 68
90 65
80 30
76 41
70 36
81 28
80 58
22 7
2 0
79 25
70 55
47 37
75 59
46 8
80 70
39 4
77 26
70 24
13 18
23 6
38 16
52 11
64 29
84 51
80 54
53 35
47 35
54 16
54 35
84 56
85 64
84 54
21 9
19 14
45 8
52 9
63 29
12 1
24 16
49 18
17 16
35 17
63 21
40 22
90 63
79 43
16 6
68 5
3 6
63 20
48 12
35 36
16 14
80 52
75 77
18 9
80 42
53 36
84 40
84 32
84 66
63 16
21 6
11 1
68 22
66 5
51 38
62 18
75 68
68 18
29 10
12 9
19 3
10 5
14 8
82 47
48 5
64 18
9 21
22 11
28 21
38 18
89 50
37 36
40 41
28 6
35 18
84 30
66 18
84 62
60 5
19 10
66 6
85 87
65 29
19 2
20 7
25 1
36 20
66 9
55 29
68 19
90 34
24 15
2 12
13 2
78 40
14 3
80 26
78 54
28 19
33 0
15 10
74 44
89 36
53 38
10 8
51 37
23 7
29 14
2 3
48 21
16 2
29 17
21 1
20 8
14 2
85 65
9 4
60 6
5 0
18 15
88 70
77 27
5 7
52 1
20 21
13 6
22 6
3 8
28 29
13 17
71 26
24 10
82 61
79 26
47 29
54 37
89 70
33 11
5 11
10 7
36 28
29 16
76 49
15 21
55 16
7 8
76 43
76 70
63 19
8 2
2 10
56 6
89 28
89 44
54 18
53 28
17 2
80 43
7 0
23 3
5 3
65 28
18 2
19 8
17 20
14 12
18 20
47 18
28 17
70 38
63 9
74 38
77 70
85 63
88 89
20 12
16 10
59 36
36 17
80 57
16 8
64 37
17 3
29 21
56 14
24 12
78 27
4 11
78 59
33 8
63 15
82 73
19 22
84 42
13 21
68 17
38 28
17 24
23 8
11 0
81 49
17 6
20 4
16 21
5 10
36 29
15 11
16 22
51 29
80 56
16 18
3 7
64 36
34 35
10 6
20 10
70 74
47 36
4 1
56 20
79 40
8 12
48 10
14 7
54 17
24 18
71 73
40 44
80 72
48 18
30 18
82 53
10 12
70 29
59 35
24 2
34 37
21 10
28 10
55 28
41 18
15 12
27 11
17 22
36 22
77 51
19 6
56 12
16 12
6 0
24 3
16 20
10 0
76 37
23 22
89 24
13 19
28 18
36 15
13 15
8 4
37 35
46 6
90 64
74 55
90 39
12 4
29 2
74 36
78 26
74 28
9 7
84 44
8 11
13 3
81 29
23 18
35 20
6 2
76 67
75 51
54 24
17 15
8 10
51 36
63 23
79 75
23 4
68 6
17 19
70 41
28 2
56 18
51 18
20 6
6 7
81 50
21 11
8 5
85 33
76 36
39 5
36 2
84 63
28 15
55 37
36 8
52 6
15 22
36 21
35 29
33 4
21 7
23 10
2 1
76 55
68 16
36 16
17 12
81 37
81 74
13 10
8 21
75 78
70 35
23 14
84 31
68 12
89 37
45 9
17 8
2 11
84 45
56 2
