id met_invertebrate met_primary_producer met_detritus met_ectotherm_vertebrate met_other met_heterotrophic_bacteria met_endotherm_vertebrate mov_walking mov_swimming mov_sessile mov_other_nonliving mov_flying log_mass mass_missing
0 1 0 0 0 0 0 0 0 1 0 0 0 -4.396855627379818 0
1 1 0 0 0 0 0 0 0 1 0 0 0 -3.7647468618391917 0
2 1 0 0 0 0 0 0 0 1 0 0 0 -3.7647468618391917 0
3 1 0 0 0 0 0 0 1 0 0 0 0 -3.4258737769269776 0
4 0 0 0 1 0 0 0 0 1 0 0 0 2.149813731043464 0
5 0 0 0 1 0 0 0 0 1 0 0 0 2.883674548945864 0
6 0 0 0 1 0 0 0 0 1 0 0 0 2.5563025007672873 0
7 0 0 0 1 0 0 0 0 1 0 0 0 3.7366348170920087 0
8 1 0 0 0 0 0 0 0 1 0 0 0 -4.396855627379818 0
9 0 0 0 1 0 0 0 0 1 0 0 0 2.7223083538200252 0
10 0 0 0 1 0 0 0 0 1 0 0 0 1.2030471161845189 0
11 1 0 0 0 0 0 0 0 1 0 0 0 0.7089538917497332 0
12 1 0 0 0 0 0 0 0 1 0 0 0 -2.5004210921682426 0
13 1 0 0 0 0 0 0 0 1 0 0 0 -3.8608390370082133 0
14 1 0 0 0 0 0 0 0 1 0 0 0 -4.396855627379818 0
15 1 0 0 0 0 0 0 0 1 0 0 0 -1.4612359898862488 0
16 0 0 0 1 0 0 0 0 1 0 0 0 2.3416028397339352 0
17 0 0 0 1 0 0 0 0 1 0 0 0 1.7959123276516 0
18 1 0 0 0 0 0 0 0 1 0 0 0 -4.396855627379818 0
19 1 0 0 0 0 0 0 0 1 0 0 0 -4.396855627379818 0
20 1 0 0 0 0 0 0 0 1 0 0 0 -0.19691001285730864 0
21 1 0 0 0 0 0 0 0 1 0 0 0 -1.2949553798790987 0
22 1 0 0 0 0 0 0 0 1 0 0 0 -4.396855627379818 0
23 1 0 0 0 0 0 0 0 1 0 0 0 -4.396855627379818 0
24 1 0 0 0 0 0 0 0 1 0 0 0 -4.396855627379818 0
25 1 0 0 0 0 0 0 0 1 0 0 0 -4.396855627379818 0
26 1 0 0 0 0 0 0 1 0 0 0 0 -1.2949553798790987 0
27 1 0 0 0 0 0 0 0 1 0 0 0 -4.396855627379818 0
28 1 0 0 0 0 0 0 0 1 0 0 0 -4.396855627379818 0
29 1 0 0 0 0 0 0 0 1 0 0 0 -4.157390760389438 0
30 1 0 0 0 0 0 0 0 1 0 0 0 -4.396855627379818 0
31 1 0 0 0 0 0 0 0 1 0 0 0 -4.396855627379818 0
32 0 0 0 1 0 0 0 0 1 0 0 0 2.8045551197286493 0
33 0 0 0 1 0 0 0 0 1 0 0 0 1.9974737588029803 0
34 1 0 0 0 0 0 0 0 1 0 0 0 -4.396855627379818 0
35 1 0 0 0 0 0 0 0 1 0 0 0 -4.396855627379818 0
36 1 0 0 0 0 0 0 0 0 1 0 0 -0.6627923869149773 0
37 0 0 0 1 0 0 0 0 1 0 0 0 1.1040456157898517 0
38 1 0 0 0 0 0 0 1 0 0 0 0 -2.057628978877431 0
39 1 0 0 0 0 0 0 0 1 0 0 0 -3.7647468618391917 0
40 0 0 0 1 0 0 0 0 1 0 0 0 1.879439965995217 0
41 0 0 0 1 0 0 0 0 1 0 0 0 0.7037612178149567 0
42 0 0 0 1 0 0 0 0 1 0 0 0 2.126877868835267 0
43 1 0 0 0 0 0 0 0 1 0 0 0 -4.396855627379818 0
44 0 0 0 1 0 0 0 0 1 0 0 0 1.9078604010327995 0
45 1 0 0 0 0 0 0 0 1 0 0 0 -4.396855627379818 0
46 1 0 0 0 0 0 0 0 1 0 0 0 -4.396855627379818 0
47 1 0 0 0 0 0 0 0 1 0 0 0 -4.396855627379818 0
48 1 0 0 0 0 0 0 0 1 0 0 0 -4.396855627379818 0
49 1 0 0 0 0 0 0 0 1 0 0 0 -4.396855627379818 0
50 0 0 0 1 0 0 0 0 1 0 0 0 0.9396110773739772 0
51 0 0 0 1 0 0 0 0 1 0 0 0 4.02530586526477 0
52 0 0 0 1 0 0 0 0 1 0 0 0 0.22593438785422726 0
53 1 0 0 0 0 0 0 0 1 0 0 0 -4.396855627379818 0
54 1 0 0 0 0 0 0 1 0 0 0 0 -2.057628978877431 0
55 1 0 0 0 0 0 0 0 1 0 0 0 -4.396855627379818 0
56 1 0 0 0 0 0 0 0 1 0 0 0 -4.396855627379818 0
57 1 0 0 0 0 0 0 1 0 0 0 0 -2.2969099920009572 0
58 1 0 0 0 0 0 0 0 1 0 0 0 -2.5004210921682426 0
59 0 0 0 1 0 0 0 0 1 0 0 0 1.0 0
60 1 0 0 0 0 0 0 0 1 0 0 0 -4.396855627379818 0
61 1 0 0 0 0 0 0 0 1 0 0 0 -4.396855627379818 0
62 0 0 0 1 0 0 0 0 1 0 0 0 2.2289529542182227 0
63 0 0 0 1 0 0 0 0 1 0 0 0 4.083089227060862 0
64 1 0 0 0 0 0 0 0 1 0 0 0 -2.130629386935623 0
65 1 0 0 0 0 0 0 0 1 0 0 0 -2.300661310391345 0
66 0 0 0 1 0 0 0 0 1 0 0 0 0.3455842960549611 0
67 0 0 0 1 0 0 0 0 1 0 0 0 1.193726266657126 0
68 1 0 0 0 0 0 0 0 1 0 0 0 -4.396855627379818 0
69 0 0 0 1 0 0 0 0 1 0 0 0 0.885154578746372 0
70 0 0 0 1 0 0 0 0 1 0 0 0 0.9884519492761663 0
71 1 0 0 0 0 0 0 0 1 0 0 0 -4.396855627379818 0
72 1 0 0 0 0 0 0 0 1 0 0 0 -2.762792417222378 0
73 1 0 0 0 0 0 0 0 1 0 0 0 -4.396855627379818 0
74 1 0 0 0 0 0 0 0 1 0 0 0 -3.02516374393773 0
75 0 0 0 1 0 0 0 0 1 0 0 0 2.590507462008583 0
76 0 0 0 1 0 0 0 0 1 0 0 0 2.2834094527126316 0
77 0 0 0 1 0 0 0 0 1 0 0 0 3.0627323632053938 0
78 0 0 0 1 0 0 0 0 1 0 0 0 3.1858196973272643 0
79 1 0 0 0 0 0 0 0 1 0 0 0 -4.396855627379818 0
80 1 0 0 0 0 0 0 0 1 0 0 0 -2.6897920093863745 0
81 1 0 0 0 0 0 0 0 1 0 0 0 -4.396855627379818 0
82 1 0 0 0 0 0 0 0 1 0 0 0 -2.2969099920009577 0
83 1 0 0 0 0 0 0 0 1 0 0 0 -1.9090580222456157 0
84 1 0 0 0 0 0 0 0 1 0 0 0 -4.396855627379818 0
85 1 0 0 0 0 0 0 0 1 0 0 0 -1.0793644614152076 0
86 1 0 0 0 0 0 0 0 1 0 0 0 -0.9251637350684431 0
87 1 0 0 0 0 0 0 0 1 0 0 0 -0.9251637350684431 0
88 1 0 0 0 0 0 0 0 1 0 0 0 -3.7202486686893774 0
89 1 0 0 0 0 0 0 0 1 0 0 0 -3.7202486686893774 0
90 1 0 0 0 0 0 0 0 1 0 0 0 -4.396855627379818 0
91 1 0 0 0 0 0 0 0 1 0 0 0 -4.396855627379818 0
92 0 0 0 1 0 0 0 0 1 0 0 0 4.069904785782856 0
93 1 0 0 0 0 0 0 0 1 0 0 0 -4.396855627379818 0
94 1 0 0 0 0 0 0 0 1 0 0 0 -4.396855627379818 0
95 1 0 0 0 0 0 0 0 1 0 0 0 -4.396855627379818 0
96 0 0 0 1 0 0 0 0 1 0 0 0 2.7597433675977254 0
97 1 0 0 0 0 0 0 1 0 0 0 0 -3.3949558244125324 0
98 1 0 0 0 0 0 0 0 1 0 0 0 -4.396855627379818 0
99 1 0 0 0 0 0 0 0 1 0 0 0 -4.396855627379818 0
100 1 0 0 0 0 0 0 0 1 0 0 0 -4.396855627379818 0
101 1 0 0 0 0 0 0 0 1 0 0 0 -4.396855627379818 0
102 0 0 0 1 0 0 0 0 1 0 0 0 2.457704675392001 0
103 0 0 0 1 0 0 0 0 1 0 0 0 3.1512904995116715 0
104 1 0 0 0 0 0 0 0 1 0 0 0 -4.396855627379818 0
105 0 0 0 1 0 0 0 0 1 0 0 0 2.5481205883614724 0
106 0 0 0 1 0 0 0 0 1 0 0 0 2.53764282386375 0
107 0 0 0 1 0 0 0 0 1 0 0 0 1.763518533850082 0
108 1 0 0 0 0 0 0 0 1 0 0 0 -4.027334407733889 0
109 1 0 0 0 0 0 0 0 1 0 0 0 -4.027334407733889 0
110 1 0 0 0 0 0 0 0 1 0 0 0 -4.027334407733889 0
111 1 0 0 0 0 0 0 0 1 0 0 0 -4.396855627379818 0
112 1 0 0 0 0 0 0 0 1 0 0 0 -4.396855627379818 0
113 0 0 0 1 0 0 0 0 1 0 0 0 2.998969500453003 0
114 1 0 0 0 0 0 0 0 1 0 0 0 -4.396855627379818 0
115 0 0 0 1 0 0 0 0 1 0 0 0 2.4089502712654145 0
116 0 0 0 1 0 0 0 0 1 0 0 0 0.44734805626191365 0
117 0 0 0 1 0 0 0 0 1 0 0 0 2.721398375521505 0
118 0 0 0 1 0 0 0 0 1 0 0 0 0.747419988621521 0
119 1 0 0 0 0 0 0 0 1 0 0 0 -0.19691001285730864 0
120 1 0 0 0 0 0 0 0 1 0 0 0 -0.9902605642215714 0
121 1 0 0 0 0 0 0 0 1 0 0 0 0.7401654307102279 0
122 0 0 0 1 0 0 0 0 1 0 0 0 2.344902908055406 0
123 1 0 0 0 0 0 0 0 1 0 0 0 -2.1673501743621824 0
124 0 0 0 1 0 0 0 0 1 0 0 0 2.6088629880844714 0
125 0 0 0 1 0 0 0 0 1 0 0 0 2.147033851350356 0
126 0 0 0 1 0 0 0 0 1 0 0 0 2.7118769107649534 0
127 1 0 0 0 0 0 0 1 0 0 0 0 2.3010299956639813 0
128 1 0 0 0 0 0 0 1 0 0 0 0 2.255272505103306 0
129 0 0 0 1 0 0 0 0 1 0 0 0 3.844227337971815 0
130 0 0 0 1 0 0 0 0 1 0 0 0 2.4769552379575344 0
131 0 0 0 1 0 0 0 0 1 0 0 0 2.5035250796550734 0
132 0 0 0 1 0 0 0 0 1 0 0 0 1.6125083832406608 0
133 0 0 0 1 0 0 0 0 1 0 0 0 1.8578147779710066 0
134 0 0 0 1 0 0 0 0 1 0 0 0 3.1910847559679016 0
135 0 0 0 1 0 0 0 0 1 0 0 0 2.6870713988077086 0
136 0 0 0 1 0 0 0 0 1 0 0 0 4.145720848880712 0
137 0 0 0 1 0 0 0 0 1 0 0 0 1.7104955514884244 0
138 0 0 0 1 0 0 0 0 1 0 0 0 2.299768711919799 0
139 1 0 0 0 0 0 0 1 0 0 0 0 1.2479732663618066 0
140 0 0 0 1 0 0 0 0 1 0 0 0 2.4159077455568165 0
141 0 0 0 1 0 0 0 0 1 0 0 0 2.6207568920741546 0
142 0 0 0 1 0 0 0 0 1 0 0 0 2.3354130811922085 0
143 0 0 0 1 0 0 0 0 1 0 0 0 2.2289529542182227 0
144 0 0 0 1 0 0 0 0 1 0 0 0 0.23469738903275475 0
145 0 0 0 1 0 0 0 0 1 0 0 0 4.186075260130256 0
146 0 0 0 1 0 0 0 0 1 0 0 0 2.2289529542182227 0
147 0 0 0 1 0 0 0 0 1 0 0 0 2.047559593309587 0
148 0 0 0 1 0 0 0 0 1 0 0 0 4.0 0
149 0 0 0 0 0 0 1 0 1 0 0 0 5.301029995663981 0
150 0 0 0 1 0 0 0 0 1 0 0 0 4.903089986991944 0
151 1 0 0 0 0 0 0 1 0 0 0 0 -2.9290730176625863 0
152 1 0 0 0 0 0 0 1 0 0 0 0 -0.030629396429887674 0
153 0 0 0 1 0 0 0 0 1 0 0 0 3.266540003362127 0
154 0 0 0 1 0 0 0 0 1 0 0 0 1.2062471317201904 0
155 0 0 0 1 0 0 0 0 1 0 0 0 3.3556353906386516 0
156 0 0 0 1 0 0 0 0 1 0 0 0 1.7481402806831294 0
157 1 0 0 0 0 0 0 1 0 0 0 0 3.3010299956639813 0
158 1 0 0 0 0 0 0 0 1 0 0 0 -7.22548303427145 0
159 1 0 0 0 0 0 0 0 0 1 0 0 -2.929073017662586 0
160 0 0 0 1 0 0 0 0 1 0 0 0 2.1923722835985116 0
161 0 0 0 1 0 0 0 0 1 0 0 0 2.6570558528571038 0
162 0 0 0 1 0 0 0 0 1 0 0 0 3.559755852022423 0
163 0 0 0 1 0 0 0 0 1 0 0 0 0.4413946035642501 0
164 0 0 0 1 0 0 0 0 1 0 0 0 2.796837882465748 0
165 1 0 0 0 0 0 0 0 0 1 0 0 -0.4592813602527768 0
166 1 0 0 0 0 0 0 1 0 0 0 0 2.5770398497892546 0
167 1 0 0 0 0 0 0 1 0 0 0 0 -1.6647470182965172 0
168 1 0 0 0 0 0 0 0 1 0 0 0 -3.3949558244125324 0
169 0 0 0 1 0 0 0 0 1 0 0 0 1.1635870290422021 0
170 1 0 0 0 0 0 0 0 1 0 0 0 -1.2949553798790985 0
171 1 0 0 0 0 0 0 0 1 0 0 0 -2.2099853512201166 0
172 1 0 0 0 0 0 0 0 1 0 0 0 -3.3949558244125324 0
173 1 0 0 0 0 0 0 0 1 0 0 0 -4.396855627379818 0
174 0 0 0 1 0 0 0 0 1 0 0 0 3.174738508166677 0
175 0 0 0 1 0 0 0 0 1 0 0 0 3.656665386302633 0
176 1 0 0 0 0 0 0 0 1 0 0 0 -1.032584030988757 0
177 0 0 0 1 0 0 0 0 1 0 0 0 3.4551545787319458 0
178 1 0 0 0 0 0 0 0 1 0 0 0 -2.3930007425075135 0
179 0 0 0 1 0 0 0 0 1 0 0 0 2.731484006202963 0
180 0 0 0 1 0 0 0 0 1 0 0 0 3.840671188110965 0
181 0 0 0 1 0 0 0 0 1 0 0 0 4.238064267052892 0
182 1 0 0 0 0 0 0 0 1 0 0 0 -1.92711835289192 0
183 0 0 0 1 0 0 0 0 1 0 0 0 2.3541084391474008 0
184 0 0 0 1 0 0 0 0 1 0 0 0 1.2062471317201904 0
185 0 0 0 1 0 0 0 0 1 0 0 0 1.460782592910087 0
186 1 0 0 0 0 0 0 0 1 0 0 0 -1.9271183528919198 0
187 1 0 0 0 0 0 0 1 0 0 0 0 -1.6202494995168706 0
188 1 0 0 0 0 0 0 0 0 1 0 0 -0.8290730033791007 0
189 1 0 0 0 0 0 0 0 0 1 0 0 -1.0793644614152076 0
190 0 0 0 1 0 0 0 0 1 0 0 0 3.3059592502144906 0
191 0 0 0 1 0 0 0 0 1 0 0 0 3.1337879176287133 0
192 0 0 0 1 0 0 0 0 1 0 0 0 3.4551545787319458 0
193 0 0 0 1 0 0 0 0 1 0 0 0 3.6989700043360187 0
194 1 0 0 0 0 0 0 0 0 1 0 0 -1.1543671207700124 0
195 1 0 0 0 0 0 0 0 1 0 0 0 -2.762792417222378 0
196 0 0 0 1 0 0 0 0 1 0 0 0 1.398055530925578 0
197 1 0 0 0 0 0 0 0 0 1 0 0 -1.958607314841775 0
198 1 0 0 0 0 0 0 1 0 0 0 0 2.0863598306747484 0
199 0 0 0 1 0 0 0 0 1 0 0 0 2.6785566171224033 0
200 0 0 0 1 0 0 0 0 1 0 0 0 4.238064267052892 0
201 1 0 0 0 0 0 0 1 0 0 0 0 -3.7647468618391917 0
202 1 0 0 0 0 0 0 1 0 0 0 0 -1.7227358168203235 0
203 0 0 0 1 0 0 0 0 1 0 0 0 1.654141381860885 0
204 0 0 0 1 0 0 0 0 1 0 0 0 0.40434190529647296 0
205 1 0 0 0 0 0 0 1 0 0 0 0 -2.929073017662586 0
206 1 0 0 0 0 0 0 1 0 0 0 0 -2.2969099920009572 0
207 0 0 0 0 0 1 0 0 1 0 0 0 -9.694648630553376 0
208 1 0 0 0 0 0 0 0 1 0 0 0 -7.87942606879415 0
209 1 0 0 0 0 0 0 0 1 0 0 0 -2.9290730176625863 0
210 1 0 0 0 0 0 0 0 1 0 0 0 -2.2969099920009577 0
211 1 0 0 0 0 0 0 1 0 0 0 0 -1.4612359898862488 0
212 1 0 0 0 0 0 0 0 1 0 0 0 -7.87942606879415 0
213 1 0 0 0 0 0 0 0 0 1 0 0 -1.6647470182965174 0
214 1 0 0 0 0 0 0 0 0 1 0 0 -1.6647470182965174 0
215 1 0 0 0 0 0 0 0 0 1 0 0 -1.6647470182965174 0
216 1 0 0 0 0 0 0 0 0 1 0 0 -1.6647470182965174 0
217 1 0 0 0 0 0 0 0 0 1 0 0 -1.4612359898862488 0
218 1 0 0 0 0 0 0 0 1 0 0 0 -2.9290730176625863 0
219 1 0 0 0 0 0 0 0 1 0 0 0 -1.0717780898564382 0
220 1 0 0 0 0 0 0 1 0 0 0 0 -2.9290730176625863 0
221 1 0 0 0 0 0 0 0 1 0 0 0 -4.863279432843593 0
222 1 0 0 0 0 0 0 0 0 1 0 0 -4.600326278518962 0
223 1 0 0 0 0 0 0 1 0 0 0 0 -3.3949558244125324 0
224 1 0 0 0 0 0 0 0 0 1 0 0 -1.032584030988757 0
225 0 0 0 1 0 0 0 0 1 0 0 0 2.787886690768477 0
226 0 0 0 1 0 0 0 0 1 0 0 0 4.238064267052892 0
227 1 0 0 0 0 0 0 0 0 1 0 0 -3.559204226927529 0
228 1 0 0 0 0 0 0 0 0 1 0 0 -2.2969099920009572 0
229 1 0 0 0 0 0 0 0 0 1 0 0 -4.493494967595128 0
230 1 0 0 0 0 0 0 0 1 0 0 0 -3.7647468618391917 0
231 0 0 0 1 0 0 0 0 1 0 0 0 4.421023713228413 0
232 1 0 0 0 0 0 0 1 0 0 0 0 2.505149978319906 0
233 1 0 0 0 0 0 0 0 1 0 0 0 -4.600326278518962 0
234 1 0 0 0 0 0 0 1 0 0 0 0 2.3010299956639813 0
235 1 0 0 0 0 0 0 1 0 0 0 0 1.1713020907648939 1
236 1 0 0 0 0 0 0 1 0 0 0 0 -0.5222041283414764 0
237 1 0 0 0 0 0 0 0 1 0 0 0 -1.6647470182965174 0
238 1 0 0 0 0 0 0 0 0 1 0 0 -1.2949553798790987 0
239 1 0 0 0 0 0 0 0 0 1 0 0 0.4352529778757013 0
240 1 0 0 0 0 0 0 0 1 0 0 0 -4.027334407733889 0
241 1 0 0 0 0 0 0 0 1 0 0 0 -4.027334407733889 0
242 1 0 0 0 0 0 0 1 0 0 0 0 -1.92711835289192 0
243 1 0 0 0 0 0 0 0 1 1 0 0 0.6057637522749793 0
244 1 0 0 0 0 0 0 0 0 0 0 1 -1.2955173320150974 0
245 0 0 0 1 0 0 0 0 1 0 0 0 0.6948555635003844 0
246 1 0 0 0 0 0 0 1 0 0 0 0 -2.9290730176625863 0
247 1 0 0 0 0 0 0 1 0 0 0 0 -2.057628978877431 0
248 1 0 0 0 0 0 0 0 1 0 0 1 -0.7085985209596946 0
249 0 0 0 1 0 0 0 0 1 0 0 0 3.273929211356975 0
250 0 0 0 1 0 0 0 0 1 0 0 0 1.5412049168860489 0
251 0 0 0 1 0 0 0 0 1 0 0 0 1.4440883153561246 0
252 1 0 0 0 0 0 0 0 1 0 0 0 -5.494850021680094 0
253 1 0 0 0 0 0 0 0 0 1 0 0 1.7781512503836436 0
254 1 0 0 0 0 0 0 0 0 1 0 0 1.7781512503836436 0
255 1 0 0 0 0 0 0 1 0 0 0 0 -1.032584030988757 0
256 1 0 0 0 0 0 0 0 1 0 0 0 -2.9290730176625863 0
257 1 0 0 0 0 0 0 0 1 0 0 0 -2.9290730176625863 0
258 1 0 0 0 0 0 0 0 1 0 0 0 -2.7627924172223777 0
259 1 0 0 0 0 0 0 0 1 0 0 0 -3.3949558244125324 0
260 1 0 0 0 0 0 0 0 1 0 0 0 -3.3949558244125324 0
261 1 0 0 0 0 0 0 0 0 1 0 0 -1.0793644614152076 0
262 1 0 0 0 0 0 0 0 1 0 0 0 -3.3949558244125324 0
263 1 0 0 0 0 0 0 0 1 0 0 0 -3.3949558244125324 0
264 1 0 0 0 0 0 0 0 0 1 0 0 -1.2949553798790987 0
265 1 0 0 0 0 0 0 1 0 0 0 0 -2.2969099920009572 0
266 1 0 0 0 0 0 0 0 1 0 0 0 -2.9290730176625863 0
267 1 0 0 0 0 0 0 0 0 1 0 0 0.28703272188274875 0
268 1 0 0 0 0 0 0 1 0 0 0 0 -2.6897920093863745 0
269 1 0 0 0 0 0 0 0 1 0 0 0 -4.863279432843593 0
270 1 0 0 0 0 0 0 0 1 0 0 0 -4.863279432843593 0
271 1 0 0 0 0 0 0 0 1 0 0 0 -4.863279432843593 0
272 1 0 0 0 0 0 0 0 1 0 0 0 -2.9290730176625863 0
273 1 0 0 0 0 0 0 0 1 0 0 0 -2.9290730176625863 0
274 1 0 0 0 0 0 0 0 1 0 0 0 -2.9290730176625863 0
275 1 0 0 0 0 0 0 0 1 0 0 0 -2.9290730176625863 0
276 1 0 0 0 0 0 0 0 0 1 0 0 -3.3949558244125324 0
277 1 0 0 0 0 0 0 0 0 1 0 0 -0.1788496523277437 0
278 1 0 0 0 0 0 0 1 0 0 0 0 -1.6647470182965174 0
279 1 0 0 0 0 0 0 0 1 0 0 0 -3.3949558244125324 0
280 1 0 0 0 0 0 0 0 0 1 0 0 -1.4984664103042042 0
281 1 0 0 0 0 0 0 0 1 0 0 0 -2.9290730176625863 0
282 1 0 0 0 0 0 0 0 1 0 0 0 -3.3949558244125324 0
283 1 0 0 0 0 0 0 0 1 0 0 0 -3.3949558244125324 0
284 1 0 0 0 0 0 0 0 1 0 0 0 -2.9290730176625863 0
285 1 0 0 0 0 0 0 0 1 0 0 0 -2.9290730176625863 0
286 1 0 0 0 0 0 0 1 0 0 0 0 -2.9290730176625863 0
287 1 0 0 0 0 0 0 0 1 0 0 0 -5.232844133917819 0
288 1 0 0 0 0 0 0 1 0 0 0 0 -2.9290730176625863 0
289 1 0 0 0 0 0 0 0 0 1 0 0 0.19312459835446175 0
290 1 0 0 0 0 0 0 0 0 1 0 0 -0.19691001285730894 0
291 1 0 0 0 0 0 0 0 0 1 0 0 -0.92711835289192 0
292 1 0 0 0 0 0 0 0 0 1 0 0 -0.7608377645938363 0
293 1 0 0 0 0 0 0 0 1 0 0 0 -2.5004210921682426 0
294 1 0 0 0 0 0 0 0 1 0 0 0 -2.9290730176625863 0
295 1 0 0 0 0 0 0 0 1 0 0 0 -3.132583781951269 0
296 1 0 0 0 0 0 0 0 0 1 0 0 0.19312459835446166 0
297 1 0 0 0 0 0 0 0 1 0 0 0 -2.9290730176625863 0
298 1 0 0 0 0 0 0 0 1 0 0 0 -2.7627924172223777 0
299 1 0 0 0 0 0 0 0 1 0 0 0 -2.9290730176625863 0
300 1 0 0 0 0 0 0 0 1 0 0 0 -3.3949558244125324 0
301 1 0 0 0 0 0 0 0 0 1 0 0 -1.92711835289192 0
302 1 0 0 0 0 0 0 0 0 1 0 0 0.19312459835446166 0
303 1 0 0 0 0 0 0 0 0 1 0 0 -2.130629386935623 0
304 1 0 0 0 0 0 0 0 0 1 0 0 -0.19691001285730889 0
305 1 0 0 0 0 0 0 0 0 1 0 0 -0.6039320669232242 0
306 1 0 0 0 0 0 0 0 0 1 0 0 -2.7627924172223777 0
307 1 0 0 0 0 0 0 0 0 1 0 0 -1.2949553798790987 0
308 1 0 0 0 0 0 0 0 1 0 0 0 -2.9290730176625863 0
309 1 0 0 0 0 0 0 0 1 0 0 0 -4.600326278518962 0
310 1 0 0 0 0 0 0 0 0 1 0 0 -0.5897919640386703 0
311 1 0 0 0 0 0 0 0 1 0 0 0 -2.9290730176625863 0
312 1 0 0 0 0 0 0 0 1 0 0 0 -4.396855627379818 0
313 1 0 0 0 0 0 0 0 1 0 0 0 -2.975853526391047 0
314 1 0 0 0 0 0 0 0 1 0 0 0 -2.9290730176625863 0
315 1 0 0 0 0 0 0 0 1 0 0 0 -4.396855627379818 0
316 1 0 0 0 0 0 0 0 1 0 0 0 -4.396855627379818 0
317 1 0 0 0 0 0 0 0 1 0 0 0 -2.9290730176625863 0
318 1 0 0 0 0 0 0 0 1 0 0 0 -3.7647468618391917 0
319 1 0 0 0 0 0 0 1 0 0 0 0 1.5616850661383475 0
320 1 0 0 0 0 0 0 0 0 1 0 0 -1.6647470182965174 0
321 1 0 0 0 0 0 0 0 0 1 0 0 0.8050446218985038 0
322 1 0 0 0 0 0 0 0 1 0 0 0 -3.3949558244125324 0
323 1 0 0 0 0 0 0 0 1 0 0 0 -3.3949558244125324 0
324 1 0 0 0 0 0 0 0 1 0 0 0 -2.9290730176625863 0
325 1 0 0 0 0 0 0 0 0 1 0 0 -1.6647470182965174 0
326 1 0 0 0 0 0 0 1 0 0 0 0 -2.2969099920009572 0
327 1 0 0 0 0 0 0 0 0 1 0 0 0.43525297787570116 0
328 1 0 0 0 0 0 0 0 1 0 0 0 -2.9290730176625863 0
329 1 0 0 0 0 0 0 0 1 0 0 0 -2.9290730176625863 0
330 0 0 0 1 0 0 0 0 1 0 0 0 -2.9290730176625863 0
331 1 0 0 0 0 0 0 0 0 1 0 0 1.9030899869919435 0
332 1 0 0 0 0 0 0 1 0 0 0 0 -1.0793644614152076 0
333 0 0 0 1 0 0 0 0 1 0 0 0 2.204357539110572 0
334 1 0 0 0 0 0 0 1 1 0 0 0 0.11640031963073279 0
335 1 0 0 0 0 0 0 0 1 0 0 0 -1.92711835289192 0
336 1 0 0 0 0 0 0 0 0 1 0 0 -4.97469413473523 0
337 1 0 0 0 0 0 0 1 0 0 0 0 -1.92711835289192 0
338 1 0 0 0 0 0 0 1 0 0 0 0 -2.057628978877431 0
339 1 0 0 0 0 0 0 0 0 0 0 1 -3.458046525541764 0
340 0 0 0 1 0 0 0 0 1 0 0 0 1.8536484884158417 0
341 1 0 0 0 0 0 0 0 1 0 0 0 -0.39794000867203755 0
342 1 0 0 0 0 0 0 0 1 0 0 0 -1.2949553798790987 0
343 0 1 0 0 0 0 0 0 1 0 0 0 -10.899629454882437 0
344 0 0 0 1 0 0 0 0 1 0 0 0 0.4326000429322039 0
345 0 0 1 0 0 0 0 0 0 0 1 0 -10.899629454882437 1
346 1 0 0 0 0 0 0 0 1 0 0 0 -3.132583781951269 0
347 1 0 0 0 0 0 0 0 1 0 0 0 -1.7608377645938362 0
348 1 0 0 0 0 0 0 1 0 0 0 0 -0.5772514801748827 0
349 1 0 0 0 0 0 0 1 0 0 0 0 -0.5801958485646672 0
350 1 0 0 0 0 0 0 1 0 0 0 0 -0.7207840204600953 0
351 1 0 0 0 0 0 0 0 1 0 0 0 -2.762792417222378 0
352 1 0 0 0 0 0 0 1 0 0 0 0 0.4482817173311283 0
353 1 0 0 0 0 0 0 1 0 0 0 0 -0.3494819694834689 0
354 1 0 0 0 0 0 0 1 0 0 0 0 -1.090575243561561 0
355 1 0 0 0 0 0 0 0 1 1 0 0 -0.5772514801748827 0
356 1 0 0 0 0 0 0 1 0 0 0 0 -0.25490185261844 0
357 1 0 0 0 0 0 0 1 0 0 0 0 1.0109346185774735 0
358 1 0 0 0 0 0 0 1 0 0 0 0 0.9641541903866907 0
359 1 0 0 0 0 0 0 1 0 0 0 0 -0.1259258263952009 0
360 1 0 0 0 0 0 0 0 0 1 0 0 1.9030899869919435 0
361 1 0 0 0 0 0 0 0 1 0 0 0 -0.19691001285730889 0
362 1 0 0 0 0 0 0 1 0 0 0 0 -0.719273438141314 0
363 1 0 0 0 0 0 0 1 0 0 0 0 -0.5689473515108985 0
364 1 0 0 0 0 0 0 1 0 0 0 0 0.7485632763230793 0
365 1 0 0 0 0 0 0 1 1 0 0 0 -1.9851045392743225 0
366 1 0 0 0 0 0 0 1 1 0 0 0 -1.8709548063713028 0
367 1 0 0 0 0 0 0 1 1 0 0 0 -0.887064490709538 0
368 1 0 0 0 0 0 0 0 1 0 0 0 0.034433696495304644 1
369 1 0 0 0 0 0 0 1 1 0 0 0 -1.3500016751297956 0
370 1 0 0 0 0 0 0 1 0 0 0 0 -4.329754146925876 0
371 1 0 0 0 0 0 0 1 0 0 0 0 -0.8855539124522721 0
372 1 0 0 0 0 0 0 0 0 1 0 0 0.3884725489960622 0
373 1 0 0 0 0 0 0 1 1 0 0 0 -0.7207840204600953 0
374 1 0 0 0 0 0 0 1 1 0 0 0 -1.3529459831435344 0
375 1 0 0 0 0 0 0 0 0 1 0 0 -1.3514354294436077 0
376 1 0 0 0 0 0 0 1 0 0 0 0 -0.25490185261844 0
377 1 0 0 0 0 0 0 1 0 0 0 0 -0.25339126457143873 0
378 1 0 0 0 0 0 0 1 0 0 0 0 -0.25490185261844 0
379 1 0 0 0 0 0 0 1 1 0 0 0 -0.25339126457143873 0
380 1 0 0 0 0 0 0 0 0 1 0 0 -0.5801958485646672 0
381 1 0 0 0 0 0 0 0 1 0 0 0 -1.4612359898862488 0
382 1 0 0 0 0 0 0 1 1 0 0 0 2.1534775062665146 0
383 1 0 0 0 0 0 0 1 1 0 0 0 -0.6477836460786803 0
384 1 0 0 0 0 0 0 1 1 0 0 0 -0.25339126457143873 0
385 1 0 0 0 0 0 0 0 1 1 0 0 -4.774255381038744 0
386 1 0 0 0 0 0 0 1 1 0 0 0 -0.8601063464260024 0
387 1 0 0 0 0 0 0 1 1 0 0 0 -0.015620858206880956 0
388 1 0 0 0 0 0 0 1 1 0 0 0 -4.08460137849211 0
389 1 0 0 0 0 0 0 1 1 0 0 0 -2.8178026592278713 0
390 1 0 0 0 0 0 0 1 0 0 0 0 -3.132583781951269 0
391 1 0 0 0 0 0 0 0 0 1 0 0 -1.6647470182965174 0
392 1 0 0 0 0 0 0 0 1 0 0 0 -2.762792417222378 0
393 0 1 0 0 0 0 0 0 1 0 0 0 -8.596879478824182 0
394 1 0 0 0 0 0 0 0 1 0 0 0 -4.396855627379818 0
395 0 1 0 0 0 0 0 0 1 0 0 0 -8.596879478824182 0
396 0 0 0 1 0 0 0 0 1 0 0 0 2.2830589675543878 0
397 1 0 0 0 0 0 0 1 0 0 0 0 0.47712125471966244 0
398 1 0 0 0 0 0 0 1 0 0 0 0 0.47712125471966244 0
399 1 0 0 0 0 0 0 1 0 0 0 0 1.0 0
400 1 0 0 0 0 0 0 0 1 0 0 0 -2.7627924172223777 0
401 1 0 0 0 0 0 0 0 1 0 0 0 -1.4612359898862488 0
402 1 0 0 0 0 0 0 1 0 0 0 0 0.47712125471966244 0
403 0 0 0 1 0 0 0 0 1 0 0 0 2.13200666139923 0
404 0 0 0 1 0 0 0 0 1 0 0 0 1.386609710434084 0
405 1 0 0 0 0 0 0 1 0 0 0 0 0.47712125471966244 0
406 1 0 0 0 0 0 0 0 0 0 0 1 -2.3010299956639813 0
407 1 0 0 0 0 0 0 0 1 0 0 0 0.0017337128090005314 0
408 1 0 0 0 0 0 0 1 0 0 0 0 0.0 0
409 1 0 0 0 0 0 0 0 1 0 0 0 -4.230622673923862 0
410 0 0 0 1 0 0 0 0 1 0 0 0 1.9078604010327995 0
411 0 0 0 1 0 0 0 0 1 0 0 0 1.637189422148762 0
412 0 0 0 1 0 0 0 0 1 0 0 0 0.4870565415946182 0
413 0 0 0 1 0 0 0 0 1 0 0 0 0.10801020121625683 0
414 0 0 0 1 0 0 0 0 1 0 0 0 0.4265306904843328 0
415 1 0 0 0 0 0 0 1 0 0 0 0 -0.4235113475745693 0
416 0 0 0 1 0 0 0 0 1 0 0 0 1.9056879677118521 0
417 0 1 0 0 0 0 0 0 1 0 0 0 -7.22548303427145 0
418 1 0 0 0 0 0 0 1 0 0 0 0 0.0791812460476249 0
419 1 0 0 0 0 0 0 0 1 0 0 0 -4.027334407733889 0
420 1 0 0 0 0 0 0 1 0 0 0 0 4.301029995663981 0
421 0 0 0 1 0 0 0 0 1 0 0 0 1.7905575778832166 0
422 0 0 0 1 0 0 0 0 1 0 0 0 4.238064267052892 0
423 0 0 0 1 0 0 0 0 1 0 0 0 2.3285630693917176 0
424 0 0 0 1 0 0 0 0 1 0 0 0 3.9430000885704124 0
425 1 0 0 0 0 0 0 0 1 0 0 0 0.9963136075378236 0
426 1 0 0 0 0 0 0 1 0 0 0 0 -1.2949553798790987 0
427 0 0 0 0 0 0 1 0 1 0 0 0 3.158593492806645 0
428 1 0 0 0 0 0 0 1 0 0 0 0 0.17609125905568124 0
429 0 0 0 1 0 0 0 0 1 0 0 0 1.6175456651824316 0
430 1 0 0 0 0 0 0 0 0 1 0 0 0.7233530002880662 1
431 1 0 0 0 0 0 0 0 1 0 0 0 -2.9290730176625863 0
432 1 0 0 0 0 0 0 1 0 0 0 0 2.2898118391176214 0
433 0 0 0 1 0 0 0 0 1 0 0 0 0.7092020971610348 0
434 1 0 0 0 0 0 0 0 1 0 0 0 0.5725781972243728 0
435 1 0 0 0 0 0 0 0 1 0 0 0 -0.10998537412096827 0
436 0 0 0 1 0 0 0 0 1 0 0 0 1.7356787259059046 0
437 1 0 0 0 0 0 0 0 1 0 0 0 -2.130629386935623 0
438 1 0 0 0 0 0 0 0 1 0 0 0 -3.7647468618391917 0
439 0 1 0 0 0 0 0 0 0 1 0 0 -10.899629454882437 1
440 1 0 0 0 0 0 0 1 0 0 0 0 -2.762792417222378 0
441 1 0 0 0 0 0 0 0 0 1 0 0 -0.24369044193711303 0
442 1 0 0 0 0 0 0 0 1 0 0 0 -0.19691001285730889 0
443 0 0 0 1 0 0 0 0 1 0 0 0 2.594083019091813 0
444 1 0 0 0 0 0 0 1 0 0 0 0 0.10995886178096227 0
445 0 0 0 1 0 0 0 0 1 0 0 0 2.4136517520636995 0
446 0 0 0 1 0 0 0 0 1 0 0 0 2.4731510831307393 0
447 1 0 0 0 0 0 0 0 0 1 0 0 0.3508055580945624 0
448 0 0 0 1 0 0 0 0 1 0 0 0 0.4265306904843328 0
449 0 0 0 1 0 0 0 0 1 0 0 0 3.002600042966245 0
450 1 0 0 0 0 0 0 1 0 0 0 0 -2.929073017662586 0
451 1 0 0 0 0 0 0 0 0 1 0 0 -0.8290730033791007 0
452 0 0 0 1 0 0 0 0 1 0 0 0 1.8088184250921242 0
453 1 0 0 0 0 0 0 1 0 0 0 0 0.6020599913279624 0
454 0 0 0 1 0 0 0 0 1 0 0 0 3.557120856902174 0
455 1 0 0 0 0 0 0 1 0 0 0 0 0.6532125137753437 0
456 0 0 0 1 0 0 0 0 1 0 0 0 1.5963590311859215 0
457 1 0 0 0 0 0 0 0 1 0 0 0 -1.1808042844703375 0
458 0 0 0 1 0 0 0 0 1 0 0 0 0.7187246489831494 0
459 1 0 0 0 0 0 0 1 0 0 0 0 -1.2949553798790987 0
460 1 0 0 0 0 0 0 0 1 0 0 0 -1.8682580571384415 0
461 0 0 0 1 0 0 0 0 1 0 0 0 2.024567757196038 0
462 0 0 0 1 0 0 0 0 1 0 0 0 1.1627181974943654 0
463 0 0 0 1 0 0 0 0 1 0 0 0 1.9085922388475693 0
464 0 0 0 1 0 0 0 0 1 0 0 0 3.0111600592592094 0
465 0 1 0 0 0 0 0 0 1 0 0 0 -7.22548303427145 0
466 1 0 0 0 0 0 0 1 0 0 0 0 -0.09691001300805627 0
467 1 0 0 0 0 0 0 1 0 0 0 0 0.0 0
468 1 0 0 0 0 0 0 1 0 0 0 0 0.47712125471966244 0
469 1 0 0 0 0 0 0 0 1 0 0 0 -0.4761354315513012 0
470 1 0 0 0 0 0 0 1 0 0 0 0 0.6989700043360189 0
471 1 0 0 0 0 0 0 0 1 0 0 0 1.3424226808222062 0
472 0 0 0 1 0 0 0 0 1 0 0 0 2.0125841639141506 0
473 0 0 0 1 0 0 0 0 1 0 0 0 2.3066394410242617 0
474 0 0 0 1 0 0 0 0 1 0 0 0 2.6101276130759956 0
475 0 0 0 1 0 0 0 0 1 0 0 0 1.1829118754183172 0
476 0 0 0 1 0 0 0 0 1 0 0 0 0.22593438785422726 0
477 1 0 0 0 0 0 0 1 0 0 0 0 -0.09691001300805634 0
478 1 0 0 0 0 0 0 1 0 0 0 0 -0.15490195998574327 0
479 1 0 0 0 0 0 0 0 0 1 0 0 0.19312459835446155 0
480 1 0 0 0 0 0 0 0 0 0 0 1 -0.4649299032642738 0
481 0 0 0 1 0 0 0 0 1 0 0 0 3.250044101754224 0
482 0 0 0 1 0 0 0 0 1 0 0 0 2.767882793427878 0
483 0 0 0 1 0 0 0 0 1 0 0 0 1.8087509723495947 0
484 1 0 0 0 0 0 0 1 0 0 0 0 0.07918124604762482 0
485 0 0 0 1 0 0 0 0 1 0 0 0 2.5047290516212573 0
486 1 0 0 0 0 0 0 1 0 0 0 0 1.0128372247051722 0
487 1 0 0 0 0 0 0 1 0 0 0 0 1.4742162640762553 0
488 1 0 0 0 0 0 0 1 0 0 0 0 1.3021143769562011 1
489 0 0 0 1 0 0 0 0 1 0 0 0 2.721398375521505 0
490 0 0 0 1 0 0 0 0 1 0 0 0 2.721398375521505 0
491 0 0 0 1 0 0 0 0 1 0 0 0 2.2289529542182227 0
492 1 0 0 0 0 0 0 0 1 0 0 0 -0.8290730033791006 0
493 1 0 0 0 0 0 0 0 0 0 0 1 -2.6654595996595223 0
494 0 0 0 1 0 0 0 0 1 0 0 0 3.92004224351118 0
495 1 0 0 0 0 0 0 1 0 0 0 0 0.3324384599156052 0
496 1 0 0 0 0 0 0 1 0 0 0 0 0.255272505103306 0
497 0 0 0 1 0 0 0 0 1 0 0 0 2.2249213455840313 0
498 1 0 0 0 0 0 0 0 1 0 0 0 -5.519993057042849 0
499 0 0 0 1 0 0 0 0 1 0 0 0 2.478011687553627 0
500 1 0 0 0 0 0 0 0 0 0 0 1 -1.5494215687882846 0
501 0 0 0 1 0 0 0 0 1 0 0 0 3.2510063917776137 0
502 0 0 0 0 1 0 0 0 0 0 1 0 -10.899629454882437 1
503 0 0 0 1 0 0 0 0 1 0 0 0 2.1187605904423816 0
504 1 0 0 0 0 0 0 1 0 0 0 0 0.9493900066449128 0
505 1 0 0 0 0 0 0 0 0 1 0 0 0.1931245983544616 0
506 1 0 0 0 0 0 0 0 1 0 0 0 0.8050446218985038 0
507 0 0 0 1 0 0 0 0 1 0 0 0 4.798952954088969 0
508 0 0 0 1 0 0 0 0 1 0 0 0 2.092010867019091 0
509 1 0 0 0 0 0 0 0 1 0 0 0 -3.7647468618391917 0
510 0 1 0 0 0 0 0 0 1 0 0 0 -8.596879478824182 0
511 1 0 0 0 0 0 0 0 1 0 0 0 -0.4004210405154729 0
512 1 0 0 0 0 0 0 0 0 0 0 1 -1.5494215687882846 0
513 1 0 0 0 0 0 0 0 1 0 0 0 -4.027334407733889 0
514 1 0 0 0 0 0 0 1 0 0 0 0 0.8388490907372554 0
515 1 0 0 0 0 0 0 1 0 0 0 0 0.36172783601759284 0
516 1 0 0 0 0 0 0 1 0 0 0 0 0.32221929473391936 0
517 1 0 0 0 0 0 0 0 1 0 0 0 -0.19691001285730894 0
518 1 0 0 0 0 0 0 0 0 1 0 0 0.1931245983544616 0
