14 9
66 37
52 2
73 76
4 2
42 6
15 22
48 37
19 13
41 38
12 18
54 30
31 2
63 5
79 10
37 20
11 19
29 5
52 25
17 4
62 23
35 40
1 9
88 63
80 65
81 56
39 20
82 28
10 5
88 11
62 2
49 39
44 2
65 30
31 16
67 37
50 30
15 7
26 1
24 4
6 1
88 29
78 11
12 16
37 40
37 18
29 19
88 28
24 2
37 15
13 6
49 37
20 7
38 32
60 31
51 40
30 6
51 30
37 1
66 20
4 25
55 39
72 66
31 11
29 20
49 40
78 61
17 1
54 31
44 19
5 2
32 11
79 35
70 39
39 17
86 28
41 30
66 13
59 38
49 38
23 9
39 15
17 2
30 24
66 21
31 20
73 35
26 14
15 2
9 2
20 5
16 4
39 30
46 37
40 24
30 12
63 18
22 16
32 5
70 72
7 2
6 25
3 1
63 13
82 80
71 34
44 22
87 66
32 15
17 7
85 27
30 14
29 24
36 24
44 23
23 13
9 1
18 1
74 77
76 34
65 17
13 18
30 17
53 37
14 23
7 25
54 20
50 36
74 66
51 41
88 27
39 14
43 46
15 1
87 38
82 70
32 17
10 11
56 40
24 13
43 11
55 41
65 31
19 18
72 49
62 8
38 31
14 16
62 5
73 60
21 5
44 16
29 22
3 9
14 18
24 8
60 11
81 55
10 7
20 22
82 77
56 15
80 31
32 18
74 67
65 11
79 51
66 24
32 6
29 30
38 40
54 40
39 32
20 16
16 7
41 37
22 13
59 39
80 47
42 1
48 36
18 6
20 18
80 40
65 32
63 21
15 21
72 70
20 9
17 9
10 16
87 70
30 7
30 19
51 50
20 19
78 46
15 18
66 40
30 18
20 8
62 21
56 37
10 24
62 6
74 32
82 11
20 13
67 32
74 58
31 24
66 1
65 15
2 8
24 19
81 54
5 8
35 11
74 40
2 4
62 19
72 65
46 36
20 4
19 9
74 44
20 11
81 0
19 4
74 37
28 1
20 21
40 14
26 17
85 62
26 12
52 1
58 31
56 31
72 19
66 2
74 38
32 19
75 34
87 49
56 30
18 7
87 68
86 87
17 21
69 28
16 6
74 41
20 6
26 23
41 32
19 7
82 60
40 31
31 17
62 14
35 37
62 9
19 6
68 14
29 23
88 82
24 11
36 14
82 59
10 15
59 40
54 41
12 7
70 49
20 12
78 79
70 46
69 70
72 41
80 46
67 36
62 24
81 34
65 21
1 7
86 63
31 15
29 4
80 32
87 19
56 39
82 45
19 2
75 59
13 2
48 30
26 22
14 17
87 39
16 1
30 1
30 20
66 17
81 35
11 6
26 7
44 32
59 50
74 50
17 12
37 12
15 12
43 9
31 22
37 32
7 8
29 13
63 17
79 64
49 30
26 6
81 53
44 14
68 31
72 21
30 4
24 9
53 14
53 36
68 36
80 39
69 43
30 13
70 40
30 8
62 4
76 70
10 17
44 12
87 36
70 19
23 18
50 41
26 16
72 47
10 1
62 16
44 1
14 24
10 19
50 49
68 20
51 36
40 23
12 11
15 20
29 8
72 50
70 77
18 2
22 5
13 9
16 5
3 8
46 38
73 57
66 12
51 31
31 21
37 30
87 46
54 32
71 43
29 6
44 11
13 7
36 16
22 1
60 38
26 8
87 65
11 2
39 21
32 12
62 15
4 1
74 70
70 47
37 9
65 24
74 19
17 8
87 50
37 2
2 6
49 41
70 32
74 24
54 36
87 45
38 30
57 2
62 12
12 1
62 1
74 45
5 1
80 41
20 1
50 15
36 20
72 24
48 49
53 39
72 40
22 7
40 15
50 32
38 37
53 30
16 13
23 22
88 26
79 33
40 2
36 17
17 22
79 28
73 59
63 6
15 11
62 18
61 1
26 11
21 19
67 20
55 30
58 15
88 87
14 7
73 52
32 8
35 38
14 13
44 17
27 8
70 65
72 36
40 9
16 11
14 12
23 19
7 6
79 70
1 13
40 12
29 9
20 24
6 2
37 22
82 83
21 9
38 39
31 23
33 2
70 38
31 7
66 16
65 14
30 2
66 18
15 19
80 50
49 31
87 58
32 24
65 40
11 8
36 12
79 57
66 23
82 10
36 31
41 20
44 24
0 1
81 48
73 70
23 1
67 38
23 24
14 1
26 18
58 36
72 77
85 70
58 23
50 39
73 43
80 45
42 2
40 22
53 31
49 36
50 31
18 9
3 2
59 30
23 5
40 30
48 32
68 39
79 59
82 47
5 7
55 38
8 4
80 66
86 43
18 4
80 77
29 2
7 1
51 38
18 5
86 73
29 17
26 19
15 24
17 5
32 7
88 3
23 16
39 22
62 7
31 6
87 72
30 21
72 67
30 23
51 39
66 15
10 21
82 51
11 1
8 6
37 14
48 15
11 5
79 80
23 6
1 6
3 7
55 32
10 6
82 52
22 9
59 37
73 74
11 9
78 43
80 58
72 68
65 22
79 11
23 2
19 5
37 11
31 18
74 47
73 51
14 21
40 20
76 59
82 43
53 20
24 5
87 37
63 16
44 13
74 72
63 24
42 25
23 17
70 24
66 31
32 20
17 13
39 31
44 21
67 31
65 37
19 8
23 21
70 36
48 41
71 51
29 16
24 18
35 36
75 72
29 14
65 16
87 24
74 39
21 1
44 20
48 31
67 41
66 30
15 9
78 70
16 21
31 19
79 83
82 46
21 13
41 15
68 32
12 4
36 23
12 2
55 37
12 21
86 82
31 9
12 8
32 2
70 68
74 65
22 4
63 2
40 21
32 14
7 4
36 22
58 32
74 31
58 30
87 21
70 21
63 9
24 6
80 37
65 20
9 7
61 2
8 25
37 24
70 41
44 7
30 15
72 37
12 22
70 67
40 17
55 40
60 40
8 1
66 14
39 16
70 44
37 5
11 18
48 39
4 6
15 23
12 9
39 24
38 36
22 2
72 44
54 39
87 32
31 8
35 31
12 19
42 4
80 19
66 22
56 38
24 17
40 13
14 6
75 51
62 17
44 31
10 2
74 36
40 16
66 32
55 31
66 19
9 4
32 22
10 8
72 45
48 38
26 13
10 22
51 49
70 66
23 7
60 37
79 61
31 12
8 2
55 36
54 37
79 47
70 37
82 61
32 31
78 73
21 8
72 46
55 20
30 9
29 21
38 20
87 47
86 70
53 15
21 4
63 4
9 6
70 50
10 4
76 43
49 32
78 33
30 5
80 21
32 1
71 59
81 60
27 6
51 37
74 46
51 32
16 8
10 9
24 7
41 40
44 5
50 40
53 23
37 17
31 4
43 24
27 4
53 40
36 37
36 39
58 40
62 20
70 58
82 35
80 44
20 14
16 18
29 1
75 70
65 12
24 16
22 21
80 38
10 12
44 15
79 45
40 7
36 15
10 23
14 8
21 18
41 14
23 11
44 9
34 25
54 38
72 39
16 2
22 8
50 38
88 70
71 72
19 1
1 4
79 60
39 12
87 77
56 32
80 72
36 30
1 8
43 47
40 32
41 31
72 32
27 25
79 43
44 18
70 45
56 20
18 8
32 4
80 68
2 9
65 23
32 16
80 36
29 32
58 14
14 2
70 31
79 77
15 16
29 12
30 11
32 30
20 17
22 6
43 14
41 36
20 23
43 20
80 67
15 5
15 8
63 11
72 38
74 68
41 39
65 39
27 2
17 16
32 23
13 8
48 40
56 36
37 19
26 9
15 13
62 13
31 1
43 45
29 7
56 41
54 15
36 21
81 52
63 1
40 11
88 42
29 18
23 8
37 23
39 40
55 15
24 12
13 1
40 5
30 22
79 52
38 14
63 12
21 11
26 4
27 1
33 1
46 41
26 21
60 39
39 11
37 13
17 6
72 58
14 11
69 11
30 16
12 6
22 11
11 4
29 31
32 21
58 39
10 20
15 17
37 31
40 18
62 22
31 5
21 7
22 18
12 13
17 18
87 67
15 6
39 23
74 49
87 41
39 37
43 44
14 19
20 2
66 11
76 51
46 40
37 16
59 49
2 7
3 4
60 41
10 18
1 2
44 30
87 31
79 34
3 5
82 64
68 40
0 2
79 46
58 20
82 33
64 2
35 39
10 14
17 19
38 15
73 71
24 21
23 12
22 19
26 5
31 14
21 2
3 6
9 8
85 11
67 40
29 15
57 1
59 41
63 19
50 37
32 13
63 8
49 15
63 22
14 22
40 19
11 7
80 70
68 37
1 5
82 84
28 2
26 24
14 5
13 4
59 32
59 36
17 11
24 22
16 19
74 21
37 21
23 4
13 5
67 39
85 28
9 5
71 70
29 11
48 50
21 6
80 24
87 44
26 2
5 6
16 9
63 7
79 84
31 13
87 40
60 36
76 72
53 32
58 37
72 31
73 75
64 1
10 13
40 1
15 4
14 4
24 1
2 5
75 43
82 57
32 9
11 13
12 5
62 11
35 41
15 14
36 32
80 49
5 4
36 40
