29 5
41 16
60 2
110 29
35 33
36 6
54 71
144 67
110 3
81 17
69 1
68 20
130 7
135 35
66 62
58 33
8 34
130 8
80 2
40 4
8 23
54 37
87 8
110 18
99 6
72 13
161 126
26 20
145 36
125 3
63 71
53 25
140 10
71 19
110 16
35 1
7 21
93 35
114 9
107 108
61 63
8 18
56 27
145 28
71 30
52 65
157 47
60 68
23 3
37 7
11 21
36 40
128 2
71 29
71 40
93 71
130 17
128 16
110 34
62 64
161 117
101 66
142 62
69 9
58 7
120 10
155 43
17 16
66 59
121 32
163 84
53 11
70 30
68 23
19 7
8 24
131 7
27 6
163 43
11 4
115 58
52 57
60 40
88 9
44 16
24 5
1 30
129 9
105 10
7 38
153 152
163 128
162 41
160 80
2 6
130 4
38 19
103 6
161 124
142 64
71 8
145 5
71 24
141 67
103 7
38 27
33 15
35 29
83 21
98 54
111 56
63 8
156 144
130 1
15 12
158 45
40 14
41 23
65 68
61 53
85 3
92 63
34 27
102 8
121 39
4 27
122 7
60 30
29 38
136 68
152 124
154 90
60 54
144 69
69 37
131 20
44 5
137 20
41 2
160 145
23 36
39 11
150 48
142 61
136 30
3 21
60 15
162 111
166 116
53 9
110 19
116 70
80 7
22 33
1 40
122 6
148 23
160 43
53 4
41 34
55 35
84 87
67 15
85 54
126 63
97 59
70 33
66 61
130 15
154 152
33 19
71 9
167 135
29 7
58 8
94 8
31 2
110 31
156 116
155 109
154 98
67 11
151 114
3 7
163 96
37 4
111 53
72 11
81 20
155 157
161 94
156 87
132 61
131 16
24 2
70 35
53 40
56 32
106 69
10 37
35 16
69 16
53 68
142 56
19 20
85 40
110 17
166 94
161 55
126 59
70 15
141 56
82 14
22 21
69 25
4 38
40 5
93 63
152 117
6 19
67 5
114 65
159 152
31 8
56 36
163 115
48 2
154 64
163 106
145 35
97 55
162 115
64 34
56 30
26 5
48 40
54 21
68 18
63 68
72 17
47 14
19 21
53 20
1 19
102 10
146 36
18 16
9 69
159 46
44 17
39 2
154 124
59 53
135 53
164 32
155 106
111 69
167 136
116 59
148 67
116 67
25 3
17 18
22 39
26 3
147 32
162 80
53 33
122 29
121 3
166 61
29 6
36 11
114 64
163 129
158 154
145 27
28 2
2 32
30 6
106 63
8 31
42 17
160 104
48 23
0 8
35 27
23 6
24 20
26 18
3 37
27 37
70 18
121 37
147 15
92 58
12 13
24 1
68 9
150 63
38 3
41 15
159 160
18 20
15 18
7 12
143 10
31 24
128 6
85 69
68 11
52 62
68 4
35 8
160 128
136 5
165 166
121 35
26 36
149 58
70 25
7 5
153 106
9 1
115 63
10 27
29 40
159 51
9 48
61 10
91 9
108 60
9 31
34 6
24 4
67 23
10 26
145 4
160 99
68 67
145 12
109 15
5 30
154 59
156 94
156 43
32 27
39 40
10 18
163 104
152 66
55 58
147 23
53 27
35 28
93 53
53 37
55 60
10 24
163 89
131 3
58 26
145 9
157 45
166 91
68 3
40 3
22 12
114 54
143 8
23 12
100 9
152 62
53 23
110 33
164 52
36 31
4 32
110 20
30 18
29 18
44 9
107 55
163 145
24 11
1 5
162 109
160 23
145 3
71 28
12 4
54 1
8 48
27 21
101 57
81 6
61 9
154 148
25 11
36 4
64 69
144 68
31 16
3 15
1 37
30 16
108 65
85 15
64 58
160 87
155 76
121 23
61 64
9 7
11 16
19 2
126 8
68 27
70 11
146 32
156 124
10 36
58 32
148 2
122 9
97 64
163 136
1 16
39 5
136 31
152 86
1 18
122 19
22 28
10 6
161 148
136 1
120 8
60 8
135 33
26 12
80 3
156 90
150 53
159 99
161 85
120 4
110 28
137 6
55 33
36 15
114 53
146 40
158 76
84 95
115 70
70 9
112 1
86 8
157 154
23 40
42 20
145 32
38 6
32 11
145 40
93 26
156 57
140 9
136 21
163 95
117 48
147 1
156 88
112 4
135 60
2 39
152 36
114 69
127 64
29 19
129 5
10 48
71 38
85 60
54 16
166 85
152 55
161 97
115 56
62 53
110 37
30 40
160 125
23 38
154 92
23 20
48 12
57 64
146 19
56 5
156 93
72 37
53 7
145 39
62 65
51 50
136 23
26 17
18 2
68 35
66 10
125 8
114 68
31 15
71 25
83 13
36 28
20 17
6 5
161 116
121 16
35 18
22 5
58 56
10 39
60 27
3 27
166 98
55 54
126 68
66 60
9 12
166 56
144 58
63 36
10 68
38 8
24 15
10 25
38 16
158 84
101 60
28 27
161 143
80 15
136 39
42 5
152 60
70 19
42 7
10 70
100 54
32 6
9 29
110 27
23 17
116 58
69 12
117 58
85 28
7 18
33 27
23 15
154 74
136 27
161 144
55 26
143 55
141 63
21 14
126 71
154 57
63 33
146 3
44 15
55 68
108 63
63 39
9 38
29 17
67 8
132 54
3 38
24 27
35 37
94 10
56 69
58 36
84 92
53 19
163 92
51 13
60 32
25 27
36 3
22 11
146 9
155 153
85 26
39 12
144 9
99 3
154 53
9 53
115 54
68 24
148 35
35 36
43 8
71 3
164 113
10 32
31 17
86 9
3 4
58 9
165 155
63 9
33 25
97 61
3 32
19 15
22 15
56 23
66 8
107 66
124 8
142 59
4 19
136 69
3 1
48 15
42 1
54 35
167 114
121 4
85 56
54 68
90 9
160 102
53 15
161 118
64 70
40 2
111 64
113 13
93 36
34 8
8 16
48 30
162 42
33 9
26 11
165 152
68 37
152 144
52 9
22 1
26 30
58 31
11 15
62 56
34 31
146 28
156 152
69 26
163 150
85 53
60 36
8 32
159 81
35 3
107 64
71 2
135 48
152 59
41 6
39 4
56 68
150 61
129 15
120 6
160 106
153 123
76 62
72 21
166 95
146 8
156 56
58 71
110 8
85 35
127 56
36 30
48 31
8 25
55 56
63 23
60 7
56 38
141 70
145 2
6 18
26 23
101 55
54 11
28 37
98 53
35 40
27 19
53 28
26 39
147 67
80 20
69 31
132 56
112 17
147 2
100 65
131 1
154 94
117 54
143 9
15 37
160 78
72 4
48 36
116 69
163 152
10 5
26 33
92 57
160 95
164 49
63 32
69 35
57 54
9 40
36 32
3 24
12 21
164 50
12 6
38 4
128 5
72 14
55 71
70 71
41 7
27 40
145 38
101 64
21 16
120 20
159 136
41 4
122 4
145 31
72 20
36 19
63 25
85 8
124 10
27 1
89 9
35 39
147 10
110 5
24 32
85 71
5 16
3 29
135 67
141 4
32 5
69 40
63 38
32 16
71 21
62 10
127 59
165 136
84 23
40 1
59 58
161 88
24 30
35 24
76 69
163 112
76 59
4 17
154 143
59 26
122 1
127 108
7 17
164 23
70 16
60 56
166 44
154 89
106 54
72 12
39 1
107 62
147 5
20 19
116 9
81 5
166 154
3 28
166 55
110 38
65 8
152 141
71 18
53 2
161 53
116 61
156 65
4 40
64 54
114 8
39 19
36 16
155 150
130 20
35 4
56 2
42 13
139 8
0 1
135 71
54 6
155 80
154 36
3 18
76 66
166 65
152 143
33 28
36 21
110 1
144 10
8 11
10 2
8 36
128 1
10 71
6 38
26 9
57 53
57 55
154 104
31 1
96 8
66 55
43 3
159 23
148 9
160 73
152 63
162 49
53 12
147 6
31 19
97 98
22 31
82 13
73 10
25 24
67 37
35 5
38 2
77 9
151 136
30 4
54 31
116 55
103 21
25 38
26 21
135 69
160 161
152 58
111 9
33 20
115 55
67 26
94 9
120 17
85 30
165 84
74 9
60 10
15 16
70 6
71 27
161 65
5 15
32 37
114 60
20 18
121 19
44 3
48 3
155 42
71 26
125 10
8 28
156 97
167 110
147 21
65 63
95 10
22 3
23 5
81 10
118 9
100 66
101 65
78 9
156 126
70 1
138 16
132 64
151 75
161 154
67 1
143 59
122 25
68 31
3 36
161 64
9 32
158 47
107 54
110 25
7 19
121 15
106 55
10 40
152 56
35 38
160 90
56 9
155 96
87 3
40 20
38 11
155 130
61 69
11 12
148 63
115 60
103 8
137 4
136 60
155 135
36 24
152 118
128 8
61 8
154 95
30 2
4 21
141 25
34 25
25 4
107 63
63 3
144 8
160 123
60 70
54 27
32 21
63 24
163 78
93 34
4 39
70 34
56 34
159 92
8 53
28 6
152 53
32 12
167 113
132 59
137 3
15 19
71 20
28 4
167 52
26 25
63 7
17 19
99 4
25 1
87 6
39 7
25 17
162 52
147 3
146 30
141 24
28 16
163 134
122 70
143 63
135 8
149 8
153 107
71 12
110 40
146 27
158 107
159 155
53 36
77 8
22 18
96 3
136 70
136 34
65 64
37 18
143 53
152 93
108 61
8 27
60 26
160 105
127 55
12 3
63 35
67 27
70 5
4 5
161 152
97 63
142 63
10 12
53 1
100 58
146 6
12 5
152 116
22 40
120 5
156 148
147 20
153 150
151 23
56 8
160 150
162 100
122 67
61 60
101 63
160 44
51 14
152 74
129 1
157 83
127 61
70 4
126 9
35 30
142 66
9 35
135 59
23 29
53 31
28 5
154 66
100 60
10 30
156 117
33 38
67 29
80 6
25 30
64 56
69 18
84 88
2 1
3 30
69 27
155 120
155 146
44 8
153 76
10 38
97 54
99 17
95 8
4 30
10 4
71 11
23 2
159 139
67 9
31 32
111 65
4 20
160 47
132 58
4 16
161 104
64 60
152 44
39 27
0 10
34 16
144 59
35 11
35 21
163 161
155 107
33 8
34 19
34 40
160 92
48 38
24 17
87 5
35 19
100 57
104 8
143 64
1 17
85 29
54 3
1 27
67 7
56 25
163 107
145 6
34 29
8 33
66 64
136 15
68 16
158 46
8 4
56 37
152 87
110 67
8 3
109 17
63 70
25 12
67 30
9 71
33 23
137 8
147 38
122 21
157 123
147 8
60 69
83 14
162 131
20 16
136 40
64 48
7 30
30 3
58 2
116 60
59 63
54 32
61 34
9 21
150 60
28 1
152 148
106 53
54 2
23 7
164 119
60 9
166 149
28 39
157 152
152 64
59 68
56 31
33 31
53 21
108 58
93 8
136 54
31 39
98 61
18 13
117 53
29 37
68 25
64 63
33 1
99 1
163 42
38 7
25 16
8 40
156 36
130 6
157 84
85 68
122 16
101 58
5 18
62 9
4 18
67 18
34 38
156 61
101 56
29 32
152 91
154 144
28 8
68 38
72 2
162 138
126 58
26 31
36 29
4 1
122 36
52 58
69 19
0 2
64 26
156 91
8 30
8 12
33 36
55 8
85 7
36 27
136 33
81 4
154 56
8 29
22 23
7 27
114 63
147 53
40 11
142 97
154 58
101 53
10 7
129 20
48 24
137 1
117 56
110 15
132 55
18 17
60 67
53 67
5 40
36 1
155 127
27 18
68 6
161 74
110 2
167 22
25 32
48 34
36 7
154 62
97 57
19 1
73 8
121 21
156 53
34 4
159 135
32 40
26 6
3 40
30 21
84 74
54 53
146 16
122 2
69 3
130 16
12 17
112 16
32 17
67 48
37 11
58 70
116 54
66 63
58 24
128 7
136 20
31 18
39 32
9 16
130 21
161 91
136 38
95 9
63 28
147 35
3 6
29 39
129 8
63 56
60 39
112 7
21 18
2 21
159 123
127 66
152 43
3 31
3 20
155 131
122 28
87 4
22 37
9 25
151 152
131 4
7 11
34 39
48 35
152 85
68 5
29 21
23 37
68 30
27 12
110 69
160 77
115 71
34 23
37 14
151 51
34 32
53 71
163 138
71 37
149 64
87 17
85 38
30 12
136 24
156 74
108 98
160 107
70 39
127 62
9 37
146 31
116 48
164 135
109 3
22 34
131 15
166 143
40 19
58 3
109 2
69 70
157 107
70 29
37 21
141 69
155 158
69 23
53 6
148 60
65 59
121 8
155 152
146 24
129 10
59 54
39 3
145 34
10 29
120 3
54 69
60 3
38 40
41 21
25 5
69 71
9 6
68 36
160 115
116 71
156 104
147 56
64 35
28 30
146 18
121 9
81 2
35 32
31 38
144 34
56 26
111 60
100 61
4 12
115 67
58 25
29 2
122 24
35 9
24 19
149 9
84 38
9 17
160 129
34 17
155 138
19 13
6 32
160 96
131 5
156 66
28 11
141 35
61 55
121 17
138 13
2 19
153 83
161 57
40 7
48 1
33 29
67 28
145 21
121 24
40 21
152 90
26 40
79 50
152 105
97 62
122 35
48 26
161 89
66 54
19 17
67 36
59 23
132 63
37 1
166 87
26 28
161 60
69 21
159 49
107 9
90 8
108 97
145 16
56 28
40 12
49 14
104 9
32 3
52 60
153 47
22 30
137 21
60 29
60 24
115 8
155 115
69 28
11 2
37 6
159 133
117 61
26 2
108 54
150 58
33 7
24 37
57 8
69 30
132 65
24 39
142 60
27 30
156 98
63 2
10 16
149 10
67 16
35 15
121 12
41 17
43 4
56 70
40 37
70 36
33 2
154 86
117 55
135 54
64 71
105 9
71 36
20 37
156 149
98 64
146 39
15 21
99 10
12 19
57 62
121 26
103 17
21 19
151 84
112 20
149 59
81 21
33 32
34 20
162 132
162 112
4 6
76 64
2 27
155 112
146 1
121 7
166 142
22 29
54 18
54 29
137 7
122 3
70 40
140 8
147 7
53 39
32 4
80 21
139 9
146 15
166 104
129 4
163 120
27 11
163 90
141 29
59 8
166 60
117 59
103 16
25 8
158 106
54 33
160 49
8 38
25 40
68 8
69 34
11 14
110 70
144 71
76 56
23 31
53 35
108 59
161 61
156 143
129 3
24 6
68 29
53 48
121 5
54 20
7 6
18 7
145 30
42 6
63 31
122 33
150 70
67 33
98 55
68 34
160 133
23 39
160 51
166 86
31 7
163 77
163 109
54 34
31 5
8 37
114 59
63 67
111 63
135 55
111 8
70 23
139 10
64 53
121 1
33 24
8 39
71 23
152 65
160 83
123 14
154 85
144 70
150 55
57 10
39 18
31 37
71 5
70 2
91 10
34 15
117 69
153 127
69 2
70 37
3 19
31 27
28 20
7 2
31 40
32 8
63 54
93 9
48 29
154 63
84 93
10 11
26 8
157 82
42 2
111 54
167 163
70 31
57 66
28 40
27 3
146 5
148 10
148 56
68 19
108 56
71 7
136 25
105 3
54 38
63 53
34 11
36 38
110 35
115 61
42 14
65 70
161 142
48 9
154 55
160 134
39 16
110 30
156 44
167 166
58 23
115 9
26 29
48 4
54 7
110 32
131 2
32 30
127 97
12 15
54 15
93 70
143 60
8 71
9 15
44 10
121 28
27 7
37 16
41 3
54 17
34 7
9 68
3 39
154 97
121 34
160 113
40 15
163 88
26 27
67 34
131 17
103 1
67 4
18 6
54 9
159 45
156 64
153 154
110 9
121 29
120 7
136 7
160 86
121 33
9 67
58 69
80 8
136 28
110 4
81 8
87 21
98 56
38 17
8 21
68 15
44 21
106 58
26 38
54 39
65 60
93 68
67 38
160 127
11 7
150 54
1 20
161 86
146 33
132 60
107 56
34 36
96 9
103 5
37 12
48 11
24 16
25 20
103 4
8 70
59 3
27 20
7 32
25 37
34 1
90 10
145 24
121 25
55 9
100 64
84 86
69 17
154 126
161 66
34 24
127 65
23 28
11 1
53 18
34 21
43 9
130 2
67 20
162 128
9 39
10 21
29 1
44 6
7 37
112 5
58 35
25 6
57 65
23 30
3 25
121 30
66 58
152 88
66 65
8 1
37 5
63 6
136 3
145 18
98 57
9 70
99 21
22 25
70 27
31 28
29 4
141 54
145 37
93 10
166 53
162 82
156 55
34 2
160 91
162 146
71 15
55 23
57 61
70 8
22 26
25 19
158 115
63 48
107 65
161 62
126 56
136 26
105 8
6 39
114 67
68 17
18 5
97 58
34 12
166 66
146 2
138 14
85 1
23 16
22 32
18 14
85 67
120 9
111 55
2 30
110 23
80 5
121 18
153 45
148 34
145 7
160 45
69 24
70 17
54 36
162 119
155 128
128 21
141 23
152 94
36 18
156 89
3 5
69 7
146 20
137 9
87 9
163 99
6 21
22 8
138 21
62 59
61 56
55 10
81 1
89 10
136 8
54 25
117 71
128 20
69 5
114 58
109 16
106 61
120 2
110 68
166 148
144 3
137 5
160 121
72 16
10 3
150 67
121 27
65 55
77 10
33 4
122 17
61 67
109 7
122 68
0 4
143 67
164 152
158 150
109 6
52 56
136 17
143 58
69 36
41 20
152 154
154 118
60 33
136 29
160 120
11 19
53 26
7 40
26 16
150 64
151 52
6 17
85 24
28 17
58 63
76 57
159 84
151 99
48 18
67 17
166 88
10 17
122 71
24 3
126 64
48 37
72 1
22 7
3 12
85 23
39 30
2 5
9 27
67 6
126 61
98 60
52 59
97 9
166 117
60 53
23 27
166 57
110 24
34 5
60 71
160 136
162 145
145 33
155 145
127 9
67 2
81 3
128 15
54 28
25 29
65 56
146 23
66 9
49 13
67 19
31 21
142 58
29 24
98 65
17 15
87 15
163 86
122 23
2 17
33 5
160 81
65 53
158 152
28 7
152 98
38 1
22 6
6 15
159 134
26 7
33 30
126 55
91 8
122 38
146 37
160 135
143 56
152 92
117 9
107 61
22 19
55 70
148 58
86 10
56 4
97 56
70 3
6 30
8 19
154 43
88 10
8 26
154 91
64 55
144 60
11 3
64 59
60 28
129 21
62 60
57 59
30 7
93 3
68 2
126 69
156 59
6 11
3 23
135 9
143 69
121 38
54 67
8 5
142 55
122 18
85 9
127 63
70 24
132 9
29 27
141 3
114 56
53 38
18 19
59 9
141 9
154 65
0 6
29 3
1 11
116 63
46 14
166 74
166 43
59 56
153 82
126 60
55 67
53 69
61 71
81 7
122 32
8 67
157 127
161 108
87 7
148 8
87 2
135 34
38 15
55 3
72 5
64 68
160 109
76 53
152 104
12 7
153 46
133 9
58 54
15 11
44 4
115 68
163 133
19 5
141 34
7 15
158 127
127 58
73 9
128 38
17 21
61 59
163 41
163 80
84 91
4 31
6 40
9 20
16 12
67 3
156 118
99 7
54 8
137 2
110 71
30 15
23 19
32 38
48 19
71 31
65 71
135 63
65 67
67 35
136 71
164 122
156 147
122 30
87 1
62 61
54 4
135 26
38 20
20 40
129 16
33 11
147 36
110 12
44 1
107 60
121 31
159 102
143 70
70 12
28 24
92 61
167 53
49 50
58 53
5 20
39 6
34 28
122 26
116 68
18 1
42 21
129 17
68 32
132 8
8 6
19 6
33 16
71 1
2 18
53 17
72 7
53 34
28 12
41 38
84 94
36 17
143 61
4 29
65 58
152 97
74 8
23 1
80 1
149 55
52 64
122 11
71 33
141 58
143 68
36 39
69 29
12 14
32 15
114 61
162 114
146 7
160 89
85 31
85 32
6 1
59 33
97 66
161 87
67 12
152 108
22 36
163 94
31 29
32 18
136 4
112 21
166 62
150 9
103 15
44 7
57 63
110 21
166 59
110 39
10 1
167 23
166 124
60 35
11 17
53 8
59 69
93 60
56 11
101 59
166 105
37 2
33 40
104 10
9 3
67 31
4 28
30 20
165 163
35 25
85 10
8 2
52 53
71 39
67 39
112 2
99 15
58 10
144 54
74 10
106 8
162 51
53 24
92 65
12 1
153 115
65 69
138 15
160 79
121 20
23 11
148 36
31 25
163 87
129 2
19 16
160 137
7 1
113 50
64 10
26 15
152 126
102 9
109 20
59 71
28 19
161 141
112 3
154 108
112 6
31 20
23 25
1 21
78 10
63 1
109 1
40 18
111 59
26 1
76 8
9 26
163 121
57 9
98 59
130 5
56 35
154 142
26 24
122 39
27 5
35 2
106 60
3 17
53 29
85 20
57 69
163 75
30 5
57 58
93 23
127 54
136 6
28 38
53 32
108 62
59 34
31 11
143 54
145 8
161 95
76 58
48 39
25 2
160 130
126 70
30 37
161 92
160 50
20 11
150 56
71 34
25 18
56 24
16 19
132 67
80 38
122 12
39 8
67 70
37 3
135 3
53 30
72 19
28 29
122 20
48 5
56 7
8 69
26 37
9 23
152 142
10 8
76 63
85 36
165 135
154 87
84 90
67 32
99 9
58 60
159 140
137 17
59 10
166 147
75 8
67 40
85 4
106 65
112 15
67 21
151 135
63 69
10 23
87 20
81 15
61 48
2 40
160 76
27 2
7 20
27 16
103 20
146 12
136 32
9 18
134 8
63 26
33 21
9 4
144 26
103 3
62 55
110 48
69 15
70 26
154 61
116 56
9 30
55 53
166 108
93 67
163 135
34 37
146 38
163 131
115 59
5 21
156 142
106 9
154 105
36 8
113 14
148 4
137 10
38 18
80 17
2 38
54 30
129 6
166 126
137 15
29 11
163 81
156 62
98 62
36 25
47 13
150 68
23 21
24 12
161 43
150 59
8 68
52 61
76 65
109 4
69 68
107 97
62 58
4 7
154 88
122 37
152 147
68 28
42 16
98 58
130 3
54 40
5 37
41 36
39 21
70 32
160 74
126 54
114 55
31 30
106 56
160 75
98 8
121 11
72 15
84 89
62 54
64 67
162 101
141 10
85 2
60 5
62 8
162 79
160 88
64 3
132 68
97 60
35 31
62 69
117 60
10 19
56 33
110 6
135 68
6 16
155 84
85 34
152 57
135 23
156 63
10 67
25 21
148 3
106 59
112 14
22 2
128 3
166 144
26 32
35 20
161 58
0 5
152 149
31 3
63 4
126 48
31 4
68 1
84 67
66 53
12 18
28 32
35 17
81 16
80 4
156 95
52 55
54 5
156 58
146 11
126 67
144 35
34 18
9 5
115 53
52 8
163 118
121 36
147 4
101 54
63 60
60 31
3 11
121 2
145 25
76 9
30 11
136 56
34 3
41 5
122 8
3 2
156 141
98 66
156 105
161 44
128 32
89 8
93 54
109 14
160 152
18 15
29 30
39 17
161 59
2 15
52 63
125 4
37 17
147 9
146 21
4 37
41 8
145 19
65 10
108 64
71 16
101 61
70 38
48 32
9 11
29 15
59 55
24 40
40 16
58 38
65 61
22 38
146 25
10 9
110 36
36 12
36 20
56 54
17 14
6 20
163 125
137 16
125 7
103 2
160 41
28 3
27 15
141 26
98 9
160 82
117 8
35 6
117 64
80 32
56 40
143 71
152 89
84 85
63 10
160 46
56 15
122 15
63 34
162 0
161 105
8 20
8 7
58 39
57 60
33 6
58 28
8 17
4 15
69 39
68 7
162 103
85 5
75 10
28 15
161 90
53 70
122 31
136 2
132 53
117 70
59 67
53 16
141 53
142 65
154 44
161 36
135 58
29 20
163 91
24 38
88 8
144 55
52 66
62 63
100 55
22 20
155 156
143 65
16 14
146 29
151 49
160 84
166 89
97 65
161 98
148 7
161 149
11 18
101 8
39 20
119 50
18 21
100 8
54 26
126 53
148 53
41 35
2 11
6 27
136 36
141 36
164 136
1 15
121 40
145 23
108 55
22 24
22 17
34 9
85 70
115 64
20 15
163 74
69 4
167 152
26 4
48 6
67 25
61 68
35 26
127 60
159 73
48 33
160 146
154 149
15 14
159 121
9 24
45 13
44 20
50 13
128 17
127 57
48 16
48 21
161 63
75 9
69 8
9 33
141 2
2 16
70 28
111 61
48 17
99 20
11 13
71 32
100 69
27 4
136 67
141 7
160 138
128 4
33 12
35 23
6 37
157 115
142 9
145 11
167 72
155 41
67 24
141 60
28 21
110 26
67 71
10 20
55 63
85 33
166 118
163 146
85 25
60 21
163 124
155 136
29 8
4 24
93 33
56 71
3 16
81 9
99 5
69 67
66 69
156 85
54 24
9 36
29 16
36 37
12 16
57 56
9 34
60 38
78 8
142 98
107 58
85 27
39 15
5 11
153 84
70 7
69 6
23 4
58 34
96 10
142 57
65 54
38 37
71 35
29 12
10 35
60 25
121 6
93 58
154 60
100 56
70 20
147 34
108 57
100 59
166 63
152 61
5 19
154 116
48 20
60 23
106 64
10 31
76 55
160 118
99 8
23 18
22 4
149 61
108 66
144 63
161 93
154 141
163 44
59 35
5 17
160 42
163 76
12 2
48 7
111 58
37 13
156 108
43 10
161 56
166 58
149 53
149 60
71 4
160 94
150 69
69 33
68 33
22 9
32 19
27 17
11 6
71 6
66 56
53 5
17 11
167 50
60 1
40 17
166 90
38 21
26 19
163 102
50 14
34 33
141 8
166 92
80 16
149 56
69 38
9 28
54 12
117 68
35 7
32 20
115 69
69 11
163 105
107 59
31 6
60 6
72 3
34 35
164 114
154 147
101 62
100 63
53 3
157 46
52 54
61 58
122 34
120 1
59 60
131 21
37 20
56 53
116 53
159 75
21 11
152 95
162 83
20 21
9 2
158 123
166 141
39 37
8 35
107 98
117 63
156 154
136 53
10 28
122 5
145 20
48 8
2 20
144 56
64 9
63 5
22 16
115 48
158 82
58 67
14 13
122 27
162 130
119 113
38 5
8 15
22 35
39 38
4 11
110 7
0 7
33 37
32 2
110 11
142 54
25 15
68 40
38 12
32 1
34 26
109 21
61 54
58 6
127 98
141 71
10 33
159 129
150 8
37 19
157 106
28 18
31 12
146 17
136 35
163 23
72 6
35 12
92 97
25 7
166 36
155 125
125 9
25 39
117 67
145 17
76 60
134 9
141 68
76 61
36 5
163 137
33 3
24 21
93 69
42 15
166 152
68 12
41 32
54 23
145 15
59 70
135 70
160 112
68 21
58 68
154 117
38 30
56 3
145 26
65 9
60 34
56 29
166 93
71 17
141 28
61 70
10 15
116 8
166 64
131 6
48 25
163 130
30 19
56 39
149 67
85 39
100 53
4 2
158 83
12 20
93 56
27 8
32 7
24 18
7 39
16 18
9 8
99 2
0 3
150 71
149 63
55 69
157 76
33 17
109 5
145 1
33 18
160 124
144 53
56 67
122 48
25 28
124 9
55 34
60 48
10 34
136 48
141 33
159 47
23 8
154 93
156 86
63 27
132 69
34 30
157 150
101 69
11 20
64 8
18 3
24 7
156 92
164 51
22 27
122 40
100 62
69 20
48 27
72 18
19 14
87 10
63 29
163 127
129 7
70 21
161 147
0 9
145 29
98 63
18 4
30 1
107 57
76 54
40 6
11 5
116 64
56 10
7 16
160 131
23 32
36 2
44 2
24 8
135 56
166 97
73 3
141 31
123 13
69 32
156 60
41 1
37 15
46 13
163 73
58 29
136 9
33 39
48 28
146 4
30 17
101 9
68 39
41 9
