id met_invertebrate met_primary_producer met_heterotrophic_bacteria met_dead_organic_material met_heterotrophic_fungi mov_walking mov_sessile mov_other mov_other_nonliving log_mass mass_missing
0 1 0 0 0 0 1 0 0 0 -4.301029995663981 0
1 1 0 0 0 0 1 0 0 0 -2.3712032290698377 0
2 1 0 0 0 0 1 0 0 0 -2.4380954374653823 0
3 1 0 0 0 0 1 0 0 0 -2.748441103322807 0
4 1 0 0 0 0 1 0 0 0 -2.5396528129030744 0
5 1 0 0 0 0 1 0 0 0 -2.3315745699014996 0
6 1 0 0 0 0 1 0 0 0 -2.43447601664148 0
7 1 0 0 0 0 1 0 0 0 -2.4444896022018225 0
8 1 0 0 0 0 1 0 0 0 -3.3305194761167414 0
9 1 0 0 0 0 1 0 0 0 -3.690248502536241 0
10 1 0 0 0 0 1 0 0 0 -3.2591724694538073 0
11 1 0 0 0 0 1 0 0 0 -2.0389074327315884 0
12 1 0 0 0 0 1 0 0 0 -1.9183594083992683 0
13 1 0 0 0 0 1 0 0 0 -0.20528899583381566 0
14 1 0 0 0 0 1 0 0 0 -0.2854529461656211 0
15 1 0 0 0 0 1 0 0 0 -2.1759224164714857 0
16 1 0 0 0 0 1 0 0 0 -2.001373236475496 0
17 1 0 0 0 0 1 0 0 0 -2.228671556381563 0
18 1 0 0 0 0 1 0 0 0 -1.8328695998238638 0
19 1 0 0 0 0 1 0 0 0 -1.5127857215733602 0
20 1 0 0 0 0 1 0 0 0 -2.291458092196252 0
21 1 0 0 0 0 1 0 0 0 -2.155065471614301 0
22 1 0 0 0 0 1 0 0 0 -2.874855890668581 0
23 1 0 0 0 0 1 0 0 0 -2.639712820871053 0
24 1 0 0 0 0 1 0 0 0 -2.4640283775055027 0
25 1 0 0 0 0 1 0 0 0 -2.5053039890760505 0
26 1 0 0 0 0 1 0 0 0 -2.7924520693142263 0
27 1 0 0 0 0 1 0 0 0 -2.3543165447198016 0
28 1 0 0 0 0 1 0 0 0 -2.504042377514516 0
29 1 0 0 0 0 1 0 0 0 -2.4803326330386377 0
30 1 0 0 0 0 1 0 0 0 -2.3042656131434276 0
31 1 0 0 0 0 1 0 0 0 -2.523344413765398 0
32 1 0 0 0 0 1 0 0 0 -2.397892564591475 0
33 1 0 0 0 0 1 0 0 0 -2.7074039382755846 0
34 1 0 0 0 0 1 0 0 0 -2.8098955953783515 0
35 1 0 0 0 0 1 0 0 0 -2.794924264748693 0
36 1 0 0 0 0 1 0 0 0 -2.554049744336224 0
37 1 0 0 0 0 1 0 0 0 -2.075893638925886 0
38 1 0 0 0 0 1 0 0 0 -2.3975497533263126 0
39 1 0 0 0 0 1 0 0 0 -2.416622442366439 0
40 1 0 0 0 0 1 0 0 0 -2.231738722014685 0
41 1 0 0 0 0 1 0 0 0 -2.855305016168536 0
42 1 0 0 0 0 1 0 0 0 -1.495873746515867 0
43 1 0 0 0 0 1 0 0 0 -4.488116639021126 0
44 1 0 0 0 0 1 0 0 0 -3.670114194945575 0
45 1 0 0 0 0 1 0 0 0 -0.21661413891934903 0
46 1 0 0 0 0 1 0 0 0 -0.6582829158492705 0
47 1 0 0 0 0 1 0 0 0 -1.066454865751787 0
48 1 0 0 0 0 1 0 0 0 -2.9064025311997015 0
49 1 0 0 0 0 1 0 0 0 -0.603696016237837 0
50 1 0 0 0 0 1 0 0 0 -0.3600306764238471 0
51 1 0 0 0 0 1 0 0 0 -0.7159022393149707 0
52 1 0 0 0 0 1 0 0 0 -5.292429823902063 0
53 1 0 0 0 0 1 0 0 0 -3.3269772487370917 0
54 1 0 0 0 0 1 0 0 0 -3.75907402741743 0
55 1 0 0 0 0 1 0 0 0 -4.616184634019569 0
56 1 0 0 0 0 1 0 0 0 -4.016824927962187 0
57 1 0 0 0 0 1 0 0 0 -5.213248577854439 0
58 1 0 0 0 0 1 0 0 0 -4.394694953858891 0
59 1 0 0 0 0 1 0 0 0 -4.621602099051862 0
60 1 0 0 0 0 1 0 0 0 -4.095284454721319 0
61 1 0 0 0 0 1 0 0 0 -4.798602875679548 0
62 1 0 0 0 0 1 0 0 0 -5.074172425375258 0
63 1 0 0 0 0 1 0 0 0 -4.316052869248488 0
64 1 0 0 0 0 1 0 0 0 -4.747146969020107 0
65 1 0 0 0 0 1 0 0 0 -4.913640169325252 0
66 1 0 0 0 0 1 0 0 0 -5.147520006363144 0
67 1 0 0 0 0 1 0 0 0 -2.975950487666661 0
68 1 0 0 0 0 1 0 0 0 -2.9908232806905906 0
69 1 0 0 0 0 1 0 0 0 -3.2840843592981983 0
70 1 0 0 0 0 1 0 0 0 -2.9369873190377906 0
71 1 0 0 0 0 1 0 0 0 -2.9341447842582076 0
72 1 0 0 0 0 1 0 0 0 -2.1306611870648426 0
73 1 0 0 0 0 1 0 0 0 -4.603800652904264 0
74 1 0 0 0 0 1 0 0 0 -5.036212172654444 0
75 1 0 0 0 0 1 0 0 0 -5.148130399270234 0
76 1 0 0 0 0 1 0 0 0 -5.2247537402597635 0
77 1 0 0 0 0 1 0 0 0 -4.809668301829708 0
78 1 0 0 0 0 1 0 0 0 -4.931814138253839 0
79 1 0 0 0 0 1 0 0 0 -0.6954682743692796 0
80 1 0 0 0 0 1 0 0 0 -2.5010830982559042 0
81 1 0 0 0 0 1 0 0 0 -3.6636823857539413 0
82 1 0 0 0 0 1 0 0 0 -0.8353167569438102 0
83 1 0 0 0 0 1 0 0 0 -1.3979400086720375 0
84 1 0 0 0 0 1 0 0 0 -1.5231445118815192 1
85 1 0 0 0 0 1 0 0 0 -4.11690664142431 0
86 1 0 0 0 0 1 0 0 0 -5.006563769502388 0
87 1 0 0 0 0 1 0 0 0 -4.074172425375258 0
88 1 0 0 0 0 1 0 0 0 -5.245651664288981 0
89 1 0 0 0 0 1 0 0 0 -5.046240308266771 0
90 1 0 0 0 0 1 0 0 0 -4.801342913045577 0
91 1 0 0 0 0 1 0 0 0 -4.818156412055227 0
92 1 0 0 0 0 1 0 0 0 -6.133122185662502 0
93 1 0 0 0 0 1 0 0 0 -4.55129368009492 0
94 1 0 0 0 0 1 0 0 0 -5.046240308266771 0
95 1 0 0 0 0 1 0 0 0 -5.209714835966758 0
96 1 0 0 0 0 1 0 0 0 -4.686132779630847 0
97 1 0 0 0 0 1 0 0 0 -5.431798275933005 0
98 1 0 0 0 0 1 0 0 0 -5.308918507877031 0
99 1 0 0 0 0 1 0 0 0 -4.060480747381382 0
100 1 0 0 0 0 1 0 0 0 -5.266802734893431 0
101 1 0 0 0 0 1 0 0 0 -5.266802734893431 0
102 1 0 0 0 0 1 0 0 0 -5.141462802430361 0
103 1 0 0 0 0 1 0 0 0 -0.5220977179268421 0
104 1 0 0 0 0 1 0 0 0 -4.777283528852417 0
105 1 0 0 0 0 1 0 0 0 -4.600326278518962 0
106 1 0 0 0 0 1 0 0 0 -5.073143291050307 0
107 1 0 0 0 0 1 0 0 0 -5.485452247339714 0
108 1 0 0 0 0 1 0 0 0 -5.454692883534176 0
109 1 0 0 0 0 1 0 0 0 -2.2097148359667584 0
110 1 0 0 0 0 1 0 0 0 -3.2892118169285327 0
111 1 0 0 0 0 1 0 0 0 -5.046240308266771 0
112 1 0 0 0 0 1 0 0 0 -2.2455593100716977 0
113 1 0 0 0 0 1 0 0 0 -0.7330771819136819 0
114 1 0 0 0 0 1 0 0 0 -4.954677021213342 0
115 1 0 0 0 0 1 0 0 0 -4.818156412055227 0
116 1 0 0 0 0 1 0 0 0 -4.835647144215563 0
117 1 0 0 0 0 1 0 0 0 -4.835647144215563 0
118 1 0 0 0 0 1 0 0 0 -5.416801226031377 0
119 1 0 0 0 0 1 0 0 0 -0.9030482932487593 0
120 1 0 0 0 0 1 0 0 0 -4.195860567664649 0
121 1 0 0 0 0 1 0 0 0 -2.858379991445851 0
122 1 0 0 0 0 1 0 0 0 -3.0824425042558654 0
123 1 0 0 0 0 1 0 0 0 -0.4221955494687005 0
124 1 0 0 0 0 1 0 0 0 -5.175223537524454 0
125 1 0 0 0 0 1 0 0 0 -4.440093374963888 0
126 1 0 0 0 0 1 0 0 0 -4.835647144215563 0
127 1 0 0 0 0 1 0 0 0 -5.617982957425132 0
128 1 0 0 0 0 1 0 0 0 -2.494182806704345 0
129 1 0 0 0 0 1 0 0 0 -3.907058405452982 0
130 1 0 0 0 0 1 0 0 0 -2.395232712608126 0
131 1 0 0 0 0 1 0 0 0 -2.3181890345005662 0
132 1 0 0 0 0 1 0 0 0 -4.950781977329818 0
133 1 0 0 0 0 1 0 0 0 -5.459670525209126 0
134 1 0 0 0 0 1 0 0 0 -5.321481620959886 0
135 1 0 0 0 0 1 0 0 0 -4.632644078973981 0
136 1 0 0 0 0 1 0 0 0 -4.145693958198919 0
137 1 0 0 0 0 1 0 0 0 -3.3340439705460434 0
138 1 0 0 0 0 1 0 0 0 -1.1950295903751296 0
139 1 0 0 0 0 1 0 0 0 -5.006563769502388 0
140 1 0 0 0 0 1 0 0 0 -4.869666231504994 0
141 1 0 0 0 0 1 0 0 0 -4.431798275933005 0
142 1 0 0 0 0 1 0 0 0 -5.447331783887807 0
143 1 0 0 0 0 1 0 0 0 -4.935542010773082 0
144 1 0 0 0 0 1 0 0 0 -4.716698771296451 0
145 1 0 0 0 0 1 0 0 0 -2.855062320192027 0
146 1 0 0 0 0 1 0 0 0 -2.7587494584242336 0
147 1 0 0 0 0 1 0 0 0 -4.068542129310995 0
148 1 0 0 0 0 1 0 0 0 -4.403402904373539 0
149 1 0 0 0 0 1 0 0 0 -4.872895201635193 0
150 1 0 0 0 0 1 0 0 0 -4.835647144215563 0
151 0 1 0 0 0 0 1 0 0 -15.022276394711152 1
152 1 0 0 0 0 1 0 0 0 -4.220403508742176 0
153 1 0 0 0 0 0 0 1 0 -7.552841968657781 0
154 1 0 0 0 0 1 0 0 0 -5.448550002027125 0
155 0 0 1 0 0 0 0 1 0 -15.022276394711152 0
156 1 0 0 0 0 1 0 0 0 -6.0695604052333 0
157 1 0 0 0 0 0 0 1 0 -8.580044251510243 0
158 1 0 0 0 0 0 0 1 0 -6.440093374963888 0
159 0 0 0 1 0 0 0 0 1 -15.022276394711152 1
160 0 0 0 0 1 0 0 1 0 -15.022276394711152 1
161 1 0 0 0 0 1 0 0 0 -6.2716462179787715 0
162 0 0 0 1 0 0 0 0 1 -15.022276394711152 1
163 0 0 0 0 1 0 0 1 0 -15.022276394711152 1
164 0 1 0 0 0 0 1 0 0 -15.022276394711152 1
165 0 1 0 0 0 0 1 0 0 -15.022276394711152 1
166 1 0 0 0 0 1 0 0 0 -6.628932137728263 0
167 0 1 0 0 0 0 1 0 0 -15.022276394711152 1
