7 2
35 24
35 4
37 7
52 16
2 4
31 8
39 1
22 1
25 4
13 17
30 25
13 5
29 3
35 27
13 23
16 4
3 2
51 27
41 17
16 3
36 19
12 3
43 1
39 20
36 18
15 6
29 8
39 9
46 32
35 1
46 10
38 18
31 6
36 15
41 0
19 5
52 4
13 28
37 16
35 16
39 26
36 26
31 14
31 0
13 24
49 48
31 7
0 2
38 28
39 14
46 47
46 42
31 28
35 22
36 9
27 4
31 20
13 12
29 18
36 2
31 21
36 25
36 7
23 6
29 7
37 18
2 34
4 34
3 34
26 3
30 16
38 4
35 8
51 6
17 2
17 6
31 25
52 20
25 3
9 8
52 17
39 22
38 0
35 19
38 26
4 33
29 5
49 8
4 6
32 10
49 5
16 34
36 6
30 22
37 22
30 24
31 24
43 6
7 5
16 5
24 4
29 27
39 16
49 3
42 1
52 7
19 4
51 19
14 10
38 20
38 23
42 4
18 10
51 17
0 5
6 33
7 10
39 3
29 28
46 43
40 44
38 16
40 4
49 53
13 16
14 8
38 25
52 28
30 1
31 3
25 9
39 28
29 20
42 6
49 44
30 17
16 2
44 8
16 9
38 21
37 3
51 2
36 8
9 33
31 12
24 5
29 1
31 27
38 27
37 5
35 17
52 15
26 5
37 24
51 5
31 26
29 15
35 5
31 1
35 18
52 24
35 28
51 7
51 18
46 48
52 9
16 1
37 25
31 4
36 23
35 25
51 21
36 0
49 9
51 14
39 8
8 2
13 18
30 27
52 1
51 4
22 33
36 12
35 14
52 2
31 9
49 10
51 25
25 5
39 17
35 23
36 22
29 2
13 6
30 12
37 23
30 8
13 26
39 19
38 7
30 0
26 10
37 6
29 23
51 26
0 6
29 0
30 5
36 28
36 4
30 21
43 4
29 21
38 17
52 22
35 26
39 21
14 4
38 22
35 15
20 4
29 16
45 14
46 14
37 12
37 4
43 33
51 22
22 4
14 2
40 9
3 4
37 9
44 10
30 7
29 17
35 0
44 1
39 15
52 23
29 6
52 8
14 1
20 3
38 19
13 15
30 15
19 2
38 3
29 25
29 12
13 22
30 18
37 8
35 12
30 4
37 14
32 3
38 1
49 16
46 27
45 44
39 12
51 8
32 9
38 6
51 1
30 6
46 20
52 25
36 3
31 23
26 9
38 8
5 33
51 28
7 3
35 6
14 3
40 7
18 9
29 22
37 19
51 9
51 0
40 3
39 24
15 33
26 2
40 2
36 21
37 28
40 6
52 18
29 4
13 7
52 19
13 3
49 20
37 15
37 17
39 25
37 21
25 8
51 3
37 20
30 14
13 4
40 8
37 27
4 5
51 12
38 2
52 12
51 16
38 12
24 3
26 8
3 5
12 4
25 1
12 5
52 5
13 20
7 8
13 1
18 5
39 23
31 19
31 16
26 4
49 40
28 6
49 32
7 4
37 1
20 9
51 23
52 0
36 1
30 28
45 8
49 14
52 21
36 20
40 50
32 8
36 27
13 21
51 20
30 23
49 42
16 10
34 33
40 28
0 4
52 3
35 9
38 9
29 9
46 49
38 14
37 2
13 8
38 5
39 0
13 9
35 7
17 1
49 45
40 5
40 20
31 2
30 9
38 24
7 9
31 5
13 2
18 3
31 22
36 16
30 19
52 14
29 24
16 40
13 25
22 6
30 2
39 4
39 18
35 21
0 3
19 3
2 33
29 26
13 27
39 2
18 1
2 6
39 5
31 18
29 14
17 3
14 5
35 20
51 24
25 10
22 2
30 20
30 26
26 1
37 0
25 2
31 17
18 2
52 26
13 14
17 5
15 4
52 27
25 28
13 19
38 15
5 34
51 15
14 9
39 6
35 3
37 26
17 4
35 2
15 1
18 4
16 6
4 2
9 1
8 11
13 0
36 5
36 17
0 1
52 6
39 7
30 3
31 15
36 14
29 19
32 5
36 24
39 27
23 33
