11 16
23 7
27 4
20 18
11 4
16 8
14 18
1 19
0 3
28 19
14 20
25 4
4 20
25 1
28 8
27 3
25 7
30 12
10 5
22 4
8 9
5 19
17 8
20 19
11 2
24 5
14 21
22 2
30 16
2 21
14 19
24 6
25 3
20 8
20 21
5 8
15 8
13 21
11 17
11 5
13 8
6 20
2 8
30 14
10 2
16 21
17 21
13 20
26 1
6 8
27 1
25 6
11 15
14 8
26 4
4 18
26 7
10 4
0 5
23 5
11 7
24 7
17 20
10 6
1 21
5 21
0 1
0 7
18 19
30 1
27 5
13 18
26 5
30 2
30 17
22 5
27 6
18 20
6 21
28 21
22 6
23 3
22 3
25 2
4 8
29 21
7 19
0 4
19 9
23 6
5 20
7 21
24 2
18 8
24 4
27 2
15 19
22 7
21 9
4 21
16 18
30 15
23 1
15 21
26 3
1 8
17 19
11 12
16 19
24 1
27 7
11 3
11 13
30 13
5 18
11 6
3 19
4 19
16 20
0 2
3 21
11 14
18 21
10 7
15 18
7 8
23 2
0 6
26 2
23 4
6 19
26 6
6 18
10 1
3 8
22 1
17 18
10 3
30 3
11 1
25 5
15 20
24 3
13 19
2 19
