15 32
45 20
23 5
27 3
44 22
39 13
45 25
45 0
44 2
27 4
32 8
0 1
34 12
27 26
45 4
27 5
28 20
42 40
27 24
42 32
28 11
9 7
28 25
46 0
27 10
31 18
28 26
28 6
13 3
31 7
44 23
32 4
27 14
29 23
34 35
27 0
27 7
45 13
11 6
46 21
7 8
9 4
31 2
27 21
44 0
46 17
29 21
46 12
4 6
25 3
23 6
42 6
44 16
28 24
39 34
29 13
31 5
30 1
9 1
45 6
29 3
28 23
46 24
46 22
27 15
31 12
29 14
29 2
13 1
28 22
24 5
29 24
31 11
16 2
18 5
9 0
9 6
46 14
27 16
45 21
46 13
27 20
45 17
31 23
9 19
4 1
38 13
42 2
27 2
28 19
45 3
38 37
27 25
23 2
31 26
9 16
16 1
9 18
9 14
31 17
27 11
32 2
46 15
23 8
9 25
27 22
28 17
29 12
9 10
29 10
9 26
31 4
45 16
15 6
44 12
29 26
4 3
28 2
15 2
29 7
28 4
29 19
9 3
9 15
32 43
24 6
30 3
28 21
33 0
39 25
44 4
23 1
46 18
39 40
29 17
18 6
45 24
28 3
24 1
9 24
29 0
42 34
23 3
44 19
46 7
46 16
46 2
0 3
29 6
4 2
11 3
26 12
42 37
39 41
44 11
31 19
31 1
11 5
27 12
9 13
27 18
45 18
28 16
42 12
29 4
44 7
14 8
14 2
44 18
9 2
16 5
9 11
42 13
39 18
27 1
6 8
9 5
30 6
6 2
45 14
5 6
20 3
29 16
13 6
2 8
46 10
36 32
30 2
29 18
45 11
29 25
29 20
46 5
28 1
44 15
44 21
28 0
24 2
31 14
46 3
45 26
46 23
31 21
9 23
27 6
31 10
13 5
36 8
45 10
6 1
29 15
28 18
44 6
9 12
31 0
45 15
11 2
36 1
32 1
45 19
42 41
34 1
44 25
6 5
44 3
4 5
15 1
5 1
28 13
30 5
39 42
16 3
28 15
16 6
32 3
44 14
9 22
44 5
31 6
46 25
44 26
9 20
31 24
44 17
44 13
31 15
28 14
3 8
2 3
31 25
42 38
45 22
15 5
46 1
27 23
31 13
36 3
37 1
24 3
0 2
31 20
31 16
45 2
44 20
29 1
44 24
14 1
9 17
29 11
28 5
45 1
46 11
42 18
28 10
17 2
46 4
22 2
42 36
27 13
31 22
15 3
10 2
46 26
29 22
28 7
32 5
11 1
14 3
29 5
45 7
13 2
44 1
27 17
31 3
44 10
45 12
5 8
46 6
27 19
18 2
46 19
32 6
45 5
46 20
28 12
21 8
9 21
45 23
42 15
