87 11
5 16
108 7
57 5
5 19
60 40
15 18
43 2
98 7
35 41
90 57
109 98
127 97
111 61
98 32
98 20
92 17
56 37
26 5
42 14
51 14
6 32
43 16
85 57
5 18
95 31
22 18
41 34
7 20
98 4
40 1
101 61
106 57
124 111
40 33
107 27
100 60
65 8
17 1
23 34
61 7
118 120
27 3
121 84
34 17
28 2
36 38
40 31
41 3
24 15
69 16
117 60
36 28
7 34
6 16
15 16
29 18
67 69
90 37
119 106
25 2
60 38
7 36
6 31
122 73
37 27
31 2
127 98
23 29
4 23
122 96
61 36
117 58
111 106
41 20
130 111
37 18
54 33
33 15
37 39
107 13
28 13
125 103
51 30
25 29
106 58
56 57
21 17
126 99
35 18
32 33
119 60
84 39
117 62
72 8
117 68
23 32
25 32
55 59
117 85
124 102
36 24
103 62
125 63
118 108
104 6
25 15
18 20
53 30
126 94
61 58
35 23
91 62
37 32
98 38
103 4
97 37
108 34
56 28
85 42
74 7
118 81
80 62
29 33
53 20
48 8
40 2
89 41
56 32
41 42
64 11
6 29
60 25
107 40
24 20
127 47
125 68
107 2
40 17
75 60
39 42
42 25
98 3
75 59
108 15
8 33
8 29
36 20
25 3
91 57
89 36
69 2
42 18
120 114
131 53
99 60
111 65
37 31
54 5
59 57
89 39
131 52
36 2
28 18
21 19
13 20
61 41
41 30
63 2
26 29
28 3
47 2
55 6
0 7
36 29
0 2
58 56
125 62
100 62
3 26
39 3
41 2
70 7
55 57
128 46
39 28
60 32
41 23
23 4
118 84
82 58
55 58
56 7
42 33
128 123
7 1
130 79
39 1
1 18
122 45
96 6
100 61
130 74
107 1
107 28
130 103
126 87
17 5
35 39
67 56
6 36
111 89
4 38
48 4
6 25
111 103
98 28
18 11
124 108
36 14
24 18
102 20
87 2
24 5
128 98
119 74
112 111
63 29
122 23
25 20
119 61
76 58
85 38
85 58
84 41
120 115
51 20
76 61
80 6
111 90
101 60
5 31
21 11
58 38
49 50
2 16
5 24
119 90
28 5
42 30
56 5
97 41
25 18
38 5
103 7
4 16
35 26
40 3
13 15
61 8
33 17
56 41
37 11
124 93
108 18
128 99
97 60
117 61
93 15
57 31
40 15
35 4
13 2
112 91
8 41
100 56
66 18
119 58
105 11
56 27
34 26
51 2
107 15
23 19
86 10
121 117
16 14
92 16
30 20
127 111
4 27
30 14
52 17
117 59
119 103
8 34
7 17
41 29
36 5
58 60
8 15
56 2
75 62
72 7
69 1
122 113
107 11
94 23
52 20
5 3
29 16
117 69
12 10
56 16
14 16
117 89
57 37
108 13
63 5
23 18
1 24
20 30
20 17
15 11
46 16
39 16
63 6
46 3
26 11
26 13
37 1
87 1
111 60
127 70
42 16
108 23
108 17
117 74
84 36
51 18
37 13
89 57
42 29
6 13
89 60
35 32
112 67
105 20
21 20
60 31
117 65
130 61
27 24
7 28
121 80
82 40
57 3
77 1
7 11
60 24
13 3
57 16
47 8
61 25
119 71
130 58
12 11
109 100
80 57
122 104
35 16
127 68
51 28
60 30
95 37
37 6
127 81
18 16
56 4
38 13
76 6
3 17
106 4
25 13
27 17
21 1
76 7
40 38
27 33
38 23
98 39
2 32
15 3
126 0
29 15
103 59
56 23
57 32
102 11
5 26
31 3
111 63
51 32
62 61
122 64
8 11
35 31
80 7
124 10
54 19
120 80
60 33
34 32
96 7
39 20
106 60
60 2
50 29
122 95
58 28
108 32
42 4
59 8
98 33
100 37
7 30
36 34
91 61
128 10
88 8
122 110
34 2
56 1
131 66
57 14
18 19
40 20
4 40
5 20
14 19
22 5
98 40
107 5
125 58
16 19
35 27
126 75
122 44
125 74
105 15
22 24
82 36
129 118
17 11
57 40
90 60
108 14
23 5
57 25
51 15
47 4
88 6
125 79
37 24
109 99
130 73
46 19
60 6
98 27
124 81
41 26
57 11
126 110
85 39
37 33
124 44
130 69
111 73
34 29
120 67
131 92
4 41
40 24
5 11
44 4
107 26
6 23
64 10
117 103
1 29
51 5
48 7
37 3
124 67
84 4
28 27
118 54
30 19
8 26
84 60
27 18
6 1
125 111
23 11
119 68
4 31
28 33
72 4
57 33
26 17
46 1
124 64
39 6
92 11
35 17
40 14
95 38
71 8
61 39
6 57
22 14
1 11
59 56
126 107
22 32
58 41
128 24
30 11
130 62
127 125
108 20
27 20
50 11
105 16
41 5
16 30
78 10
119 85
126 12
27 1
29 20
124 91
39 13
20 29
35 7
32 20
16 13
60 34
35 14
11 15
106 61
45 8
69 4
43 3
67 70
20 18
39 29
82 60
60 37
127 67
37 16
41 13
37 7
8 25
111 69
99 62
5 32
111 85
29 14
56 6
23 14
51 26
128 101
101 7
62 56
130 65
124 113
60 39
32 30
30 1
4 37
124 45
41 17
39 14
109 55
5 1
124 96
3 18
57 34
90 40
25 34
46 14
30 3
126 101
14 2
21 18
40 11
80 61
62 4
3 30
7 32
27 31
108 26
67 31
1 26
39 31
54 11
5 14
32 3
53 1
32 19
13 18
36 13
67 72
31 30
117 106
31 13
37 5
85 41
51 7
37 40
7 23
62 57
3 16
124 47
87 20
39 34
4 11
7 13
31 14
127 94
122 118
122 124
32 31
126 93
89 6
35 20
8 31
63 1
39 7
124 114
117 72
127 105
20 19
32 16
102 7
84 58
11 19
8 1
58 36
39 32
52 2
91 59
56 3
13 17
6 3
124 110
77 3
63 34
33 13
128 53
130 37
36 26
46 2
99 57
24 14
47 7
57 13
103 61
56 30
40 36
98 14
21 5
122 67
37 4
128 110
51 17
17 20
32 13
94 61
27 2
44 6
31 33
98 41
81 11
13 19
109 97
61 4
57 17
117 111
21 15
63 37
124 65
84 7
29 5
61 56
107 38
99 56
38 14
3 13
36 1
95 23
15 2
34 3
58 27
68 4
61 40
22 13
20 15
8 14
55 60
51 13
109 23
48 6
69 6
0 1
89 56
79 8
51 6
26 1
126 81
26 30
89 61
54 29
25 14
2 5
67 23
118 112
52 3
30 18
118 93
118 94
109 110
29 30
16 17
38 42
39 30
2 24
128 23
106 42
58 4
2 14
37 14
55 56
98 29
8 20
2 11
80 58
91 60
58 39
100 6
57 30
92 18
46 29
25 31
84 37
42 31
102 2
105 5
56 26
42 20
90 4
6 11
109 45
112 114
30 17
93 1
72 6
94 58
111 62
119 70
130 72
42 3
76 62
23 17
8 38
31 1
31 15
107 7
7 37
63 27
76 40
98 1
107 29
34 4
34 1
38 32
28 32
63 24
39 4
32 2
83 12
127 84
22 4
124 80
90 41
30 13
27 13
124 72
109 95
91 56
125 90
118 107
33 18
25 17
111 68
54 31
101 62
99 37
107 16
50 10
131 97
119 69
33 2
33 20
61 57
40 30
7 38
88 7
124 23
60 4
27 30
97 23
8 3
35 6
112 113
100 4
8 27
23 13
117 63
128 55
101 59
35 38
35 5
56 8
23 15
57 24
28 15
8 2
56 31
119 72
3 15
50 23
87 5
118 67
47 6
131 100
56 39
124 54
33 16
93 20
98 31
95 29
63 57
66 20
33 19
128 95
65 7
51 25
6 14
124 97
128 86
8 23
42 2
23 30
53 33
107 41
102 3
60 36
80 60
39 24
20 16
43 5
14 15
53 18
7 31
24 17
125 37
53 16
37 38
58 25
2 3
122 123
93 2
38 16
57 7
76 60
42 26
33 30
42 7
98 42
6 40
105 19
31 24
107 34
112 84
59 60
35 3
30 5
34 20
34 15
41 6
43 20
24 26
8 42
125 59
126 50
4 15
112 117
0 5
29 19
130 89
39 11
38 1
58 57
38 25
21 2
39 25
63 60
58 8
28 29
85 4
66 11
38 17
4 32
4 39
52 11
125 60
41 28
32 18
22 1
76 37
125 61
26 19
42 11
56 40
65 4
41 7
124 98
35 2
42 15
49 12
3 29
46 13
80 56
45 6
131 23
35 36
27 16
89 42
22 20
67 71
7 27
42 28
0 6
57 38
102 4
120 117
119 65
41 24
119 117
30 15
9 10
6 30
57 26
59 6
76 4
7 40
23 16
99 4
84 6
60 5
124 49
126 82
119 111
82 37
34 14
121 91
127 87
23 33
106 41
103 37
8 18
44 7
0 4
87 29
53 13
131 22
129 111
127 65
63 28
117 37
98 2
130 59
57 23
40 41
124 88
129 127
98 36
75 57
24 16
75 40
70 4
41 31
25 4
55 62
11 17
127 23
87 16
81 19
66 5
102 6
67 38
1 30
100 59
89 58
2 17
126 105
24 30
34 5
97 25
107 6
23 31
28 26
25 7
127 69
98 34
22 11
23 2
117 56
93 11
58 37
127 74
81 2
54 3
100 57
106 6
25 16
60 26
101 4
127 108
38 2
51 23
25 27
126 54
63 26
32 29
32 15
56 42
42 6
96 4
8 4
90 36
20 11
7 26
8 7
124 74
130 70
22 23
13 14
120 111
79 6
51 27
7 25
57 36
29 17
127 96
60 3
51 1
125 106
118 97
101 57
29 3
98 24
14 1
36 18
46 20
67 68
29 1
34 24
63 56
18 5
38 11
17 15
107 3
106 38
6 20
57 20
63 41
3 24
128 111
130 63
40 42
4 14
60 16
8 39
40 4
98 5
107 32
62 39
60 29
37 20
98 25
122 111
28 1
52 15
104 7
51 33
14 17
61 37
5 15
8 30
51 4
106 37
78 11
71 6
111 74
7 4
8 28
61 28
63 40
3 11
52 5
54 20
57 29
31 29
69 5
15 5
31 4
38 27
112 116
122 115
35 33
51 16
32 4
122 116
109 101
59 62
2 18
32 5
64 24
54 4
46 15
2 15
32 11
85 61
64 29
32 17
38 31
28 23
107 17
41 14
52 1
1 16
66 16
121 111
40 29
14 5
63 23
89 4
101 58
67 36
127 102
40 34
81 33
128 52
34 11
107 39
36 32
100 58
124 84
31 16
1 13
106 56
54 16
18 3
124 94
41 33
97 38
23 20
37 17
85 36
58 23
13 16
84 56
40 39
36 41
21 14
111 56
66 3
26 14
83 9
128 100
30 2
17 18
35 29
38 6
35 24
77 20
98 30
24 1
41 18
70 8
56 13
107 14
31 5
131 37
92 1
107 23
6 39
77 16
2 19
38 24
63 8
35 11
90 58
107 30
95 24
36 42
31 18
63 39
106 39
97 58
56 29
126 115
11 13
130 68
111 59
127 35
46 33
77 2
59 58
25 1
68 8
125 71
63 4
119 62
24 29
87 3
24 13
22 3
28 7
40 23
105 1
51 34
97 39
59 61
57 28
40 18
4 29
37 34
68 7
103 57
1 3
117 70
8 32
111 71
2 29
26 20
131 99
34 30
24 2
7 3
34 19
128 66
127 80
60 13
27 23
2 26
131 10
127 93
69 3
8 16
101 6
35 1
126 76
21 3
125 85
108 27
75 4
118 105
6 4
37 29
26 16
124 116
35 42
77 5
124 115
124 73
40 28
32 24
118 91
39 2
2 1
90 38
22 26
26 33
131 46
81 1
66 1
93 3
89 40
58 40
108 1
6 34
82 61
28 25
36 17
42 32
130 85
91 7
103 60
40 13
111 117
38 18
4 13
125 73
57 42
41 15
63 31
26 18
35 30
126 100
111 72
104 8
131 127
105 2
36 25
87 33
1 17
128 78
82 6
5 29
112 115
74 6
43 19
18 2
61 6
15 1
62 8
126 83
131 111
22 30
40 5
1 19
126 49
57 27
76 59
37 23
120 91
102 5
66 2
17 3
14 18
107 33
53 2
111 37
81 3
90 56
23 24
122 98
98 37
28 17
98 11
119 37
63 25
29 11
40 16
106 40
0 8
62 6
41 27
39 38
42 34
6 38
5 30
31 20
45 4
127 91
107 18
69 11
67 73
39 26
111 79
18 1
118 80
20 13
126 9
8 17
15 19
62 37
54 1
57 6
33 11
38 4
87 15
5 13
62 60
22 2
127 71
40 27
101 37
39 36
97 27
16 18
25 5
35 15
41 25
27 26
124 107
126 84
130 71
4 2
28 14
22 6
85 40
4 20
99 6
125 117
3 20
131 55
46 18
124 70
38 29
36 31
41 1
55 4
4 18
127 48
98 17
39 15
90 39
63 36
22 16
8 5
97 56
97 7
41 32
28 16
111 70
62 40
65 6
125 69
52 16
35 13
60 8
28 4
85 60
119 63
82 7
118 98
6 7
38 33
34 18
53 3
118 121
122 114
51 29
36 27
42 17
80 59
53 17
36 16
119 89
27 29
27 4
60 56
45 7
50 24
131 21
71 4
127 43
39 5
41 11
88 4
6 37
108 33
97 4
82 39
41 16
24 11
67 74
6 42
85 6
97 42
79 4
60 23
42 13
60 28
37 42
97 40
121 114
14 11
108 24
84 40
99 58
25 23
108 4
61 38
85 7
82 4
1 15
130 90
56 34
98 6
38 20
25 24
29 13
40 32
102 8
124 69
22 25
16 11
127 72
108 29
7 29
57 2
57 1
108 31
33 3
31 17
118 111
75 37
103 58
6 24
38 30
125 56
93 16
124 125
8 36
55 37
8 13
92 19
127 73
124 105
93 19
101 56
7 16
94 60
60 57
39 17
8 6
109 111
40 25
28 19
129 98
26 2
2 30
58 7
92 2
7 5
27 19
57 39
75 58
4 3
37 30
105 3
51 11
131 101
6 2
83 50
109 64
119 59
120 113
40 6
129 97
36 30
92 5
56 38
27 7
36 3
27 15
4 5
42 23
130 117
2 31
82 56
14 20
38 41
37 26
85 56
35 37
4 30
106 36
94 56
1 20
27 11
39 27
22 27
79 7
4 34
75 56
92 15
55 7
53 11
8 24
41 4
124 83
28 31
50 31
34 31
60 27
77 4
128 64
7 41
119 73
103 6
28 20
46 5
68 6
122 97
33 5
33 1
108 19
4 17
52 19
66 19
38 3
36 7
59 40
64 31
124 48
38 7
97 6
14 3
108 2
59 4
3 19
5 17
6 5
58 42
37 15
108 3
49 9
61 42
127 79
98 16
22 28
25 19
119 56
117 71
6 41
82 57
129 130
4 36
42 27
56 25
124 43
43 11
38 28
17 16
39 41
81 15
53 19
17 2
125 65
6 27
36 33
107 24
84 61
22 31
56 36
100 7
108 16
31 11
13 5
28 24
127 54
92 3
108 11
40 26
127 88
32 1
49 10
46 30
126 55
44 8
40 7
63 7
98 23
81 16
4 1
95 11
81 20
107 42
53 14
121 113
22 17
9 11
2 20
29 2
120 84
118 119
107 25
71 7
119 79
107 20
34 16
111 58
13 1
25 33
23 1
97 36
53 5
31 26
46 11
24 33
97 28
90 61
74 8
121 67
6 17
27 5
84 38
36 11
54 24
109 67
7 39
6 28
81 5
13 11
102 1
108 5
60 7
90 7
23 26
25 30
51 24
69 20
117 73
70 6
24 19
28 30
107 36
57 4
121 116
11 18
104 4
26 15
93 5
97 57
59 39
95 28
46 17
117 90
129 67
125 89
38 15
117 79
131 98
36 4
98 13
7 14
107 37
125 72
106 8
121 115
37 28
17 19
62 58
92 20
61 60
6 26
38 34
130 106
89 7
99 59
89 38
126 114
28 34
107 4
131 130
2 13
75 61
54 15
60 41
75 7
39 23
99 7
112 80
25 26
63 42
107 31
102 16
39 33
35 28
56 24
84 57
124 79
28 11
106 7
4 26
120 116
34 33
69 8
24 3
36 23
37 36
126 43
56 33
127 107
33 14
63 32
30 16
124 35
59 7
38 26
108 30
51 3
35 25
54 2
42 5
4 28
7 24
4 25
76 57
42 1
34 13
51 31
125 70
43 1
127 45
27 32
126 95
89 37
77 11
31 19
91 58
27 14
124 95
16 15
60 42
98 26
75 6
124 71
130 60
126 108
59 37
62 7
52 18
26 3
51 19
23 3
69 7
39 18
74 4
124 87
15 20
36 15
126 77
22 33
63 38
118 43
37 41
32 26
35 40
126 86
22 29
27 34
36 6
103 56
95 36
84 42
76 56
90 6
90 42
7 2
124 68
128 97
91 6
22 7
25 11
118 87
35 34
21 16
37 25
99 61
87 19
55 61
58 6
22 34
22 15
130 56
128 92
53 15
42 24
127 44
32 14
85 37
4 24
37 2
0 3
