5 3
20 3
5 9
26 4
18 9
1 3
18 8
18 6
32 3
23 0
19 10
21 9
21 4
22 2
12 9
21 8
14 7
25 9
23 13
32 10
28 20
21 2
11 9
16 2
17 9
17 2
31 10
32 13
16 12
19 12
16 3
20 10
32 6
17 6
9 3
12 11
11 2
15 2
15 13
18 2
31 6
22 6
2 24
20 9
15 10
25 2
5 10
19 8
9 10
25 6
15 6
26 0
19 9
23 9
14 11
19 0
27 13
31 8
18 3
15 3
32 2
15 11
14 9
27 10
23 6
31 12
15 7
14 4
23 11
31 0
5 6
5 7
16 11
25 0
22 3
26 9
32 8
17 4
23 7
31 11
14 6
21 0
26 13
14 8
22 4
19 4
18 10
10 3
17 13
23 4
26 7
32 12
17 8
2 3
31 7
30 9
5 11
28 2
26 11
17 11
3 4
30 1
14 10
23 8
15 9
18 13
0 2
13 2
32 9
22 9
25 12
14 3
27 6
21 13
28 29
14 2
14 0
18 0
27 4
17 12
30 2
2 1
10 4
17 10
32 4
30 3
27 12
16 10
23 10
5 8
19 13
10 24
22 10
26 2
7 1
16 6
25 7
23 12
19 2
18 4
10 11
21 10
1 2
18 11
32 11
27 7
32 7
16 4
14 13
25 13
17 7
22 11
26 6
12 10
19 6
15 12
11 1
19 7
30 10
28 9
5 13
25 4
21 11
27 11
11 3
0 1
23 3
12 3
19 3
22 12
31 3
28 11
31 4
15 4
31 9
8 2
25 3
22 0
9 1
21 12
9 2
20 2
16 0
30 8
9 11
21 7
15 8
19 11
17 3
31 2
26 10
27 2
30 0
30 13
30 12
18 7
12 2
10 2
22 7
5 2
30 7
16 13
13 1
25 8
26 8
15 0
22 8
18 12
5 12
8 1
28 30
16 9
17 0
27 8
21 6
5 0
5 4
20 11
25 11
16 8
23 2
26 12
27 0
7 2
14 12
22 13
30 11
27 3
10 1
25 10
11 10
31 13
21 3
27 9
32 0
16 7
26 3
