20 2
41 4
7 10
21 11
12 11
32 11
25 3
2 1
15 1
11 1
47 18
23 1
49 4
20 4
28 11
40 9
9 1
27 6
47 6
23 4
14 2
45 17
9 6
0 5
21 25
21 8
42 8
43 8
45 1
43 9
45 9
41 5
18 3
30 8
17 6
2 6
34 11
47 0
26 1
38 10
30 6
26 5
13 5
14 6
28 23
46 11
21 9
16 8
12 8
39 8
28 26
24 6
34 17
2 4
10 5
13 3
3 2
17 5
23 5
21 10
24 1
28 27
28 22
41 3
27 5
14 1
39 9
33 9
31 6
29 9
18 1
39 11
19 10
44 10
19 9
20 1
16 9
34 9
22 4
45 4
31 1
12 10
3 6
37 4
36 10
18 6
42 9
21 18
20 6
39 17
15 6
10 4
13 2
29 10
27 3
26 3
28 24
30 9
0 1
42 11
18 4
7 8
26 2
45 31
32 9
47 31
3 4
34 0
36 9
5 6
13 6
34 31
19 8
28 9
14 5
41 1
35 8
28 13
25 4
42 10
34 8
47 17
37 11
21 26
14 4
35 10
27 2
14 3
40 10
17 3
39 0
38 11
0 6
40 11
43 11
27 4
45 8
24 2
37 1
5 2
21 20
39 10
17 4
28 10
49 6
9 4
39 31
25 6
17 1
15 2
33 8
26 6
44 8
38 8
18 5
10 6
21 23
15 4
34 10
24 3
34 6
30 4
13 4
7 9
11 6
28 14
16 11
37 6
21 14
19 1
30 1
10 1
41 6
35 9
11 4
47 1
34 1
13 1
15 3
19 11
25 1
30 11
21 13
29 11
24 4
3 5
21 22
0 3
17 2
0 4
22 1
45 6
28 25
20 5
15 5
44 11
31 4
2 3
45 11
33 11
39 4
37 9
34 4
0 2
46 10
25 5
22 6
2 5
44 9
38 9
29 8
45 10
16 10
3 1
7 11
46 8
10 3
8 6
41 2
19 6
8 1
5 3
26 4
21 24
23 3
5 1
28 18
24 5
45 0
25 2
28 20
40 8
32 10
23 6
21 27
5 4
47 48
8 4
33 10
36 11
39 1
35 11
37 8
18 2
12 9
36 8
28 8
39 6
19 4
32 8
20 3
43 10
27 1
10 2
23 2
37 10
46 9
30 10
