22 12
59 8
8 15
57 4
54 2
37 6
57 8
57 1
24 31
22 6
53 3
46 1
50 5
18 3
48 5
8 6
4 7
21 8
40 32
22 7
14 16
33 11
10 12
30 7
20 4
32 6
8 16
43 1
40 39
49 5
38 5
40 36
40 21
35 10
54 3
31 11
38 11
57 3
24 4
35 12
3 12
44 17
54 1
29 5
24 37
40 25
60 8
7 17
26 6
37 5
6 17
3 6
40 4
40 31
24 29
40 38
36 5
11 8
42 4
44 15
53 1
53 2
30 5
33 10
8 17
46 2
48 10
9 11
5 6
41 4
7 15
50 12
38 6
52 2
59 6
21 5
36 11
35 6
38 7
40 2
21 12
49 8
11 6
55 2
56 3
33 7
16 17
60 6
31 10
19 1
30 6
49 11
10 8
55 4
44 16
37 11
30 10
10 11
56 1
41 2
52 3
32 8
21 6
29 7
34 5
24 9
21 10
24 28
39 8
45 3
51 1
45 4
39 11
40 28
24 33
37 8
24 1
42 2
31 5
25 7
56 2
51 4
11 7
12 11
26 10
5 7
12 8
37 10
37 7
58 1
3 7
34 8
28 6
36 6
29 12
35 8
13 1
47 2
9 10
41 3
11 10
59 14
22 11
31 6
47 4
20 1
29 10
13 2
0 4
38 8
52 4
5 8
56 4
24 2
24 32
26 7
35 5
13 4
34 10
34 12
9 6
19 2
23 4
41 1
15 17
55 1
40 30
29 8
58 2
38 12
15 16
35 11
40 27
58 4
33 6
40 22
17 15
0 1
43 4
45 2
24 39
18 2
27 5
32 10
50 11
26 5
0 2
3 11
29 11
40 35
14 15
31 12
39 6
27 8
9 7
39 7
18 4
34 11
1 6
28 11
18 1
55 3
24 27
32 12
53 4
27 10
50 8
23 1
14 17
30 8
9 8
49 10
47 1
33 8
10 7
24 38
48 8
4 6
38 10
31 8
26 11
50 10
25 6
2 6
24 35
35 7
40 3
48 12
25 8
24 30
34 6
30 12
21 11
43 2
32 5
47 3
43 3
6 15
13 3
49 12
36 8
2 8
24 3
28 8
31 7
7 16
40 33
36 12
51 2
40 29
42 1
23 2
16 15
0 3
27 12
28 7
23 3
11 12
26 12
3 10
37 12
30 11
24 25
22 8
24 21
57 2
36 10
36 7
40 9
40 34
24 22
9 12
40 26
40 37
42 3
56 8
26 8
17 16
22 10
20 3
45 1
22 5
19 4
20 2
12 6
46 3
40 1
54 4
33 5
29 6
1 8
28 10
39 10
3 8
34 7
32 11
27 11
59 44
32 7
46 4
39 12
58 3
24 36
27 6
21 7
33 12
12 10
51 3
12 7
48 11
6 16
2 7
27 7
1 7
28 5
24 26
52 1
28 12
24 34
10 6
19 3
4 8
