46 8
44 7
14 4
1 7
27 12
21 6
46 5
25 15
43 8
47 1
3 13
22 13
27 8
23 5
21 8
23 9
31 9
4 16
7 5
43 7
28 8
22 3
26 9
21 9
47 14
20 8
29 3
23 4
40 36
23 12
28 14
24 11
43 10
1 14
32 38
40 5
25 10
19 11
40 16
44 10
24 3
31 7
43 2
15 18
20 5
44 15
14 16
27 10
7 8
47 9
40 6
21 1
23 10
27 4
29 15
0 4
42 15
20 1
46 9
25 7
41 7
24 9
5 18
4 3
13 18
2 18
29 11
25 4
25 5
32 33
40 38
42 5
0 10
8 14
8 17
42 7
29 6
0 9
25 6
41 8
27 13
41 5
44 13
27 11
43 9
0 6
31 2
19 3
47 13
19 6
24 13
29 13
1 16
21 2
43 1
29 7
9 16
41 15
20 12
23 7
19 1
24 14
47 8
43 15
20 14
24 5
27 2
26 4
31 14
22 11
10 3
41 4
23 3
31 3
28 3
27 14
47 11
41 12
27 15
46 2
20 13
31 15
41 3
23 13
20 3
41 10
43 11
25 11
26 7
44 8
0 13
43 13
21 7
0 11
25 8
42 14
25 9
4 14
21 12
43 6
21 11
28 2
47 2
28 5
26 14
31 13
20 2
42 13
29 8
24 7
27 3
1 8
20 11
47 15
46 1
24 10
40 14
24 4
42 3
0 7
1 4
28 10
7 14
42 8
28 4
30 4
14 11
32 17
40 39
26 3
31 8
32 35
25 1
28 12
46 7
44 11
28 11
31 6
20 6
47 10
23 15
40 12
26 2
22 14
47 4
29 14
42 6
43 3
24 2
29 12
8 1
40 45
29 9
19 4
29 4
20 7
47 7
22 12
28 13
41 9
27 9
31 12
46 14
47 12
46 12
22 7
25 12
19 12
8 7
20 4
0 3
43 12
46 3
32 7
46 4
40 1
8 4
44 5
40 7
31 4
22 6
32 37
19 9
41 11
19 5
41 13
4 17
22 10
25 2
24 1
0 12
28 9
44 2
32 36
42 1
19 7
19 2
19 8
21 5
24 12
41 6
19 14
31 5
21 10
43 4
42 4
47 5
21 3
4 8
32 40
23 14
27 6
44 6
8 16
26 8
22 2
43 14
26 10
0 8
16 13
22 8
7 1
19 10
7 4
6 14
1 17
16 3
0 1
26 5
44 12
1 5
22 5
42 11
0 15
21 4
46 10
42 10
26 1
45 18
28 1
23 1
26 13
24 15
40 35
0 5
41 14
47 3
27 5
26 12
22 1
38 3
7 16
31 1
28 6
30 1
43 5
24 8
21 15
32 39
47 6
41 2
23 8
40 37
46 6
0 2
29 10
26 11
25 14
40 30
22 4
44 1
25 13
30 10
26 15
16 18
19 15
4 18
40 34
42 12
0 14
20 15
4 5
42 2
22 9
41 1
22 15
31 10
32 14
32 34
21 13
21 14
23 11
28 7
23 2
30 14
40 4
40 11
46 13
44 14
6 16
46 15
29 1
29 5
40 17
26 6
7 17
20 10
29 2
44 9
23 6
20 9
24 6
27 7
42 9
31 11
14 1
8 5
30 7
19 13
28 15
27 1
44 3
40 8
25 3
44 4
14 12
46 11
