18 10
3 4
11 14
13 4
8 2
10 2
31 10
7 3
14 1
18 16
24 8
4 23
27 4
26 4
16 3
31 17
8 4
29 5
18 17
28 0
15 2
27 7
27 26
11 17
0 3
31 15
3 2
28 26
26 2
20 7
18 9
17 4
6 7
13 2
12 2
18 7
22 8
16 4
3 1
14 2
27 0
18 12
15 4
31 9
28 4
10 4
12 1
9 2
30 4
11 15
16 2
28 5
31 14
11 13
7 1
19 7
0 2
17 2
31 12
14 4
11 16
13 1
18 15
18 13
11 8
0 1
15 1
1 4
10 1
15 3
28 8
1 2
21 7
0 4
25 4
9 3
5 1
29 0
10 3
1 3
24 7
2 23
22 7
27 5
8 1
29 10
25 1
14 3
29 4
12 3
20 8
13 3
31 16
18 14
18 8
9 4
7 4
27 8
16 1
28 7
29 26
11 7
5 4
5 3
12 4
19 8
9 1
21 8
31 13
11 10
17 1
11 12
8 3
5 2
25 3
11 9
6 8
17 3
7 2
