19 1
30 8
19 6
29 4
26 1
35 1
24 1
9 6
30 3
21 1
24 5
33 5
34 6
32 1
0 7
35 7
26 5
31 5
14 7
8 16
11 5
19 3
19 5
24 6
35 2
31 8
9 7
11 3
18 8
0 1
14 3
10 1
10 5
22 3
12 1
27 7
23 6
20 4
31 3
26 2
18 5
9 1
0 8
11 6
35 8
28 2
20 7
20 3
28 8
20 5
35 4
12 7
25 8
0 2
11 1
16 17
33 7
29 8
13 3
25 2
25 4
34 4
1 16
25 5
32 5
29 7
18 7
26 8
15 2
11 7
10 2
34 3
13 7
18 1
15 6
20 8
13 4
23 8
25 1
29 5
24 8
15 4
2 16
9 5
22 6
33 3
33 8
19 2
3 16
34 5
28 5
35 5
4 16
9 8
30 5
14 5
29 6
33 4
31 2
33 6
23 3
30 1
32 8
2 17
30 6
26 6
23 2
0 6
15 5
15 8
31 6
36 17
8 17
9 2
30 2
32 4
22 5
24 3
31 7
28 3
0 4
34 1
28 1
23 5
32 7
12 2
21 5
10 6
13 1
11 8
21 4
20 6
21 7
23 1
23 7
35 3
9 4
6 16
22 1
18 6
1 17
24 7
28 7
32 2
24 2
14 4
22 2
26 3
12 5
21 6
12 4
32 6
29 2
22 7
13 6
35 6
20 1
31 4
11 4
15 3
10 8
15 7
19 7
14 8
14 2
21 3
10 3
10 4
3 17
28 4
0 3
25 3
18 3
26 4
5 16
33 2
34 2
25 7
12 8
11 2
19 4
9 3
23 4
6 17
24 4
21 8
12 3
14 6
34 8
33 1
31 1
22 8
10 7
0 5
7 17
20 2
22 4
4 17
28 6
30 7
21 2
5 17
25 6
15 1
12 6
29 3
13 5
19 8
26 7
30 4
29 1
34 7
18 2
32 3
14 1
18 4
