5 10
23 8
18 6
27 3
9 8
11 7
28 9
18 4
26 5
15 11
15 3
20 3
15 8
13 9
21 1
15 5
27 10
18 7
15 10
22 5
28 6
3 6
17 2
9 6
18 1
13 3
1 8
16 2
29 5
29 1
7 10
0 2
9 1
18 10
0 11
14 1
27 7
29 3
3 9
16 5
29 4
13 7
13 10
13 2
11 6
13 1
28 10
18 11
29 2
1 5
5 1
13 8
29 8
15 1
12 8
26 6
11 9
4 8
19 2
21 3
18 8
24 25
20 2
3 8
23 7
22 1
21 2
26 4
4 9
28 11
21 7
0 8
19 9
21 10
1 10
26 8
0 7
26 3
17 6
16 6
4 6
11 5
20 6
0 5
16 9
7 9
19 6
29 7
14 4
1 6
20 1
16 3
14 2
17 1
14 3
26 7
18 9
19 11
28 5
0 6
24 5
19 3
17 7
20 8
15 6
16 11
20 4
11 1
28 8
23 5
27 2
0 4
9 12
21 6
28 3
14 7
13 6
21 4
14 8
21 5
23 4
27 4
21 11
7 8
21 9
19 5
26 11
5 12
7 6
26 12
26 1
16 1
5 9
15 7
18 2
17 3
23 10
17 8
19 10
23 1
0 1
1 12
16 8
27 9
16 7
23 9
15 9
7 1
28 1
27 5
16 10
20 11
28 7
14 10
16 4
0 3
23 2
5 8
14 5
26 9
29 10
1 9
0 9
20 9
27 6
21 8
13 11
13 5
26 22
17 10
19 1
19 7
23 3
17 5
28 2
0 10
20 7
22 9
5 6
18 3
18 5
27 1
19 8
15 2
17 4
5 7
26 30
23 11
17 9
28 4
14 9
20 10
7 12
14 11
24 26
23 6
20 5
15 4
14 6
19 4
29 9
27 11
13 4
1 7
26 10
29 11
29 6
24 9
27 8
17 11
