45 13
19 13
19 11
33 8
39 11
38 12
38 7
45 17
43 10
44 4
33 5
26 8
20 12
21 13
2 1
39 8
43 6
26 13
25 8
19 5
33 14
34 13
44 14
18 6
20 16
34 38
40 1
31 17
26 3
41 11
17 8
26 17
2 6
38 30
29 14
39 15
33 7
22 15
33 6
34 8
44 7
44 3
23 15
28 11
37 12
9 1
19 15
42 1
43 5
33 11
24 7
38 1
43 4
19 6
38 18
20 10
26 14
43 13
29 6
45 6
26 5
25 10
42 12
19 3
28 7
21 1
24 15
39 18
21 10
24 18
45 18
5 11
26 16
39 1
14 11
20 8
38 17
28 17
33 9
26 12
23 18
39 13
38 4
44 12
44 10
42 10
26 4
19 7
41 15
2 10
2 9
23 16
20 15
40 17
24 13
27 11
29 3
26 9
44 1
13 1
25 18
31 18
40 3
43 3
21 16
23 9
29 9
34 30
25 12
23 1
23 8
45 14
40 12
25 6
40 16
42 3
38 41
45 8
37 13
23 6
42 11
21 8
25 16
25 17
42 17
44 17
20 3
24 14
43 11
20 6
45 9
28 14
10 6
40 9
26 10
17 9
31 3
2 18
33 15
40 6
43 9
23 14
25 9
21 3
38 37
9 8
5 6
38 9
20 7
39 10
2 12
28 9
28 18
21 6
31 5
42 9
44 11
31 13
42 18
34 35
26 1
34 0
2 13
20 13
31 8
19 14
33 18
40 11
2 7
29 7
24 9
33 13
45 12
31 15
28 8
21 4
37 1
23 5
2 3
31 12
45 3
24 10
44 18
45 11
21 14
31 14
31 16
43 7
26 6
33 4
20 5
44 13
19 18
29 8
21 17
42 16
40 10
25 4
0 1
21 15
31 7
5 27
30 15
38 36
20 1
31 1
21 11
40 5
42 13
1 12
20 4
26 18
29 13
39 5
38 5
31 10
45 1
44 6
8 4
25 11
6 11
17 1
42 8
29 4
40 15
20 9
1 13
25 13
38 8
33 10
19 12
23 7
28 13
31 11
21 7
29 1
2 14
40 8
19 17
38 16
28 5
20 18
26 15
43 18
42 14
43 12
2 17
28 12
2 4
8 1
45 16
40 13
24 4
26 11
44 9
24 1
25 7
24 6
20 17
43 8
42 15
16 9
29 17
29 10
44 5
24 8
8 9
19 9
25 3
38 35
38 0
29 18
42 7
17 16
45 10
29 12
33 17
43 1
27 6
16 4
23 11
21 9
40 18
25 14
34 37
39 17
17 4
28 6
33 16
25 15
2 5
23 12
28 15
25 1
28 3
19 16
28 10
39 4
34 16
26 7
42 6
33 12
42 5
23 3
28 1
34 1
21 12
31 6
39 16
19 10
45 7
2 8
29 15
24 16
39 14
20 14
44 8
9 4
45 4
33 3
44 15
33 1
29 11
21 18
24 17
39 12
20 11
43 16
43 15
16 3
42 4
24 3
39 7
23 4
43 14
23 13
23 10
45 15
9 16
24 12
45 5
28 16
39 6
19 8
19 4
2 11
29 5
16 15
44 16
24 5
34 36
31 4
2 16
40 4
21 5
8 16
39 9
23 17
32 11
25 5
40 14
24 11
29 16
40 7
28 4
43 17
19 1
34 22
7 1
31 9
2 15
39 3
