5 2
36 2
12 2
29 1
25 9
23 2
48 5
46 15
27 15
30 1
47 28
29 4
6 37
21 1
41 2
48 11
44 5
52 4
33 30
10 1
48 4
55 7
51 50
21 5
0 1
46 3
51 25
21 8
33 1
45 5
9 2
13 4
18 6
17 7
48 12
3 2
48 1
11 4
55 1
20 8
14 7
49 3
36 5
29 14
22 1
29 11
51 47
0 2
41 7
18 1
49 1
38 18
9 8
48 15
44 3
48 13
16 18
11 8
35 30
30 2
46 5
7 15
38 40
55 2
39 20
51 10
14 6
25 26
9 7
40 2
12 1
39 19
51 52
10 12
38 17
17 6
7 37
38 43
30 4
51 49
38 35
46 11
20 2
6 8
13 2
4 1
38 41
46 2
27 5
21 9
24 2
14 4
31 2
24 13
39 21
17 9
39 18
40 22
51 24
14 9
23 5
11 3
44 4
18 8
7 13
10 13
22 2
24 5
54 1
9 23
42 3
29 3
51 36
27 28
20 37
21 4
51 1
51 35
52 2
27 25
47 5
24 1
34 1
14 5
17 23
43 1
49 2
51 44
0 7
46 1
33 2
29 15
29 5
28 1
43 3
35 5
34 22
45 1
0 8
14 8
9 6
55 6
12 4
42 1
17 8
11 2
0 5
24 15
50 2
23 9
51 48
18 7
10 11
49 5
7 8
46 14
23 1
44 1
55 23
53 30
11 1
39 17
14 1
0 6
53 2
44 13
27 1
51 20
51 34
29 12
7 23
53 5
43 9
50 1
9 37
44 2
17 2
44 11
27 2
40 1
23 8
43 2
3 4
21 6
10 5
10 2
47 2
38 23
20 26
10 4
0 3
10 14
23 7
51 46
47 4
21 3
0 9
21 7
51 53
36 37
19 1
47 1
18 23
41 6
7 1
18 22
44 12
41 9
32 2
44 14
42 4
32 5
48 14
7 6
38 36
43 7
29 2
10 3
21 2
4 2
43 4
29 13
15 1
11 6
33 5
43 5
41 1
31 1
16 17
51 29
41 8
45 2
23 6
20 9
15 2
51 27
17 1
55 9
43 6
10 15
46 4
5 4
20 1
28 2
19 45
52 1
38 25
5 1
44 15
27 4
18 9
7 5
11 7
15 4
23 4
32 1
17 22
7 2
11 5
35 2
38 19
11 9
36 1
51 33
18 2
14 3
45 30
9 4
16 19
34 2
46 13
49 4
42 5
16 20
13 1
55 8
39 0
42 2
53 1
48 3
28 5
52 5
55 22
19 2
54 2
35 1
0 4
41 23
52 3
3 1
43 8
9 1
23 37
9 5
38 39
47 15
46 12
14 2
38 42
48 2
