13 1
8 1
16 5
21 7
20 7
2 14
19 8
8 5
19 17
2 4
25 8
23 14
2 3
19 11
25 15
2 12
19 5
25 10
0 1
8 18
19 6
24 14
2 1
25 4
5 18
20 1
2 11
21 13
23 16
20 8
13 14
1 18
2 8
25 3
24 22
8 14
19 16
20 3
20 6
20 14
20 4
25 6
21 1
25 7
25 1
19 13
19 7
19 3
19 4
8 13
1 14
25 12
20 12
21 5
2 15
12 1
5 14
21 23
21 0
16 18
7 14
2 16
25 13
25 5
23 10
25 14
13 18
19 15
9 14
25 16
19 14
21 22
20 5
24 18
17 1
24 16
1 16
8 16
20 10
17 14
19 10
2 10
24 0
21 24
20 16
20 13
20 11
2 7
16 1
24 1
17 16
17 18
23 1
19 12
2 5
5 1
2 6
23 18
24 5
24 17
25 9
5 16
24 11
25 11
11 14
21 8
11 18
2 13
20 9
19 9
17 5
19 1
20 15
20 17
2 9
16 14
10 18
25 17
2 17
