23 10
29 6
22 10
12 5
26 14
28 25
24 17
26 1
30 9
26 13
23 2
19 9
22 2
21 4
20 6
21 6
22 6
22 4
30 8
30 12
31 4
7 17
0 7
15 7
19 3
20 12
31 5
13 17
18 14
21 8
20 10
29 13
0 14
19 12
0 4
21 7
21 3
29 5
25 1
29 14
31 10
16 9
26 8
26 6
16 2
9 10
18 7
23 1
21 1
18 11
18 4
30 11
31 12
31 8
0 6
31 2
21 10
29 10
20 4
30 13
29 1
28 2
22 5
31 11
23 4
29 8
20 1
29 12
30 4
20 14
19 10
9 17
29 7
27 28
20 2
18 13
16 10
21 5
20 8
19 4
29 4
21 11
22 7
20 9
18 10
22 8
20 3
3 17
22 1
21 13
18 5
18 2
23 9
29 11
31 13
4 7
28 9
26 2
30 5
18 9
7 24
12 1
19 14
28 15
23 13
16 4
21 9
0 5
29 2
18 1
26 7
31 14
22 13
23 14
8 17
19 8
23 6
30 2
25 17
31 6
0 1
23 8
30 7
28 6
10 9
30 14
4 1
16 12
0 11
16 8
26 3
16 6
22 12
5 24
30 3
18 3
0 12
26 5
26 11
18 8
15 5
28 5
21 14
20 13
30 6
23 5
20 7
31 7
23 7
9 1
10 17
16 14
22 14
4 17
29 3
12 7
26 10
0 3
28 32
21 2
0 9
26 9
0 10
30 1
21 12
31 1
23 3
26 12
26 4
29 9
19 1
10 1
30 10
31 9
23 12
23 11
16 3
16 7
22 3
19 5
18 12
4 8
18 6
16 1
19 13
5 7
20 5
25 7
9 5
19 6
31 3
22 11
22 9
0 2
20 11
16 5
28 10
0 8
19 7
19 11
10 5
16 13
0 13
12 17
5 17
19 2
27 15
16 11
4 5
