id met_ectotherm_vertebrate met_endotherm_vertebrate met_invertebrate met_primary_producer met_detritus mov_swimming mov_walking mov_sessile mov_other mov_other_nonliving log_mass mass_missing
0 1 0 0 0 0 1 0 0 0 0 2.683947130751512 0
1 1 0 0 0 0 1 0 0 0 0 5.361727836017593 0
2 1 0 0 0 0 1 0 0 0 0 4.954242509439325 0
3 1 0 0 0 0 1 0 0 0 0 5.544068044350276 0
4 1 0 0 0 0 1 0 0 0 0 5.0 0
5 1 0 0 0 0 1 0 0 0 0 2.8394780473741985 0
6 1 0 0 0 0 1 0 0 0 0 5.827369273053825 0
7 1 0 0 0 0 1 0 0 0 0 5.698970004336019 0
8 1 0 0 0 0 1 0 0 0 0 4.176091259055681 0
9 1 0 0 0 0 1 0 0 0 0 4.0888445627270045 0
10 1 0 0 0 0 1 0 0 0 0 5.041392685158225 0
11 1 0 0 0 0 1 0 0 0 0 3.7007037171450192 0
12 1 0 0 0 0 1 0 0 0 0 4.2552725051033065 0
13 1 0 0 0 0 1 0 0 0 0 2.9542425094393248 0
14 1 0 0 0 0 1 0 0 0 0 3.342422680822206 0
15 1 0 0 0 0 1 0 0 0 0 3.484299839346786 0
16 1 0 0 0 0 1 0 0 0 0 4.376576957056512 0
17 0 1 0 0 0 1 0 0 0 0 2.459392487759231 0
18 1 0 0 0 0 1 0 0 0 0 3.079904467666721 0
19 1 0 0 0 0 1 0 0 0 0 2.890421018800914 0
20 1 0 0 0 0 1 0 0 0 0 3.499687082618404 0
21 1 0 0 0 0 1 0 0 0 0 2.7323937598229686 0
22 1 0 0 0 0 1 0 0 0 0 5.086359830674748 0
23 1 0 0 0 0 1 0 0 0 0 3.741230411025471 0
24 1 0 0 0 0 1 0 0 0 0 4.2315460439969215 0
25 1 0 0 0 0 1 0 0 0 0 2.2576785748691846 0
26 1 0 0 0 0 1 0 0 0 0 3.6364878963533656 0
27 1 0 0 0 0 1 0 0 0 0 4.7619278384205295 0
28 1 0 0 0 0 1 0 0 0 0 3.146128035678238 0
29 1 0 0 0 0 1 0 0 0 0 2.9138138523837167 0
30 1 0 0 0 0 1 0 0 0 0 2.9925535178321354 0
31 1 0 0 0 0 1 0 0 0 0 5.602985138222968 0
32 1 0 0 0 0 1 0 0 0 0 3.5443161417474274 0
33 1 0 0 0 0 1 0 0 0 0 4.535104153801393 0
34 1 0 0 0 0 1 0 0 0 0 3.276921132065774 0
35 1 0 0 0 0 1 0 0 0 0 3.468495024507069 0
36 1 0 0 0 0 1 0 0 0 0 1.1760912590556813 0
37 0 0 1 0 0 1 0 0 0 0 0.6989700043360189 0
38 1 0 0 0 0 1 0 0 0 0 2.929418925714293 0
39 1 0 0 0 0 1 0 0 0 0 3.0791812460476247 0
40 1 0 0 0 0 1 0 0 0 0 2.255272505103306 0
41 1 0 0 0 0 1 0 0 0 0 2.342422680822206 0
42 1 0 0 0 0 1 0 0 0 0 3.679700380871964 0
43 1 0 0 0 0 1 0 0 0 0 1.9138138523837167 0
44 1 0 0 0 0 1 0 0 0 0 3.9542425094393248 0
45 1 0 0 0 0 1 0 0 0 0 2.113943352306837 0
46 1 0 0 0 0 1 0 0 0 0 2.214843848047698 0
47 0 0 1 0 0 0 1 0 0 0 1.7651467901080253 0
48 1 0 0 0 0 1 0 0 0 0 3.2612628687924934 0
49 1 0 0 0 0 1 0 0 0 0 2.462397997898956 0
50 0 0 1 0 0 0 1 0 0 0 0.9584444238670943 0
51 1 0 0 0 0 1 0 0 0 0 2.838849090737255 0
52 1 0 0 0 0 1 0 0 0 0 0.6127838567197355 0
53 1 0 0 0 0 1 0 0 0 0 3.724275869600789 0
54 1 0 0 0 0 1 0 0 0 0 2.27415784926368 0
55 1 0 0 0 0 1 0 0 0 0 2.935003151453655 0
56 1 0 0 0 0 1 0 0 0 0 2.399673721481038 0
57 1 0 0 0 0 1 0 0 0 0 2.681241237375587 0
58 1 0 0 0 0 1 0 0 0 0 3.1020905255118367 0
59 1 0 0 0 0 1 0 0 0 0 3.1335389083702174 0
60 1 0 0 0 0 1 0 0 0 0 3.0737183503461227 0
61 1 0 0 0 0 1 0 0 0 0 1.3979400086720377 0
62 1 0 0 0 0 1 0 0 0 0 2.845098040014257 0
63 1 0 0 0 0 1 0 0 0 0 1.1139433523068367 0
64 1 0 0 0 0 1 0 0 0 0 2.1367205671564067 0
65 1 0 0 0 0 1 0 0 0 0 3.8880671134074367 0
66 1 0 0 0 0 1 0 0 0 0 3.484584529282843 0
67 1 0 0 0 0 1 0 0 0 0 3.244277120801843 0
68 1 0 0 0 0 1 0 0 0 0 3.083860800866573 0
69 1 0 0 0 0 1 0 0 0 0 3.0515383905153275 0
70 1 0 0 0 0 1 0 0 0 0 2.6148972160331345 0
71 1 0 0 0 0 1 0 0 0 0 2.651278013998144 0
72 1 0 0 0 0 1 0 0 0 0 2.6434526764861874 0
73 1 0 0 0 0 1 0 0 0 0 2.598790506763115 0
74 1 0 0 0 0 1 0 0 0 0 3.041392685158225 0
75 1 0 0 0 0 1 0 0 0 0 2.4471580313422194 0
76 1 0 0 0 0 1 0 0 0 0 2.0 0
77 1 0 0 0 0 1 0 0 0 0 0.5185139398778874 0
78 1 0 0 0 0 1 0 0 0 0 1.568201724066995 0
79 0 0 1 0 0 0 1 0 0 0 0.7781512503836436 0
80 1 0 0 0 0 1 0 0 0 0 2.5943925503754266 0
81 1 0 0 0 0 1 0 0 0 0 3.9322707758994904 0
82 0 0 1 0 0 1 0 0 0 0 1.0791812460476249 0
83 1 0 0 0 0 1 0 0 0 0 1.9637878273455553 0
84 1 0 0 0 0 1 0 0 0 0 2.225309281725863 0
85 1 0 0 0 0 1 0 0 0 0 1.6989700043360187 0
86 1 0 0 0 0 1 0 0 0 0 1.8325089127062364 0
87 1 0 0 0 0 1 0 0 0 0 1.7323937598229686 0
88 0 0 1 0 0 1 0 0 0 0 0.6020599913279624 0
89 1 0 0 0 0 1 0 0 0 0 2.361727836017593 0
90 1 0 0 0 0 1 0 0 0 0 1.6989700043360187 0
91 1 0 0 0 0 1 0 0 0 0 1.6989700043360187 0
92 1 0 0 0 0 1 0 0 0 0 3.4771212547196626 0
93 1 0 0 0 0 1 0 0 0 0 5.064457989226918 0
94 1 0 0 0 0 1 0 0 0 0 4.086359830674748 0
95 1 0 0 0 0 1 0 0 0 0 3.681241237375587 0
96 1 0 0 0 0 1 0 0 0 0 2.041392685158225 0
97 1 0 0 0 0 1 0 0 0 0 3.041392685158225 0
98 1 0 0 0 0 1 0 0 0 0 3.591064607026499 0
99 1 0 0 0 0 1 0 0 0 0 3.678518379040114 0
100 1 0 0 0 0 1 0 0 0 0 0.9030899869919435 0
101 1 0 0 0 0 1 0 0 0 0 1.845098040014257 0
102 1 0 0 0 0 1 0 0 0 0 1.845098040014257 0
103 0 0 1 0 0 0 1 0 0 0 2.380211241711606 0
104 1 0 0 0 0 1 0 0 0 0 3.4126285205443754 0
105 0 0 1 0 0 0 1 0 0 0 1.7558748556724915 0
106 1 0 0 0 0 1 0 0 0 0 3.746011107751926 0
107 1 0 0 0 0 1 0 0 0 0 5.031408464251625 0
108 1 0 0 0 0 1 0 0 0 0 1.2041199826559248 0
109 1 0 0 0 0 1 0 0 0 0 3.7958800173440754 0
110 1 0 0 0 0 1 0 0 0 0 4.1264561134318045 0
111 1 0 0 0 0 1 0 0 0 0 2.991226075692495 0
112 1 0 0 0 0 1 0 0 0 0 5.204119982655925 0
113 1 0 0 0 0 1 0 0 0 0 3.2182728535714475 0
114 1 0 0 0 0 1 0 0 0 0 3.0425755124401905 0
115 1 0 0 0 0 1 0 0 0 0 3.4652340949880145 0
116 1 0 0 0 0 1 0 0 0 0 4.903089986991944 0
117 0 0 1 0 0 0 0 1 0 0 1.0 0
118 0 0 1 0 0 0 1 0 0 0 0.7993405494535817 0
119 1 0 0 0 0 1 0 0 0 0 2.8068580295188172 0
120 0 0 0 1 0 1 0 0 0 0 -10.0 0
121 1 0 0 0 0 1 0 0 0 0 3.4313637641589874 0
122 1 0 0 0 0 1 0 0 0 0 1.4771212547196624 0
123 1 0 0 0 0 1 0 0 0 0 1.021189299069938 0
124 1 0 0 0 0 1 0 0 0 0 2.7781512503836434 0
125 0 0 1 0 0 1 0 0 0 0 4.085468969886672 0
126 1 0 0 0 0 1 0 0 0 0 1.1139433523068367 0
127 1 0 0 0 0 1 0 0 0 0 2.6434526764861874 0
128 1 0 0 0 0 1 0 0 0 0 2.4742162640762553 0
129 1 0 0 0 0 1 0 0 0 0 1.0 0
130 1 0 0 0 0 1 0 0 0 0 3.2984163800612945 0
131 0 0 1 0 0 0 1 0 0 0 1.6020599913279625 0
132 1 0 0 0 0 1 0 0 0 0 3.7868933252613157 0
133 1 0 0 0 0 1 0 0 0 0 3.960898677326661 0
134 1 0 0 0 0 1 0 0 0 0 2.9822712330395684 0
135 1 0 0 0 0 1 0 0 0 0 2.8847953639489807 0
136 1 0 0 0 0 1 0 0 0 0 1.5440680443502757 0
137 1 0 0 0 0 1 0 0 0 0 1.0 0
138 1 0 0 0 0 1 0 0 0 0 3.115943176939055 0
139 1 0 0 0 0 1 0 0 0 0 3.446537167073644 0
140 0 0 1 0 0 0 1 0 0 0 0.6989700043360189 0
141 1 0 0 0 0 1 0 0 0 0 1.4313637641589874 0
142 1 0 0 0 0 1 0 0 0 0 4.361727836017593 0
143 1 0 0 0 0 1 0 0 0 0 2.1492191126553797 0
144 1 0 0 0 0 1 0 0 0 0 3.042181594515766 0
145 1 0 0 0 0 1 0 0 0 0 3.744918542441353 0
146 0 0 1 0 0 0 1 0 0 0 1.0920184707527971 0
147 1 0 0 0 0 1 0 0 0 0 2.510545010206612 0
148 1 0 0 0 0 1 0 0 0 0 3.1789769472931693 0
149 1 0 0 0 0 1 0 0 0 0 2.1760912590556813 0
150 1 0 0 0 0 1 0 0 0 0 3.4367985102318035 0
151 1 0 0 0 0 1 0 0 0 0 3.385606273598312 0
152 0 0 1 0 0 0 1 0 0 0 1.7686381012476147 0
153 0 0 1 0 0 1 0 0 0 0 -0.6989700043360187 0
154 0 0 1 0 0 0 1 0 0 0 0.8388490907372552 0
155 1 0 0 0 0 1 0 0 0 0 3.1931245983544616 0
156 1 0 0 0 0 1 0 0 0 0 3.6532125137753435 0
157 1 0 0 0 0 1 0 0 0 0 3.1878026387184195 0
158 1 0 0 0 0 1 0 0 0 0 3.230448921378274 0
159 1 0 0 0 0 1 0 0 0 0 4.05307844348342 0
160 1 0 0 0 0 1 0 0 0 0 4.2659022043017565 0
161 1 0 0 0 0 1 0 0 0 0 2.6627578316815743 0
162 1 0 0 0 0 1 0 0 0 0 2.361727836017593 0
163 1 0 0 0 0 1 0 0 0 0 2.12057393120585 0
164 1 0 0 0 0 1 0 0 0 0 2.1760912590556813 0
165 1 0 0 0 0 1 0 0 0 0 3.3585059114902354 0
166 0 0 1 0 0 1 0 0 0 0 0.6989700043360189 0
167 0 0 1 0 0 1 0 0 0 0 3.4471580313422194 0
168 1 0 0 0 0 1 0 0 0 0 3.552668216112193 0
169 0 0 1 0 0 0 1 0 0 0 1.8048206787211623 0
170 1 0 0 0 0 1 0 0 0 0 4.556302500767287 0
171 0 0 1 0 0 0 0 1 0 0 1.089905111439398 0
172 1 0 0 0 0 1 0 0 0 0 3.296884475538547 0
173 1 0 0 0 0 1 0 0 0 0 3.993964998195119 0
174 1 0 0 0 0 1 0 0 0 0 5.544068044350276 0
175 1 0 0 0 0 1 0 0 0 0 3.4471580313422194 0
176 1 0 0 0 0 1 0 0 0 0 5.544068044350276 0
177 1 0 0 0 0 1 0 0 0 0 2.0791812460476247 0
178 1 0 0 0 0 1 0 0 0 0 3.1522883443830567 0
179 1 0 0 0 0 1 0 0 0 0 2.765668554759014 0
180 1 0 0 0 0 1 0 0 0 0 1.1791921717160947 0
181 1 0 0 0 0 1 0 0 0 0 1.968482948553935 0
182 1 0 0 0 0 1 0 0 0 0 2.530199698203082 0
183 1 0 0 0 0 1 0 0 0 0 2.6503075231319366 0
184 1 0 0 0 0 1 0 0 0 0 2.8356905714924254 0
185 1 0 0 0 0 1 0 0 0 0 2.7781512503836434 0
186 1 0 0 0 0 1 0 0 0 0 5.5816584390289625 0
187 1 0 0 0 0 1 0 0 0 0 2.5118833609788744 0
188 1 0 0 0 0 1 0 0 0 0 3.4771212547196626 0
189 1 0 0 0 0 1 0 0 0 0 3.254064452914338 0
190 1 0 0 0 0 1 0 0 0 0 2.9232440186302764 0
191 1 0 0 0 0 1 0 0 0 0 1.7558748556724915 0
192 1 0 0 0 0 1 0 0 0 0 1.6989700043360187 0
193 1 0 0 0 0 1 0 0 0 0 1.806179973983887 0
194 1 0 0 0 0 1 0 0 0 0 1.9542425094393248 0
195 1 0 0 0 0 1 0 0 0 0 1.806179973983887 0
196 1 0 0 0 0 1 0 0 0 0 3.2013971243204513 0
197 1 0 0 0 0 1 0 0 0 0 2.806179973983887 0
198 1 0 0 0 0 1 0 0 0 0 2.806179973983887 0
199 1 0 0 0 0 1 0 0 0 0 2.2121876044039577 0
200 1 0 0 0 0 1 0 0 0 0 2.5024271199844326 0
201 1 0 0 0 0 1 0 0 0 0 1.1760912590556813 0
202 1 0 0 0 0 1 0 0 0 0 3.204119982655925 0
203 1 0 0 0 0 1 0 0 0 0 1.0 0
204 1 0 0 0 0 1 0 0 0 0 1.9030899869919435 0
205 1 0 0 0 0 1 0 0 0 0 1.3222192947339193 0
206 1 0 0 0 0 1 0 0 0 0 1.9867717342662448 0
207 0 0 0 0 1 0 0 0 0 1 -10.0 1
208 0 0 1 0 0 0 1 0 0 0 1.591064607026499 0
209 0 0 1 0 0 0 0 1 0 0 0.9925535178321357 0
210 0 0 1 0 0 1 0 0 0 0 -0.853871964321762 0
211 0 0 1 0 0 0 0 1 0 0 -0.47275688361191137 0
212 0 0 1 0 0 0 1 0 0 0 1.3617278360175928 0
213 0 0 1 0 0 0 0 1 0 0 1.351603072419129 0
214 0 0 1 0 0 0 0 1 0 0 1.2648178230095364 0
215 0 0 1 0 0 0 0 1 0 0 2.2648178230095364 0
216 0 0 1 0 0 0 0 1 0 0 1.5619357633137814 0
217 0 0 1 0 0 0 0 1 0 0 1.9542425094393248 0
218 1 0 0 0 0 1 0 0 0 0 4.845098040014257 0
219 1 0 0 0 0 1 0 0 0 0 0.3424226808222063 0
220 1 0 0 0 0 1 0 0 0 0 4.033423755486949 0
221 1 0 0 0 0 1 0 0 0 0 4.954242509439325 0
222 1 0 0 0 0 1 0 0 0 0 1.1760912590556813 0
223 1 0 0 0 0 1 0 0 0 0 1.4771212547196624 0
224 1 0 0 0 0 1 0 0 0 0 2.9777236052888476 0
225 1 0 0 0 0 1 0 0 0 0 3.3203540328176717 0
226 1 0 0 0 0 1 0 0 0 0 2.380211241711606 0
227 1 0 0 0 0 1 0 0 0 0 2.788168371141168 0
228 1 0 0 0 0 1 0 0 0 0 2.1760912590556813 0
229 1 0 0 0 0 1 0 0 0 0 1.041392685158225 0
230 1 0 0 0 0 1 0 0 0 0 3.113943352306837 0
231 1 0 0 0 0 1 0 0 0 0 2.450249108319361 0
232 1 0 0 0 0 1 0 0 0 0 1.8129133566428555 0
233 1 0 0 0 0 1 0 0 0 0 2.5237464668115646 0
234 1 0 0 0 0 1 0 0 0 0 2.1760912590556813 0
235 1 0 0 0 0 1 0 0 0 0 2.863322860120456 0
236 1 0 0 0 0 1 0 0 0 0 1.4771212547196624 0
237 0 0 1 0 0 1 0 0 0 0 0.6334684555795865 0
238 1 0 0 0 0 1 0 0 0 0 3.093421685162235 0
239 0 0 1 0 0 1 0 0 0 0 -8.0 0
240 0 0 0 1 0 0 0 0 1 0 -9.301029995663981 0
241 0 0 1 0 0 0 1 0 0 0 0.6304278750250238 0
242 1 0 0 0 0 1 0 0 0 0 2.3263358609287517 0
243 0 1 0 0 0 1 0 0 0 0 2.4913616938342726 0
244 0 0 1 0 0 1 0 0 0 0 2.6532125137753435 0
245 0 0 0 1 0 1 0 0 0 0 -9.522878745280337 0
246 1 0 0 0 0 1 0 0 0 0 2.6020599913279625 0
