9 4
26 1
11 8
27 5
36 24
2 1
36 20
37 12
29 4
18 3
38 3
38 14
38 16
37 18
30 21
9 2
32 10
38 12
11 19
36 16
30 12
11 5
25 13
4 2
11 10
35 19
34 16
36 14
26 13
37 4
12 7
13 6
35 22
37 19
25 6
12 5
28 13
3 7
17 2
37 17
25 24
31 20
31 9
29 20
36 23
0 1
27 10
14 6
29 10
37 13
12 2
30 17
37 1
26 8
33 3
8 6
23 1
27 23
31 6
22 6
4 6
35 24
26 15
25 22
26 12
35 8
38 24
30 10
37 10
6 7
27 15
25 14
18 1
3 6
34 32
36 19
29 14
7 4
25 12
38 10
32 4
34 2
31 32
11 17
35 21
29 12
28 4
30 4
26 24
28 15
38 4
25 7
36 6
14 3
19 2
33 5
29 6
26 23
27 1
11 6
37 21
19 1
34 23
11 16
8 1
35 18
31 14
25 15
30 19
3 4
28 19
25 20
26 14
28 22
27 22
38 19
38 17
26 22
6 2
29 13
37 8
35 7
4 1
30 18
6 1
38 7
35 4
25 19
24 1
11 15
14 5
37 3
3 1
14 12
26 21
35 13
29 22
25 23
21 2
16 1
27 21
27 4
23 3
33 2
31 34
29 3
28 1
14 20
38 1
27 24
11 3
11 7
34 7
31 0
30 1
31 33
29 16
12 4
25 18
34 15
31 16
37 14
10 1
26 16
18 5
7 3
25 17
29 24
33 6
38 8
19 6
30 24
38 23
16 5
30 6
28 8
38 5
29 1
25 1
28 23
3 5
30 16
26 7
14 1
24 2
23 5
34 1
38 13
37 20
36 3
28 6
29 21
14 7
15 4
23 7
6 5
18 17
30 7
20 5
36 13
18 2
28 21
30 23
29 17
38 22
11 21
23 4
35 16
36 12
35 23
29 15
8 2
25 4
23 12
34 18
34 33
27 17
11 23
34 3
34 6
28 20
29 23
26 10
36 8
15 5
12 3
25 10
31 12
25 3
11 14
22 1
26 5
10 6
27 7
27 19
21 6
28 5
14 2
25 5
15 1
29 7
29 19
37 24
28 7
9 10
33 1
29 5
29 18
35 1
6 3
9 6
28 16
25 8
25 21
26 3
27 13
13 1
35 12
35 6
34 4
30 5
33 17
20 2
34 0
27 20
30 8
38 6
27 12
35 10
17 1
30 15
36 18
11 20
34 12
21 1
28 10
37 7
0 2
30 20
23 2
26 4
28 18
7 2
28 3
18 6
27 16
11 18
24 6
27 18
18 7
22 2
30 3
36 15
27 3
11 1
30 13
26 19
36 7
30 14
12 1
28 17
28 14
20 1
26 6
11 4
35 14
11 22
27 6
37 16
37 15
23 6
3 2
38 20
35 15
38 18
7 5
7 6
37 23
36 17
36 21
33 7
36 5
37 5
7 1
25 16
9 1
35 3
12 6
10 2
26 20
36 22
28 24
21 10
38 21
35 5
37 6
36 10
29 8
13 2
11 12
27 8
11 13
11 24
32 1
17 16
36 1
26 18
36 4
37 22
28 12
38 15
27 14
30 22
26 17
20 6
35 20
35 17
34 5
