17 5
14 15
17 4
13 5
33 6
19 7
22 17
16 4
18 5
19 5
14 1
30 5
15 4
18 4
10 7
14 12
18 7
3 6
20 7
9 6
1 5
3 7
34 7
13 7
22 19
12 4
33 12
9 4
20 6
17 6
24 4
19 6
14 19
16 6
32 5
10 5
20 4
17 7
14 16
9 7
14 21
22 1
30 4
34 6
14 10
15 6
10 4
21 4
22 10
23 1
3 4
4 5
22 16
31 4
27 1
21 6
13 6
33 25
22 18
16 5
2 1
14 3
22 9
21 5
15 5
29 1
12 6
5 4
11 1
30 7
12 7
14 18
8 7
9 5
22 3
16 7
20 5
15 7
22 12
21 7
22 21
14 13
18 6
14 20
1 7
12 5
5 7
4 7
4 6
31 7
3 5
7 26
0 1
28 1
14 17
1 4
22 13
32 4
33 7
5 6
10 6
31 5
7 6
25 26
24 7
24 5
8 1
6 26
22 20
13 4
14 9
19 4
22 15
1 6
32 7
