42 2
56 5
43 18
55 20
69 2
51 16
61 2
25 3
58 29
86 36
86 34
44 18
68 9
69 48
1 24
46 3
74 6
20 1
86 9
51 20
84 18
69 5
66 12
32 17
60 14
13 24
5 36
86 10
86 38
84 3
21 8
43 9
63 14
7 24
54 17
63 17
82 14
0 1
78 1
85 37
68 13
61 1
51 26
15 6
51 9
0 6
32 13
86 23
46 6
16 2
70 14
15 16
4 24
28 14
52 10
28 1
77 13
32 11
62 3
53 8
58 35
84 1
55 4
39 34
80 12
26 24
41 6
86 33
86 24
83 45
32 35
39 31
32 33
86 20
56 9
58 34
52 4
63 7
85 36
0 11
60 6
32 5
51 8
42 4
63 4
51 5
51 4
40 9
84 5
54 12
86 12
59 45
32 34
32 10
31 57
86 6
83 13
14 72
16 38
39 11
61 14
38 24
46 48
66 5
86 13
60 10
32 8
60 3
21 6
55 5
52 2
32 14
62 2
87 3
63 13
82 2
28 11
0 12
79 5
56 8
66 8
43 2
85 1
51 17
60 48
32 6
66 9
52 9
68 45
46 26
80 33
86 48
25 9
58 3
65 14
62 34
46 23
8 24
53 6
51 14
46 10
25 26
46 45
60 45
61 23
6 38
15 14
15 9
6 36
86 7
58 12
32 16
0 2
55 16
49 45
67 45
13 37
13 36
51 45
15 17
28 9
86 1
32 31
55 33
55 9
45 71
51 48
40 12
32 9
45 72
2 24
59 10
86 29
86 14
32 7
0 7
74 12
63 11
46 9
15 19
68 10
86 11
86 31
83 1
86 8
86 37
83 33
46 5
32 3
63 31
66 4
74 4
32 18
75 24
46 1
32 23
86 81
46 2
6 24
0 9
84 4
21 1
23 1
73 4
41 9
84 31
80 14
32 4
74 29
0 4
77 34
83 14
80 17
50 14
12 24
61 4
25 14
86 16
6 37
84 14
86 3
66 48
86 5
83 4
65 4
55 6
43 14
36 24
55 2
66 26
86 26
51 6
63 8
0 13
28 29
85 38
83 5
74 11
32 1
21 14
46 27
52 13
67 8
54 4
51 12
74 7
66 10
63 2
74 5
55 8
60 4
54 18
66 27
43 31
32 2
86 4
76 13
64 23
74 2
63 9
55 17
60 2
73 31
46 12
86 27
56 1
40 5
5 24
55 14
9 24
25 4
46 47
54 9
70 2
32 12
85 24
60 47
51 27
51 13
15 20
86 47
44 45
25 2
54 31
59 6
68 35
52 14
46 14
86 45
58 9
25 16
86 18
40 3
21 4
74 10
25 20
74 19
30 5
86 17
37 24
66 14
15 8
15 18
86 19
58 10
58 8
25 10
83 12
16 1
53 14
54 1
22 23
84 48
20 38
83 6
28 2
0 3
65 2
68 4
58 1
74 45
69 13
17 24
0 8
55 1
65 1
46 4
58 14
70 9
63 18
51 2
58 2
32 20
40 4
62 13
60 12
65 9
68 31
15 5
25 5
39 13
32 29
25 1
40 1
80 19
28 7
45 14
25 27
69 8
86 35
83 31
52 31
80 5
23 24
86 2
0 5
25 12
60 9
51 23
9 38
80 81
0 14
42 9
0 10
39 7
76 19
14 24
43 5
51 1
58 23
54 2
60 17
30 31
5 37
28 13
