34 11
28 10
17 19
3 8
19 27
49 11
50 9
36 1
44 43
46 5
45 18
50 10
37 14
11 32
3 4
21 7
16 12
7 32
23 7
20 0
44 11
20 12
2 1
36 12
35 8
48 8
21 5
36 4
39 40
44 9
27 12
23 1
39 43
48 9
3 1
49 10
48 10
15 11
13 14
50 0
24 11
36 9
46 11
45 27
44 38
21 8
11 4
39 2
44 17
6 12
28 5
7 1
30 8
30 5
50 8
30 12
33 18
44 40
29 26
46 7
5 12
3 0
35 6
35 12
39 17
23 11
30 1
36 0
23 12
38 18
39 37
49 6
44 37
39 41
22 1
24 7
30 9
28 4
36 5
18 27
33 1
43 14
49 8
39 25
22 5
48 0
21 12
49 0
41 26
16 8
24 5
48 12
20 9
34 12
50 11
24 12
3 9
21 11
21 1
25 26
47 18
22 9
24 6
34 5
22 12
30 7
50 4
50 1
16 7
35 7
35 9
34 1
15 6
50 6
1 12
22 10
28 11
39 29
22 0
39 32
44 45
22 4
30 6
16 11
34 9
46 0
46 1
15 10
24 8
35 5
47 12
44 1
35 10
23 10
48 1
44 32
45 9
36 6
48 6
23 4
24 10
15 0
50 5
7 13
48 4
21 10
21 9
23 9
46 10
49 5
11 1
7 31
20 5
46 9
3 7
39 44
42 26
3 10
34 7
24 0
30 4
0 1
23 0
36 8
35 0
3 12
48 5
28 6
49 1
36 10
50 12
46 6
46 8
4 12
33 13
23 6
16 5
44 2
20 1
16 1
16 10
16 9
20 4
20 6
45 12
34 10
35 4
48 7
34 4
49 12
16 0
28 8
44 51
15 7
44 33
49 9
15 4
50 7
20 11
20 7
22 11
24 1
16 4
49 7
15 12
22 8
30 11
22 7
15 8
3 6
21 0
21 6
28 7
34 8
3 5
28 0
39 42
24 9
16 6
17 18
35 1
47 1
24 4
28 9
46 4
20 10
15 9
49 4
11 27
34 6
23 5
36 7
21 4
35 11
46 12
23 8
28 1
3 11
15 5
8 12
20 8
36 11
48 11
30 10
22 6
34 0
44 47
15 1
28 12
30 0
11 13
