73 10
90 6
26 40
91 13
50 9
50 26
58 22
94 14
95 2
93 9
94 48
31 18
55 34
0 20
57 6
80 13
100 11
94 1
100 22
94 13
49 45
74 27
46 36
31 9
14 25
61 8
57 12
95 9
69 5
56 19
50 16
78 7
78 5
99 35
59 21
19 42
95 30
2 27
14 24
69 7
48 25
51 35
33 6
72 13
90 1
50 17
6 27
47 9
84 13
55 6
4 44
66 35
91 17
56 17
65 20
14 27
58 16
67 8
30 25
80 44
83 8
76 14
50 7
81 30
50 45
46 6
72 3
59 36
33 18
95 5
58 14
73 14
50 15
78 2
56 6
15 45
91 22
97 2
80 8
60 48
66 13
84 21
1 27
84 1
80 20
62 22
67 19
37 2
56 5
80 36
81 5
56 8
74 10
100 17
60 15
58 15
85 52
7 45
94 9
0 21
72 6
12 25
99 52
49 1
31 21
56 21
47 6
33 20
62 3
15 25
95 19
67 23
80 24
65 36
47 21
78 1
46 21
77 11
89 4
56 22
6 25
47 2
100 2
31 5
33 13
19 44
89 40
79 8
5 42
89 45
91 36
98 3
83 4
78 19
85 4
92 20
83 5
80 17
15 9
80 10
70 7
51 2
34 27
77 5
50 35
84 15
41 44
10 40
92 3
81 26
54 44
11 41
93 23
96 36
15 42
91 18
26 41
65 7
49 41
54 42
67 15
73 8
75 2
62 5
89 39
86 26
71 5
72 8
39 44
57 7
93 5
80 26
15 6
80 41
85 15
100 10
81 44
80 38
64 1
19 24
31 1
96 34
72 19
4 45
80 34
66 16
81 38
50 34
92 18
81 39
85 18
77 17
16 27
46 30
56 3
51 16
78 4
10 27
100 4
0 18
98 2
66 12
17 41
21 25
81 2
36 25
72 14
59 30
58 34
9 40
98 34
95 16
82 45
90 2
68 6
99 36
26 45
11 25
81 3
84 16
19 43
67 20
66 22
60 3
82 41
0 14
18 26
7 43
91 20
0 11
94 53
47 7
96 21
56 12
92 11
94 8
54 43
74 2
35 39
83 9
67 9
81 15
5 45
87 50
4 25
57 8
7 26
33 4
99 10
92 30
94 16
57 35
89 41
84 2
80 30
81 17
61 6
29 30
100 21
38 25
72 36
9 25
8 40
47 5
50 2
80 45
80 43
84 20
94 20
73 23
84 6
60 8
100 36
10 25
33 34
68 3
92 10
11 45
85 23
99 53
77 8
55 11
62 4
82 6
94 30
90 9
0 5
90 3
41 43
57 1
74 5
66 14
19 40
50 41
63 20
0 17
94 35
51 18
87 74
57 3
51 9
72 16
54 27
39 26
69 3
60 52
63 21
0 2
84 17
74 16
89 44
31 7
94 3
35 26
67 14
12 26
7 42
85 20
99 30
63 3
82 34
50 27
46 8
29 9
81 16
23 25
50 10
59 6
58 6
81 42
0 22
10 24
98 52
86 27
76 34
81 40
81 36
54 41
92 23
74 17
19 39
5 26
72 4
58 53
7 44
73 30
56 53
62 2
0 15
65 34
56 30
59 8
67 30
98 9
36 39
60 22
77 20
70 2
68 10
99 18
37 7
73 1
97 9
13 45
81 41
57 21
71 6
33 8
87 82
66 9
33 10
66 6
76 35
72 17
51 1
51 15
77 7
12 45
27 25
83 6
47 35
13 25
99 21
47 22
56 16
58 5
50 12
4 28
96 5
46 1
12 41
74 6
11 26
83 1
98 18
99 11
77 14
92 1
79 20
73 9
98 48
33 22
91 3
91 12
62 9
50 39
37 8
94 36
56 18
9 42
93 48
80 18
98 17
50 5
55 8
0 10
75 5
84 11
54 39
95 21
76 6
95 18
56 14
61 22
94 52
38 27
37 1
93 8
78 3
0 9
20 27
64 4
10 44
55 12
98 6
72 30
41 40
56 7
95 20
94 34
57 19
86 41
89 1
58 2
49 39
67 12
66 8
73 13
57 4
36 41
57 13
73 34
73 48
93 7
91 52
68 7
73 22
14 44
34 26
70 1
73 18
98 19
71 4
89 25
56 34
8 43
63 8
66 11
60 14
100 34
67 4
98 21
99 20
57 36
98 8
74 36
100 1
39 25
91 14
86 39
46 4
15 41
55 15
62 18
56 36
5 27
91 2
94 22
93 1
62 6
39 40
51 10
92 5
59 1
57 20
4 41
88 27
100 3
34 41
74 24
47 8
66 48
99 9
9 43
15 24
77 13
94 23
78 8
82 26
96 9
0 3
67 1
50 28
74 1
67 11
91 5
51 7
82 25
56 13
90 4
77 21
75 3
89 28
72 34
0 7
60 7
3 41
74 39
81 35
58 35
84 18
81 7
50 13
82 35
82 1
62 8
4 42
51 6
41 25
98 22
95 8
82 40
82 9
92 52
93 52
23 28
100 30
80 22
100 15
35 25
37 9
59 3
80 27
96 22
55 5
58 12
69 2
3 43
82 4
55 17
98 30
82 8
81 6
61 1
84 9
60 13
93 4
96 3
78 6
87 81
85 17
89 34
23 24
39 45
68 8
11 1
80 7
4 40
92 8
18 41
74 9
55 2
14 43
85 12
26 25
51 21
92 36
59 35
33 15
95 34
13 44
80 40
46 2
69 9
31 20
89 35
99 34
8 27
50 20
99 14
46 5
74 38
33 14
18 27
91 15
100 20
80 16
66 52
60 30
50 38
100 7
82 43
55 36
51 23
34 8
79 18
65 22
23 26
58 11
59 22
5 41
50 22
11 9
58 8
21 28
65 1
71 9
72 2
96 8
69 8
33 2
99 13
75 4
72 21
79 30
66 21
11 39
60 11
55 53
91 4
81 1
51 8
77 1
11 24
17 25
0 12
54 45
60 6
94 15
82 7
58 1
70 4
72 10
89 42
26 27
17 24
67 52
29 5
14 45
49 2
13 41
5 44
47 3
19 25
2 25
78 36
36 27
19 9
41 26
84 12
59 7
8 41
65 19
13 24
69 6
94 10
55 10
54 26
71 7
8 44
84 22
91 34
73 21
1 28
85 21
89 7
74 12
73 2
80 5
67 36
47 20
2 28
79 6
47 4
92 12
95 1
77 52
89 30
91 21
50 6
90 5
73 36
81 10
9 8
67 7
57 10
67 18
94 4
9 26
92 19
95 7
76 7
81 34
57 11
71 1
73 7
32 4
46 20
73 3
73 17
92 16
50 8
57 14
12 27
71 3
61 18
10 43
60 1
16 26
31 22
51 13
66 7
15 27
7 40
65 6
96 35
68 5
78 9
74 11
57 5
63 18
50 14
3 27
35 27
92 35
73 12
51 3
65 9
68 4
68 9
12 42
15 26
33 9
77 12
95 35
94 5
68 2
10 42
31 6
72 22
11 40
51 22
80 35
56 4
78 20
77 30
57 22
5 40
72 11
17 26
47 36
59 4
59 2
87 54
98 14
94 12
89 27
33 12
61 21
66 10
70 6
8 42
66 36
11 44
68 1
47 34
46 35
61 3
97 18
98 4
13 40
58 21
100 5
67 6
56 9
18 25
80 28
49 27
60 35
15 43
16 25
30 39
94 6
92 22
83 2
62 21
31 8
26 43
39 41
20 28
88 39
92 7
32 3
51 17
98 5
65 21
51 14
12 44
61 9
31 3
87 88
97 4
70 3
94 7
58 10
89 26
95 22
82 28
72 9
48 27
32 1
100 48
73 52
92 13
46 34
9 39
29 7
60 18
72 15
99 2
56 10
58 36
84 8
55 30
46 22
81 24
60 2
49 28
100 18
91 10
56 35
77 9
96 30
55 20
77 2
11 42
29 8
89 38
74 3
60 34
57 34
67 22
67 16
14 40
58 4
49 40
67 13
81 4
59 5
4 27
55 1
60 23
66 18
66 19
96 19
11 6
60 9
97 6
72 18
98 16
90 8
4 26
60 12
69 1
55 14
90 30
11 27
10 45
84 30
90 7
96 6
67 5
33 35
80 6
52 26
35 41
16 42
98 23
73 16
15 44
33 21
91 53
67 48
50 36
62 20
72 12
49 26
63 6
57 53
82 27
51 52
58 13
47 30
98 1
79 2
98 35
37 18
50 44
16 9
92 14
63 9
100 8
87 49
56 11
8 39
99 4
33 17
3 25
100 23
57 30
4 43
99 5
99 6
55 18
66 34
67 21
37 6
95 17
66 23
82 36
11 43
76 22
49 44
58 17
97 3
3 45
22 27
31 2
60 21
95 3
70 8
84 5
79 9
76 20
66 2
29 6
3 42
61 2
76 8
87 86
41 42
95 15
0 6
66 3
16 40
92 4
47 1
56 20
65 8
98 12
97 5
74 18
85 48
78 21
55 3
94 2
62 7
74 8
73 5
100 35
5 28
81 8
60 4
7 39
100 14
96 7
87 80
59 9
46 9
0 16
56 2
26 42
51 30
95 14
57 18
5 43
7 25
13 9
61 5
39 27
80 2
80 39
51 11
78 34
75 6
29 2
32 6
99 19
8 26
69 4
55 7
91 35
96 4
16 45
81 13
82 44
99 48
85 1
50 3
58 7
83 30
98 7
68 19
55 19
95 13
54 40
50 1
91 6
76 36
32 2
85 13
51 12
63 5
89 8
22 25
92 53
34 25
95 4
100 52
77 15
33 36
99 23
76 30
77 16
22 28
98 15
67 10
92 2
92 48
60 36
98 36
66 17
67 3
65 30
97 7
20 25
97 30
29 18
76 1
95 6
81 12
58 19
92 9
55 21
99 22
79 5
49 43
41 27
80 15
15 40
80 9
66 1
76 21
66 15
60 53
59 20
72 35
30 26
56 1
64 5
92 21
81 45
55 22
78 35
84 3
77 18
13 26
55 13
0 8
9 27
10 26
79 19
8 45
79 21
58 9
85 5
72 7
31 30
1 25
81 27
55 9
3 28
95 10
91 9
50 18
75 1
67 17
91 11
74 13
3 40
3 26
85 2
92 15
73 15
91 30
8 25
100 13
97 1
57 17
50 11
74 41
97 8
83 7
60 5
58 20
56 15
72 20
96 20
80 3
98 20
3 44
57 9
96 18
13 43
100 19
79 7
60 10
23 27
54 28
66 20
78 18
74 4
63 7
63 4
60 17
76 9
7 41
92 34
99 3
89 6
65 35
48 26
94 18
14 42
51 19
48 28
13 42
85 16
49 42
99 7
13 27
0 4
74 35
79 22
70 5
77 22
94 21
66 4
37 30
33 5
74 34
92 17
10 6
12 9
19 28
84 4
82 42
71 8
61 4
73 11
61 7
100 53
67 35
72 5
74 30
9 44
57 16
91 23
99 15
95 11
16 41
79 3
89 36
50 21
91 1
73 20
66 30
51 4
16 43
50 42
12 43
74 7
80 42
34 39
0 19
29 4
100 12
63 22
55 16
71 2
98 10
83 18
55 4
60 20
9 45
80 14
81 9
95 36
58 30
55 35
19 45
51 53
74 14
21 27
99 17
72 1
81 43
94 17
87 89
96 2
36 26
91 48
82 39
63 1
80 11
96 1
58 3
73 4
100 16
33 1
98 13
49 38
33 3
16 44
29 1
61 20
33 7
100 6
9 41
51 48
74 15
33 16
98 11
89 43
92 6
91 19
78 22
51 36
57 15
85 14
30 27
51 5
99 16
91 7
30 34
0 13
33 11
85 3
85 22
89 9
7 27
63 2
93 2
100 9
19 8
33 30
99 1
83 3
39 43
16 24
67 2
99 8
70 9
19 1
81 11
80 21
82 30
0 1
73 35
60 19
54 38
50 43
77 4
41 45
67 34
51 20
74 26
84 14
76 19
28 25
46 3
91 16
29 3
60 16
48 24
51 34
31 4
93 30
81 14
79 4
85 11
94 11
12 6
50 40
5 25
95 12
81 18
80 1
17 27
62 1
19 6
99 12
80 12
33 19
57 2
78 30
84 7
66 5
39 42
93 3
19 27
82 38
26 44
6 28
12 40
10 41
38 39
94 19
46 7
79 1
91 8
59 34
50 30
58 18
12 24
