13 12
66 32
65 28
9 14
29 13
104 79
100 4
10 14
103 62
117 110
84 10
78 6
1 7
27 29
24 8
59 17
101 58
38 4
29 17
45 32
72 10
70 7
103 67
121 82
93 13
51 12
117 114
89 21
60 10
36 13
128 72
34 6
90 19
42 20
9 17
76 13
58 60
23 2
96 11
65 15
121 83
27 11
116 43
60 18
5 1
41 4
128 30
27 5
5 19
60 21
2 21
129 24
92 10
104 39
29 23
121 79
117 113
122 66
101 56
29 2
4 3
90 3
78 25
50 40
28 7
80 0
92 12
65 9
99 12
28 21
21 10
118 107
58 65
87 0
55 2
38 23
100 12
22 16
9 15
99 28
23 7
11 19
93 27
118 79
20 19
128 74
64 32
32 29
59 11
115 87
32 8
79 14
40 20
93 40
9 21
90 0
122 43
20 3
69 8
14 15
80 13
101 2
0 8
14 25
80 42
60 22
42 32
131 115
10 6
133 85
17 10
28 0
32 11
129 102
67 40
33 2
9 6
121 52
98 29
39 28
2 10
69 15
128 58
17 21
90 21
117 108
128 93
114 64
9 2
55 9
26 21
41 18
2 3
132 66
6 1
34 7
8 11
32 27
121 122
93 14
41 5
123 125
38 6
74 12
4 6
55 5
59 23
72 7
122 80
28 20
69 0
10 2
77 25
11 7
122 98
33 17
133 93
8 25
54 44
12 6
18 8
61 10
87 19
65 23
12 1
129 93
9 22
81 32
4 11
4 17
114 40
13 10
69 13
88 23
60 9
10 1
73 43
40 33
119 110
118 39
116 65
5 8
100 25
128 2
31 10
22 8
128 26
116 114
119 92
23 1
36 32
88 29
72 8
121 73
117 58
132 64
41 9
49 11
121 56
18 15
76 10
114 33
43 42
104 103
52 8
0 10
121 99
29 5
103 59
122 62
32 12
132 61
129 130
98 33
116 60
117 111
92 13
28 18
52 11
10 23
76 11
26 7
12 16
90 9
19 6
93 23
32 28
99 6
0 20
13 8
66 10
13 6
116 55
41 13
3 8
118 77
3 10
69 3
42 18
121 105
34 11
32 6
24 12
93 9
55 27
29 6
10 16
26 19
30 6
79 29
5 12
114 65
133 132
26 16
24 11
121 96
122 60
14 16
13 5
121 31
22 3
114 42
123 79
79 13
118 50
15 25
68 28
63 41
122 42
133 49
123 94
58 61
119 84
85 11
71 12
28 5
15 11
27 23
23 4
58 62
100 11
29 20
119 56
99 8
103 81
60 20
115 53
58 17
128 92
26 13
122 44
4 25
18 3
84 12
71 10
93 2
100 6
121 109
43 40
80 27
90 47
29 10
22 7
18 22
20 23
123 90
5 11
27 21
114 81
15 7
18 7
132 62
116 103
65 18
27 13
36 12
88 21
116 31
74 6
44 13
40 23
42 40
118 108
18 13
30 3
44 29
44 22
60 23
114 61
118 112
96 7
101 93
122 64
28 16
123 109
74 8
104 110
116 42
121 74
132 60
80 23
22 15
32 22
10 15
15 21
2 12
129 78
123 70
116 23
88 90
28 3
58 63
129 49
32 23
29 9
28 2
119 76
26 29
59 8
123 48
121 88
16 1
121 87
23 5
99 22
26 28
19 8
38 1
93 10
99 23
58 21
104 114
95 32
114 97
69 7
54 40
71 8
60 33
26 17
26 22
37 13
51 7
121 63
119 88
103 42
29 7
97 40
104 112
65 32
115 104
119 35
115 116
98 20
132 43
121 50
75 41
21 7
69 10
87 9
132 33
27 12
42 28
98 14
133 51
93 29
55 33
103 65
122 33
123 74
17 8
116 41
40 2
94 43
80 10
18 20
133 24
40 29
75 13
2 6
69 29
99 21
64 15
123 30
122 55
30 12
50 28
122 67
0 3
24 7
98 27
117 77
79 18
5 16
55 20
4 10
41 2
129 124
68 44
116 59
128 52
42 33
52 12
36 10
0 11
55 10
39 13
128 83
122 31
59 13
33 23
132 114
75 29
18 5
74 25
100 17
59 12
13 15
10 11
116 40
98 5
103 60
94 13
9 23
85 6
12 3
59 4
59 18
100 3
38 16
99 5
114 31
22 23
27 9
0 23
123 100
115 58
88 0
23 21
33 9
40 9
33 7
44 33
49 7
18 16
55 15
26 18
36 11
2 1
29 0
88 17
93 33
33 10
28 6
53 42
1 8
0 1
20 14
133 2
0 18
22 19
41 8
121 2
75 28
40 5
123 87
29 1
58 29
17 3
103 33
73 33
97 18
129 54
39 43
133 94
6 25
33 1
65 13
121 58
101 37
24 25
28 1
115 30
132 67
59 22
119 112
93 28
50 13
119 102
114 57
92 32
22 4
93 18
118 110
53 2
121 39
43 10
48 19
19 12
30 8
115 103
89 2
41 27
32 3
30 25
101 94
20 6
129 94
39 40
91 32
86 12
59 20
123 88
58 66
17 12
39 42
21 11
73 67
23 8
32 9
115 118
79 41
79 33
80 22
0 19
104 109
29 8
69 6
99 14
132 31
64 40
65 27
123 112
65 41
33 11
13 3
116 57
132 23
27 18
93 22
59 2
82 10
117 103
80 20
95 10
42 41
122 114
20 7
78 1
13 4
55 18
115 31
28 12
114 55
72 13
30 19
128 96
5 4
94 40
50 42
0 17
60 2
41 23
27 15
26 1
49 6
18 12
116 61
32 15
16 6
29 4
104 105
98 23
18 23
21 25
132 63
104 50
50 10
20 10
2 16
99 7
75 0
41 11
17 6
51 11
93 5
103 64
28 13
39 44
40 28
64 22
89 17
21 8
94 33
86 6
123 54
121 112
128 87
0 15
40 13
57 10
97 27
74 16
97 29
101 54
54 13
114 59
117 106
70 11
94 44
133 128
100 16
114 66
87 10
99 13
22 10
42 5
44 27
23 11
10 20
41 20
75 33
26 2
40 18
57 13
35 13
70 12
26 27
84 32
26 10
27 6
71 7
64 27
22 5
0 21
32 14
117 79
28 29
0 9
22 1
20 22
97 44
17 7
26 4
132 40
20 12
10 22
132 98
115 50
44 0
119 120
38 13
60 13
27 0
43 33
26 23
118 58
26 12
122 81
83 12
43 28
86 25
40 15
116 97
14 7
13 19
103 61
12 25
95 13
92 8
60 29
13 22
64 10
115 99
44 32
128 91
132 81
64 18
121 36
99 2
121 92
117 112
55 32
99 9
23 14
9 19
75 44
97 41
26 11
98 13
27 22
14 12
122 23
90 15
93 15
76 6
123 71
14 5
128 45
3 19
33 13
116 33
42 10
7 19
46 47
114 62
117 50
43 13
15 19
28 8
2 19
58 0
42 0
32 0
114 103
131 103
42 14
11 16
80 33
17 16
118 111
101 88
65 40
15 12
104 77
121 35
40 10
99 18
20 2
78 12
58 9
0 16
13 11
26 5
103 23
72 32
15 4
14 11
22 17
32 7
68 42
90 89
21 12
50 33
114 63
13 29
116 44
19 7
75 40
59 29
63 67
18 21
121 100
54 42
69 19
69 21
4 12
83 11
55 17
116 98
69 23
64 23
79 28
22 2
64 29
22 13
8 3
1 25
49 25
98 15
87 29
27 20
42 27
59 15
44 41
21 19
61 32
67 13
98 18
123 53
101 103
74 7
13 0
59 14
32 5
41 33
27 2
5 25
58 2
16 25
34 1
51 1
0 2
99 15
64 33
13 14
16 8
18 17
38 15
122 63
32 21
128 82
90 2
30 16
27 1
121 62
100 7
132 42
28 14
39 10
55 23
123 47
59 5
132 103
84 7
27 16
59 28
71 6
131 58
14 1
103 114
28 15
128 31
8 16
119 83
23 25
100 19
27 8
59 32
41 28
13 17
4 21
131 132
2 7
122 59
87 3
28 27
89 19
0 14
13 9
119 95
114 67
69 9
8 6
84 8
41 14
97 32
114 80
98 41
88 19
96 25
42 9
85 8
117 109
35 32
88 2
118 73
0 5
32 13
74 11
22 12
33 29
93 20
15 2
26 8
98 32
10 8
133 86
32 4
100 2
128 103
10 4
103 63
128 100
14 2
121 66
65 10
38 3
87 15
23 16
117 107
17 25
86 7
121 48
92 7
18 11
83 7
123 127
4 7
64 2
41 17
78 7
24 1
128 62
123 96
65 22
28 19
33 19
128 84
33 15
55 28
56 19
114 44
128 73
123 69
34 25
0 22
70 8
38 12
91 13
23 6
40 32
3 25
29 16
76 7
119 113
60 3
13 7
29 18
3 1
79 40
82 32
9 16
51 25
18 14
2 25
104 73
10 7
64 9
133 103
29 12
128 81
118 105
30 11
60 15
78 16
87 23
3 7
1 6
59 21
97 9
33 5
51 16
94 42
5 7
114 98
61 13
69 16
38 14
65 29
0 7
22 14
60 27
50 44
31 32
19 16
60 12
3 6
121 30
26 9
88 9
26 6
28 4
12 7
53 44
3 11
73 42
114 41
27 14
128 50
73 41
103 66
87 6
99 1
79 10
60 28
128 61
81 10
10 9
129 88
18 1
119 103
0 12
118 106
20 17
129 3
59 33
38 19
123 75
89 3
132 57
119 77
132 97
80 40
29 15
14 4
28 23
80 18
100 8
121 93
115 79
71 11
79 20
58 64
26 14
33 22
13 33
129 38
54 41
115 93
90 29
103 57
23 3
117 73
24 19
11 25
119 36
121 110
73 13
53 41
59 3
28 11
28 22
72 11
20 15
53 40
36 8
87 12
20 1
9 4
116 62
14 19
5 17
26 20
100 1
4 16
88 89
121 108
15 10
118 113
33 20
99 20
21 6
132 65
23 13
52 32
79 27
20 11
119 37
38 21
123 102
128 99
83 6
75 42
21 3
32 20
103 98
32 1
87 17
39 33
69 2
68 41
104 113
83 32
86 8
55 4
98 40
4 8
9 5
32 19
97 13
33 4
121 107
13 28
64 20
79 23
104 111
79 0
66 13
85 25
128 36
33 12
44 10
83 8
18 10
119 72
24 10
50 43
18 6
116 66
41 10
119 121
49 8
68 43
20 21
98 10
12 8
52 13
27 3
13 18
28 10
68 40
9 12
33 28
44 20
80 9
31 13
8 7
119 115
13 20
93 0
69 11
55 21
60 0
41 21
33 27
12 21
70 6
132 44
15 6
67 33
98 28
103 43
42 15
122 97
5 2
10 3
2 11
58 59
27 19
90 17
43 32
129 103
119 106
117 39
27 17
27 10
23 17
59 9
29 3
73 44
97 20
114 23
121 45
40 22
82 13
17 19
11 6
59 19
43 41
54 33
119 91
121 37
83 13
87 7
64 14
22 6
60 14
62 10
24 16
131 128
38 8
17 1
19 25
23 10
41 32
21 16
50 41
65 0
15 17
68 33
65 5
7 6
5 3
19 1
97 42
87 21
75 27
37 10
33 6
54 43
20 16
103 41
27 4
33 18
73 40
3 16
128 63
69 17
29 21
32 16
123 126
21 1
12 17
63 40
16 11
122 61
13 1
98 22
29 22
123 46
17 11
78 11
52 7
57 32
132 41
29 11
2 8
67 44
122 41
121 111
51 6
87 11
44 18
42 29
76 8
26 3
7 16
85 12
128 39
99 10
58 23
84 11
121 26
115 100
84 13
42 13
14 3
103 40
119 93
55 12
32 10
117 105
22 21
99 17
118 103
9 11
40 41
0 4
22 11
128 66
94 41
37 32
97 28
97 22
103 80
26 15
123 124
32 17
20 13
41 29
96 8
103 97
43 44
123 99
116 67
14 21
26 0
12 11
41 12
121 91
121 61
133 54
103 55
55 41
116 64
114 43
44 9
65 20
19 11
121 84
40 4
103 44
115 96
100 21
121 106
87 13
9 1
30 10
9 8
129 48
29 14
116 81
129 86
10 12
16 12
75 10
4 19
10 17
99 29
129 56
104 106
33 14
63 44
121 72
10 0
38 5
38 7
100 10
115 39
52 10
119 52
104 108
96 6
99 19
49 12
80 28
9 13
114 60
99 0
15 3
115 73
67 43
79 42
14 6
123 89
12 19
15 16
76 12
85 7
10 29
5 21
18 9
96 12
65 14
121 81
56 3
41 15
64 13
121 57
118 109
128 35
79 9
121 77
55 29
67 41
10 19
87 2
4 1
59 10
42 23
119 48
0 6
133 34
97 10
41 22
104 107
38 11
88 3
131 93
128 37
69 12
64 0
33 3
119 111
18 2
15 8
44 28
80 41
121 46
11 3
55 0
122 103
72 12
99 16
9 10
89 47
99 11
40 27
115 117
119 108
116 63
3 12
40 14
20 5
103 31
42 22
1 11
41 0
119 2
59 27
99 3
64 41
13 16
15 5
40 0
128 53
15 1
10 18
81 13
93 41
9 7
28 9
14 10
51 8
98 0
39 41
121 102
38 2
101 102
45 13
34 8
2 17
76 32
122 40
60 32
20 8
5 6
55 13
83 10
32 2
0 13
13 2
44 40
88 15
64 28
122 57
34 12
99 4
14 13
59 0
119 58
80 29
33 0
121 113
36 7
44 42
128 79
14 8
132 55
123 68
79 22
64 5
116 80
38 17
121 53
55 22
23 12
52 6
27 7
98 9
87 8
86 11
23 15
13 21
129 51
9 20
28 17
23 19
65 33
62 13
132 80
97 0
10 21
60 17
13 23
18 4
55 14
119 63
1 12
30 7
68 13
129 85
8 19
33 8
16 7
119 105
18 19
60 4
56 21
87 16
132 59
118 114
32 18
7 25
129 2
122 65
67 42
62 32
115 74
33 21
5 10
38 10
119 107
24 6
20 4
128 57
60 5
33 16
104 58
97 33
128 122
29 19
90 23
121 103
78 8
92 11
35 10
9 3
14 17
45 10
99 27
