38 3 
27 37 
11 25 
2 19 
6 18 
5 17 
20 40 
26 34 
18 31 
26 44 
4 5 
29 32 
5 19 
28 35 
17 39 
13 27 
10 22 
25 39 
2 28 
5 23 
20 23 
7 28 
6 29 
2 18 
16 33 
4 16 
34 6 
3 23 
20 9 
4 17 
14 19 
26 43 
23 34 
24 35 
3 15 
9 22 
30 3 
22 31 
9 25 
23 35 
12 22 
24 43 
20 38 
2 26 
7 21 
3 16 
5 21 
9 6 
21 36 
28 37 
27 30 
11 15 
0 26 
20 33 
6 16 
24 41 
10 19 
17 36 
28 40 
30 23 
26 41 
7 15 
11 26 
5 18 
8 20 
8 15 
4 26 
16 44 
16 38 
15 33 
12 25 
21 44 
26 13 
1 26 
19 35 
35 41 
14 24 
3 22 
20 36 
25 30 
29 40 
3 21 
5 26 
16 30 
24 32 
10 17 
8 23 
36 16 
17 43 
1 17 
25 41 
7 29 
18 43 
18 30 
9 16 
25 33 
19 39 
20 6 
11 27 
25 36 
8 27 
4 25 
6 17 
13 17 
8 24 
13 28 
18 34 
29 39 
3 19 
14 27 
11 17 
22 37 
27 44 
24 31 
1 15 
20 32 
10 4 
40 24 
24 30 
9 28 
27 35 
25 35 
28 44 
1 29 
8 21 
2 25 
3 17 
24 40 
17 30 
17 33 
29 34 
20 43 
28 41 
20 41 
6 26 
26 40 
4 22 
16 31 
8 19 
28 33 
10 23 
17 34 
12 24 
15 44 
0 20 
18 42 
21 40 
29 38 
27 31 
26 36 
10 27 
3 20 
5 24 
12 26 
24 33 
0 18 
20 37 
29 33 
22 39 
19 33 
7 22 
35 7 
1 28 
27 36 
16 42 
12 18 
19 37 
5 25 
13 16 
0 16 
14 16 
25 34 
10 24 
6 20 
23 33 
35 18 
11 24 
7 23 
27 33 
13 22 
12 28 
25 43 
11 21 
12 16 
7 26 
18 44 
0 29 
9 21 
2 20 
25 42 
15 32 
28 7 
16 40 
5 22 
27 43 
10 16 
12 15 
6 19 
11 28 
14 15 
3 29 
8 17 
9 23 
18 33 
12 29 
4 28 
6 28 
27 0 
18 38 
26 32 
4 20 
27 39 
26 33 
16 34 
18 35 
5 27 
0 25 
13 29 
5 15 
15 31 
27 38 
15 39 
11 29 
18 36 
2 22 
5 28 
37 1 
33 36 
