78 20
41 42
46 7
39 26
80 17
61 20
55 14
16 45
16 40
74 3
54 9
55 7
95 15
88 14
101 4
59 12
78 1
82 5
13 42
28 25
67 7
83 17
78 3
61 2
80 30
90 73
103 6
101 21
13 27
39 45
102 22
90 86
47 34
56 4
98 16
73 16
69 4
56 9
70 9
60 5
68 7
10 26
14 44
69 7
62 5
0 6
55 35
76 20
80 15
11 9
56 18
102 13
102 14
55 4
11 1
80 8
50 52
77 21
75 1
54 15
48 42
3 26
49 6
68 1
8 26
73 12
95 4
53 45
71 5
97 11
47 9
80 36
88 22
76 11
97 23
9 41
58 34
59 4
68 2
65 22
101 30
5 42
59 34
80 10
54 36
35 39
49 1
65 35
102 2
98 7
53 44
72 23
9 42
2 27
47 36
55 11
93 3
60 3
57 34
73 6
10 6
59 9
102 1
46 4
12 45
76 2
47 4
47 7
4 43
3 41
79 7
39 27
5 41
81 35
75 35
59 17
76 8
49 20
97 51
49 42
98 35
92 8
8 40
49 40
29 8
11 41
33 12
66 3
92 1
33 22
30 39
4 41
68 9
96 51
33 15
16 25
51 26
99 2
97 19
5 40
94 7
92 6
72 10
35 41
46 1
68 6
99 6
37 18
71 34
46 35
64 1
49 34
99 36
66 23
31 4
72 21
59 1
83 30
78 18
65 18
94 14
77 19
80 42
70 8
101 14
48 26
37 8
66 4
97 35
54 18
8 39
37 9
94 6
79 36
39 43
54 2
103 51
33 11
65 17
77 7
53 28
12 42
0 2
46 36
90 85
100 6
36 27
11 26
101 10
20 28
50 8
56 7
50 2
11 27
100 9
56 11
79 35
103 10
99 5
94 52
103 52
14 43
81 4
103 12
71 16
92 34
33 4
15 43
94 11
69 6
98 19
103 22
67 8
10 24
65 15
71 2
30 26
92 36
11 39
54 17
85 25
55 19
102 9
54 8
102 19
101 2
97 2
31 21
94 3
86 24
57 35
21 28
98 3
102 4
17 24
54 7
83 7
9 44
102 20
80 26
67 2
56 5
75 22
67 1
3 40
77 2
72 13
14 24
80 44
59 5
101 15
69 8
50 9
83 22
29 4
60 4
33 13
19 24
31 20
81 45
31 18
80 4
97 5
37 7
80 6
58 9
94 4
97 36
65 20
41 40
3 25
94 21
66 18
47 2
77 6
81 8
80 38
101 23
5 45
8 27
96 5
59 14
14 45
72 51
76 18
64 9
98 11
50 30
19 27
97 9
83 13
76 17
63 5
95 23
94 30
56 3
94 1
94 12
78 9
98 4
97 20
54 30
57 52
64 7
90 79
56 19
48 2
89 39
19 45
79 34
79 44
92 44
17 27
15 44
103 8
80 3
16 26
50 1
41 27
15 27
69 9
83 15
48 40
49 11
73 13
0 16
20 25
0 19
90 91
59 2
17 25
96 1
102 6
71 6
57 36
31 5
62 8
57 2
49 38
61 8
65 6
49 43
88 17
79 43
47 20
54 16
49 45
92 7
103 21
79 45
9 45
73 4
103 23
76 12
61 21
53 38
71 10
66 6
92 26
59 6
65 2
56 22
92 30
92 27
54 14
95 30
59 19
61 3
64 35
88 21
32 1
72 30
46 5
39 25
81 40
94 19
14 40
83 4
33 2
79 24
88 23
98 18
75 9
55 8
86 25
69 3
71 18
64 21
92 4
102 36
58 21
47 6
5 28
66 19
76 13
59 52
72 8
81 43
46 2
9 25
68 3
72 15
58 1
76 5
70 7
62 2
79 18
78 19
95 8
92 39
102 30
102 34
81 9
5 26
88 1
57 1
72 14
16 44
103 30
88 15
68 4
31 30
64 34
64 19
80 41
81 28
54 12
32 4
98 2
54 6
78 30
75 14
6 28
49 8
19 8
26 27
97 15
99 30
46 6
103 36
33 16
103 13
49 44
101 9
102 11
59 8
23 25
100 18
50 20
57 5
71 36
103 4
103 35
81 6
16 9
94 35
7 39
33 7
48 44
9 8
49 16
13 24
97 34
19 28
26 44
15 9
80 39
72 5
78 2
71 19
54 4
102 21
101 12
97 16
80 18
98 22
79 27
5 44
65 51
59 23
94 2
54 19
80 5
53 43
58 5
49 36
66 14
90 81
93 1
102 8
72 1
101 11
13 26
29 5
96 7
62 21
92 25
8 45
71 11
35 25
83 3
10 25
9 27
0 10
77 5
72 18
50 16
55 1
76 15
20 27
36 41
46 20
55 10
31 3
65 8
61 22
88 16
80 1
99 1
97 14
14 25
73 24
30 27
98 1
36 39
49 18
92 45
54 34
73 41
57 22
32 2
19 40
57 6
31 6
89 41
72 34
80 2
46 30
90 53
101 5
99 18
92 41
65 34
58 6
54 52
49 26
80 11
73 39
61 4
77 36
31 1
7 27
80 34
56 16
55 16
4 28
37 6
102 3
47 22
67 19
98 36
29 9
94 20
41 25
3 28
11 44
54 3
10 42
55 12
33 9
19 6
15 41
50 34
77 34
99 3
79 30
60 18
98 20
101 34
78 8
60 6
21 25
68 8
73 3
71 9
31 22
81 30
50 6
80 27
99 19
88 3
13 44
71 3
10 43
33 1
64 36
92 35
88 18
57 17
15 6
34 26
71 21
59 51
65 1
74 4
26 45
41 44
13 41
55 2
103 7
13 9
92 38
103 11
88 4
102 16
54 35
7 40
83 2
47 35
82 4
102 10
54 10
75 21
46 9
65 11
58 22
97 6
97 8
72 11
23 28
95 13
93 2
47 3
101 18
95 21
72 2
50 36
70 6
56 2
72 4
71 7
79 5
53 42
4 40
98 8
66 30
50 17
4 42
79 2
81 27
83 9
55 22
50 22
103 19
7 42
62 9
65 21
62 18
57 3
13 43
79 20
72 16
81 36
94 13
49 14
73 8
33 3
31 7
4 44
66 11
8 41
90 80
75 19
71 35
97 12
83 5
59 30
56 10
98 10
93 7
26 42
81 26
37 2
92 40
57 21
71 17
0 11
101 6
95 22
97 30
98 12
80 40
103 3
66 17
73 11
55 5
79 14
55 9
0 17
97 3
76 7
0 21
79 12
60 21
96 2
33 34
55 36
100 1
80 43
46 3
0 14
63 1
72 12
95 19
90 92
27 25
19 42
50 23
76 21
29 7
103 2
102 12
77 20
14 27
96 3
94 16
57 10
69 1
46 21
66 10
82 18
35 27
94 15
95 9
79 9
22 25
102 17
83 8
49 5
97 4
7 44
50 15
103 9
89 26
99 8
76 1
81 1
4 27
103 5
70 3
9 40
70 2
39 44
73 10
71 8
16 41
74 6
30 25
0 13
33 8
93 5
98 9
93 30
69 2
21 27
55 3
0 7
19 1
79 3
60 9
75 8
67 10
26 40
66 8
64 20
99 34
101 13
102 18
50 11
65 7
49 30
0 15
99 21
17 41
49 10
54 11
65 4
61 9
101 20
13 40
33 21
60 20
62 6
29 2
102 15
56 1
81 41
76 4
98 17
101 3
59 10
103 34
90 89
31 2
99 35
96 9
59 20
12 27
79 28
73 18
72 35
83 16
57 9
73 27
0 3
12 25
78 22
72 22
80 35
68 5
49 41
53 26
64 22
18 27
71 15
95 1
10 41
57 16
67 3
55 18
66 12
90 49
48 38
100 2
8 42
23 26
64 8
15 40
11 45
49 17
66 7
55 30
103 18
97 17
84 24
26 41
48 45
56 36
91 27
56 13
16 27
98 34
10 45
18 41
88 51
58 20
66 35
7 25
73 7
15 45
16 24
3 45
83 20
56 17
56 20
50 10
66 22
60 22
72 17
61 5
74 1
89 27
15 24
12 40
83 18
63 4
80 45
79 39
98 21
7 41
80 13
56 8
8 43
81 34
97 7
26 43
49 35
38 39
79 21
36 25
98 6
71 20
72 3
49 13
78 6
57 18
88 20
57 7
73 36
76 16
49 9
97 22
32 6
59 7
47 30
95 7
50 4
59 15
0 5
92 28
11 42
76 22
77 35
103 15
88 2
65 16
6 27
75 34
79 15
12 24
13 25
49 3
101 35
13 45
95 51
96 30
0 22
71 1
56 15
99 4
65 19
56 12
6 25
9 26
11 43
50 51
49 12
57 13
3 43
65 14
22 28
55 21
48 41
103 17
80 7
33 6
97 52
77 3
96 8
38 25
58 35
23 27
97 10
39 42
95 11
34 8
56 30
82 7
49 27
66 34
70 4
19 39
60 2
88 13
58 30
7 45
55 34
50 5
76 14
58 3
98 14
75 20
97 18
58 36
67 4
99 7
59 36
95 16
55 15
50 19
93 9
49 39
19 25
3 27
73 38
8 44
18 25
95 3
3 42
47 5
72 36
12 9
14 42
60 8
34 27
77 4
54 21
29 18
12 26
94 8
95 10
103 20
79 40
75 36
101 7
76 30
67 6
76 51
94 51
99 20
54 1
64 30
103 16
59 21
77 8
50 3
56 52
57 30
73 2
65 12
41 45
84 25
102 5
57 14
65 3
88 5
50 13
82 2
58 8
55 13
94 9
2 25
1 27
1 25
59 35
66 15
78 4
101 16
94 10
36 26
70 1
50 21
56 14
53 39
49 28
66 16
72 7
0 18
82 3
80 16
79 17
23 24
46 8
35 26
102 7
74 5
80 9
33 35
11 24
79 22
50 7
49 22
96 23
10 44
2 28
95 35
58 2
62 7
11 40
48 1
29 30
85 24
26 25
66 1
49 7
1 28
77 9
71 14
83 6
92 43
71 13
100 30
79 8
57 8
73 26
95 18
11 6
98 5
61 6
73 30
78 5
77 1
95 5
0 12
33 36
47 8
46 22
41 26
4 45
66 2
48 39
95 20
79 42
95 14
75 6
49 15
91 39
57 20
37 1
66 9
76 9
16 42
10 27
47 21
65 23
73 35
94 34
65 10
66 20
71 30
79 38
22 27
56 6
79 1
83 1
75 30
82 1
77 18
30 34
79 11
39 40
82 9
79 10
80 12
48 43
66 13
59 11
64 6
81 38
82 30
97 21
57 15
15 25
102 35
50 18
54 20
0 8
95 34
12 43
5 43
94 5
95 17
31 9
34 25
61 7
10 40
57 12
55 52
73 15
12 6
99 22
81 7
73 5
57 11
92 42
56 35
95 12
72 20
56 21
66 36
94 18
77 22
19 43
62 1
83 11
79 26
98 13
48 27
59 16
100 4
80 14
53 40
31 8
97 13
19 44
16 43
59 13
38 27
102 23
87 24
95 52
98 15
61 1
92 9
101 36
93 6
94 23
62 22
100 5
29 1
66 5
77 30
55 6
18 26
95 2
93 8
98 30
100 3
101 8
62 4
0 4
33 14
60 1
94 17
49 2
71 22
101 1
101 22
48 28
60 7
100 8
5 25
33 19
101 19
69 5
58 4
57 19
95 6
49 21
56 34
9 39
33 18
66 51
57 4
33 10
100 7
78 7
83 14
29 6
50 14
34 41
15 42
93 4
17 26
94 36
7 43
55 17
83 12
66 21
59 22
59 3
33 30
65 36
81 39
102 51
71 4
33 20
8 25
34 39
19 9
29 3
101 51
74 2
32 3
62 20
47 1
103 14
103 1
50 35
72 9
75 7
65 30
4 25
0 9
80 24
70 5
81 42
65 13
53 41
4 26
81 25
50 12
46 34
73 9
94 22
65 5
54 13
83 21
65 9
90 84
82 6
54 22
79 13
73 14
71 12
79 6
97 1
101 17
79 41
3 44
53 27
12 44
55 20
7 26
41 43
67 9
33 5
15 26
82 8
87 25
39 41
9 43
54 5
61 18
73 1
37 30
79 16
73 17
58 7
88 12
99 9
88 11
0 1
0 20
78 21
96 4
33 17
67 5
81 44
102 52
59 18
90 48
12 41
62 3
73 34
5 27
11 25
95 36
