13 10
57 40
9 7
63 18
78 11
50 24
63 42
108 87
8 14
15 16
13 35
10 8
10 31
78 7
83 6
7 22
59 17
103 66
77 6
105 37
4 31
82 5
42 24
60 40
102 42
10 22
63 15
34 6
78 12
31 20
19 30
90 92
105 96
38 26
9 2
58 2
78 2
4 18
88 29
18 15
101 67
83 7
34 35
58 17
4 16
81 18
106 79
105 91
104 98
31 16
30 7
100 86
72 42
82 15
101 104
83 5
83 15
53 31
111 93
0 1
34 26
38 24
88 19
8 16
36 17
19 17
45 12
110 71
12 33
8 2
19 16
109 78
109 56
37 38
105 97
47 31
19 8
42 18
29 33
28 7
88 22
30 11
74 26
109 60
53 38
86 25
105 98
57 18
8 28
82 8
31 28
82 24
34 7
50 17
112 52
47 16
14 16
10 14
18 16
15 25
46 18
58 16
31 30
55 6
45 26
108 59
2 6
101 83
60 43
106 72
26 6
18 5
46 17
86 10
7 20
36 16
112 40
52 40
13 11
77 16
88 24
59 18
101 102
5 7
7 29
94 39
22 35
24 12
8 22
83 17
34 21
112 69
53 30
82 31
24 22
15 30
80 40
34 8
16 28
50 10
107 51
38 15
5 17
5 11
5 19
53 15
38 8
6 35
59 29
102 5
28 6
25 22
28 14
4 2
106 37
18 10
109 81
101 76
85 17
109 107
108 80
7 2
101 77
105 83
23 12
32 33
29 35
16 2
47 19
62 41
111 82
82 17
88 17
62 15
54 38
61 16
90 91
102 52
13 2
15 14
41 31
13 28
106 48
55 31
55 2
15 27
34 19
61 33
31 26
103 49
5 2
60 38
101 103
4 30
89 20
15 11
106 98
112 47
82 11
21 22
100 41
34 30
43 40
39 40
82 18
50 31
24 6
20 11
59 25
68 41
40 23
104 93
49 50
13 14
38 29
50 22
74 35
109 37
63 40
112 42
83 2
16 7
24 30
93 48
45 31
108 62
46 8
53 5
109 64
7 14
79 38
9 20
70 2
6 29
53 18
57 15
4 20
5 15
38 18
7 17
17 33
69 40
106 32
89 19
25 2
100 54
34 10
108 91
106 80
9 17
13 22
93 41
13 9
28 20
44 16
107 47
26 21
8 12
88 2
93 54
16 22
7 35
19 26
34 13
105 52
18 21
16 8
104 76
54 18
94 79
16 11
107 50
42 43
17 28
108 72
45 11
24 29
5 25
17 6
15 6
88 26
112 51
13 26
13 25
29 2
82 25
31 14
93 69
64 11
106 60
102 54
101 88
13 17
18 8
88 28
106 76
74 28
107 68
31 9
84 40
27 33
56 11
30 21
105 49
69 41
103 65
16 26
13 7
102 69
104 79
34 25
106 91
67 41
17 26
5 18
47 5
50 7
102 93
7 11
50 11
21 29
51 38
39 18
64 33
66 33
102 40
104 67
77 21
25 8
14 6
30 17
64 17
82 13
47 9
79 43
5 8
103 39
108 88
24 23
113 5
68 24
73 2
112 31
107 5
53 21
9 30
4 19
5 10
42 13
10 29
84 5
106 65
112 46
45 22
45 14
38 22
50 38
40 24
15 19
31 22
64 16
14 22
15 17
61 17
26 11
102 86
45 6
31 27
17 35
30 2
69 5
42 15
10 16
109 61
16 12
53 14
21 2
15 2
45 23
7 21
82 26
88 21
105 66
53 7
69 43
88 14
105 99
45 17
24 26
108 63
82 6
112 68
108 84
4 7
9 28
28 22
50 16
40 18
15 21
112 43
34 24
4 15
109 48
28 29
107 69
38 5
34 22
93 5
101 78
64 6
82 16
113 1
15 9
28 12
74 21
83 26
59 13
9 16
23 29
43 38
107 43
21 17
82 21
93 100
23 6
113 82
106 4
77 35
82 9
79 24
25 14
51 18
19 2
38 30
6 17
49 26
41 15
100 53
20 17
110 84
101 79
45 9
79 40
40 30
101 61
53 13
45 30
40 16
16 14
90 49
34 9
86 5
16 35
14 35
21 6
38 25
78 17
10 25
103 67
34 31
38 27
83 16
38 14
79 5
53 20
10 28
45 29
89 22
46 5
90 82
7 12
80 42
94 65
21 16
89 17
50 8
74 14
9 11
59 12
101 94
15 22
106 56
42 5
13 12
53 8
107 40
69 15
101 80
43 19
31 21
49 51
25 11
72 40
40 10
105 82
43 5
105 32
63 41
15 28
89 7
0 2
108 98
15 13
94 76
9 19
27 23
83 14
105 56
42 41
34 2
113 74
62 5
27 16
15 24
27 17
83 11
48 38
36 33
17 11
14 33
72 41
11 12
39 42
53 9
94 67
13 19
77 7
17 12
40 8
103 97
82 27
104 65
4 27
85 12
7 6
1 33
47 18
18 30
59 9
77 33
112 48
109 54
45 21
15 12
5 21
50 25
46 31
79 9
36 11
10 21
40 38
94 99
110 6
11 6
5 16
106 61
27 14
5 12
27 35
53 17
31 12
47 24
23 35
38 6
29 12
38 17
9 26
9 12
57 43
109 80
11 22
110 91
78 21
11 7
27 6
9 27
89 26
89 16
100 48
4 6
103 60
20 12
107 48
19 21
109 72
24 25
56 2
108 57
19 22
4 24
37 18
14 20
15 31
86 15
5 31
68 42
78 26
59 23
45 7
43 25
7 33
103 73
38 19
76 41
110 74
30 35
34 14
28 33
26 14
109 77
47 11
102 47
24 7
86 40
86 18
88 5
39 41
79 15
109 85
9 21
69 38
8 6
5 9
102 48
50 19
43 18
23 20
83 29
49 54
82 10
40 13
53 19
73 33
24 11
27 30
107 42
100 50
6 11
102 31
106 73
9 29
83 23
101 49
102 53
57 5
59 6
46 13
59 31
46 16
6 16
108 58
112 54
53 24
24 9
31 25
41 25
100 68
89 2
59 27
14 17
15 8
21 12
52 42
47 15
86 38
101 82
102 41
22 12
34 20
4 21
53 26
30 12
25 26
31 23
89 11
57 42
59 26
61 11
23 14
65 35
89 21
107 46
40 27
74 6
73 35
30 26
25 16
41 18
93 43
67 42
74 20
34 11
8 29
9 6
93 86
57 38
30 29
47 38
74 11
5 6
45 25
14 29
15 29
106 89
67 10
109 51
18 24
79 41
40 9
16 29
19 29
106 54
25 21
25 12
31 2
10 30
36 12
59 10
69 13
106 49
106 92
10 35
108 77
50 23
68 40
68 15
38 11
106 75
81 17
101 72
27 20
89 35
109 4
50 20
105 95
94 95
106 52
89 8
10 20
88 16
106 67
112 93
67 43
34 17
100 52
26 29
88 31
45 20
47 21
28 17
107 100
102 100
74 12
111 83
112 86
85 38
26 2
53 11
27 2
102 51
15 18
67 38
31 29
16 20
106 97
59 20
10 17
4 23
109 59
94 32
21 35
78 6
41 19
61 12
25 30
67 40
47 7
31 6
4 5
26 12
27 22
104 66
5 24
61 35
90 84
26 33
21 33
83 27
38 21
38 31
24 35
104 73
9 25
112 50
58 12
76 42
23 2
56 18
69 18
75 38
24 2
105 106
24 28
26 35
11 14
31 17
8 11
15 23
47 10
11 2
86 24
10 11
102 68
34 28
109 88
42 40
5 30
38 9
103 98
93 52
5 14
101 59
4 9
88 8
109 93
74 2
19 11
14 12
6 22
108 0
31 11
46 38
20 33
24 20
113 112
93 68
46 25
39 38
25 35
111 112
82 20
89 29
106 77
67 5
59 21
87 2
113 93
75 18
52 43
79 31
55 7
67 15
56 16
41 43
25 28
85 18
45 16
26 22
67 13
46 28
45 27
14 2
39 5
13 21
94 98
82 14
41 10
29 16
47 8
106 1
50 30
94 49
100 93
53 27
88 27
20 6
50 5
19 14
50 28
49 52
83 24
10 26
62 18
27 12
18 31
89 12
46 19
94 97
38 28
90 56
34 16
10 7
106 96
84 38
59 11
26 7
82 30
15 7
22 2
4 14
108 70
106 82
43 10
69 24
103 76
83 25
109 76
50 27
106 59
93 42
83 31
47 13
100 43
35 2
79 13
100 51
55 21
93 47
78 35
46 9
83 22
41 38
83 9
110 93
93 53
10 6
86 13
76 40
63 5
9 8
65 2
83 8
94 100
43 31
5 26
5 28
20 22
5 22
40 19
69 42
41 9
4 12
18 25
93 31
84 42
8 26
86 9
24 8
59 30
11 20
9 14
82 12
85 16
106 85
25 6
10 9
112 41
13 20
90 93
88 11
104 32
103 96
74 16
55 26
89 25
46 26
31 8
42 38
88 6
13 24
47 25
20 2
20 35
4 10
59 22
109 83
23 7
103 79
102 46
93 50
41 40
107 54
102 43
22 17
46 24
4 17
39 43
74 29
18 28
50 15
25 19
104 100
13 8
7 16
62 40
62 43
83 18
74 33
17 20
27 29
17 21
109 89
105 73
88 30
46 15
93 40
59 15
30 16
84 43
111 101
22 16
25 23
53 23
100 40
74 7
89 14
93 46
19 35
113 109
89 6
110 92
105 93
43 27
112 100
17 29
101 64
45 19
27 28
104 99
27 7
8 17
10 23
30 20
88 15
88 25
6 2
41 13
43 9
11 29
89 30
89 23
104 97
29 11
72 43
59 28
77 12
46 10
88 13
8 33
113 84
88 38
49 53
2 12
65 33
100 47
30 33
34 12
83 10
82 19
13 16
50 6
88 20
46 23
47 27
50 21
110 83
44 38
5 29
28 26
14 11
4 8
28 2
18 14
82 23
109 67
107 52
50 14
42 10
85 11
103 100
3 1
108 55
29 17
109 82
80 43
47 23
5 20
43 13
15 26
21 20
13 27
59 2
13 6
28 16
47 30
38 12
59 14
10 27
35 12
74 17
45 35
4 22
4 11
48 18
15 20
106 64
89 27
16 17
94 73
4 25
77 17
108 92
106 51
68 43
106 107
34 23
74 22
83 20
10 2
36 35
112 53
61 6
110 7
108 89
25 20
25 7
16 21
106 95
23 28
59 7
76 43
109 44
59 8
24 16
19 27
67 18
36 2
64 21
18 13
19 20
19 7
107 53
84 18
84 41
83 12
67 24
106 88
8 21
17 14
100 31
76 18
8 20
13 23
63 43
9 35
5 27
40 5
24 14
101 60
68 5
24 31
2 29
20 29
24 21
63 38
106 44
15 10
40 15
109 79
82 7
43 24
18 17
106 66
90 83
18 7
38 10
88 12
23 30
9 22
109 52
23 21
6 12
45 8
11 33
23 17
25 27
47 14
106 81
47 28
64 2
46 27
17 22
31 35
40 31
17 7
5 13
53 25
60 18
88 10
8 35
106 93
77 11
21 11
13 29
38 23
71 1
23 11
25 29
109 75
61 2
100 5
78 33
70 1
10 19
82 2
103 93
82 29
108 64
22 29
83 21
85 2
43 15
105 92
101 39
60 41
107 86
107 93
82 22
24 17
26 16
27 11
83 13
103 95
52 18
83 19
106 78
16 33
30 6
69 10
50 13
19 6
106 39
45 28
81 38
105 101
103 99
50 9
24 19
49 13
89 28
88 18
64 35
22 11
9 23
14 21
27 26
17 2
88 23
30 22
41 24
100 69
4 26
55 13
108 71
2 35
5 23
108 61
109 49
100 46
39 15
88 7
100 42
24 10
94 93
4 28
108 3
87 1
104 49
64 12
78 16
107 31
18 11
62 42
28 11
105 65
83 28
23 22
27 21
81 16
111 49
28 21
86 43
23 16
108 78
68 38
111 109
13 30
53 10
40 25
79 18
88 9
47 26
4 29
35 33
26 17
60 42
112 5
110 1
23 33
101 89
86 31
80 41
74 8
104 96
59 19
2 33
38 16
82 28
38 7
11 21
34 29
18 27
109 39
30 8
57 41
23 26
56 38
12 35
86 19
110 82
106 83
28 35
94 66
59 16
19 12
59 24
24 27
3 2
8 7
93 51
18 23
11 35
50 26
38 13
83 30
6 33
16 6
107 41
59 5
41 5
38 20
94 96
113 36
10 12
62 38
31 19
30 14
19 28
47 17
45 2
30 28
53 28
106 99
18 26
13 31
113 34
27 8
113 83
68 18
58 11
46 30
44 18
18 19
104 60
104 95
77 2
53 16
56 17
4 13
68 13
101 93
34 27
102 50
94 60
31 7
20 16
22 33
25 17
103 32
79 10
38 2
68 10
26 20
108 67
104 39
