60 12
54 58
47 9
69 40
1 24
99 11
84 14
101 6
62 22
48 34
0 12
48 43
68 9
50 17
64 40
97 2
52 9
93 15
86 4
35 34
96 12
60 8
99 92
97 28
67 18
44 2
90 8
97 17
33 30
99 28
68 14
93 27
86 12
4 23
64 2
68 7
78 43
44 6
12 1
100 34
100 4
84 22
44 3
99 36
13 10
73 74
62 3
86 28
62 10
97 43
47 14
50 41
44 12
96 8
68 30
81 39
64 42
62 1
25 28
78 36
64 9
86 9
47 3
88 15
53 36
62 9
85 18
86 26
60 1
101 18
99 17
60 40
25 18
88 1
13 1
99 27
97 36
53 1
62 8
72 16
13 18
48 17
29 5
64 22
47 30
13 3
25 26
89 1
86 10
65 17
83 12
96 18
62 7
50 11
52 8
48 10
86 17
100 39
86 27
70 11
13 9
90 9
13 11
67 8
97 42
88 10
32 17
44 11
64 39
35 30
99 42
44 18
73 42
35 3
17 8
79 8
66 27
96 37
52 3
42 24
69 1
70 14
44 1
66 4
96 40
45 14
93 4
66 2
101 37
0 6
94 5
54 55
99 37
76 30
61 11
39 24
35 1
99 16
99 43
93 34
93 5
78 14
93 22
73 34
99 30
91 8
99 18
89 2
35 37
99 22
22 24
93 1
93 14
29 2
83 34
62 39
63 34
50 12
99 15
94 8
35 5
96 7
52 34
64 15
99 1
66 22
99 8
13 2
50 8
53 14
80 9
35 41
80 6
43 24
96 43
50 30
54 1
26 24
63 15
60 30
35 10
0 1
66 10
97 8
66 8
91 9
99 26
29 14
48 28
33 8
48 15
44 43
52 14
85 38
54 24
96 6
64 8
0 2
50 9
97 11
67 6
53 11
60 10
53 15
35 42
86 30
88 4
97 22
44 8
66 6
95 27
99 14
17 23
29 31
67 5
78 1
69 43
91 14
52 22
97 6
9 23
35 9
96 41
60 3
97 37
86 18
90 3
64 43
62 34
96 2
44 31
96 42
48 7
60 14
35 14
99 34
54 23
25 12
81 11
4 49
4 24
66 34
35 18
63 14
44 15
86 6
18 57
99 41
35 36
2 24
62 43
64 41
72 2
97 16
73 56
29 8
93 41
69 22
53 17
53 9
35 8
4 8
64 14
78 34
96 28
35 7
64 12
85 26
72 15
89 15
68 38
91 26
72 12
87 1
48 9
48 3
70 8
96 26
60 17
79 15
48 4
96 22
97 40
70 12
96 36
52 30
79 34
4 1
75 24
44 37
20 12
70 15
99 2
71 28
80 41
35 15
47 2
53 2
11 24
79 2
66 16
60 11
87 8
13 14
94 12
100 5
12 24
97 41
62 12
97 18
82 3
97 9
25 6
78 40
93 30
50 4
99 31
72 34
17 24
89 41
93 12
60 4
13 4
63 27
93 17
44 14
33 31
33 1
44 10
66 17
96 3
86 38
86 36
96 11
0 5
100 15
67 22
93 18
72 14
52 26
77 3
100 22
64 31
96 14
53 39
80 5
66 41
59 30
77 30
21 22
47 11
48 37
99 10
64 6
62 30
99 38
96 39
32 4
81 2
69 26
99 9
44 5
96 5
13 16
25 22
54 57
50 36
84 1
50 2
53 8
48 1
64 1
62 14
97 1
81 14
61 4
96 9
48 40
41 24
19 15
52 1
98 24
44 9
97 26
35 43
65 11
0 9
67 37
17 1
35 22
91 39
47 15
35 4
94 41
0 3
50 14
97 15
1 23
29 10
98 8
50 1
13 5
88 34
69 11
70 3
62 42
62 41
78 2
81 15
50 39
68 2
14 24
99 40
94 26
48 18
29 11
80 14
65 15
13 8
35 17
98 49
21 18
62 4
80 27
52 15
88 8
54 49
50 7
79 1
0 8
98 23
68 4
86 5
63 12
86 3
52 16
90 1
48 31
54 56
36 1
35 39
48 30
61 1
51 12
80 8
78 9
78 8
60 39
63 30
60 38
94 22
25 27
52 17
52 4
12 8
64 36
70 36
62 38
97 12
80 34
13 15
93 8
48 12
44 17
0 11
70 2
10 23
86 31
101 3
52 39
81 36
0 4
86 34
96 34
100 27
29 3
91 1
91 11
65 14
86 8
35 31
50 10
97 10
80 12
96 1
44 34
50 43
97 3
68 11
98 1
29 30
96 30
88 11
62 6
77 9
44 36
84 8
48 5
86 1
48 14
80 3
61 8
60 15
97 34
70 30
91 36
44 40
99 12
33 34
35 28
54 8
52 38
35 2
48 8
64 11
46 14
66 12
97 4
8 24
92 24
48 2
96 27
68 1
86 22
69 8
52 11
50 40
66 30
50 5
62 15
60 36
67 1
70 1
64 30
35 11
18 24
29 1
69 17
90 12
32 8
97 7
68 8
62 40
99 5
44 22
62 36
32 1
95 39
80 1
16 24
62 26
29 27
36 8
64 3
70 22
35 38
79 14
70 9
91 15
89 8
0 7
35 40
29 15
36 24
97 5
48 42
73 75
48 6
64 17
81 17
52 18
48 39
48 11
86 42
99 7
97 14
35 12
86 41
40 34
44 41
81 30
99 3
86 11
9 71
93 6
53 4
70 39
64 5
60 34
66 3
63 2
62 18
63 6
89 34
71 24
60 9
63 3
80 30
53 22
84 34
52 2
25 3
0 10
80 2
97 30
62 2
94 1
48 26
60 43
68 41
13 17
80 31
44 7
48 22
87 14
62 5
67 38
69 15
29 6
52 36
51 11
47 36
48 36
81 12
93 10
99 39
69 4
66 1
68 12
