10 13
65 51
75 1
0 4
32 6
32 12
27 30
74 4
17 20
7 35
116 77
26 18
121 89
25 26
81 2
19 16
38 12
75 47
118 86
8 19
94 48
47 45
62 9
30 5
125 93
33 13
58 1
120 73
105 2
79 8
30 1
47 48
95 9
26 30
15 1
93 6
66 9
86 18
62 18
124 104
72 49
8 6
26 20
124 46
2 29
10 31
108 39
5 17
93 27
40 25
94 2
10 26
72 39
67 8
51 44
50 32
101 3
93 7
33 16
44 50
97 50
71 47
70 51
108 98
32 2
22 23
39 34
119 108
2 18
87 7
15 13
74 31
79 47
95 8
61 39
0 10
47 7
31 33
3 12
37 3
79 50
109 108
3 28
71 10
58 9
125 37
103 7
75 40
112 106
121 79
112 103
91 30
49 25
1 25
118 79
47 40
41 7
55 1
119 81
32 7
53 9
70 44
120 89
106 8
63 1
39 4
7 17
15 6
6 33
108 62
7 28
117 87
123 93
38 29
43 50
97 4
87 5
46 3
79 39
115 43
25 31
93 45
96 3
13 4
61 18
91 13
103 8
98 39
20 12
121 67
27 28
61 36
25 3
50 20
46 32
52 39
121 15
119 51
118 73
114 64
62 4
7 33
61 35
45 29
18 16
67 10
57 13
67 2
38 18
76 10
118 119
52 31
86 3
39 13
68 39
101 34
36 3
42 10
74 9
91 31
121 93
119 63
65 46
5 28
93 31
18 17
4 6
121 64
27 7
27 33
82 6
79 48
32 18
101 8
102 2
118 88
74 1
93 25
40 27
65 8
113 70
102 13
11 13
46 10
102 17
119 61
94 51
10 29
21 16
79 27
102 28
118 55
35 31
40 3
43 7
46 40
1 12
27 9
2 20
1 13
45 3
13 17
44 27
101 19
61 28
103 25
89 48
94 44
80 12
38 31
36 12
117 111
36 19
40 32
118 89
121 71
108 72
93 1
63 8
33 20
35 7
113 116
125 56
38 27
75 2
91 2
68 50
108 58
91 27
73 13
44 8
36 4
107 93
91 28
40 12
39 28
106 44
50 27
46 50
118 77
113 84
41 8
35 26
92 2
93 26
48 5
116 110
25 32
47 50
27 2
86 5
120 68
91 36
125 108
51 47
119 62
52 40
30 17
125 95
10 35
124 112
102 34
88 46
10 39
49 48
68 7
27 4
48 35
46 6
109 71
91 33
121 90
2 3
35 3
104 30
117 110
97 35
8 3
72 10
82 16
34 12
10 32
99 48
103 31
42 9
76 51
117 118
10 12
93 9
109 60
93 50
91 29
98 7
44 10
34 19
84 52
49 34
85 18
114 99
15 4
29 4
118 110
9 7
97 48
74 35
38 26
62 12
113 73
118 96
45 8
51 7
121 74
3 13
38 9
10 8
20 18
7 40
46 26
1 32
73 17
8 4
15 12
66 8
47 32
87 6
52 29
29 28
73 18
39 33
56 16
30 20
93 34
52 7
49 45
10 40
54 2
93 36
117 93
91 18
114 47
29 13
40 17
109 112
2 30
0 3
101 36
122 57
51 49
91 19
49 44
51 9
43 9
53 4
104 1
97 10
39 17
92 10
121 58
114 81
39 8
25 30
101 33
112 65
6 5
26 28
2 26
82 3
13 3
95 48
92 4
117 41
85 12
71 49
34 3
101 31
118 102
99 39
108 48
115 108
47 2
68 46
37 4
125 82
59 13
90 2
44 2
99 35
97 46
49 46
101 1
52 27
52 6
45 27
86 2
95 10
45 31
116 43
108 99
45 12
34 20
9 25
48 45
6 30
38 5
75 10
102 29
38 30
65 44
41 9
103 3
119 64
50 5
120 102
122 94
74 32
40 5
119 103
61 2
118 101
28 16
53 3
101 12
65 52
68 2
15 19
113 43
114 44
0 1
27 19
52 5
60 67
40 26
93 35
26 33
17 33
96 6
121 102
74 6
9 1
76 50
99 4
87 8
121 60
37 20
0 7
119 98
36 17
28 3
89 44
31 17
28 13
7 20
102 1
63 2
43 51
34 6
50 39
9 19
4 26
44 32
48 10
101 10
98 25
118 63
37 17
103 2
98 6
35 13
84 49
69 5
121 119
3 30
13 16
74 18
7 26
114 62
39 3
119 46
1 6
7 29
37 5
120 88
108 64
98 4
4 36
123 60
61 10
105 7
34 18
43 44
31 28
11 12
74 28
94 47
51 27
101 29
46 9
72 47
98 3
7 32
36 6
6 12
52 34
83 8
61 6
50 25
49 1
6 31
6 36
56 13
116 84
42 8
87 9
0 9
50 34
51 52
46 8
102 5
124 105
50 29
8 1
74 30
74 34
12 13
77 12
119 106
2 34
119 97
7 12
42 2
69 1
47 8
38 34
87 2
75 45
60 65
97 45
99 40
101 9
45 28
64 7
121 55
67 7
74 7
53 10
4 3
113 15
60 36
5 12
91 20
124 47
61 4
25 27
39 7
46 45
71 9
60 63
51 10
114 46
58 7
2 40
50 3
79 9
66 2
32 3
90 9
27 20
9 33
75 25
35 30
54 1
76 1
45 18
71 51
40 30
101 39
98 8
112 49
108 65
98 26
34 5
86 4
51 8
93 17
15 18
118 71
1 31
59 20
64 2
48 2
91 3
6 20
85 10
0 6
25 12
50 12
102 3
101 18
49 39
29 3
69 6
32 19
101 28
8 9
108 66
114 58
39 1
28 5
118 41
61 9
114 48
20 6
50 7
51 2
33 18
9 32
3 5
51 32
9 27
46 1
49 2
19 13
79 10
35 6
55 2
45 32
9 12
32 30
104 10
32 35
85 17
27 26
56 6
124 98
40 19
104 19
114 106
8 32
72 51
97 39
48 39
34 7
59 12
107 24
87 18
55 10
48 1
49 35
38 1
39 35
121 66
28 20
79 1
30 28
124 108
42 1
62 10
64 9
119 65
99 2
25 6
40 29
97 9
120 79
105 49
65 48
39 20
97 7
120 22
125 121
114 105
106 47
43 48
119 67
112 98
113 71
75 49
6 19
32 34
29 20
97 3
103 52
98 1
45 17
112 62
7 27
112 97
10 9
95 50
91 12
69 18
93 40
124 61
46 29
97 25
44 25
108 103
34 13
48 40
1 29
113 101
48 28
103 6
27 34
34 9
125 38
68 48
8 7
121 73
8 40
32 13
124 52
95 51
48 25
84 51
61 1
48 29
35 18
93 2
56 12
83 10
2 39
121 62
62 6
26 36
105 48
96 17
113 108
98 50
82 17
97 8
79 35
104 9
30 33
94 10
87 1
114 49
0 2
95 2
112 47
113 89
106 9
93 30
68 47
96 4
95 44
40 13
112 58
120 69
25 33
31 19
109 78
103 39
94 8
4 17
48 26
101 20
121 41
72 44
121 70
74 2
96 10
124 72
41 4
81 9
9 45
106 49
76 25
81 10
123 124
7 4
98 27
61 29
124 63
92 6
109 110
101 27
104 39
107 42
113 88
33 4
62 3
43 40
39 36
118 43
53 1
76 8
94 49
102 4
60 64
112 67
64 1
38 32
18 12
105 9
49 4
54 9
124 48
97 52
1 36
97 47
71 72
85 2
3 36
94 46
26 6
45 2
27 5
15 17
61 7
112 105
104 18
76 49
76 45
56 3
30 12
2 31
101 30
118 83
0 8
66 7
112 99
28 12
8 34
40 2
1 34
105 39
9 17
35 12
25 17
44 52
27 3
91 1
27 12
48 6
109 111
10 4
35 36
125 23
61 3
120 70
107 60
49 52
8 31
19 1
108 104
86 17
84 46
50 33
48 9
98 48
91 4
39 32
8 28
82 5
113 109
117 42
51 1
114 72
97 40
50 35
52 2
125 59
70 49
124 65
74 13
65 72
19 18
3 33
94 45
43 52
35 27
102 33
25 9
98 10
27 18
59 18
98 32
52 35
112 52
25 18
99 7
121 42
95 49
29 6
17 13
68 45
43 46
75 50
44 4
105 52
121 43
31 1
114 66
117 60
63 10
59 3
39 18
86 1
84 9
32 5
1 17
9 29
9 26
1 28
84 44
61 30
45 25
38 36
118 24
10 6
74 27
102 20
2 17
36 33
60 25
29 5
112 46
9 34
1 20
36 1
9 6
38 20
94 7
28 18
29 36
3 20
117 57
123 113
1 30
69 12
95 47
117 90
99 1
50 17
12 16
18 20
76 40
109 77
79 25
46 48
118 57
10 27
35 1
24 23
112 39
8 5
58 2
4 29
48 32
84 8
101 13
79 45
118 64
120 100
46 39
54 8
39 9
34 29
37 6
74 29
29 1
88 49
27 13
104 3
44 47
79 46
49 50
31 20
7 36
44 1
91 26
25 29
105 44
75 7
38 3
99 9
48 34
98 29
114 104
117 65
70 48
118 70
32 1
2 27
108 61
33 6
26 1
62 2
93 12
5 33
41 3
99 27
118 53
105 8
89 52
10 36
45 36
7 18
108 112
99 47
89 46
72 9
38 7
34 4
4 18
40 9
70 47
101 25
119 104
3 18
28 33
48 4
116 108
50 31
95 39
98 34
118 85
97 27
34 36
97 34
108 51
99 52
112 104
99 10
41 2
101 7
102 30
39 40
40 33
2 12
50 36
60 31
20 3
25 5
47 1
73 6
98 31
124 39
53 2
121 86
61 19
71 44
29 12
9 35
7 25
53 8
106 46
124 103
4 34
40 4
9 18
121 84
94 9
2 25
78 16
105 1
49 7
25 20
105 47
75 52
61 45
49 10
4 30
68 40
26 5
96 2
117 85
50 18
7 5
73 1
71 46
29 26
45 4
50 6
125 39
40 7
56 33
85 8
9 39
2 7
26 12
4 20
39 2
57 12
113 60
120 76
120 24
31 13
39 5
91 34
101 40
52 45
50 1
44 40
44 9
19 5
50 2
3 19
43 45
117 24
108 44
121 54
40 28
49 40
93 39
120 94
86 9
35 9
107 94
76 44
52 36
120 101
8 2
44 45
85 5
59 16
91 9
82 18
4 19
122 24
96 5
104 36
124 62
25 1
85 6
28 1
75 46
118 62
5 13
8 36
102 7
101 17
69 17
115 112
116 111
9 5
89 49
55 9
32 9
92 1
35 28
106 25
68 10
96 8
8 27
116 60
85 3
3 17
105 10
112 81
99 45
71 48
119 44
107 95
104 8
34 26
106 48
108 46
118 66
43 39
31 12
106 39
120 95
9 40
101 35
45 50
25 19
29 30
47 10
8 45
95 7
26 19
70 46
52 26
2 1
93 4
47 27
2 28
10 3
79 40
34 28
121 101
51 25
9 2
3 29
108 67
13 18
88 47
115 78
76 9
50 8
46 31
118 92
122 91
71 7
79 7
32 20
76 7
52 9
55 7
32 36
118 90
117 86
122 82
65 47
105 46
57 36
88 52
98 46
5 19
39 19
120 15
119 52
91 17
30 19
87 17
84 45
33 5
1 27
117 113
64 10
38 17
38 33
93 8
8 39
26 17
50 26
48 31
87 4
93 28
33 3
66 1
102 12
38 2
2 50
61 32
124 44
104 2
103 10
119 99
50 28
92 9
40 31
41 10
71 45
119 39
15 3
121 65
122 22
108 97
58 10
104 25
34 17
7 30
28 19
47 39
47 34
118 84
107 108
74 19
86 7
31 18
121 96
73 3
115 71
118 22
73 16
8 26
99 46
10 20
69 4
77 16
91 35
29 31
91 6
35 19
69 3
114 98
56 1
51 45
97 1
106 10
46 25
43 49
48 27
118 65
9 36
79 2
93 19
2 36
117 22
104 17
74 26
103 48
40 6
119 66
8 35
48 7
57 30
34 33
106 52
124 51
45 39
106 7
54 10
45 7
44 39
61 50
48 8
98 45
9 31
93 5
115 110
17 12
108 52
108 63
35 20
101 32
112 44
27 17
75 48
19 6
35 4
106 1
75 44
109 84
37 18
99 32
51 35
31 36
98 2
89 47
19 20
20 5
0 5
85 7
68 49
33 12
40 8
114 67
71 52
52 50
75 9
25 28
50 9
43 47
32 33
91 5
123 121
40 1
59 17
1 18
76 48
76 52
109 43
1 3
101 5
49 47
80 23
114 51
84 2
2 33
97 32
45 40
121 83
112 63
45 35
76 47
114 63
32 27
62 7
84 72
92 7
29 19
124 97
46 7
29 18
32 29
73 5
39 30
99 8
106 2
67 9
74 5
93 32
41 1
60 66
108 106
9 50
10 28
105 25
116 112
20 13
75 51
30 4
74 33
3 16
1 4
93 18
121 88
122 30
72 48
30 13
98 35
84 48
64 8
100 12
35 17
56 18
96 18
112 61
2 32
61 34
5 18
102 6
83 1
10 5
7 19
86 6
4 33
51 50
51 46
109 79
121 81
115 77
38 35
87 3
30 3
118 54
114 39
48 50
113 102
25 2
56 20
38 4
107 22
75 8
14 12
103 1
99 44
94 50
34 31
49 9
116 71
76 39
30 16
97 2
91 7
47 46
112 64
102 9
20 16
31 30
47 25
52 30
124 66
2 13
118 111
45 6
52 1
85 1
8 29
4 5
104 31
13 12
124 49
2 4
114 65
36 28
102 18
13 5
120 14
118 93
45 1
124 64
60 61
123 108
104 7
38 28
19 3
87 12
94 39
45 9
7 31
34 1
42 7
61 27
32 26
10 1
118 108
62 5
72 45
9 4
74 10
55 8
120 0
74 17
91 32
122 95
101 26
46 4
26 13
104 4
82 4
39 27
36 18
1 19
118 42
122 93
59 4
10 17
7 13
79 52
99 25
40 36
39 29
52 25
63 7
25 36
106 51
15 5
118 78
85 9
95 45
51 40
50 13
50 30
112 48
46 27
17 16
37 16
95 46
99 50
45 30
75 39
47 52
92 8
118 81
122 23
28 17
51 39
10 19
86 10
43 8
30 6
10 33
19 33
118 60
119 49
27 31
8 30
6 13
4 12
112 72
114 61
28 4
10 7
61 33
120 80
20 17
72 8
62 17
99 34
89 51
61 31
68 9
104 6
103 4
19 12
112 66
90 8
52 4
26 16
98 52
31 5
35 34
115 60
118 23
4 31
46 34
86 8
116 79
93 29
35 2
8 25
71 8
2 19
88 51
79 49
38 13
6 17
88 44
38 19
105 51
1 5
10 18
114 108
101 2
45 13
63 9
9 13
108 49
82 12
73 12
36 13
46 35
121 85
122 108
70 52
10 30
81 7
25 34
19 4
32 4
30 36
76 2
84 47
121 53
59 5
108 81
3 31
61 40
7 3
114 52
83 9
31 6
104 12
50 4
37 13
7 39
117 108
92 3
113 115
8 50
44 46
62 8
74 20
76 46
8 18
87 10
68 51
9 30
114 103
7 1
113 93
121 63
25 4
2 35
114 112
120 77
4 28
118 67
49 8
113 114
45 33
6 28
26 3
32 31
39 25
45 26
10 34
25 7
115 79
31 16
61 17
108 47
68 8
79 44
112 108
96 1
124 58
96 12
118 74
45 5
72 2
66 10
48 30
119 47
44 7
101 4
120 11
72 7
35 33
9 3
33 17
1 26
125 124
94 52
27 1
52 8
81 8
32 17
52 48
35 5
31 3
112 51
52 32
6 16
38 6
30 18
15 16
113 79
36 16
121 92
46 2
56 17
44 48
61 5
9 28
104 5
74 36
34 30
119 48
102 36
27 6
61 26
18 13
62 1
27 29
124 81
13 6
4 13
51 48
102 26
56 5
102 31
108 105
29 17
118 58
43 2
74 3
52 10
47 9
72 52
118 15
79 32
60 62
124 67
43 10
29 33
19 17
125 94
20 4
58 8
47 35
10 2
53 7
74 12
7 6
49 27
39 26
39 12
116 78
107 57
46 52
40 20
95 52
25 13
124 106
36 20
40 35
85 4
119 58
125 91
34 2
68 44
121 108
48 36
117 78
96 7
83 7
36 5
103 9
59 6
44 34
61 25
72 50
26 31
114 97
68 52
39 31
88 48
93 3
102 19
40 18
50 40
2 6
50 19
54 7
45 20
119 72
120 75
48 3
3 6
6 18
119 105
57 19
5 16
39 6
2 5
10 50
71 2
45 34
26 4
37 12
98 9
45 19
10 25
119 112
32 28
115 84
27 36
49 32
1 33
47 4
35 29
28 6
124 99
122 56
56 4
73 4
101 6
86 12
18 19
29 16
79 51
40 34
9 20
31 4
98 40
72 46
7 34
52 3
83 2
25 35
44 35
115 111
96 9
