98 63
49 42
18 25
45 21
72 6
13 30
116 49
35 20
94 1
5 4
96 5
45 37
10 22
25 24
35 18
55 11
5 19
49 19
113 86
98 45
4 8
26 27
10 25
30 11
73 51
113 74
66 32
103 72
102 82
16 30
49 6
48 49
13 19
82 42
114 39
27 28
77 46
4 14
33 24
29 12
109 86
34 30
109 90
72 25
27 32
95 36
89 51
50 1
104 63
98 65
102 5
78 50
9 22
92 49
52 1
3 8
95 50
109 58
99 100
36 30
104 49
113 70
113 65
4 10
37 21
34 12
34 14
6 33
6 9
41 45
1 24
13 15
116 82
116 77
94 42
102 76
29 9
35 23
3 15
10 24
74 1
36 23
36 9
98 79
116 64
116 95
46 35
102 44
45 30
20 19
17 22
110 46
94 10
92 14
30 1
78 48
6 18
5 2
45 4
102 62
42 20
8 32
116 47
109 98
36 15
9 19
88 24
44 18
48 45
37 29
29 10
102 49
45 27
82 48
36 26
6 30
4 21
31 2
16 14
78 51
110 98
50 4
86 21
3 29
110 47
20 25
81 21
10 7
93 13
116 48
53 2
1 23
26 11
41 42
47 1
107 6
5 29
29 14
48 27
16 24
26 30
13 27
76 5
78 45
8 24
19 12
19 11
4 15
56 18
14 24
46 37
29 7
35 14
4 29
43 36
1 29
111 72
49 16
50 29
70 47
72 29
2 28
10 15
5 33
45 2
92 48
73 6
29 25
37 5
42 11
29 26
103 98
48 26
4 1
88 12
96 44
98 21
5 15
16 8
116 52
4 27
103 88
72 21
34 25
105 98
34 20
20 17
9 28
48 1
43 20
48 8
2 18
109 89
58 2
75 24
43 45
66 28
113 91
45 36
1 28
10 19
2 22
46 42
35 30
93 27
105 84
17 1
74 13
50 44
44 8
113 62
76 43
30 17
37 13
86 24
41 43
99 101
37 26
36 8
70 42
93 26
51 43
9 11
45 25
35 28
3 11
4 30
42 35
10 32
33 12
94 27
110 50
61 13
110 29
67 1
33 32
116 96
1 35
70 48
104 82
93 16
34 18
26 2
107 85
53 1
14 7
99 102
20 9
91 2
109 65
3 21
50 20
86 18
46 50
106 74
86 25
86 6
89 6
25 33
49 29
104 94
94 44
23 2
76 48
95 4
45 18
1 13
72 35
5 22
5 13
42 28
5 8
55 1
6 27
2 12
11 2
82 45
26 24
42 29
78 47
41 44
116 43
12 23
16 18
15 2
109 3
2 32
74 5
59 12
21 15
92 45
13 24
51 4
110 5
102 93
109 70
76 14
61 14
35 15
11 23
28 7
48 6
4 24
9 7
94 36
44 15
57 4
16 15
98 93
105 70
106 41
62 1
95 29
27 24
113 83
42 37
109 79
44 4
42 17
116 36
14 19
35 4
43 4
17 23
104 95
97 40
26 33
4 6
42 24
17 25
86 22
98 49
50 36
47 49
57 28
54 1
26 32
5 17
39 24
29 13
84 45
57 19
76 36
50 16
50 49
36 11
57 2
45 13
98 44
34 23
25 12
36 13
39 2
74 36
80 18
82 50
47 14
98 47
98 51
37 10
113 38
43 5
14 11
42 19
78 44
80 33
50 10
52 36
98 102
117 116
110 48
74 29
24 12
31 11
106 102
111 86
26 28
12 33
64 47
55 33
102 46
25 23
116 21
42 36
93 5
6 20
116 98
104 35
30 23
14 15
26 19
65 1
57 15
57 23
73 1
104 5
37 27
3 22
16 9
93 9
27 18
23 12
3 18
106 100
95 6
29 30
44 9
8 9
49 8
64 48
44 16
26 8
10 21
42 13
58 1
30 2
102 45
113 79
94 4
103 41
109 75
20 8
30 7
29 24
109 84
37 14
92 29
114 7
29 11
52 37
17 28
111 71
95 5
20 18
13 10
31 32
47 42
31 22
103 84
66 23
29 33
74 14
46 1
52 42
30 28
43 42
56 24
57 13
3 13
35 12
92 4
2 11
47 37
44 14
40 1
35 13
26 12
72 13
111 75
1 6
92 37
9 12
29 17
78 6
104 96
35 26
73 16
110 64
36 16
17 18
10 2
67 2
58 12
14 13
56 22
76 49
3 14
31 19
41 37
17 2
45 9
3 12
36 1
55 12
5 16
74 26
88 22
18 32
110 96
74 4
107 108
43 29
95 44
116 79
29 21
3 17
66 15
50 48
103 70
20 21
56 7
42 7
19 15
70 45
110 35
18 7
42 22
36 29
50 14
7 23
20 24
86 30
36 37
80 2
104 51
51 50
94 6
105 41
42 15
103 89
46 44
1 10
85 24
42 26
30 12
47 35
107 98
98 30
98 35
82 52
26 22
5 24
49 10
60 32
48 5
6 19
8 19
36 6
47 13
116 62
28 18
114 18
94 29
109 71
95 45
27 7
111 88
44 42
1 2
44 7
61 25
49 5
80 15
96 35
15 23
46 43
98 62
109 63
66 8
3 2
77 48
94 26
44 27
27 19
98 77
110 63
74 45
52 4
1 4
49 13
114 59
10 17
113 61
48 20
111 0
102 50
51 14
109 54
87 12
37 25
66 11
113 72
9 32
64 45
44 21
111 89
113 58
14 30
43 35
109 68
13 26
42 4
45 49
113 53
37 2
52 5
55 22
49 4
44 13
35 5
9 24
10 33
70 50
30 33
80 28
51 29
102 77
28 33
63 1
70 44
93 17
7 22
113 90
98 94
117 5
76 16
109 6
115 69
9 1
74 50
5 28
109 100
87 24
22 32
98 46
80 19
76 6
109 61
13 2
92 44
103 105
57 37
55 30
45 28
104 64
109 62
29 23
35 27
41 47
98 96
41 16
17 19
73 36
55 7
48 36
55 19
52 29
3 24
113 3
76 13
25 32
46 48
56 2
69 2
6 13
42 16
47 43
92 35
74 49
46 52
66 12
34 15
52 35
110 43
82 36
59 32
107 69
31 33
89 47
104 93
48 16
1 25
45 26
110 93
52 16
88 2
10 1
13 25
47 6
39 23
66 2
42 8
42 14
45 8
3 20
55 25
24 22
37 35
45 16
8 27
94 45
6 14
77 37
76 37
50 43
3 26
1 15
59 24
111 101
84 46
26 7
57 7
94 20
106 61
96 49
14 22
55 17
49 21
27 21
1 9
18 2
21 33
107 109
93 8
57 1
7 24
102 94
27 1
36 35
5 14
48 35
24 15
93 36
115 116
28 12
94 16
111 112
1 17
27 23
93 1
34 16
103 75
3 27
106 70
83 2
91 12
30 21
17 7
35 6
72 14
5 10
3 19
98 48
34 2
72 18
82 43
35 1
1 8
117 92
6 21
57 26
106 98
109 88
92 8
1 14
22 12
41 5
107 38
55 21
4 19
55 24
14 26
7 2
84 36
30 25
57 30
18 12
77 47
48 10
104 62
110 49
105 61
113 66
17 15
55 18
22 23
68 2
43 1
93 45
20 23
102 95
60 2
110 79
98 43
26 10
23 24
29 19
72 7
20 1
116 35
26 17
2 33
8 23
94 48
47 50
96 43
102 43
30 22
61 62
42 1
13 23
14 18
109 64
34 10
104 47
35 21
31 15
18 15
89 48
37 9
26 1
16 29
43 27
102 47
80 24
109 41
37 16
72 24
9 15
92 26
61 64
93 14
71 12
116 45
109 101
43 44
16 19
37 8
43 49
94 13
35 9
113 67
76 42
8 17
102 65
57 6
37 1
21 9
81 25
45 10
4 28
52 51
104 79
26 21
43 8
4 25
19 33
26 15
41 46
56 25
84 42
102 29
30 8
58 24
48 14
117 31
21 2
94 30
61 6
1 7
111 78
72 2
99 84
66 9
95 13
19 2
92 16
64 82
9 18
114 98
17 12
44 6
94 49
113 80
57 14
29 22
94 35
41 48
102 63
34 27
99 41
4 2
93 37
104 46
18 22
47 5
37 23
42 18
76 29
98 64
57 22
43 26
110 44
110 52
8 18
66 1
73 49
77 44
25 19
109 67
57 35
3 1
19 32
77 50
76 4
104 30
43 10
21 19
29 6
26 9
102 64
84 51
98 50
16 20
66 7
113 92
102 96
61 63
2 19
48 13
36 17
29 18
57 20
98 5
98 95
105 102
44 35
55 27
103 61
76 50
29 27
14 8
18 33
113 75
116 76
81 18
68 24
8 1
93 10
34 1
16 2
51 44
5 11
107 103
94 5
117 39
7 32
5 18
109 110
103 69
51 6
52 50
77 45
42 21
10 12
50 5
24 11
115 113
49 37
76 44
60 24
35 10
57 29
17 9
14 25
55 2
14 28
66 10
113 87
15 32
2 23
57 12
16 1
1 18
37 4
62 24
103 78
13 20
69 24
92 5
80 12
89 45
36 19
24 33
96 45
50 45
45 1
113 63
79 1
13 8
84 44
34 26
92 20
57 9
8 7
44 28
15 24
94 37
86 1
36 20
107 91
95 48
102 36
49 36
44 36
6 11
103 106
14 2
103 71
94 43
91 1
110 62
55 20
5 6
43 16
28 23
35 2
36 25
2 24
34 11
37 22
45 20
51 5
20 22
110 76
93 30
116 30
47 45
60 33
96 1
1 27
55 15
109 78
86 5
20 10
1 19
103 86
9 23
66 17
5 30
34 6
50 13
6 25
97 6
113 98
98 76
48 29
47 4
109 53
14 21
4 18
20 11
82 51
57 8
7 12
117 59
28 22
46 47
48 4
99 70
25 11
8 12
73 47
37 12
30 10
16 26
110 95
15 22
21 11
4 17
36 4
11 33
110 36
27 9
48 43
21 1
107 58
3 9
45 6
49 14
12 32
16 25
50 26
98 29
43 14
97 61
31 28
116 94
13 28
10 9
4 23
59 2
13 21
28 2
16 10
96 50
73 43
74 16
18 19
49 17
115 98
34 5
1 12
94 14
80 22
62 2
46 5
113 64
10 18
44 2
105 74
3 6
96 51
97 38
96 4
15 11
49 18
107 61
22 24
116 29
36 21
15 12
16 13
110 21
113 40
2 25
16 21
3 25
49 28
102 48
16 7
5 25
20 12
34 4
62 12
30 15
73 45
109 40
86 7
86 29
50 37
7 15
49 26
1 30
37 18
0 2
109 38
41 36
27 22
96 6
104 21
3 28
14 12
34 35
84 47
114 92
56 12
109 72
25 15
113 68
93 6
6 12
104 36
55 32
109 34
31 25
111 56
109 56
66 22
104 50
102 98
55 9
77 49
5 23
39 12
68 1
102 35
41 49
70 46
66 20
16 33
10 8
52 47
115 92
86 2
66 24
95 49
7 33
109 69
50 42
74 6
22 11
8 22
19 7
4 9
92 1
82 47
46 16
44 19
35 22
117 60
1 5
64 51
27 11
28 11
23 32
46 45
35 19
86 20
9 2
35 8
6 22
85 2
98 36
20 28
95 14
14 27
98 52
46 51
57 17
84 43
37 15
106 101
57 24
24 32
14 33
115 103
36 27
76 1
116 5
20 7
34 29
113 110
25 22
6 8
51 42
111 87
109 80
36 7
37 11
77 52
6 10
72 12
97 98
51 37
50 35
27 15
53 24
44 1
42 9
28 32
66 30
70 37
42 30
35 25
36 28
67 24
17 11
51 35
42 6
30 20
35 17
45 42
103 99
111 81
31 7
74 43
71 2
48 42
20 2
5 1
16 27
21 23
49 27
37 30
72 22
74 44
37 20
77 35
104 98
72 4
103 104
64 43
13 22
11 12
86 12
104 45
16 28
109 92
67 12
89 44
37 6
27 2
74 42
93 49
82 44
89 50
35 16
92 27
0 1
8 21
52 49
13 18
41 35
113 88
59 33
47 44
80 9
29 15
109 66
20 32
92 10
84 50
48 30
55 10
52 48
35 7
7 11
4 7
21 17
39 33
96 36
36 12
1 20
111 73
21 18
4 20
116 63
35 29
89 43
104 44
6 17
61 4
1 21
44 10
6 23
16 17
109 91
117 6
90 1
93 35
107 90
52 44
104 48
4 22
111 74
78 46
47 48
107 64
34 28
31 24
20 15
49 25
8 33
80 21
72 30
80 32
14 23
78 49
2 7
44 20
104 76
73 44
66 33
3 10
57 25
48 37
56 1
68 12
21 24
86 4
16 12
13 12
5 12
74 37
19 24
26 18
41 51
22 2
72 20
51 49
105 100
97 92
21 28
44 29
43 37
16 11
107 92
110 102
52 45
87 2
51 1
75 12
35 24
57 27
66 21
46 36
106 84
45 5
94 8
107 80
17 33
47 36
71 24
10 28
16 4
66 25
47 16
80 1
105 101
21 12
1 11
57 10
70 51
27 12
29 2
51 26
111 100
103 87
84 49
81 22
92 13
38 1
103 92
110 77
73 48
14 1
73 42
109 87
4 13
27 25
113 34
57 5
44 30
51 48
99 61
73 29
110 94
82 46
21 25
34 8
104 65
110 45
92 42
74 35
14 9
29 8
16 23
14 20
46 49
10 23
113 84
4 33
26 23
18 23
104 29
28 24
66 18
86 13
85 12
41 1
88 7
113 56
55 23
5 9
21 32
72 5
23 33
42 2
93 21
37 28
30 19
19 22
36 22
49 9
43 13
70 49
5 21
21 7
22 33
41 52
110 30
57 21
76 35
5 20
39 32
95 43
27 33
42 25
34 7
110 65
113 89
117 57
73 50
93 42
92 43
8 2
73 37
20 33
93 4
6 7
51 13
34 22
45 19
117 113
70 43
34 24
116 46
31 1
49 30
84 48
50 6
30 24
49 35
80 7
6 24
45 35
9 33
87 22
30 27
31 12
3 4
73 4
4 11
13 9
34 21
53 12
37 19
73 35
42 12
17 24
104 43
77 51
93 29
92 30
6 15
3 30
77 1
44 17
96 29
95 35
84 52
91 24
55 8
9 25
113 78
19 23
69 1
114 6
77 42
110 82
11 32
115 61
77 36
10 11
109 83
66 19
113 71
102 51
45 44
30 32
49 2
113 69
3 7
34 9
74 48
45 17
86 14
34 19
117 98
99 98
36 24
64 44
102 52
66 27
104 102
5 27
116 65
116 51
57 18
72 1
37 17
17 32
93 20
102 30
70 52
92 6
2 15
116 44
27 17
49 44
36 10
16 6
82 49
14 10
45 29
51 45
47 26
30 18
70 36
26 20
35 11
44 26
43 30
116 93
18 24
13 11
76 45
18 11
31 23
103 83
113 41
20 27
44 25
25 2
113 54
29 20
47 51
6 28
116 50
13 17
83 1
50 30
77 43
30 9
13 1
61 65
80 23
95 1
41 50
14 17
49 20
57 11
37 7
8 15
81 7
25 7
102 21
49 1
13 7
43 6
8 28
42 27
36 18
10 27
77 5
5 26
93 2
29 1
76 26
3 23
93 44
78 52
34 17
28 15
6 2
51 16
4 12
31 18
37 24
26 25
110 51
57 16
96 47
109 74
8 11
24 23
80 25
6 1
78 43
42 10
102 79
8 25
85 1
55 28
80 11
104 52
116 102
99 74
52 43
113 6
44 5
3 16
3 5
36 14
28 25
80 17
36 2
21 22
48 44
42 5
36 5
15 33
103 56
28 19
1 22
60 12
92 36
13 33
16 22
86 35
4 26
47 29
5 7
44 37
34 13
89 49
29 28
104 77
98 82
96 48
11 24
103 74
51 36
73 5
64 49
45 14
