30 5
12 9
29 9
12 8
25 7
33 0
11 5
3 5
30 31
21 10
21 4
51 10
35 11
33 10
52 5
29 11
51 6
18 7
49 0
33 4
20 11
28 6
23 24
29 7
20 0
18 8
19 11
35 4
13 7
13 0
51 8
18 9
13 4
51 9
53 5
26 10
53 8
51 4
45 34
12 5
21 8
13 10
3 8
52 11
25 10
52 4
46 15
22 0
12 10
52 8
36 14
18 0
33 6
45 9
49 8
26 0
3 10
52 0
53 6
12 0
52 9
53 10
22 5
46 1
25 4
43 16
17 10
35 7
3 7
19 9
26 5
17 0
27 11
29 4
8 1
50 11
46 0
20 10
22 8
28 0
35 8
22 10
0 1
25 0
53 7
27 10
50 6
20 5
26 11
35 6
22 11
45 8
28 9
49 6
21 6
14 15
13 8
27 8
50 0
26 8
11 1
52 10
51 7
25 6
12 6
29 6
49 10
12 4
27 9
13 5
33 8
35 10
19 4
22 4
17 6
45 2
18 6
49 4
51 11
32 31
25 9
49 11
33 5
3 4
25 11
19 0
45 46
17 9
17 11
36 40
46 47
52 6
28 8
18 10
28 10
13 11
45 40
45 44
36 42
26 9
17 8
28 7
27 0
53 0
36 39
21 5
33 9
9 5
49 9
17 5
2 1
50 10
19 7
6 5
34 30
22 6
14 16
11 4
18 11
3 11
36 2
27 5
53 11
46 48
50 5
27 6
50 8
49 7
35 5
36 44
43 15
45 41
25 5
51 5
33 7
20 4
36 45
49 5
28 5
20 6
45 43
13 6
28 11
26 6
35 0
27 4
21 0
29 10
22 7
51 0
53 4
50 9
20 8
13 9
45 11
3 6
36 37
19 8
20 9
12 7
28 4
3 0
45 14
36 23
17 7
52 7
36 38
27 7
21 9
25 8
21 11
29 0
19 5
20 7
3 9
50 7
42 24
33 11
50 4
12 11
17 4
26 7
29 8
19 10
21 7
36 43
18 5
45 37
29 5
22 9
46 5
53 9
35 9
26 4
36 41
19 6
6 4
18 4
