17 4
22 12
14 3
34 6
31 5
8 7
24 4
11 1
12 4
14 13
14 9
5 4
24 7
8 1
20 4
32 4
33 7
32 5
30 7
21 5
30 4
17 6
27 1
4 7
19 4
28 1
9 5
1 7
15 4
14 18
33 6
22 13
6 26
14 10
21 7
9 6
16 5
21 6
22 19
34 7
20 6
14 17
14 12
25 26
3 7
12 5
17 5
18 6
1 5
20 5
31 4
3 5
18 5
16 4
3 6
9 7
16 6
22 15
19 5
15 6
22 1
13 6
9 4
14 20
10 4
15 7
22 17
14 19
14 16
10 5
33 12
3 4
31 7
21 4
23 1
19 7
14 21
24 5
7 26
33 25
12 6
22 16
29 1
17 7
0 1
22 20
1 4
20 7
2 1
5 6
13 5
30 5
12 7
22 10
18 7
14 15
22 9
13 7
5 7
16 7
10 6
22 3
4 5
7 6
4 6
14 1
10 7
32 7
18 4
22 21
13 4
15 5
1 6
19 6
22 18
