28 3
23 1
7 4
45 14
28 10
35 24
29 1
7 1
7 18
29 13
46 13
4 3
45 15
47 5
36 1
26 17
31 0
46 3
47 9
46 2
26 9
21 16
17 6
29 9
7 15
17 3
46 8
28 9
26 13
27 19
23 13
9 2
28 15
42 34
23 5
27 8
27 18
40 32
23 16
26 14
26 11
11 30
21 0
30 37
10 1
27 15
26 5
7 0
28 1
28 0
11 3
27 3
30 38
28 2
33 24
40 19
32 34
46 0
44 32
21 1
3 24
35 1
48 34
21 9
40 43
15 24
46 4
23 18
9 24
46 15
27 1
27 0
30 34
18 3
28 5
29 2
47 1
7 12
15 1
26 0
29 18
47 0
21 18
22 6
47 3
23 4
22 5
17 1
29 19
5 3
28 11
40 42
29 12
27 5
45 2
46 16
46 17
27 16
40 41
7 19
46 19
4 5
23 0
21 12
46 10
7 5
7 11
28 8
4 1
26 12
47 12
28 14
44 42
47 10
47 17
18 6
26 8
27 11
45 1
28 16
45 0
21 8
7 14
29 15
46 5
21 11
21 10
44 39
45 11
3 25
29 16
44 43
29 4
44 18
29 14
21 3
10 5
45 10
11 25
27 10
30 1
32 33
29 3
45 16
47 2
34 24
44 22
23 8
26 15
26 1
44 5
45 5
21 14
29 5
47 15
21 13
44 49
40 44
0 2
28 19
44 30
7 8
45 12
28 13
4 6
23 12
28 4
27 13
26 10
29 10
23 10
7 2
29 17
21 17
47 11
45 9
21 15
45 18
26 2
47 19
5 20
17 5
27 12
44 36
28 17
23 15
26 19
25 24
46 12
21 4
37 38
23 17
27 4
44 6
7 9
7 17
23 19
35 2
36 5
47 8
29 8
0 1
47 14
45 13
26 3
26 16
21 5
30 3
46 9
39 36
44 35
0 3
9 1
44 11
15 2
21 2
45 8
47 13
10 3
45 3
7 10
40 22
39 5
23 9
7 13
23 11
27 2
23 2
26 4
47 16
30 5
46 11
45 19
29 11
44 48
46 1
46 18
28 12
30 6
23 3
45 17
29 0
46 14
28 18
21 19
11 1
30 4
27 14
23 14
47 4
7 16
47 18
26 18
7 3
45 4
27 17
27 9
