73 29
66 32
71 23
28 2
37 11
19 3
20 0
84 55
82 45
19 11
35 5
79 82
0 9
48 31
61 20
26 0
86 78
20 22
97 78
72 28
70 18
92 45
17 0
18 9
76 39
91 87
27 5
36 23
61 35
70 2
95 42
56 36
91 40
84 18
60 11
40 26
70 17
75 16
20 11
31 0
92 54
31 21
37 6
35 17
42 46
95 68
73 26
59 17
60 4
86 61
22 11
28 12
42 3
11 8
29 16
57 30
61 28
91 43
17 2
28 20
82 55
17 9
56 26
49 36
54 26
32 18
73 27
95 3
95 50
31 16
35 7
69 30
82 18
18 4
29 5
24 3
84 22
86 53
42 10
25 31
92 74
13 4
95 53
71 32
34 21
84 78
48 29
29 20
75 0
74 29
78 36
70 1
23 12
66 27
70 22
11 7
53 21
19 16
28 21
37 4
10 6
16 11
27 35
7 2
67 30
82 35
22 8
19 9
59 22
66 31
16 5
36 3
84 73
60 5
35 0
14 8
100 24
48 18
23 1
88 64
55 28
35 22
99 73
32 5
25 26
39 19
27 22
52 36
37 3
35 21
30 35
78 72
15 0
50 22
74 18
97 3
84 45
43 4
75 26
79 34
51 18
84 75
84 46
37 1
19 2
18 3
26 5
83 61
48 33
47 32
49 31
3 7
72 22
20 10
82 9
56 20
21 23
74 35
35 20
45 28
55 5
92 59
79 53
36 8
32 31
95 66
33 32
50 21
84 8
50 31
92 75
82 78
70 7
82 28
23 6
78 45
39 16
11 6
92 56
78 59
88 89
53 29
91 34
35 19
0 3
21 9
34 27
56 23
95 38
54 1
31 11
37 8
68 4
45 26
57 35
30 20
97 39
55 22
57 26
84 33
69 26
36 21
8 6
78 18
34 23
31 30
30 19
35 6
30 22
51 21
39 0
70 5
18 1
19 17
93 49
56 35
27 36
36 0
92 32
23 10
66 26
93 67
92 72
99 44
92 8
83 53
59 20
55 29
59 11
54 18
95 43
22 3
59 19
31 17
30 12
40 35
31 23
47 28
78 82
75 23
51 27
93 66
53 16
83 84
30 11
49 21
72 36
83 34
91 64
11 10
34 22
51 16
78 87
53 5
72 3
72 5
67 35
82 44
20 9
54 21
95 46
10 4
91 25
92 31
67 29
33 16
76 3
1 12
84 59
2 4
47 23
33 36
53 31
20 1
19 8
92 44
1 2
88 65
36 18
26 17
95 64
26 20
3 2
16 6
91 44
18 8
56 32
88 77
74 20
55 1
65 4
99 45
49 32
95 25
99 43
86 34
37 16
8 4
100 95
20 17
55 20
5 7
51 20
2 9
78 28
29 17
84 27
17 11
99 55
28 5
39 21
0 11
82 36
69 29
35 3
55 17
71 28
82 59
20 7
92 9
99 27
26 21
36 5
48 35
39 28
39 32
72 35
72 30
12 2
69 33
70 0
11 9
88 3
71 31
30 36
54 23
49 22
22 5
84 43
74 30
35 4
32 29
22 6
22 12
54 31
26 30
67 21
66 36
82 2
15 8
12 4
20 23
20 19
26 16
51 32
93 94
5 11
53 30
66 3
24 6
15 6
39 26
73 23
21 17
91 63
75 30
12 6
99 56
59 29
26 18
99 20
51 19
40 30
99 22
51 22
53 17
26 35
57 22
84 29
83 58
5 10
39 18
20 18
50 30
92 29
54 0
82 8
56 29
95 61
39 20
91 62
8 9
57 3
78 9
15 11
99 87
30 16
78 32
66 30
93 69
18 16
20 12
53 20
67 33
83 40
29 30
48 27
26 11
52 18
56 30
22 9
73 28
99 30
36 19
30 5
84 87
21 0
91 66
27 16
5 9
34 36
78 75
45 30
37 0
84 31
25 30
0 10
16 7
53 26
26 22
99 54
49 23
25 33
75 28
74 22
74 27
100 52
74 26
17 3
29 28
39 22
82 22
15 1
14 12
91 89
15 9
32 19
60 3
39 23
83 79
17 8
61 30
91 45
82 30
76 77
12 10
78 33
71 26
25 32
18 10
55 23
17 1
56 22
75 35
82 33
18 2
71 33
36 4
28 23
85 53
27 21
69 35
85 42
55 16
13 6
0 5
78 30
73 33
22 10
75 36
49 35
5 2
5 12
30 8
57 29
82 20
24 11
19 12
95 45
39 35
17 4
92 87
47 20
92 55
47 27
23 4
33 31
91 50
30 7
32 35
99 28
28 0
52 26
23 3
22 2
79 50
52 22
85 61
35 11
23 11
29 21
4 6
14 4
17 12
48 26
16 12
54 17
27 0
95 40
84 54
78 2
37 23
33 28
79 25
53 23
23 9
99 74
31 5
53 27
29 26
67 27
34 31
26 23
24 4
33 23
84 28
74 0
79 42
61 32
82 29
78 35
34 33
78 73
61 21
88 80
55 30
78 44
62 4
55 21
42 43
29 23
15 5
75 20
31 1
34 28
78 43
14 10
78 31
21 10
92 30
92 2
99 26
15 18
91 57
15 12
3 10
74 17
29 27
14 9
27 20
18 19
57 28
39 27
13 10
47 30
55 0
47 21
36 7
34 32
5 4
91 61
56 33
24 10
17 5
78 54
98 95
50 26
36 17
99 33
23 2
40 28
84 26
20 21
75 18
3 9
98 78
18 0
35 10
27 18
12 9
21 3
72 19
67 28
66 29
100 37
91 38
8 12
57 33
35 12
83 50
45 32
70 12
53 11
49 18
71 35
78 55
69 28
33 19
60 10
59 21
73 21
19 4
30 17
40 36
99 8
52 5
59 28
76 52
19 6
32 20
93 48
54 5
35 9
22 16
70 8
82 31
78 22
72 11
0 4
11 4
75 32
99 9
91 78
21 8
5 1
71 21
48 19
21 6
34 26
40 3
56 31
48 32
71 36
33 29
99 32
88 90
11 12
47 29
3 6
21 16
31 36
33 35
99 59
53 35
59 5
82 56
84 72
95 34
28 10
32 16
49 19
85 80
88 62
72 0
30 2
20 5
83 66
74 36
70 6
36 10
32 0
15 2
16 10
50 27
7 10
88 81
32 28
37 2
33 30
78 27
11 3
37 19
1 7
57 31
79 61
86 25
99 82
59 36
93 57
32 30
20 4
61 31
54 28
67 20
55 26
91 53
74 16
8 2
18 12
48 28
20 6
33 18
69 32
54 36
42 45
61 36
71 29
84 35
21 12
61 27
66 22
49 26
92 78
47 26
73 22
22 7
10 2
60 8
37 21
51 36
27 30
67 31
67 32
9 6
28 35
1 3
78 29
5 8
53 22
83 57
70 3
31 28
82 46
22 0
28 17
28 18
56 21
59 16
40 31
52 35
60 7
37 12
50 28
56 18
51 28
36 20
61 26
1 6
24 2
9 4
67 26
100 13
0 2
92 43
18 7
30 1
27 19
85 82
51 26
14 6
37 9
79 80
100 14
39 17
49 33
73 35
85 81
91 92
72 17
100 78
26 36
91 77
21 18
95 63
69 18
88 83
50 23
58 4
55 31
4 9
41 6
53 0
59 0
14 7
54 11
100 69
36 35
61 33
29 22
13 9
48 36
32 22
0 6
88 68
52 30
1 8
60 1
28 8
95 87
31 22
33 26
85 25
21 5
27 3
35 23
18 11
30 21
86 81
7 4
39 29
24 1
88 63
84 74
8 10
53 18
23 7
31 26
73 36
31 20
95 44
100 99
29 19
16 17
39 30
82 32
21 19
82 87
16 9
86 82
16 3
83 25
31 29
16 8
53 1
78 56
72 8
69 31
16 0
16 2
69 20
36 11
22 17
70 4
52 21
27 11
37 10
42 16
37 17
69 21
71 19
50 36
32 27
49 27
35 16
71 18
5 3
55 35
30 3
55 36
26 19
93 71
33 27
20 16
78 8
40 27
70 10
59 35
35 2
57 32
32 23
100 39
54 30
15 19
7 9
25 27
72 7
30 10
91 46
85 34
49 28
67 36
82 54
52 23
63 4
86 80
61 29
53 36
27 17
72 16
75 31
100 2
40 22
36 16
17 6
42 5
93 70
15 7
82 72
78 74
33 20
35 8
52 20
53 19
36 22
52 27
91 42
92 26
21 2
14 3
24 5
10 9
60 12
86 42
100 41
19 10
17 7
55 19
20 3
72 18
71 20
84 32
99 36
92 73
0 1
78 26
0 7
99 2
99 31
51 17
18 17
23 19
40 32
75 17
45 27
50 32
79 78
0 8
54 19
72 20
97 60
51 0
50 33
3 4
34 29
59 30
1 4
88 78
83 42
73 30
27 28
72 23
31 18
23 8
36 12
83 86
48 22
49 20
1 10
29 36
75 22
52 17
70 19
47 35
27 26
28 3
75 27
28 7
52 0
18 6
76 69
52 19
23 16
57 36
95 96
19 7
19 0
52 32
3 12
93 40
82 26
95 58
30 28
28 16
99 75
92 28
18 5
54 22
25 28
50 20
54 16
15 16
48 30
32 26
51 31
84 36
24 9
52 29
24 12
82 74
2 6
84 9
7 12
91 68
85 78
32 17
31 35
26 3
83 78
59 31
93 51
47 36
28 19
21 7
38 4
47 31
29 18
42 0
34 30
20 2
28 22
15 17
95 77
92 33
11 2
54 27
92 46
95 62
50 35
39 31
31 19
13 12
59 26
47 22
74 23
42 17
59 23
26 28
28 36
76 42
60 6
73 31
82 27
51 29
73 20
37 7
78 46
13 2
52 28
22 19
32 36
59 1
21 4
98 99
99 72
39 36
35 18
1 9
70 16
54 20
84 2
82 73
100 15
20 8
84 44
53 28
24 8
70 9
92 20
60 9
88 45
48 20
98 83
56 28
22 18
29 11
5 6
71 27
92 36
56 27
49 30
16 4
37 22
21 11
23 17
40 29
48 21
37 5
32 21
78 20
99 46
69 36
86 50
99 18
64 4
0 12
98 42
48 23
66 28
52 16
88 91
92 27
50 29
93 53
59 18
29 0
93 47
51 23
34 20
97 52
29 35
69 22
54 35
51 30
41 4
19 5
82 75
91 96
23 5
73 32
84 20
31 27
70 11
33 21
76 78
95 78
15 10
95 92
71 22
92 82
91 81
70 23
92 18
55 27
7 6
27 23
82 43
60 2
57 27
99 35
95 57
30 0
16 1
84 82
6 4
99 29
15 4
100 3
24 7
14 2
23 0
51 35
75 29
74 31
92 22
91 80
49 29
91 58
88 38
97 69
54 29
84 56
84 30
95 89
74 5
47 33
32 11
69 23
30 18
59 27
37 18
88 42
91 3
55 11
30 23
28 11
34 35
99 78
79 81
42 44
72 21
85 50
25 29
8 7
22 4
55 18
92 35
93 39
17 10
33 22
69 27
93 52
36 2
3 8
71 30
83 85
74 28
66 35
23 18
15 3
52 31
