29 4
13 2
48 20
48 12
37 4
48 21
38 1
30 24
48 18
46 25
10 4
26 4
8 10
8 13
46 12
32 20
32 3
46 2
8 9
30 16
29 22
2 3
29 19
27 47
8 14
48 15
49 4
32 9
11 2
32 18
48 9
17 2
25 4
46 17
35 7
46 24
29 23
14 3
12 6
49 16
30 4
27 4
35 9
22 15
24 3
22 2
32 11
30 23
8 1
32 4
42 28
41 40
12 27
35 3
8 16
22 6
32 2
49 15
49 20
49 14
14 1
32 22
38 4
35 16
42 44
4 2
24 6
30 5
30 19
36 14
32 15
42 38
31 4
35 6
48 1
28 4
23 4
48 6
8 20
8 3
29 21
29 14
30 20
35 18
35 0
38 26
12 34
49 9
8 2
30 12
9 2
49 19
25 2
25 26
35 14
35 22
35 15
22 4
11 15
49 12
5 4
8 11
30 0
11 1
8 19
49 0
29 0
46 41
42 17
32 0
15 33
29 1
49 7
49 24
30 2
32 1
42 10
21 4
13 3
48 24
29 24
49 1
14 2
12 4
25 27
46 31
29 17
29 13
24 2
36 0
29 20
13 1
27 5
42 31
29 10
14 4
46 40
24 4
35 10
29 11
9 4
29 16
10 2
8 5
30 21
16 2
32 6
29 5
39 33
48 5
29 7
11 4
46 28
6 18
48 19
49 5
29 6
39 4
32 14
35 20
0 3
29 12
31 2
29 9
0 4
46 6
29 2
27 17
32 7
27 7
5 7
46 38
8 15
2 33
2 34
7 6
32 19
35 4
48 22
5 3
12 7
7 2
42 46
8 7
35 5
8 24
1 33
46 45
19 4
48 10
48 2
46 27
32 21
10 7
30 22
49 13
8 18
48 3
36 13
35 19
49 10
46 3
7 18
35 2
49 17
8 21
32 5
30 9
8 4
22 7
48 13
8 0
30 13
30 6
32 24
48 0
49 6
32 17
46 7
5 6
30 3
35 11
42 43
29 15
12 2
32 12
24 7
37 7
49 3
49 22
30 15
48 17
49 11
40 6
20 1
30 10
18 2
35 13
35 21
10 6
29 18
17 18
35 23
22 3
49 18
30 17
27 3
48 4
4 3
32 13
16 4
32 10
32 23
32 16
4 34
30 14
13 4
23 7
35 12
48 23
30 18
23 2
0 1
46 1
35 24
48 11
30 11
27 15
46 43
22 18
42 25
17 4
39 26
30 7
5 2
31 7
35 1
46 39
35 17
42 45
49 21
29 3
15 1
2 4
46 44
31 6
27 2
46 4
48 7
8 6
31 3
18 6
37 6
48 16
18 33
17 7
49 23
0 2
30 1
48 14
23 6
19 1
39 1
28 2
8 17
11 33
8 23
12 3
49 2
8 22
21 2
8 12
