40 17
40 41
0 5
88 4
47 18
64 2
69 24
57 15
25 14
69 35
25 2
0 15
0 12
54 12
82 23
43 27
58 14
51 11
18 28
0 19
75 4
55 1
89 17
89 15
89 24
89 4
40 27
4 36
33 17
43 44
72 11
72 18
54 8
76 35
92 23
78 8
82 22
72 8
68 15
54 2
60 4
92 1
75 12
43 7
89 6
68 12
58 22
40 11
40 16
55 2
43 8
9 30
43 20
91 1
40 8
69 4
69 2
92 14
54 9
39 2
2 30
48 42
79 14
25 12
75 14
43 3
48 21
43 21
48 7
94 18
79 6
72 14
4 35
33 3
78 12
4 37
33 35
79 2
77 16
64 9
0 23
37 30
92 2
43 10
92 42
46 9
40 24
33 23
47 1
49 9
92 21
64 35
43 2
85 11
40 7
33 11
74 11
69 22
26 2
0 20
7 37
88 19
48 15
58 7
40 15
1 28
57 11
89 14
33 14
86 21
49 42
63 36
25 20
78 16
54 19
26 7
82 18
12 37
43 14
70 3
48 23
92 7
43 41
84 35
68 1
74 35
49 18
78 23
58 20
33 20
64 3
92 35
48 44
60 1
49 20
0 21
50 11
70 8
25 10
0 18
0 14
47 10
78 4
75 8
36 30
55 22
55 24
69 6
72 6
49 41
57 2
6 28
69 3
0 4
51 21
69 17
78 2
43 15
75 20
54 6
48 14
72 16
79 19
54 15
74 15
51 8
92 24
0 24
29 22
68 19
33 19
25 8
43 13
40 23
26 19
57 17
68 13
54 1
58 42
68 2
89 9
49 23
0 2
72 44
26 27
57 5
74 1
57 19
80 16
92 5
92 44
6 37
64 1
38 22
72 20
13 62
61 24
40 1
72 19
57 3
51 17
51 2
48 12
70 1
57 4
68 20
0 1
45 9
26 9
80 24
57 8
82 21
79 3
89 22
57 14
54 14
6 30
72 24
40 19
68 10
9 62
92 16
40 9
78 19
69 9
43 19
58 9
0 7
12 36
51 12
79 22
60 7
25 6
89 8
55 4
0 22
88 13
79 23
79 8
75 16
60 16
25 15
76 1
87 4
51 22
54 20
57 20
45 5
33 6
68 24
51 7
50 24
80 22
40 20
89 3
82 11
54 16
57 9
92 13
25 22
57 10
68 16
61 4
0 17
70 2
48 6
45 2
58 19
88 8
75 15
48 4
25 23
25 19
54 3
57 21
48 13
70 6
0 8
13 37
48 41
38 24
51 10
87 23
58 16
51 19
92 4
26 14
61 11
92 9
23 30
77 19
80 15
40 12
58 4
61 15
38 20
33 16
25 3
51 9
64 8
60 6
60 12
49 22
51 4
80 6
33 9
55 8
33 34
52 2
54 24
89 12
15 63
68 4
51 15
76 8
57 23
79 9
48 20
69 5
79 7
64 24
75 6
0 16
89 2
6 36
82 16
25 11
0 13
49 16
51 20
25 21
4 30
25 4
15 28
86 8
49 4
18 62
58 12
58 41
57 16
49 2
54 44
58 6
57 1
92 93
54 23
92 18
55 14
60 2
60 9
54 11
88 12
56 12
38 16
77 24
72 21
78 42
49 3
33 21
51 1
54 22
0 6
80 14
57 6
64 22
55 12
60 13
43 22
45 11
13 71
58 27
89 20
54 4
92 15
51 23
48 19
49 8
54 21
55 17
43 12
54 13
92 22
70 11
82 20
0 10
38 10
54 42
47 6
92 11
58 15
8 30
50 6
90 28
7 36
55 16
60 8
38 6
50 21
57 12
72 9
63 30
78 7
77 6
55 11
58 34
45 4
48 8
40 22
22 30
90 71
89 18
86 23
89 13
76 4
64 21
59 2
78 10
88 20
0 3
25 16
64 11
43 5
88 6
40 42
46 11
92 27
88 15
75 3
48 24
88 7
48 27
76 11
26 6
90 31
68 8
74 20
75 9
12 66
13 28
78 21
0 11
76 2
78 20
75 2
54 7
33 10
60 10
92 20
13 66
58 17
64 65
77 4
81 30
40 14
49 7
89 44
43 24
69 11
69 20
0 9
78 1
92 19
13 36
43 4
69 15
58 44
49 11
90 30
92 3
43 18
51 6
77 8
79 10
63 37
40 6
78 14
25 9
50 8
43 42
60 14
78 17
58 1
51 14
80 2
43 6
73 8
49 15
58 18
58 13
40 35
61 21
89 10
67 15
48 22
43 11
54 17
40 2
69 10
26 4
51 3
48 10
54 27
26 10
64 15
78 41
58 2
75 24
43 23
45 6
79 11
89 7
48 11
55 3
57 22
48 2
33 15
6 31
83 19
88 44
43 16
86 16
33 1
54 34
88 14
49 14
54 18
94 23
60 11
88 16
90 62
58 35
77 11
72 7
92 41
58 21
74 2
92 12
32 6
51 16
43 17
68 21
88 9
33 24
68 6
60 22
89 11
58 10
49 12
31 30
80 21
90 66
80 4
89 21
79 20
25 18
92 8
41 30
84 15
54 41
13 63
92 17
53 12
48 1
79 15
