id met_invertebrate met_detritus met_primary_producer met_ectotherm_vertebrate mov_swimming mov_other_nonliving mov_sessile mov_floating mov_walking log_mass mass_missing
0 0 0 1 0 0 0 0 1 0 -8.705263539272302 1
1 1 0 0 0 1 0 0 0 0 -4.441291429466834 0
2 1 0 0 0 1 0 0 0 0 -3.843456905816203 0
3 1 0 0 0 0 0 0 0 1 -3.804775827103169 0
4 1 0 0 0 1 0 0 0 0 -3.964030231303453 0
5 1 0 0 0 0 0 0 0 1 -3.010743789108134 0
6 1 0 0 0 0 0 0 0 1 -3.4542439734663977 0
7 1 0 0 0 1 0 0 0 0 -3.742568635430121 0
8 1 0 0 0 0 0 0 0 1 -3.5227021680926254 0
9 1 0 0 0 0 0 0 0 1 -3.6415549662911406 0
10 1 0 0 0 1 0 0 0 0 -3.064807737077255 0
11 1 0 0 0 0 0 0 0 1 -3.7721364241106894 0
12 1 0 0 0 1 0 0 0 0 -3.8654563520978678 0
13 1 0 0 0 1 0 0 0 0 -3.6419527843166555 0
14 1 0 0 0 0 0 0 0 1 -4.482804102050026 0
15 1 0 0 0 0 0 0 0 1 -4.482804102050026 0
16 1 0 0 0 0 0 0 0 1 -4.482804102050026 0
17 1 0 0 0 0 0 0 0 1 -4.217527375833714 0
18 1 0 0 0 1 0 0 0 0 -3.5262736865045965 0
19 1 0 0 0 1 0 0 0 0 -3.4665876731759067 0
20 1 0 0 0 1 0 0 0 0 -3.3502767869534713 0
21 1 0 0 0 0 0 0 0 1 -2.746646242090541 0
22 1 0 0 0 0 0 0 0 1 -3.919395156199634 0
23 1 0 0 0 1 0 0 0 0 -3.6568140268564466 0
24 1 0 0 0 1 0 0 0 0 -3.682007661284132 0
25 0 0 1 0 0 0 0 1 0 -8.705263539272302 1
26 0 0 1 0 0 0 0 1 0 -8.705263539272302 1
27 1 0 0 0 0 0 0 0 1 -4.71669877129645 0
28 1 0 0 0 0 0 0 0 1 -3.3459467343609224 0
29 0 0 1 0 0 0 0 1 0 -9.31049320750499 1
30 0 0 0 1 1 0 0 0 0 2.6648299411430907 0
31 1 0 0 0 0 0 0 0 1 -1.4444087801696062 0
32 0 0 1 0 0 0 0 1 0 -9.018936819149399 1
33 0 0 1 0 0 0 0 1 0 -0.7528574516599705 1
34 1 0 0 0 0 0 0 0 1 -3.881976799528808 0
35 1 0 0 0 0 0 0 0 1 -3.4582847483336097 0
36 1 0 0 0 0 0 0 0 1 -3.438836578713255 0
37 1 0 0 0 1 0 0 0 0 -4.436518914605589 0
38 0 0 1 0 0 0 1 0 0 -4.71669877129645 1
39 0 0 1 0 0 0 0 1 0 -10.03905380426617 1
40 0 0 1 0 0 0 0 1 0 -7.96105281653477 1
41 1 0 0 0 1 0 0 0 0 -4.450996737974212 0
42 1 0 0 0 1 0 0 0 0 -4.450996737974212 0
43 0 0 1 0 0 0 0 1 0 -9.978810700930062 1
44 1 0 0 0 1 0 0 0 0 -3.1915661959481945 0
45 0 0 1 0 0 0 0 1 0 -8.701804561429558 1
46 0 0 1 0 0 0 0 1 0 -8.701804561429558 1
47 0 0 1 0 0 0 0 1 0 -8.701804561429558 1
48 0 0 1 0 0 0 0 1 0 -8.701804561429558 1
49 0 0 1 0 0 0 0 1 0 -7.929079206781836 1
50 0 0 1 0 0 0 0 1 0 -0.7528574516599705 1
51 0 0 1 0 0 0 0 1 0 -8.836510641807301 1
52 0 0 1 0 0 0 0 1 0 -8.836510641807301 1
53 0 0 1 0 0 0 0 1 0 -8.03413362010073 1
54 0 0 1 0 0 0 0 1 0 -9.055681864499613 1
55 0 0 1 0 0 0 0 1 0 -9.109998386815363 1
56 0 0 1 0 0 0 0 1 0 -0.7528574516599705 1
57 0 0 1 0 0 0 0 1 0 -8.821503510975212 1
58 0 0 1 0 0 0 0 1 0 -8.814960988871428 1
59 0 0 1 0 0 0 0 1 0 -8.821503510975212 1
60 0 0 1 0 0 0 0 1 0 -8.821503510975212 1
61 0 0 1 0 0 0 0 1 0 -8.821503510975212 1
62 1 0 0 0 0 0 0 0 1 -3.680712762084928 0
63 1 0 0 0 0 0 0 0 1 -4.436518914605589 0
64 0 0 1 0 0 0 1 0 0 -4.71669877129645 1
65 1 0 0 0 1 0 0 0 0 -3.173872048092542 0
66 1 0 0 0 1 0 0 0 0 -3.4989708791392222 0
67 0 0 1 0 0 0 0 1 0 -8.416726717144723 1
68 0 0 1 0 0 0 0 1 0 -8.648010544564368 1
69 0 0 1 0 0 0 1 0 0 -0.7528574516599705 1
70 0 0 1 0 0 0 1 0 0 -4.71669877129645 1
71 1 0 0 0 1 0 0 0 0 -3.005105492006199 0
72 0 0 1 0 0 0 0 1 0 -8.045223166137303 1
73 0 0 1 0 0 0 0 1 0 -8.045223166137303 1
74 0 0 1 0 0 0 0 1 0 -7.889410289700751 1
75 0 0 1 0 0 0 0 1 0 -8.045223166137303 1
76 0 0 1 0 0 0 0 1 0 -9.045275209020938 1
77 0 0 1 0 0 0 0 1 0 -8.413978149818515 1
78 0 0 1 0 0 0 0 1 0 -8.413978149818515 1
79 0 0 1 0 0 0 0 1 0 -7.824053529904454 1
80 0 0 1 0 0 0 0 1 0 -7.824053529904454 1
81 1 0 0 0 0 0 0 0 1 -3.3459467343609224 0
82 0 0 1 0 0 0 0 1 0 -8.363404653772209 1
83 0 0 1 0 0 0 0 1 0 -8.292855811657555 1
84 0 0 1 0 0 0 0 1 0 -9.834162375309871 1
85 0 0 1 0 0 0 0 1 0 -7.949523572734937 1
86 0 0 1 0 0 0 0 1 0 -7.949523572734937 1
87 0 0 1 0 0 0 0 1 0 -7.529272063769566 1
88 0 0 1 0 0 0 0 1 0 -8.537482213248566 1
89 0 0 1 0 0 0 0 1 0 -8.528209723454808 1
90 1 0 0 0 0 0 0 1 0 -2.921868525074805 1
91 0 0 1 0 0 0 0 1 0 -0.7528574516599705 1
92 0 1 0 0 0 1 0 0 0 -4.71669877129645 1
93 1 0 0 0 1 0 0 0 0 -3.025547261098106 0
94 0 0 1 0 0 0 1 0 0 -4.71669877129645 1
