34 32
120 79
116 27
124 15
26 33
85 63
125 10
4 57
109 48
28 51
59 3
38 18
70 79
69 68
48 74
120 75
98 31
111 68
0 8
97 11
108 40
31 48
115 22
72 12
43 26
85 26
1 36
122 10
110 54
94 32
67 73
87 10
125 19
92 22
42 19
117 51
105 3
38 64
33 34
11 77
86 12
46 26
93 22
9 51
107 56
60 81
6 12
38 36
20 10
88 31
44 28
122 29
1 48
72 9
38 15
107 40
28 69
125 9
41 10
59 79
85 64
112 61
40 59
97 36
118 20
106 10
112 3
106 17
72 22
6 84
117 5
66 76
14 77
30 81
66 7
16 29
105 67
6 54
92 5
98 6
24 62
109 13
118 52
47 4
88 19
94 12
72 66
126 3
87 61
34 35
100 62
41 14
34 73
72 10
86 33
0 24
114 9
119 55
20 76
42 30
85 23
109 69
123 23
33 68
109 68
66 62
38 29
78 10
89 35
54 35
45 31
93 40
87 26
2 74
122 14
93 50
72 58
93 30
107 38
0 1
105 17
102 3
4 69
111 40
110 12
46 23
8 62
9 34
115 28
86 38
115 64
89 1
47 3
48 75
69 30
20 30
4 76
102 25
47 9
117 67
121 21
97 59
116 22
45 39
86 13
87 58
100 12
106 9
33 66
66 77
114 37
47 60
108 21
68 73
9 14
69 82
72 39
104 101
69 35
92 39
53 12
110 14
107 13
43 15
92 16
115 71
88 13
116 25
114 40
110 29
63 73
95 40
1 66
20 15
61 78
103 36
1 78
95 10
28 3
119 10
107 14
36 75
4 35
67 84
86 9
103 29
70 81
117 4
102 13
110 8
100 11
76 73
43 18
67 12
123 28
106 23
112 68
59 18
34 29
87 40
97 58
107 64
110 53
44 31
63 84
87 13
0 21
66 3
110 22
20 36
44 33
18 74
37 69
69 81
105 27
97 69
116 20
54 84
115 21
53 14
105 51
117 69
105 31
18 62
114 49
28 32
87 22
43 39
119 28
35 76
20 74
59 35
108 68
123 26
100 2
28 64
58 3
108 55
72 6
87 28
97 57
37 30
46 34
67 35
107 15
97 9
26 79
56 78
41 39
87 48
63 12
124 3
122 55
24 74
31 33
113 101
45 22
112 18
104 56
9 35
117 66
43 4
31 70
33 32
19 36
93 26
85 55
24 36
118 49
119 26
34 76
19 75
122 1
64 68
2 36
67 81
88 50
117 36
87 57
112 6
22 10
89 40
125 56
110 55
9 63
114 10
104 19
89 11
98 65
0 39
30 32
100 1
38 75
6 78
11 35
89 6
31 32
122 23
19 73
92 23
54 34
5 51
53 13
58 57
93 25
114 39
87 55
92 21
97 66
45 9
111 13
5 64
89 15
43 25
58 62
124 9
63 33
85 29
94 7
6 59
9 12
44 14
34 14
28 33
86 30
113 29
72 2
1 62
98 27
97 51
83 77
35 81
13 74
94 30
124 39
72 38
97 6
93 33
126 16
37 58
38 58
116 60
41 8
92 28
116 61
118 10
60 76
85 21
98 12
85 27
47 54
15 75
119 58
52 13
41 12
122 57
113 61
109 64
58 13
115 55
98 5
121 29
89 30
53 10
31 69
109 66
0 26
26 66
28 81
44 32
107 18
109 70
40 13
43 17
118 67
32 15
100 21
28 83
72 11
117 31
43 32
1 34
122 19
110 66
111 66
89 27
89 38
115 56
86 61
15 77
88 52
95 36
102 38
63 83
125 39
117 24
107 66
66 73
98 50
37 48
22 33
98 29
42 26
92 15
12 74
2 62
54 13
118 39
123 24
112 24
84 7
117 71
116 14
108 71
22 63
88 56
5 13
111 2
119 14
46 40
106 6
37 76
9 58
59 84
104 49
86 55
62 73
30 15
124 4
104 5
118 21
111 37
89 16
116 31
9 59
54 83
85 16
4 58
111 67
117 10
113 70
5 59
87 3
125 40
47 39
38 12
46 2
9 7
69 14
116 52
25 76
31 12
110 39
93 71
100 36
5 36
111 59
63 7
104 23
2 76
105 20
43 7
115 60
63 77
108 4
28 18
126 21
1 10
106 63
113 53
46 38
112 57
35 70
97 23
108 11
125 31
72 62
124 26
106 19
95 15
86 22
46 3
110 51
26 69
85 52
41 15
108 37
113 16
6 33
11 76
33 74
94 38
52 29
0 19
88 6
124 60
28 66
110 31
98 26
95 32
108 65
106 21
94 11
31 76
85 60
1 18
42 35
24 79
112 16
92 71
106 14
22 12
63 35
97 10
100 38
5 12
98 35
98 62
98 70
63 75
95 58
110 1
115 15
119 24
69 76
35 15
33 75
43 5
15 73
15 29
98 10
100 40
58 33
28 62
102 35
97 32
118 19
26 57
123 40
122 53
90 36
9 70
117 22
102 34
111 71
119 13
73 29
22 84
100 13
87 64
55 73
86 21
38 77
69 29
30 84
86 63
110 48
86 69
108 67
72 61
62 10
47 61
37 82
113 57
11 54
105 71
56 75
64 74
59 75
123 9
85 30
1 54
0 9
122 16
112 51
111 36
69 57
113 24
54 7
62 77
104 29
1 29
113 28
115 17
116 26
119 19
125 4
37 54
58 10
0 6
31 3
116 16
9 77
11 69
72 48
47 17
37 79
64 78
12 10
85 31
26 34
110 21
63 68
63 29
116 11
105 18
98 64
63 48
12 66
93 29
98 22
5 74
110 20
93 32
118 66
58 34
93 17
98 34
47 51
105 19
113 11
54 75
114 54
72 1
124 17
89 19
111 57
69 66
40 29
47 64
42 14
85 32
95 13
94 50
116 5
125 36
85 15
119 8
119 40
38 82
26 3
106 31
114 28
104 53
37 3
58 66
110 16
88 16
47 15
40 33
58 81
126 23
97 16
93 35
87 32
118 8
66 35
105 55
47 67
100 69
58 70
108 27
67 78
15 74
20 57
95 30
38 60
22 69
3 73
109 29
97 55
118 6
9 10
41 11
87 51
115 16
106 68
118 53
112 4
100 65
117 65
50 10
118 27
4 73
61 36
0 16
107 8
42 3
115 13
126 29
118 13
111 25
54 29
115 12
86 35
70 14
38 74
28 58
108 63
44 39
122 34
114 31
97 56
126 14
46 4
1 82
124 29
11 82
107 24
11 81
83 29
94 52
87 15
116 58
113 69
1 58
36 73
6 74
26 54
108 28
67 83
119 71
5 33
46 36
10 73
30 82
41 28
108 26
60 32
34 75
107 57
41 24
118 36
47 27
100 68
89 13
37 15
42 8
58 7
103 13
30 10
20 3
22 13
42 24
30 18
64 3
9 69
106 57
109 57
98 25
67 34
34 7
35 32
122 33
47 48
118 40
110 4
102 15
126 19
38 7
22 70
108 15
107 26
38 13
104 58
88 39
119 69
31 68
117 26
123 31
28 79
109 15
111 21
107 12
125 11
56 62
125 38
66 57
109 11
111 49
23 81
52 75
94 15
59 62
94 6
5 70
9 18
5 7
67 33
47 37
4 18
95 29
97 14
41 32
118 2
11 78
112 17
87 6
88 4
55 62
98 67
119 54
108 2
22 62
114 60
105 60
20 66
92 27
98 69
102 2
89 3
126 25
85 59
118 1
114 63
115 59
49 76
42 20
121 23
110 2
41 2
28 48
95 14
54 68
102 20
123 3
35 73
0 20
98 55
70 76
94 27
40 64
95 17
22 48
26 60
59 74
6 7
31 10
88 17
31 83
87 36
88 28
60 83
106 1
124 58
26 36
108 6
97 12
69 10
47 62
122 26
104 63
0 36
58 12
32 29
113 4
119 57
107 39
52 70
28 12
112 69
49 36
93 27
88 65
6 62
85 28
9 83
113 15
95 26
118 65
40 3
34 13
40 68
11 74
45 33
17 36
114 5
5 84
13 75
87 24
109 38
70 30
118 12
33 10
26 13
44 1
108 38
46 31
58 84
63 76
45 20
113 68
109 2
118 57
33 13
116 70
52 48
123 36
88 66
117 63
107 61
93 16
112 21
118 16
116 38
31 62
97 70
114 52
44 22
26 29
44 6
44 9
115 57
112 26
37 35
58 32
121 39
125 20
35 34
112 15
4 7
108 23
93 68
1 57
106 53
123 19
112 66
88 55
102 29
67 77
38 34
117 52
107 59
110 69
109 4
60 29
112 64
45 24
93 10
113 14
122 49
112 27
11 63
123 58
125 29
106 25
117 16
34 62
10 78
47 69
28 35
109 1
117 38
37 77
93 12
66 12
67 7
80 79
40 35
0 32
104 50
84 73
125 24
20 79
122 21
102 31
106 28
122 11
107 16
113 56
22 57
33 73
63 70
94 10
123 64
38 73
116 71
58 48
72 18
100 16
104 60
38 70
46 32
64 81
108 3
6 36
89 29
112 65
20 51
111 1
112 59
118 64
124 6
60 66
37 57
114 21
4 54
31 58
115 68
125 71
104 4
88 59
37 66
115 24
85 1
11 34
12 29
112 19
104 39
21 76
16 75
107 36
107 10
9 76
25 75
92 58
104 24
45 30
114 22
93 13
60 36
42 23
45 2
1 33
59 29
0 2
107 4
28 10
94 71
106 60
66 75
110 23
46 27
69 15
43 6
12 62
98 3
59 15
117 21
87 66
52 74
106 66
122 48
86 60
62 68
37 13
41 23
116 12
38 59
89 39
114 23
86 10
23 36
63 81
111 17
118 38
102 26
111 18
50 77
112 38
56 29
94 3
109 56
46 39
66 70
62 78
125 21
44 15
88 54
117 20
78 75
119 15
41 29
111 55
90 8
70 73
97 60
45 35
63 14
75 29
58 76
24 66
122 18
117 68
20 63
97 35
107 54
4 81
110 9
69 78
105 66
104 55
7 75
100 57
70 18
4 12
45 25
119 20
29 75
118 11
40 51
93 53
11 73
117 12
93 15
115 8
41 35
119 25
119 22
62 76
87 62
20 34
32 83
47 55
102 9
109 27
26 64
7 68
110 62
119 9
112 62
40 73
104 69
86 2
47 53
63 15
64 83
126 2
107 65
28 70
32 33
123 25
86 58
122 13
30 74
106 38
110 65
47 52
112 1
98 36
17 29
113 17
24 76
11 57
86 20
20 70
69 77
55 10
106 71
87 25
118 15
45 7
53 66
97 19
58 36
20 29
108 29
86 26
46 17
125 13
20 54
1 14
72 60
41 4
40 66
11 64
111 9
94 22
114 29
28 68
30 77
95 6
116 48
70 57
104 18
85 19
105 13
50 75
93 55
100 37
72 36
93 58
95 50
93 56
86 53
26 83
108 70
123 14
98 56
17 76
115 40
88 62
98 9
115 48
108 13
117 8
44 37
90 3
111 64
2 75
26 32
12 14
92 6
97 17
43 13
46 21
41 19
124 69
86 70
119 67
6 69
49 29
86 25
27 75
112 101
54 33
117 23
87 19
72 51
43 24
106 67
112 14
107 19
122 32
14 73
111 58
107 31
105 57
52 76
105 8
54 15
55 36
94 68
37 51
67 15
107 28
5 62
123 20
18 73
100 51
87 27
26 75
60 74
108 69
44 36
43 30
116 50
102 21
108 31
40 14
125 58
97 71
105 25
108 61
109 63
108 62
31 77
121 36
111 29
34 68
66 29
0 12
80 10
90 23
51 75
72 54
105 54
59 83
20 69
86 39
114 13
41 18
37 14
124 40
63 34
112 55
72 52
45 3
88 53
106 12
117 54
62 75
26 68
86 19
110 61
102 14
104 26
72 3
9 33
105 38
110 36
5 77
35 68
46 7
85 56
110 10
32 10
107 101
85 5
47 29
93 52
72 4
66 78
66 34
26 70
105 40
69 36
69 7
119 29
123 8
42 6
7 76
43 28
6 14
58 15
85 50
1 60
118 14
54 70
54 14
41 37
50 13
108 1
43 37
15 36
44 24
44 34
45 11
57 73
22 58
111 23
44 16
113 3
5 68
107 20
113 54
26 76
124 1
9 54
94 40
116 19
41 30
92 40
112 37
114 71
85 25
97 8
97 13
110 15
124 63
6 34
111 38
34 66
72 63
115 67
112 71
87 14
86 15
97 21
30 57
42 37
5 73
28 29
110 13
63 18
89 23
20 7
59 68
56 10
100 59
69 79
95 11
88 60
73 36
113 58
87 29
122 61
51 36
40 70
94 9
95 20
113 66
109 14
6 77
93 23
114 67
36 29
124 59
54 74
107 6
37 60
114 38
41 5
0 40
34 15
111 63
46 9
102 19
45 8
26 35
10 76
122 35
114 56
119 60
110 57
113 18
5 75
98 19
38 68
110 56
87 4
62 79
109 17
95 34
43 14
34 70
110 64
107 48
76 36
111 19
44 23
46 15
117 40
117 13
67 29
119 50
38 79
100 23
118 37
19 14
108 24
26 18
122 3
4 70
42 10
105 61
111 11
70 12
30 70
105 63
100 30
116 15
42 5
83 76
28 7
85 58
9 57
86 62
11 14
32 81
32 62
58 18
85 13
60 15
33 81
109 16
116 53
111 6
6 75
116 55
110 6
89 25
65 76
31 63
28 82
119 31
94 34
59 82
42 34
88 38
100 49
87 67
89 32
111 20
7 12
122 38
108 52
111 50
59 57
98 51
100 6
47 6
97 34
6 18
93 5
86 14
107 58
118 24
37 7
87 37
31 13
94 17
124 14
23 62
4 79
83 13
111 22
86 66
43 29
86 29
110 50
106 5
93 19
11 79
93 3
119 64
114 59
114 69
5 14
113 10
107 68
93 1
4 51
106 51
44 30
84 75
113 27
63 79
124 2
121 2
89 17
89 33
104 54
92 1
22 34
72 24
123 27
47 50
28 30
114 16
93 11
23 75
89 34
5 34
66 79
110 5
6 68
116 28
116 65
114 12
103 75
116 2
47 2
108 56
87 54
86 51
46 14
8 75
40 48
64 10
67 48
70 3
114 19
123 13
40 79
59 70
110 58
107 52
40 84
86 59
45 29
106 61
85 36
44 25
6 76
94 58
114 36
108 22
89 61
102 24
107 29
47 8
1 32
1 75
104 51
121 16
105 23
4 82
87 33
27 76
105 28
44 8
118 56
109 49
45 1
45 34
11 58
123 60
109 51
110 40
87 35
100 26
43 33
20 12
115 27
106 50
88 26
17 73
46 20
11 18
80 73
107 5
24 10
54 3
110 11
6 32
115 9
112 12
37 73
88 24
102 40
43 19
0 29
0 14
6 29
95 65
95 25
125 6
0 35
89 2
66 48
6 3
119 6
44 26
92 3
122 9
31 59
118 22
11 3
26 78
87 1
113 23
122 24
105 50
63 62
22 7
70 83
109 9
0 38
85 61
111 8
8 76
122 39
32 75
0 37
4 75
72 25
114 48
72 21
62 13
115 23
84 76
43 10
118 5
86 6
4 3
109 8
122 65
69 48
46 5
112 28
100 67
30 36
113 55
85 39
6 10
109 67
92 50
58 78
114 61
26 74
98 71
93 14
63 10
47 22
110 63
45 18
125 14
108 51
110 71
47 18
59 33
95 23
122 30
87 5
63 13
112 22
93 37
9 15
94 5
105 101
95 55
111 12
109 71
104 67
68 66
92 26
40 78
45 15
72 5
115 14
20 78
110 70
42 31
112 67
67 74
85 10
72 17
60 77
106 13
92 17
97 62
98 57
112 20
106 29
20 18
64 57
105 52
95 33
64 12
89 21
59 12
125 66
125 70
116 9
88 35
23 68
85 17
41 7
106 65
69 34
94 4
98 18
3 75
97 38
98 4
98 8
28 59
110 19
117 19
106 62
44 12
119 37
108 19
69 70
94 1
87 30
85 6
119 38
115 26
106 11
67 68
69 18
109 36
105 59
116 59
114 68
42 21
118 59
60 82
124 54
37 68
42 25
86 5
98 24
4 29
111 61
116 24
104 68
119 61
111 101
26 59
117 61
95 35
118 55
54 18
30 76
107 49
89 31
92 13
114 53
26 73
95 37
40 75
87 21
85 22
113 40
76 75
105 22
67 13
6 82
94 33
41 36
88 23
47 70
106 101
64 14
0 33
87 53
47 71
94 13
14 29
122 15
70 62
0 10
88 51
117 28
4 36
70 78
45 21
64 48
106 3
123 17
47 14
124 8
85 33
44 17
22 82
100 54
93 24
97 65
51 12
67 14
109 40
46 24
34 83
90 15
9 84
0 23
122 50
97 4
109 20
83 75
30 33
48 36
32 68
97 49
113 48
105 1
47 24
107 67
43 40
46 25
86 50
87 31
87 65
114 4
5 54
20 83
84 29
54 36
105 10
106 59
108 9
87 63
70 10
93 38
114 6
85 37
2 29
11 48
102 27
108 16
114 8
86 37
116 29
115 20
88 5
45 5
59 14
14 36
109 12
98 23
72 28
86 32
124 16
58 35
108 48
31 60
117 27
30 35
105 39
41 27
118 61
41 17
90 21
125 25
47 38
72 56
97 31
89 20
52 36
105 70
59 30
105 69
47 20
86 24
107 23
105 16
109 28
92 4
63 78
15 76
83 36
95 68
45 4
104 31
107 53
94 16
115 25
124 23
6 79
64 35
45 6
86 64
45 32
95 56
60 33
38 76
85 66
42 15
54 48
98 16
105 56
46 19
45 40
114 2
97 67
98 21
100 14
124 11
64 75
98 11
33 14
26 63
125 37
109 54
98 66
126 36
86 34
32 36
30 79
100 9
47 65
1 79
103 78
114 1
115 6
85 35
109 22
37 32
60 35
28 74
60 73
113 21
104 52
6 73
113 2
102 36
38 48
24 78
58 83
86 67
102 1
12 79
5 63
64 66
9 74
98 20
37 36
94 19
0 17
113 19
20 33
88 22
95 52
117 55
46 16
117 3
44 5
22 73
44 21
105 37
100 15
106 58
112 11
34 10
86 31
114 50
107 11
6 66
28 76
42 2
106 54
104 25
0 27
65 10
119 2
95 27
100 64
95 19
85 3
107 37
83 74
38 78
123 11
112 53
104 11
45 37
122 5
88 11
106 15
30 62
19 29
116 64
117 29
89 14
114 17
31 18
20 77
64 29
105 49
11 10
24 70
111 70
86 49
97 25
29 73
124 21
104 14
47 31
57 75
125 8
104 28
22 29
44 40
94 21
109 26
117 1
66 74
124 38
102 23
97 50
100 48
64 77
4 60
67 76
42 39
104 66
54 32
72 23
107 63
119 21
32 70
100 60
5 35
72 71
105 65
108 20
1 51
88 14
104 15
54 57
92 38
44 7
44 3
102 11
42 13
13 73
115 58
97 18
125 16
111 26
88 8
109 58
53 73
98 61
109 31
114 64
123 5
15 13
88 29
42 9
30 3
38 66
76 29
46 1
107 1
119 70
24 68
104 71
112 10
85 53
94 24
58 75
86 48
105 9
117 64
105 29
53 77
72 37
40 76
22 64
43 36
119 68
41 13
37 29
123 6
55 75
117 60
33 7
85 54
72 68
99 76
114 11
30 78
109 61
121 14
61 29
106 37
6 58
60 7
115 4
49 73
46 18
30 7
105 6
97 3
106 16
113 8
69 62
41 16
109 23
124 19
35 7
117 37
35 29
4 64
105 26
54 12
5 81
112 60
117 49
95 28
5 78
72 15
98 52
69 3
37 70
9 75
75 36
94 53
110 3
38 83
114 57
35 75
6 83
118 54
44 29
118 69
43 8
111 62
115 53
9 30
45 36
111 69
102 37
47 1
95 5
70 15
16 36
115 54
54 82
106 56
61 75
118 51
122 6
107 3
44 27
9 73
112 40
105 15
38 62
53 70
95 71
100 27
44 11
59 66
26 10
64 70
87 56
1 84
93 28
69 83
40 83
1 7
8 29
113 39
22 60
112 8
42 28
40 15
31 14
88 10
11 51
115 10
9 3
66 15
112 58
95 22
93 6
109 37
65 77
108 50
8 66
98 33
20 48
44 18
116 63
98 54
118 3
41 38
6 64
54 76
63 66
24 13
28 54
44 19
75 73
116 23
1 64
116 4
34 77
107 55
118 70
1 77
90 13
21 75
107 71
98 2
97 39
102 8
114 58
110 18
100 61
43 3
45 16
31 82
4 84
93 7
125 3
105 48
95 2
32 77
94 31
22 54
117 56
97 28
110 67
6 35
11 84
37 84
118 31
40 77
20 58
114 65
47 10
30 14
37 59
89 28
28 60
104 12
113 1
87 20
63 74
44 2
28 63
67 18
44 4
22 59
109 59
17 75
125 26
37 62
93 21
0 15
107 62
114 26
20 14
43 2
112 9
22 75
107 27
38 57
94 36
1 76
104 6
108 39
112 52
53 62
112 29
26 58
117 17
66 32
63 32
86 65
22 78
104 38
70 77
125 2
106 52
2 68
6 63
72 49
0 22
118 50
106 24
45 27
85 4
100 70
19 15
117 53
52 15
24 77
52 10
116 49
109 25
109 60
31 84
87 59
5 76
123 63
22 35
70 48
88 57
42 17
69 12
117 50
110 26
35 74
44 13
105 24
115 70
63 36
31 29
97 27
119 16
116 54
95 7
98 30
125 17
4 14
119 65
72 19
1 13
33 77
43 1
113 36
85 2
110 27
108 66
59 78
22 79
123 1
38 3
68 75
35 62
67 3
102 33
115 52
107 50
33 29
12 70
88 36
108 58
117 39
58 79
66 13
97 33
121 19
12 76
89 37
112 23
119 53
124 24
123 2
4 32
93 31
123 59
114 14
112 48
45 14
113 52
60 30
87 50
113 64
41 33
88 25
41 26
126 8
68 7
42 33
123 4
90 24
98 60
93 20
89 5
47 63
58 14
37 18
12 36
72 57
98 14
4 15
90 29
42 36
121 24
54 30
42 12
38 51
113 50
116 17
5 66
114 51
108 60
20 84
100 50
108 59
100 29
38 63
112 39
112 63
108 18
88 15
44 35
30 29
125 15
11 15
0 28
119 11
52 12
31 35
67 79
72 69
88 34
93 39
87 23
84 77
5 48
100 55
4 13
64 82
116 39
99 75
92 8
4 77
86 52
38 69
43 11
30 12
41 22
37 83
97 64
106 64
99 12
120 78
95 53
98 49
69 84
22 14
47 40
92 25
31 51
31 57
98 32
31 75
20 35
106 36
38 54
105 58
122 71
102 30
40 58
90 17
64 36
72 59
109 101
41 6
88 70
97 22
98 1
61 76
56 76
72 29
122 20
69 32
113 12
22 77
109 6
115 31
110 17
0 5
110 37
104 9
88 37
84 36
88 12
119 3
100 71
98 38
59 48
115 5
95 31
50 79
111 16
63 57
85 71
64 79
107 60
119 51
33 36
117 6
9 78
98 63
88 21
112 25
98 59
88 40
105 11
87 69
95 38
24 29
113 38
46 10
110 28
20 59
117 58
88 58
45 17
94 28
11 7
94 37
43 23
31 66
18 68
121 17
42 11
122 8
108 10
43 35
85 20
122 56
119 23
88 2
104 62
37 75
111 10
100 25
118 4
38 81
115 49
92 37
120 73
92 24
104 36
125 22
122 12
46 11
33 70
9 60
42 1
123 16
1 81
72 40
14 76
107 25
118 9
124 20
59 77
19 76
111 56
67 66
40 54
72 13
124 13
37 81
37 33
52 73
67 36
0 3
116 8
125 28
50 76
31 34
26 14
0 34
42 22
60 10
12 73
100 22
64 13
116 6
64 33
24 75
31 73
40 63
87 34
11 70
11 12
92 30
90 39
53 74
126 15
66 82
94 56
107 69
114 15
111 15
53 29
60 78
88 63
102 17
119 48
11 32
35 66
106 39
102 5
20 32
28 34
54 10
35 14
87 9
30 75
100 24
7 29
32 66
86 71
85 57
50 74
98 7
95 21
108 8
109 50
112 36
118 29
122 40
100 10
72 16
65 75
111 31
122 17
45 10
72 8
108 17
92 20
90 16
70 34
20 60
115 2
85 11
50 29
114 70
100 20
74 73
118 68
88 71
69 33
56 36
20 62
31 54
107 9
88 61
105 36
9 62
60 62
46 33
119 5
111 39
6 57
45 19
117 48
8 70
1 74
6 70
58 82
110 60
100 3
90 14
30 34
34 81
11 83
85 62
62 29
26 84
86 11
124 28
38 33
16 13
126 13
124 64
114 27
97 15
122 36
67 57
76 77
55 78
5 29
47 59
11 59
115 50
4 63
70 7
47 5
46 8
40 60
96 75
86 57
22 18
85 49
97 40
38 35
85 14
22 51
0 18
1 63
5 58
94 65
104 10
48 29
115 51
64 84
12 77
43 22
58 74
72 64
98 15
110 101
64 18
12 15
108 14
11 68
72 55
112 56
60 12
43 12
98 37
5 10
54 78
47 68
97 54
108 64
89 36
28 15
105 21
111 65
20 13
60 68
113 6
61 13
85 70
4 66
85 48
4 68
32 7
4 59
56 77
40 62
105 62
87 38
60 70
1 15
14 13
116 40
87 2
40 57
58 73
38 10
5 82
97 48
90 27
31 15
126 17
92 11
20 82
9 32
105 14
97 63
66 81
113 65
88 9
63 82
32 73
85 12
11 29
20 75
109 18
104 16
54 81
100 58
105 5
9 48
23 29
97 29
86 56
63 3
122 58
106 8
102 22
115 69
118 17
118 48
115 61
104 27
26 81
40 12
54 77
89 26
113 49
100 63
85 68
87 70
66 68
115 66
111 27
43 9
119 49
106 4
109 52
4 78
45 38
104 61
40 81
94 20
47 13
106 49
126 27
100 101
113 37
119 63
66 36
115 63
117 70
54 66
43 31
85 67
40 69
69 13
122 31
88 67
97 52
102 39
102 6
97 30
46 13
122 25
0 25
113 25
7 36
87 17
115 1
88 20
118 58
98 17
67 75
59 36
116 36
65 13
9 36
65 73
94 26
109 53
67 70
104 2
68 62
22 76
116 37
108 57
42 7
34 33
89 22
70 82
37 63
112 13
69 74
104 8
8 36
125 1
98 39
22 66
86 17
86 23
9 79
117 15
45 28
110 59
30 13
90 2
111 60
66 18
111 52
67 62
107 51
121 27
72 67
117 25
40 74
117 59
93 8
41 21
118 23
94 23
119 52
47 25
109 3
104 13
118 63
18 75
4 10
119 56
30 73
89 53
64 73
116 69
37 12
50 68
70 29
109 65
106 40
119 27
95 12
31 7
45 13
105 4
97 24
22 30
70 32
72 31
31 74
97 1
104 59
5 18
113 71
92 2
110 24
46 29
89 4
115 3
94 29
87 39
72 27
119 36
30 83
35 83
112 54
113 63
66 33
4 34
86 36
94 8
97 53
92 9
93 2
6 15
88 27
93 34
67 10
95 1
70 75
100 17
112 50
124 36
49 75
71 75
22 32
31 81
64 32
106 55
59 34
6 60
65 78
119 12
33 15
118 71
97 2
88 3
109 62
31 78
64 7
105 68
46 28
68 70
14 75
59 7
70 68
45 12
100 19
52 77
86 28
119 1
43 20
37 10
11 60
14 74
26 77
95 24
12 75
50 36
85 69
53 48
55 76
30 68
64 76
57 74
42 4
92 14
86 4
122 52
28 73
86 54
93 9
26 48
124 31
113 5
41 20
123 54
40 10
104 22
1 68
104 20
95 9
126 39
92 31
59 13
100 5
125 23
119 17
69 75
104 64
122 2
109 21
125 55
124 27
68 74
9 66
28 84
102 4
113 60
37 64
88 48
106 2
118 60
106 26
66 30
43 27
104 37
111 53
90 25
47 58
103 79
72 50
47 28
22 68
35 36
70 35
97 20
110 68
41 25
88 32
1 12
108 53
70 33
88 30
47 57
0 7
5 3
4 83
40 82
89 8
125 12
60 3
85 38
105 12
26 62
5 32
83 68
109 39
113 67
72 14
107 2
123 38
59 73
86 1
12 13
122 67
98 53
88 69
93 4
46 35
80 75
112 49
20 68
116 21
113 20
117 11
70 74
122 27
123 15
64 62
94 39
113 9
28 57
33 62
124 25
46 6
113 59
44 10
115 37
109 24
0 4
70 66
40 36
106 20
116 1
35 13
114 20
5 57
41 9
85 51
40 7
0 30
116 57
115 29
90 19
116 3
55 77
32 74
46 30
123 69
121 15
111 24
87 8
116 56
111 54
124 37
47 16
56 73
41 31
42 38
115 39
42 32
119 4
112 31
43 38
35 33
47 49
32 34
41 34
9 82
59 10
72 70
64 34
59 81
121 25
118 25
87 68
73 75
113 51
108 101
60 14
32 14
86 8
122 4
108 12
4 48
88 33
46 12
52 14
45 26
38 84
45 23
9 13
122 28
123 22
11 36
105 64
59 32
0 31
66 14
111 51
1 73
87 12
108 25
58 68
22 36
93 36
65 79
93 65
22 81
116 66
66 10
28 13
104 21
112 2
98 40
41 1
26 12
111 48
9 29
111 5
110 49
60 79
106 69
86 27
22 15
32 13
38 14
86 16
26 51
124 22
116 13
85 65
11 75
22 3
47 19
43 34
95 3
102 16
9 64
54 62
46 22
5 69
1 35
5 83
5 15
67 32
87 11
52 62
119 39
114 66
1 69
54 73
100 28
108 36
42 16
98 13
61 79
29 36
43 21
94 2
109 19
47 66
22 83
9 68
70 84
110 52
11 62
60 48
110 38
92 19
53 36
123 39
21 13
115 65
102 32
37 34
108 54
121 8
42 27
32 35
89 24
100 56
26 82
110 25
111 3
105 53
47 12
114 25
4 74
119 59
123 29
106 27
7 78
72 53
42 29
104 65
108 5
70 13
70 36
112 70
60 18
85 8
106 18
58 77
113 31
26 7
44 20
113 62
107 70
12 78
123 37
86 40
121 13
87 49
46 37
60 84
85 9
20 73
20 81
92 29
122 51
104 70
107 21
85 40
88 1
116 67
4 33
33 76
44 38
118 26
20 64
97 61
119 66
95 8
67 82
28 36
5 79
32 76
47 23
53 75
47 36
121 3
37 74
10 75
94 25
47 11
40 32
33 35
97 37
98 48
118 28
47 21
88 49
100 31
0 11
97 7
11 13
125 27
122 37
85 34
66 83
94 14
104 17
39 10
1 59
106 22
0 13
100 8
104 40
117 57
5 60
108 49
66 84
126 24
104 1
41 40
115 36
106 48
4 62
111 14
42 18
104 57
54 79
117 9
113 26
111 28
117 2
113 13
95 39
22 74
28 78
40 18
59 76
48 73
114 3
80 78
86 3
89 52
109 10
38 32
34 36
87 16
30 48
1 83
95 4
61 73
55 29
72 65
35 77
43 16
47 26
50 73
87 71
109 55
112 5
11 66
91 75
100 66
116 51
69 73
28 14
53 15
95 16
6 81
111 4
100 4
42 40
6 48
40 34
113 22
9 81
31 36
122 22
88 68
102 7
98 28
60 57
94 55
1 3
117 14
31 64
87 52
104 3
6 13
92 36
125 5
105 2
107 22
58 29
85 24
100 39
97 26
11 33
47 56
28 77
41 3
26 15
98 58
115 11
88 64
114 55
50 78
89 9
37 78
33 83
115 38
60 75
64 15
60 34
115 19
31 79
94 35
123 21
104 48
34 74
107 17
72 26
53 76
28 75
116 10
72 20
6 51
60 13
114 24
102 28
17 77
52 66
109 5
1 70
116 68
97 5
103 10
106 70
35 10
124 5
87 60
30 66
86 68
