26 4
47 14
9 10
23 1
9 6
3 4
47 20
24 6
40 14
24 10
28 16
3 1
30 1
9 17
30 12
21 26
44 6
24 13
46 1
13 26
24 21
40 12
9 20
26 5
28 10
22 4
19 5
50 17
47 12
46 6
28 18
18 5
9 21
28 21
9 13
48 6
5 7
9 1
47 1
19 26
6 8
21 5
47 21
23 13
43 6
2 5
40 1
28 12
23 2
9 14
17 1
6 4
25 10
23 21
2 7
20 7
23 16
16 26
24 15
36 14
48 14
24 19
19 4
50 20
28 20
24 16
0 2
27 14
21 4
50 16
24 22
9 12
29 14
23 12
22 7
24 12
24 1
42 6
41 1
9 16
50 11
28 14
28 17
50 6
23 6
47 16
26 7
47 17
24 14
50 10
32 6
20 4
50 14
19 7
28 22
43 1
20 5
3 5
46 14
35 1
9 19
9 18
13 4
47 18
12 4
23 15
17 4
47 3
47 10
35 6
29 1
12 26
23 10
24 17
7 26
23 20
17 6
27 12
18 4
39 14
49 6
47 6
41 6
23 22
47 19
3 7
39 12
50 22
16 7
35 12
47 22
23 14
20 1
3 6
32 12
36 12
24 20
15 4
50 18
7 4
50 13
27 6
29 12
9 3
50 21
28 1
25 6
50 15
32 14
12 5
48 1
28 2
24 2
5 4
50 12
50 19
43 14
21 7
22 26
47 2
9 15
12 7
46 12
28 11
9 2
16 5
45 6
28 15
0 1
23 18
14 8
33 6
31 12
10 4
15 26
30 6
48 12
18 26
35 14
23 3
31 6
30 14
24 11
13 5
32 1
31 1
43 12
28 13
18 7
15 7
31 14
9 22
25 11
9 11
17 7
23 17
23 19
47 13
27 1
15 5
34 6
50 3
47 15
36 1
39 6
23 11
5 26
29 6
10 7
22 5
16 4
20 26
50 2
10 5
47 11
38 6
50 1
37 6
28 19
40 6
1 4
20 6
28 6
17 26
10 26
24 3
2 26
13 7
17 5
2 4
4 8
36 6
39 1
24 18
7 5
28 3
