29 6
28 12
27 2
11 13
29 1
38 6
43 10
43 17
17 14
22 3
20 5
28 18
26 19
26 7
39 18
28 2
28 6
26 2
39 13
18 2
20 18
41 10
40 4
24 6
43 19
43 7
26 18
39 19
10 1
20 14
28 19
27 12
28 7
24 18
27 9
44 19
0 6
22 2
25 2
38 13
38 2
22 16
27 1
43 13
43 16
44 12
30 36
29 8
39 8
25 18
25 5
25 3
10 17
22 15
10 11
24 16
39 5
29 13
41 19
38 35
39 15
30 21
41 11
3 17
20 13
0 7
38 1
29 3
29 12
44 8
20 1
22 18
27 11
0 18
29 2
25 17
9 17
29 7
41 4
0 2
38 14
20 3
26 14
25 15
44 7
25 13
24 9
26 17
29 9
26 6
22 6
0 1
42 23
13 11
24 7
0 12
15 17
26 5
39 3
20 9
20 12
39 9
2 11
22 14
10 2
24 2
41 18
30 38
4 16
29 5
29 4
29 10
21 17
28 9
27 13
22 17
0 9
20 2
39 10
24 3
41 14
43 11
41 13
28 1
26 4
10 6
44 2
39 17
22 19
44 9
17 4
11 10
35 15
38 9
24 12
24 8
22 4
20 17
41 16
22 9
11 2
39 1
26 8
30 10
28 5
41 9
2 13
2 6
43 4
24 4
25 16
25 14
41 5
43 12
29 11
30 17
2 1
41 15
25 7
20 10
44 13
27 4
0 13
28 15
41 6
24 19
44 11
0 15
0 19
20 8
25 6
20 19
22 11
38 32
20 11
0 10
29 14
28 10
24 1
44 17
27 10
0 4
38 3
25 4
39 11
43 5
38 17
44 18
20 4
27 7
5 23
24 14
43 3
18 1
18 11
35 17
0 11
22 7
28 8
13 6
41 1
26 10
28 4
27 17
44 10
39 16
41 7
28 11
24 11
43 2
29 16
29 19
10 13
43 1
22 8
41 3
22 12
39 12
44 6
39 14
0 8
22 13
0 3
29 17
24 5
22 5
44 3
44 4
28 13
27 3
41 12
20 16
26 15
27 14
35 4
25 11
26 3
44 1
0 14
44 15
18 17
43 18
27 8
43 6
30 33
24 17
13 2
22 1
22 10
27 19
26 12
28 17
27 16
38 36
28 14
11 17
41 8
18 10
38 42
27 5
39 4
25 10
25 19
43 14
27 6
28 3
25 8
30 34
2 17
13 1
44 5
30 35
0 5
39 2
30 15
27 18
13 17
26 13
24 13
43 9
30 37
38 21
43 15
20 6
41 2
25 9
29 15
18 13
8 17
30 31
29 18
17 15
44 16
0 17
38 10
39 7
27 15
18 6
20 15
41 17
39 6
30 32
28 16
44 14
25 1
38 34
25 12
26 16
43 8
26 11
24 10
26 9
38 18
0 16
20 7
26 1
24 15
