11 14
55 23
39 13
16 6
36 21
0 3
11 26
55 24
0 1
35 1
36 3
40 26
40 17
37 21
33 25
9 10
55 14
36 30
52 21
11 31
41 24
35 3
54 4
39 14
35 28
54 12
7 8
38 3
55 31
38 15
35 23
33 4
11 2
35 25
56 15
28 1
38 19
38 4
35 24
39 15
55 27
55 2
38 9
33 28
39 1
41 0
16 43
38 29
37 18
49 30
34 8
17 3
38 17
37 15
41 14
33 18
46 43
36 14
37 24
35 18
36 4
41 2
39 20
55 22
41 1
18 4
13 3
49 50
47 1
33 13
37 16
56 0
47 6
38 23
40 1
39 23
45 1
11 21
3 4
24 8
35 14
38 26
37 3
55 18
55 9
52 4
36 20
38 2
37 25
19 6
29 12
36 0
56 13
56 31
45 8
40 28
39 16
36 13
39 17
39 9
40 31
52 1
40 18
37 19
55 26
39 27
3 10
56 26
54 17
11 17
35 22
40 19
56 28
40 29
16 2
56 21
49 32
29 22
38 5
33 21
56 4
41 29
55 12
36 27
43 12
33 5
54 30
43 31
11 19
46 8
11 13
43 1
33 3
22 10
40 12
41 16
52 44
49 51
55 16
49 34
3 2
33 0
41 15
16 42
41 9
55 3
11 12
55 28
36 23
25 8
15 10
52 6
56 25
41 23
37 26
56 24
11 24
38 16
11 20
38 20
36 17
39 5
55 19
56 5
33 26
43 53
37 14
41 17
22 3
56 14
33 30
29 1
41 4
41 27
33 15
40 27
55 29
41 21
15 1
40 4
32 8
39 30
52 45
55 13
18 2
15 2
33 17
35 20
37 9
55 15
54 29
52 7
43 2
54 25
5 6
33 2
43 22
11 16
41 5
2 3
39 2
41 28
54 18
40 24
28 6
29 4
38 24
49 52
35 13
55 5
18 3
36 24
54 21
46 2
33 22
54 9
38 22
11 15
41 13
56 3
54 15
52 46
52 57
14 1
11 28
49 7
5 1
5 4
33 31
11 23
55 1
21 3
43 47
54 23
0 4
18 1
40 13
49 6
55 0
54 3
39 21
36 5
55 30
36 25
11 1
36 2
56 20
41 20
33 24
33 14
37 12
36 9
36 12
37 28
52 16
11 5
36 22
41 19
38 21
54 14
11 0
48 47
49 14
39 29
33 20
39 24
28 12
11 22
40 5
22 2
35 19
39 22
52 32
45 2
37 27
40 9
19 1
14 6
41 18
37 4
41 22
37 30
36 19
52 3
16 1
35 16
36 1
48 14
35 31
11 29
37 0
55 4
15 3
40 30
40 3
35 2
35 30
40 0
44 8
11 4
40 23
52 12
49 45
35 21
40 25
37 17
33 1
36 15
37 23
51 12
35 15
38 18
11 27
35 27
52 34
54 1
38 13
35 5
37 2
37 22
29 6
55 20
54 13
0 2
39 19
44 10
35 17
52 48
40 2
28 31
11 25
36 18
11 18
16 4
40 21
35 0
33 27
40 20
47 12
41 26
54 24
39 0
19 4
37 13
22 12
28 3
27 3
38 28
56 29
54 20
36 16
39 4
36 26
38 0
56 22
39 18
41 12
39 26
38 25
41 25
43 21
11 3
37 20
11 9
46 1
38 12
2 10
56 19
39 25
54 22
52 51
43 3
54 2
40 15
55 21
38 27
54 28
29 3
55 17
25 10
54 26
35 29
56 2
39 31
21 22
56 18
52 50
56 27
54 5
54 0
56 17
17 2
41 30
33 23
28 22
54 16
54 31
37 1
56 23
38 1
52 47
56 9
37 31
36 29
54 27
14 4
36 28
38 30
16 3
40 16
38 31
56 30
43 4
56 12
56 16
40 14
35 4
38 14
49 46
40 22
56 1
11 30
33 16
52 43
16 22
41 31
33 12
39 12
33 9
41 3
54 19
33 29
37 5
28 4
39 3
37 29
36 31
39 28
35 9
33 19
35 26
55 25
35 12
