42 16
47 43
76 13
74 49
46 52
66 12
34 15
49 14
94 45
30 23
102 63
93 42
57 37
104 63
37 26
103 92
82 36
59 32
86 6
31 33
50 5
51 29
89 47
117 98
94 27
12 23
102 94
78 51
51 50
1 25
45 26
70 42
34 23
111 56
88 2
10 1
13 25
47 6
96 4
39 23
66 2
42 8
42 14
51 1
45 8
3 20
103 61
55 25
109 91
37 35
29 7
45 16
30 27
113 65
104 102
8 27
3 12
6 14
77 37
76 37
94 42
34 11
96 44
44 37
42 15
94 14
68 2
51 36
20 24
73 51
24 15
64 43
95 48
110 63
30 9
17 1
12 32
66 32
93 6
41 1
56 2
66 9
18 12
98 5
9 18
93 5
96 48
50 18
36 1
103 87
34 13
36 23
21 32
73 29
29 22
86 25
46 51
117 6
31 2
96 45
36 22
22 24
104 46
47 5
95 45
86 12
66 33
1 15
21 25
47 1
76 14
96 35
102 79
14 23
16 8
6 2
16 33
81 25
68 1
1 24
110 44
109 98
35 30
111 81
96 13
94 8
15 23
102 64
75 12
51 5
44 28
2 19
81 7
35 14
44 14
29 8
46 44
3 26
50 17
14 13
3 25
111 88
50 14
116 82
116 102
48 42
78 44
20 1
43 29
36 5
47 44
34 28
110 79
110 64
111 100
31 25
28 24
51 26
36 13
34 16
113 38
86 7
35 12
14 28
45 2
84 48
56 1
13 10
51 13
27 2
111 112
52 4
87 22
26 33
13 22
48 29
117 113
113 53
98 62
104 48
7 23
57 7
78 46
77 47
30 2
7 32
58 12
70 49
42 9
57 11
1 10
2 32
13 30
66 28
3 27
80 24
117 60
95 43
37 23
22 2
29 2
45 50
41 37
19 24
113 40
35 1
4 7
94 4
52 37
42 5
110 50
42 28
21 17
110 5
70 52
116 43
5 15
44 29
6 15
53 24
50 9
110 82
116 47
48 45
109 61
1 8
51 45
45 10
52 29
13 27
37 4
92 45
110 94
48 20
42 29
31 32
13 28
42 36
50 35
30 18
46 45
95 50
35 19
96 6
70 46
27 21
45 20
43 20
45 17
50 37
8 17
41 47
55 11
1 4
114 92
49 1
41 49
99 41
16 1
99 100
92 44
52 35
80 15
6 13
107 85
113 87
76 36
13 24
103 105
36 20
27 15
30 33
55 27
49 37
36 10
14 12
67 12
57 13
50 20
48 14
55 15
10 21
110 95
48 30
43 36
93 50
27 33
14 33
93 29
110 52
44 30
88 7
1 22
29 25
81 21
15 2
62 24
18 7
30 8
92 29
50 25
42 24
27 11
49 36
15 33
116 52
91 2
77 49
76 16
48 10
111 89
116 76
9 7
36 17
89 6
31 15
23 33
45 6
76 29
57 12
5 13
94 43
42 18
13 7
25 24
48 16
9 11
31 23
35 9
6 22
52 16
52 42
59 33
94 13
20 33
57 35
73 47
36 16
48 5
16 7
55 1
116 98
43 14
109 38
9 23
50 28
36 7
104 30
103 41
8 19
13 9
4 11
84 49
3 14
31 11
44 26
71 4
49 48
73 50
89 43
102 48
113 69
49 6
76 49
35 23
18 23
58 24
4 25
94 1
66 22
72 12
7 24
51 49
76 44
116 21
31 19
20 23
6 1
48 50
41 43
42 1
11 12
74 4
7 2
102 5
84 42
106 74
16 21
30 7
13 17
92 35
14 15
21 33
28 2
109 56
25 2
104 5
6 12
8 11
74 42
94 48
43 37
57 22
110 51
6 30
3 17
107 6
19 32
49 43
49 45
76 1
28 12
30 28
14 30
52 48
97 6
4 19
93 17
80 7
2 23
6 25
44 2
77 51
50 16
26 2
34 21
24 23
105 102
30 17
51 48
8 21
4 22
4 18
30 11
109 86
28 25
114 7
70 51
43 44
9 24
109 100
3 10
16 30
94 20
57 30
46 48
92 30
82 45
116 44
50 36
35 18
9 33
25 7
26 23
82 47
87 24
7 15
27 23
34 8
31 7
97 92
26 10
57 24
13 21
4 20
36 14
35 21
92 8
35 5
109 66
55 17
3 24
11 23
43 10
50 29
30 15
3 5
39 24
14 22
27 7
109 67
116 49
34 14
80 23
36 35
86 13
26 24
16 25
5 25
5 33
57 4
8 7
59 24
74 45
73 6
64 51
4 2
36 9
115 69
117 5
74 1
76 35
73 16
104 45
57 19
10 11
74 50
9 28
71 5
21 18
37 11
56 25
2 18
80 22
55 33
102 30
37 2
77 50
11 33
20 32
110 49
19 11
109 110
14 11
110 76
5 27
98 49
10 2
26 19
104 44
44 27
47 37
113 64
14 21
98 45
16 10
28 11
116 5
116 95
26 9
90 1
18 24
62 2
116 77
16 27
47 16
36 11
27 32
21 2
73 5
35 4
57 10
17 32
44 7
1 29
92 5
13 23
1 12
44 35
13 26
95 49
93 8
102 36
86 5
61 65
102 77
3 18
20 22
73 42
104 51
21 22
52 50
117 92
30 22
36 21
71 12
66 1
42 37
3 6
96 50
1 6
37 27
102 50
16 6
109 6
86 14
104 64
47 4
113 3
34 30
102 47
35 29
76 26
22 23
0 2
80 17
29 11
62 12
21 1
6 24
37 25
74 44
6 17
102 45
24 22
104 47
74 5
109 64
20 7
43 5
57 28
94 26
3 28
13 11
94 36
109 90
25 15
45 42
66 27
98 21
37 5
57 21
92 27
34 24
3 19
14 1
117 116
31 18
34 27
99 61
20 27
113 58
6 11
8 23
116 96
67 24
27 28
34 10
94 50
103 99
51 16
66 20
117 31
29 21
89 49
30 1
43 8
102 96
104 98
74 43
37 1
94 29
18 22
57 9
17 24
7 11
23 12
18 15
3 30
54 1
35 2
26 22
29 19
26 8
82 51
1 5
4 9
37 22
6 10
10 18
116 48
60 32
43 6
57 25
15 11
57 23
1 27
113 41
66 30
86 4
14 25
107 91
45 28
43 42
50 44
61 25
52 51
2 33
98 64
21 23
27 24
57 26
34 19
42 35
39 2
98 48
86 30
50 30
58 2
19 15
106 100
44 8
49 42
106 61
5 21
84 47
50 26
106 101
36 19
93 9
91 24
80 33
31 12
57 5
4 28
55 8
66 11
109 72
42 21
34 6
43 35
29 15
105 41
8 2
94 37
44 4
86 1
42 7
3 4
46 35
111 101
103 86
11 2
109 70
37 17
56 22
6 8
99 84
6 19
19 22
70 43
71 20
114 6
87 12
25 19
113 63
33 12
46 47
66 10
95 35
47 45
16 12
89 44
44 16
5 14
95 29
84 46
30 10
14 2
44 20
113 86
39 12
4 12
111 71
17 15
116 29
37 24
116 45
49 44
94 30
1 13
17 12
2 22
69 1
106 41
95 44
30 12
7 12
5 17
107 92
37 28
2 12
96 5
4 26
78 49
9 2
42 19
24 12
43 30
8 22
55 2
74 29
22 12
29 23
55 23
45 36
77 52
5 19
74 14
42 11
102 51
26 7
27 18
104 43
102 35
37 9
93 14
103 56
73 44
84 45
5 9
3 13
44 18
10 7
6 27
105 74
46 43
42 26
29 14
36 24
30 32
20 12
46 42
37 15
113 80
98 77
114 39
111 86
48 1
110 62
113 74
61 4
8 18
34 20
57 18
49 20
92 16
69 2
75 24
98 96
111 0
49 29
25 22
10 23
107 69
116 35
71 22
14 18
13 15
72 24
103 89
18 32
113 72
111 72
113 61
45 5
16 29
113 83
5 4
103 106
35 13
5 20
1 21
16 26
3 21
98 52
109 71
102 98
84 36
70 47
51 43
109 62
57 15
93 13
111 75
37 30
50 27
41 45
77 5
89 50
116 46
96 14
21 9
11 24
77 36
50 21
91 12
14 20
97 98
51 42
107 61
14 8
52 45
52 47
26 21
47 35
42 27
34 1
51 37
102 44
9 15
46 36
80 12
116 94
5 7
36 26
5 22
28 22
35 26
13 19
110 96
93 2
4 17
71 7
15 12
105 84
10 22
109 65
93 21
74 36
68 24
29 20
20 9
110 36
92 26
66 18
53 12
37 10
48 26
22 11
43 1
35 10
3 7
42 20
44 6
18 33
8 24
103 84
82 52
107 80
28 15
5 28
21 15
50 8
30 20
110 98
80 11
110 48
47 29
109 69
26 17
64 48
2 28
42 2
82 48
104 35
92 6
44 25
30 25
29 13
99 74
4 8
107 90
113 88
45 25
5 11
104 94
51 35
26 15
35 8
93 30
71 29
31 1
14 26
73 48
5 1
1 7
116 93
30 24
26 27
56 7
16 11
10 33
3 15
93 16
71 1
74 37
42 6
46 37
48 35
27 19
36 2
17 19
57 17
111 78
56 24
20 18
41 46
34 12
37 13
103 70
99 101
19 2
45 37
85 12
109 92
81 18
107 38
78 45
114 18
115 98
68 12
103 88
55 28
26 11
86 18
43 26
28 7
93 37
93 45
98 82
16 19
26 32
34 35
44 9
113 90
49 10
16 23
6 20
70 45
99 98
109 84
17 33
13 2
37 29
116 50
28 18
102 93
45 19
104 49
37 12
77 1
66 15
55 12
10 15
17 23
110 47
93 4
23 32
48 44
78 52
109 88
116 51
95 36
78 50
35 7
77 43
113 91
74 6
16 9
6 7
117 39
98 51
35 27
6 33
43 50
1 35
53 1
86 22
55 22
35 11
104 82
65 1
15 32
42 25
50 10
60 12
106 102
37 14
47 50
95 47
46 1
29 9
113 71
50 1
66 24
8 33
106 84
42 17
3 23
48 13
66 21
22 32
93 10
1 28
113 34
73 43
42 13
34 4
76 43
43 45
21 12
34 7
25 11
104 29
44 13
92 48
109 83
86 2
44 15
50 42
86 35
14 17
71 24
71 25
36 30
117 59
42 4
98 63
37 19
8 1
113 62
109 68
76 50
80 32
82 43
57 2
36 12
29 27
92 13
110 65
31 22
14 24
6 23
107 64
41 35
109 74
93 27
41 36
113 54
71 6
10 25
43 27
105 100
48 36
57 27
80 25
71 30
1 2
52 44
113 6
29 26
29 17
103 98
36 8
34 2
4 30
16 2
8 15
45 18
1 9
60 33
17 7
109 63
95 4
110 35
18 11
73 36
27 12
16 22
115 61
16 24
34 9
21 19
66 7
98 29
66 19
33 24
4 33
2 25
44 17
34 17
27 17
71 21
103 74
41 50
85 24
31 24
113 78
104 96
77 45
35 20
28 19
93 1
109 40
109 41
2 7
36 29
66 23
92 43
55 7
27 1
98 94
4 21
89 51
73 49
57 29
16 20
84 43
31 28
82 46
25 33
105 61
50 13
41 44
20 25
45 4
3 11
73 1
93 26
1 18
115 92
21 24
45 21
36 25
10 27
114 59
17 28
11 32
37 18
45 29
94 10
113 67
103 71
61 64
50 4
85 2
49 4
102 29
26 18
47 36
37 7
45 14
111 73
104 65
26 25
17 18
40 1
74 26
21 7
98 30
35 24
94 16
110 46
47 49
102 62
44 42
94 6
64 47
107 103
46 5
13 18
64 45
29 33
113 89
1 17
3 9
98 46
20 17
20 2
71 14
67 1
55 30
73 35
19 33
36 18
43 16
94 35
49 16
76 4
16 14
102 82
36 28
56 18
102 95
78 48
93 44
113 68
113 75
14 10
8 9
85 1
109 75
34 18
42 22
78 6
24 33
92 36
88 12
63 1
96 1
107 108
3 1
9 25
110 45
98 35
28 23
51 44
84 50
3 2
26 20
76 6
64 44
35 15
110 30
2 11
98 79
96 49
109 34
49 13
14 19
1 23
9 1
45 13
116 64
78 43
26 28
48 37
74 16
42 12
48 27
73 4
115 116
83 2
76 42
4 1
14 7
35 16
17 25
76 48
36 4
16 17
20 28
97 38
116 79
93 36
17 22
21 11
4 27
110 21
57 20
66 25
102 76
5 2
27 25
93 35
50 19
104 50
105 98
95 51
91 1
44 1
69 24
20 11
52 1
51 4
49 5
109 54
103 75
98 95
97 61
21 28
9 12
95 1
80 9
30 21
96 36
92 42
80 28
52 43
10 12
37 21
82 50
10 9
104 76
98 50
104 95
5 16
45 44
55 19
41 48
48 8
3 29
70 36
8 12
97 40
104 79
46 49
47 13
20 15
43 4
2 15
36 37
59 2
61 13
51 14
42 10
20 19
3 8
29 24
16 15
102 65
102 52
47 51
115 103
103 78
16 4
19 12
76 45
52 49
45 9
8 25
18 19
5 10
104 21
99 70
5 29
4 14
4 15
28 33
107 109
86 20
20 8
92 14
64 50
5 23
102 49
6 18
109 58
3 16
15 22
35 6
34 5
61 6
88 24
84 44
110 93
41 52
6 21
29 28
72 2
64 82
59 12
8 28
35 22
10 28
37 20
71 13
74 13
48 6
8 32
93 20
1 20
1 19
4 6
113 70
92 20
0 1
77 42
37 8
38 1
39 33
57 16
109 3
44 10
110 102
92 50
13 33
7 33
29 12
26 12
111 87
96 29
34 29
36 15
4 29
9 22
1 30
95 5
45 30
95 6
45 35
73 45
50 6
10 19
70 44
89 45
87 2
66 17
99 102
16 13
18 25
61 63
10 32
12 33
60 24
82 44
103 72
35 17
4 24
45 1
105 101
84 51
46 50
17 11
23 2
98 65
48 4
49 35
104 52
55 20
20 21
22 33
47 26
41 16
13 12
110 77
67 2
84 52
14 27
102 43
81 22
77 44
98 43
98 47
28 32
52 36
41 51
25 12
104 93
13 1
13 8
102 21
29 1
58 1
113 98
47 42
55 32
42 30
30 19
86 21
5 26
70 48
24 11
71 2
80 18
23 24
41 42
27 9
94 44
57 1
49 50
56 12
29 6
83 1
19 7
5 30
37 6
57 14
49 30
5 24
34 22
50 2
55 10
94 5
96 43
61 14
98 36
19 23
89 48
17 9
106 98
71 18
9 19
16 18
44 36
55 18
53 2
41 5
49 26
55 21
61 62
109 80
115 113
51 6
104 77
113 79
92 37
106 70
5 12
92 1
60 2
113 110
109 53
103 104
66 8
70 37
18 2
44 5
29 10
103 83
98 102
47 48
80 2
76 5
14 9
47 14
25 23
43 13
98 76
80 21
117 57
10 17
25 32
20 10
10 8
82 42
110 29
7 22
104 62
1 14
36 27
17 2
86 29
3 22
5 6
104 36
45 27
107 98
107 58
15 24
1 11
36 6
46 16
24 32
29 18
26 1
4 10
55 9
109 89
34 25
80 1
57 8
70 50
74 35
37 16
71 35
105 70
6 28
35 25
111 74
79 1
80 19
77 35
10 24
33 32
39 32
109 78
113 56
16 28
55 24
57 6
88 22
86 24
116 62
44 21
34 26
116 63
48 43
113 66
62 1
116 30
52 5
116 36
73 37
6 9
113 84
98 93
109 79
114 98
4 13
2 24
44 19
113 92
98 44
110 43
5 8
29 30
4 23
74 48
82 49
13 20
5 18
27 22
26 30
103 69
92 10
92 4
9 32
116 65
109 101
109 87
78 47
77 48
102 46
77 46
35 28
