100 43
63 21
15 1
130 67
122 68
40 7
112 17
106 10
5 32
113 68
54 4
59 1
35 40
18 0
111 13
39 7
132 127
53 2
101 8
29 20
12 15
33 19
140 81
65 20
30 22
134 115
13 8
96 42
48 32
120 40
28 31
62 25
121 16
22 25
117 32
140 68
43 20
97 0
111 35
69 39
15 17
130 52
4 6
63 13
8 15
121 38
117 16
50 29
121 17
14 1
88 69
136 83
111 33
130 103
12 20
45 18
141 112
68 43
93 11
12 46
73 7
95 59
135 93
133 23
7 40
4 45
43 32
5 16
67 11
12 9
65 0
111 37
136 26
134 87
42 7
5 40
106 6
80 57
97 25
126 98
128 41
57 7
100 37
137 77
114 22
74 1
107 16
10 48
117 10
76 4
75 81
10 46
44 45
137 96
112 13
38 32
109 45
46 49
36 17
8 7
89 2
114 17
111 31
44 22
20 17
33 15
50 16
131 88
10 6
104 8
120 38
134 106
61 29
131 92
42 21
100 57
111 34
104 16
66 28
17 13
31 16
42 14
120 11
141 27
121 8
11 42
120 4
137 101
100 46
50 21
84 67
44 8
126 92
56 57
28 22
48 17
97 42
34 50
8 21
134 27
62 0
133 79
57 17
69 8
114 10
40 22
34 44
42 17
41 45
30 42
9 49
96 35
15 16
73 18
119 34
85 17
140 128
125 93
13 16
28 38
57 5
64 15
6 48
111 44
72 4
119 9
53 14
46 16
59 2
3 6
114 9
120 13
114 5
84 12
60 41
80 38
136 86
46 5
19 15
92 43
87 9
57 30
13 2
33 36
50 19
96 36
43 8
98 2
12 30
39 42
10 37
82 22
0 1
46 20
31 6
135 72
6 30
21 22
34 48
45 40
8 18
57 28
30 49
37 20
111 9
34 30
45 15
41 35
123 57
132 100
32 7
122 69
39 44
133 99
120 15
4 5
57 8
109 50
69 45
92 68
17 1
28 34
19 22
131 91
86 22
46 13
103 12
58 61
140 80
130 77
78 4
97 30
118 20
124 66
122 9
24 2
63 50
46 35
31 5
116 10
128 122
83 57
69 12
34 13
97 20
47 13
63 8
74 6
135 128
18 49
121 40
47 29
123 69
133 98
68 10
111 50
117 11
16 32
134 75
123 68
4 41
4 7
47 10
119 46
6 42
42 16
137 135
109 30
46 30
6 44
104 14
96 40
10 30
32 16
90 69
8 22
92 10
134 105
87 4
33 21
35 32
137 54
5 0
46 44
100 4
44 36
49 16
95 27
132 75
44 40
104 2
48 0
66 57
28 16
33 41
128 57
7 35
63 15
140 78
140 72
64 2
34 14
96 31
64 5
6 25
40 2
62 2
104 7
117 38
37 9
129 125
82 5
134 118
30 6
131 105
43 9
48 15
19 5
38 35
11 33
102 67
57 40
107 7
34 45
101 17
41 8
33 17
112 7
9 45
30 8
120 30
78 12
45 6
38 10
9 40
12 32
50 31
73 5
37 41
69 46
82 16
112 8
9 13
125 81
120 20
37 32
134 78
15 18
120 49
9 31
69 6
28 17
11 45
97 45
3 10
131 125
120 19
10 41
121 19
115 0
138 125
5 15
41 25
83 28
69 31
39 40
136 56
4 46
45 7
135 122
134 51
126 99
111 49
61 49
50 39
69 7
6 29
12 5
116 12
35 22
11 21
60 49
130 84
30 40
135 81
50 33
140 69
76 22
106 16
135 68
34 46
31 17
53 8
43 22
134 23
6 15
72 12
12 35
66 11
128 125
42 8
140 41
75 80
102 69
37 31
73 25
136 58
125 28
17 25
136 65
135 125
125 50
62 20
125 72
31 7
121 49
25 1
44 17
26 27
133 71
121 45
56 10
22 0
38 47
48 7
28 48
134 98
80 4
37 21
111 10
63 18
26 1
39 22
80 48
120 9
16 20
140 28
68 46
34 42
113 9
47 17
93 68
34 9
46 41
129 102
124 82
44 21
56 39
80 41
121 21
102 68
33 29
12 40
120 48
29 36
135 41
12 49
36 49
80 29
36 32
39 10
104 25
17 15
115 1
109 49
80 9
103 9
18 2
21 0
65 5
9 57
40 8
50 10
4 13
64 16
85 34
5 20
126 105
137 107
86 17
93 43
57 9
111 39
11 6
113 28
130 79
46 31
37 30
48 13
75 45
36 40
101 1
35 18
136 95
37 15
7 17
136 118
39 29
34 7
125 103
128 80
13 20
6 49
115 22
37 7
137 111
85 45
4 44
35 20
12 17
41 22
138 112
64 25
113 10
20 18
19 8
111 28
134 103
34 32
80 6
129 89
129 92
80 12
96 7
130 78
41 15
9 28
33 49
46 38
79 68
48 8
57 18
89 20
117 8
20 14
83 9
112 19
72 9
16 15
28 39
38 41
47 0
86 18
128 81
57 19
92 28
48 5
116 9
33 18
12 44
131 75
120 42
123 9
34 33
43 49
129 101
136 101
47 20
36 35
74 17
90 28
16 42
51 12
15 8
30 25
88 10
35 16
8 0
49 7
70 30
30 1
112 6
68 11
34 36
52 11
4 34
118 5
61 59
96 29
80 46
135 84
19 14
91 1
97 7
61 40
65 18
117 9
112 32
80 44
42 19
100 34
36 48
12 13
32 22
50 9
125 57
106 12
141 140
139 129
40 18
135 79
138 59
28 45
70 40
45 30
10 35
85 16
29 15
137 115
44 5
82 9
44 38
8 19
121 5
136 89
107 4
84 4
37 39
111 30
43 13
32 20
45 20
43 6
120 22
121 15
125 68
140 125
126 88
88 11
73 20
41 21
37 8
64 22
117 6
12 8
90 10
63 19
34 5
40 0
38 5
121 6
39 8
33 16
50 5
111 46
28 40
111 48
10 50
67 57
120 47
33 14
133 116
58 59
57 44
30 16
97 48
6 38
30 20
126 24
50 32
56 7
92 11
28 29
5 49
28 32
106 7
56 45
9 39
6 20
78 11
20 25
34 41
135 78
69 29
8 40
36 15
80 36
28 47
73 1
10 18
39 32
89 49
41 19
122 34
7 19
50 38
11 43
11 47
82 18
74 16
68 4
137 52
43 30
21 16
104 1
69 5
36 6
10 40
68 12
134 82
69 34
41 40
113 84
39 41
134 135
62 15
38 36
41 36
31 8
125 119
93 34
46 50
134 97
41 32
134 89
63 44
121 22
124 113
134 71
96 16
5 19
10 39
135 57
87 11
82 11
114 7
57 33
137 92
118 16
141 29
49 2
68 28
120 41
71 22
132 125
48 42
111 8
54 12
110 4
117 40
112 14
109 40
9 43
128 28
130 50
133 51
119 68
43 39
122 10
6 16
37 29
74 22
10 36
112 18
68 50
62 17
82 4
15 22
138 71
120 28
38 19
63 38
48 16
36 22
113 69
29 5
134 111
52 10
46 21
47 35
137 55
60 45
19 21
74 2
29 0
17 19
134 114
111 43
11 50
124 70
119 10
138 29
96 21
120 36
118 7
117 43
129 115
6 32
63 6
39 31
30 35
10 33
16 19
134 55
82 10
100 33
41 49
47 21
8 30
9 34
42 15
70 22
21 2
85 28
129 88
11 46
63 10
29 40
53 1
107 8
46 6
55 10
28 13
137 79
120 33
105 57
47 19
42 5
88 67
46 18
113 11
60 39
3 12
86 8
42 0
22 14
34 20
77 12
7 42
4 9
33 48
80 34
46 17
118 49
138 95
69 36
63 47
4 38
6 8
134 59
64 8
136 92
134 79
117 19
106 8
130 41
13 19
4 42
141 66
107 10
5 14
43 50
67 37
21 1
73 0
84 68
43 35
62 22
57 37
7 25
12 48
76 5
130 87
83 10
38 0
120 17
35 0
65 6
38 6
140 52
31 32
34 47
30 18
57 48
56 9
56 34
76 18
77 9
61 22
43 16
64 7
43 47
66 69
28 19
43 33
42 20
74 14
141 137
91 2
105 68
62 1
97 6
47 42
131 127
29 35
140 93
119 43
39 47
37 50
40 14
68 9
30 5
57 22
85 7
86 5
12 19
8 13
12 22
102 29
137 106
63 16
57 39
4 18
62 18
57 6
96 6
62 14
107 9
117 31
69 38
16 22
117 47
46 39
48 35
68 37
19 32
113 67
120 45
111 36
71 27
11 13
137 121
105 84
86 16
39 48
139 111
36 42
139 75
73 15
38 18
13 17
137 118
96 8
134 102
10 13
4 49
97 21
33 20
112 5
74 7
63 49
43 40
134 107
34 17
73 16
83 4
118 8
37 49
137 82
141 111
11 5
62 7
19 1
117 36
10 43
120 44
51 6
43 36
10 17
50 40
76 6
74 32
34 49
92 34
39 21
111 38
100 10
86 6
29 25
57 31
4 32
75 79
140 77
37 34
97 35
83 68
11 31
64 17
41 42
22 1
76 9
97 17
18 20
134 100
112 1
32 2
136 61
7 20
125 79
109 34
133 26
28 37
44 18
32 15
84 10
12 34
107 17
76 11
1 2
18 32
56 28
121 20
130 128
138 53
117 30
135 77
11 19
10 32
51 10
37 22
9 47
36 7
134 110
36 8
120 5
119 69
75 49
50 47
36 31
65 7
74 0
84 9
129 105
45 16
12 31
123 67
11 22
61 45
90 9
44 49
34 38
81 4
63 32
116 11
16 14
130 122
40 42
35 15
49 22
111 32
63 40
35 49
34 16
13 18
39 14
11 44
42 18
29 49
6 36
11 28
112 16
128 52
120 35
28 42
47 32
50 7
30 19
82 7
48 21
4 47
9 44
36 13
85 8
35 14
96 20
57 49
18 22
131 98
3 11
32 18
96 13
32 8
101 2
48 31
57 45
126 91
55 4
61 30
124 29
17 14
11 41
74 20
101 5
28 44
45 35
6 31
4 35
57 50
41 29
121 36
28 9
73 2
93 4
35 5
107 12
67 68
122 12
7 16
80 43
39 15
29 42
109 29
6 40
38 31
117 5
44 6
43 38
34 35
140 67
36 45
140 119
129 56
88 84
8 35
54 11
90 37
126 127
114 18
137 110
56 29
74 19
11 8
45 17
4 48
49 5
93 10
86 7
100 11
30 14
83 11
10 44
40 20
59 27
41 18
104 32
128 103
97 15
39 6
56 16
28 33
106 9
64 18
43 17
97 36
31 42
130 68
20 5
4 50
30 15
17 0
6 7
123 11
132 99
9 7
70 59
74 13
130 93
120 7
136 117
5 17
64 1
136 113
105 69
128 77
96 5
101 6
69 37
85 39
108 29
47 8
70 45
17 2
31 40
134 70
42 49
18 17
9 36
21 5
69 41
118 1
133 91
129 100
138 111
96 9
46 43
121 32
28 36
65 40
13 1
17 20
83 67
27 2
66 4
50 45
37 40
3 5
135 119
92 37
137 87
136 121
49 8
130 72
50 30
134 127
93 57
85 30
106 18
45 22
34 10
114 16
53 49
84 37
44 19
28 18
67 69
134 101
11 39
117 45
53 13
28 8
125 80
120 37
9 30
44 48
49 18
38 17
133 82
25 0
135 69
50 49
117 50
65 22
122 11
49 14
100 69
16 2
8 5
120 21
4 8
69 57
62 5
43 44
134 121
80 39
109 39
117 29
5 21
128 72
57 29
80 69
33 38
124 75
44 16
48 19
19 0
4 39
39 20
134 24
39 36
20 0
133 129
66 10
32 5
31 14
96 30
111 22
51 9
85 5
83 69
29 6
134 92
72 10
120 8
134 125
137 56
104 17
136 85
135 123
11 38
34 40
89 0
10 7
138 113
35 7
7 49
111 42
129 111
52 9
140 123
13 15
65 17
47 45
93 28
10 19
47 14
96 50
74 18
35 8
44 35
56 30
50 44
65 45
10 8
94 59
9 29
48 45
114 6
37 33
29 32
64 14
69 43
121 13
38 13
20 2
19 16
57 38
35 42
10 47
10 28
39 38
140 87
80 10
141 74
33 32
42 13
112 25
47 30
117 42
28 50
133 110
66 9
96 49
39 5
133 134
133 75
16 49
128 123
43 48
29 16
28 43
137 76
129 131
53 18
124 111
10 29
121 47
94 22
40 6
40 32
92 69
64 20
53 20
7 0
3 7
48 40
96 48
122 28
44 41
31 20
122 4
38 42
128 76
63 17
12 6
66 37
9 6
38 7
80 33
110 9
121 42
126 75
4 17
139 137
136 94
45 8
141 64
7 5
7 32
39 18
106 11
96 39
85 6
60 22
76 10
85 9
31 49
11 10
103 11
47 40
140 122
13 21
89 17
4 43
44 42
74 15
104 18
37 16
33 7
29 21
82 6
40 21
44 31
35 17
136 66
63 5
31 35
134 120
28 41
135 76
38 30
19 7
77 4
76 8
137 100
15 2
50 41
134 52
44 10
114 12
12 16
138 73
50 22
107 11
55 11
106 4
29 13
108 68
117 46
134 72
104 15
81 12
48 49
31 45
9 42
131 100
31 21
19 20
140 103
77 10
33 42
136 100
74 8
113 57
134 65
121 29
118 22
65 16
20 16
134 88
4 30
138 66
78 9
80 37
32 17
65 30
10 49
57 43
33 35
133 29
11 36
16 17
104 6
22 49
73 17
120 6
37 38
11 17
53 21
10 45
119 12
141 125
36 16
131 128
129 118
71 59
36 18
35 19
47 6
58 27
132 91
69 33
73 22
79 69
135 103
112 49
12 21
133 111
46 14
125 69
21 15
82 12
28 10
106 22
49 13
118 6
7 18
119 11
99 2
46 7
128 79
98 1
103 10
118 2
3 4
34 21
33 13
14 2
136 120
39 45
48 20
18 1
130 81
128 119
44 13
114 8
111 40
97 22
90 57
78 10
39 30
37 6
73 8
47 18
41 5
60 50
119 37
135 80
130 57
31 22
18 21
6 45
48 18
46 47
128 78
117 4
47 15
111 19
6 47
4 31
57 47
112 2
44 30
46 33
141 53
76 7
122 57
93 9
85 49
100 9
129 75
128 67
136 109
33 22
14 17
43 41
47 36
32 1
22 15
111 17
65 8
93 69
133 106
104 20
26 2
12 41
124 26
50 15
97 5
40 25
118 18
87 12
133 109
132 105
115 17
136 60
39 35
28 46
24 1
141 59
133 97
69 48
41 17
46 42
40 19
7 30
49 21
128 68
10 34
32 14
134 91
141 28
33 30
111 47
73 21
10 22
67 4
60 29
117 7
96 22
29 45
63 9
56 18
29 22
42 6
16 13
69 44
96 41
120 10
6 35
40 1
13 5
38 48
9 8
112 15
63 31
45 14
21 20
7 45
37 18
15 20
49 0
138 64
126 125
53 5
5 30
109 28
80 50
53 19
9 17
45 5
128 50
88 4
33 44
129 121
63 45
37 44
33 6
89 7
105 67
92 46
120 29
64 32
64 21
53 7
125 122
96 14
36 30
81 10
10 5
30 13
41 13
34 39
104 21
84 69
139 125
132 98
109 22
76 16
41 7
6 18
135 67
133 127
52 4
137 65
39 16
21 8
137 75
45 0
120 50
111 6
45 42
8 20
9 16
39 49
19 18
132 88
56 5
133 96
50 6
18 16
38 21
4 33
126 128
41 20
12 33
96 15
126 23
135 87
49 1
137 108
12 29
3 9
137 103
57 46
117 37
41 0
57 16
45 25
137 29
20 22
88 9
37 42
57 35
7 21
134 81
15 5
66 68
117 35
107 18
125 76
35 13
34 6
50 17
138 30
11 16
53 25
110 10
45 49
141 113
28 6
115 16
39 17
44 0
63 33
111 29
85 22
9 19
124 125
11 48
136 127
30 32
128 93
89 22
134 108
4 36
117 41
41 30
31 13
140 57
57 13
31 19
56 6
34 22
53 16
120 31
129 132
7 22
47 49
90 4
44 20
97 18
120 46
4 28
100 39
46 48
118 0
55 12
15 0
107 5
89 5
9 5
35 21
130 80
70 49
45 21
111 16
141 73
4 40
44 7
33 40
36 0
63 20
97 31
115 2
37 36
89 16
35 1
42 32
132 128
7 15
36 21
63 42
40 49
22 21
42 1
5 35
56 22
97 14
134 77
117 33
84 11
63 36
56 41
129 130
63 41
90 11
46 45
112 21
32 0
131 24
28 7
38 40
119 4
97 40
21 14
43 14
57 34
49 15
29 14
96 44
18 15
135 50
119 28
101 22
128 69
20 1
109 41
16 0
16 1
63 35
25 2
74 21
60 40
130 28
28 5
46 8
119 57
140 79
41 48
42 22
138 70
41 6
96 10
101 7
46 22
50 18
133 125
116 4
137 78
45 19
37 19
121 30
121 31
75 34
80 11
134 96
130 119
40 16
28 20
135 52
132 23
38 15
9 41
37 48
41 31
6 19
37 10
124 109
43 42
8 16
107 6
29 17
50 35
97 8
73 14
117 48
121 44
22 19
34 29
58 60
85 40
53 15
106 5
53 17
132 92
124 71
134 109
9 18
12 36
28 49
57 32
8 25
120 16
23 2
130 123
104 0
74 25
12 39
48 22
29 30
140 76
113 4
96 19
48 14
33 31
45 13
125 52
34 15
13 14
11 9
3 8
37 43
49 6
8 45
137 105
8 17
50 48
17 49
108 69
12 47
85 18
137 51
80 47
28 30
21 7
36 5
5 25
133 107
125 87
120 39
101 16
49 20
67 28
47 31
69 9
46 15
37 13
75 78
74 5
43 19
31 15
9 37
87 6
53 0
125 41
67 10
11 35
139 140
34 19
53 42
88 68
54 10
34 31
40 5
11 30
69 11
69 10
12 45
123 4
137 125
89 18
43 7
12 10
12 18
33 45
22 17
90 68
111 7
6 14
64 6
29 18
9 22
39 19
68 57
94 27
100 28
133 70
4 16
19 17
8 42
62 21
134 99
120 32
46 29
136 90
37 5
134 76
62 8
96 18
38 8
10 42
136 108
30 17
57 41
11 40
38 45
96 45
16 21
43 45
12 43
85 50
68 69
63 22
6 0
46 36
22 2
117 17
101 20
134 58
138 104
29 8
63 39
125 67
63 14
100 50
141 104
50 36
11 7
56 50
28 35
80 28
10 16
92 9
64 0
137 81
9 48
38 49
30 0
11 34
42 2
43 29
9 10
69 47
97 19
50 42
125 84
136 3
138 27
4 22
21 17
33 5
62 16
16 25
101 0
89 1
44 32
125 77
10 38
121 48
28 15
46 40
117 39
14 0
63 7
96 33
117 22
6 41
18 19
105 9
43 21
128 84
140 84
101 49
138 26
57 10
92 57
31 30
134 54
89 6
37 35
36 19
48 6
121 35
17 21
43 5
41 16
132 24
36 14
125 123
96 38
19 2
97 32
121 14
60 30
50 20
96 32
12 42
47 48
75 29
31 18
13 0
134 26
34 18
120 43
133 24
9 50
136 115
111 5
51 4
22 20
15 14
87 10
105 10
38 20
77 11
56 49
50 8
15 7
49 32
19 6
49 25
18 14
53 22
4 21
135 28
137 97
47 41
43 31
6 22
34 8
7 14
121 7
57 36
67 12
103 4
18 40
43 15
65 49
83 84
137 114
38 22
43 10
63 48
51 11
6 5
134 56
12 50
23 1
140 50
49 19
30 21
12 7
4 29
76 12
111 18
75 76
38 16
50 13
84 28
31 0
36 20
128 87
29 19
123 84
137 88
18 25
141 62
75 77
134 29
10 31
125 128
130 69
56 40
30 7
104 5
43 18
34 43
126 100
5 22
37 47
85 10
45 32
129 65
9 33
112 0
13 6
68 34
82 8
85 29
35 6
88 57
117 18
129 126
37 45
121 41
4 10
11 32
41 14
67 9
120 18
9 35
49 17
117 34
47 16
117 28
0 2
53 32
120 34
47 5
57 42
38 14
97 13
13 7
6 17
33 8
110 11
47 7
6 13
33 10
47 22
11 18
33 47
44 47
50 14
5 42
13 22
130 76
69 4
121 18
46 32
63 30
28 21
137 72
101 18
111 45
9 46
81 9
66 67
96 17
89 8
8 14
104 22
97 49
55 9
39 33
112 20
81 11
9 38
71 49
46 10
39 13
46 9
11 29
40 15
21 18
138 109
4 19
138 62
91 0
117 44
6 21
93 46
37 46
112 22
117 49
137 102
46 19
29 48
54 9
44 14
129 120
117 13
8 32
37 17
8 49
129 108
11 37
118 17
29 7
44 29
69 50
32 21
12 38
72 11
121 10
83 37
137 120
40 13
136 102
38 29
131 23
11 49
53 6
85 41
131 99
69 28
5 18
130 125
4 37
84 57
97 16
40 17
125 78
96 47
92 4
44 15
93 37
56 8
137 89
111 41
48 30
63 29
107 22
