id met_invertebrate met_primary_producer met_heterotrophic_bacteria met_dead_organic_material met_heterotrophic_fungi mov_walking mov_sessile mov_other mov_other_nonliving log_mass mass_missing
0 1 0 0 0 0 1 0 0 0 -0.7485561655708141 0
1 1 0 0 0 0 1 0 0 0 -0.36935706617370134 0
2 1 0 0 0 0 1 0 0 0 -0.28545294616562134 0
3 1 0 0 0 0 1 0 0 0 -4.301029995663981 0
4 1 0 0 0 0 1 0 0 0 -3.4865213688278667 0
5 1 0 0 0 0 1 0 0 0 -2.3712032290698377 0
6 1 0 0 0 0 1 0 0 0 -2.748441103322807 0
7 1 0 0 0 0 1 0 0 0 -2.43447601664148 0
8 1 0 0 0 0 1 0 0 0 -2.4444896022018225 0
9 1 0 0 0 0 1 0 0 0 -3.8040146036420306 0
10 1 0 0 0 0 1 0 0 0 -3.690248502536241 0
11 1 0 0 0 0 1 0 0 0 -3.4865213688278667 0
12 1 0 0 0 0 1 0 0 0 -3.2591724694538073 0
13 1 0 0 0 0 1 0 0 0 -1.9183594083992683 0
14 1 0 0 0 0 1 0 0 0 -1.111947548774631 0
15 1 0 0 0 0 1 0 0 0 -1.4468419279107108 0
16 1 0 0 0 0 1 0 0 0 -2.1759224164714857 0
17 1 0 0 0 0 1 0 0 0 -2.001373236475496 0
18 1 0 0 0 0 1 0 0 0 -2.228671556381563 0
19 1 0 0 0 0 1 0 0 0 -1.8328695998238638 0
20 1 0 0 0 0 1 0 0 0 -1.4182479968419122 0
21 1 0 0 0 0 1 0 0 0 -1.5127857215733602 0
22 1 0 0 0 0 1 0 0 0 -2.1550654716143005 0
23 1 0 0 0 0 1 0 0 0 -0.5726156569199612 0
24 1 0 0 0 0 1 0 0 0 -0.6582829158492705 0
25 1 0 0 0 0 1 0 0 0 -0.7911574693205394 0
26 1 0 0 0 0 1 0 0 0 -0.7159022393149707 0
27 1 0 0 0 0 1 0 0 0 -0.3600306764238471 0
28 1 0 0 0 0 1 0 0 0 -3.3269772487370917 0
29 1 0 0 0 0 1 0 0 0 -2.639712820871053 0
30 1 0 0 0 0 1 0 0 0 -2.314799900075324 0
31 1 0 0 0 0 1 0 0 0 -2.4640283775055027 0
32 1 0 0 0 0 1 0 0 0 -1.7277921845124389 0
33 1 0 0 0 0 1 0 0 0 -2.7924520693142263 0
34 1 0 0 0 0 1 0 0 0 -2.975950487666661 0
35 1 0 0 0 0 1 0 0 0 -2.3042656131434276 0
36 1 0 0 0 0 1 0 0 0 -2.523344413765398 0
37 1 0 0 0 0 1 0 0 0 -3.2840843592981983 0
38 1 0 0 0 0 1 0 0 0 -2.729734231071674 0
39 1 0 0 0 0 1 0 0 0 -2.794924264748693 0
40 1 0 0 0 0 1 0 0 0 -2.224247674090414 0
41 1 0 0 0 0 1 0 0 0 -2.6801362010524596 0
42 1 0 0 0 0 1 0 0 0 -2.075893638925886 0
43 1 0 0 0 0 1 0 0 0 -2.9369873190377906 0
44 1 0 0 0 0 1 0 0 0 -2.7397527822103913 0
45 1 0 0 0 0 1 0 0 0 -2.3975497533263126 0
46 1 0 0 0 0 1 0 0 0 -2.9665103010984124 0
47 1 0 0 0 0 1 0 0 0 -2.69948168740102 0
48 1 0 0 0 0 1 0 0 0 -2.5226589031596682 0
49 1 0 0 0 0 1 0 0 0 -1.961909857565569 0
50 1 0 0 0 0 1 0 0 0 -2.8090050384799254 0
51 1 0 0 0 0 1 0 0 0 -4.603800652904264 0
52 1 0 0 0 0 1 0 0 0 -5.308034897232639 0
53 1 0 0 0 0 1 0 0 0 -2.139784871222041 0
54 1 0 0 0 0 1 0 0 0 -4.809668301829708 0
55 1 0 0 0 0 1 0 0 0 -4.931814138253839 0
56 1 0 0 0 0 1 0 0 0 -3.71160096643621 0
57 1 0 0 0 0 1 0 0 0 -3.702594070417639 0
58 1 0 0 0 0 1 0 0 0 -1.097650469954709 0
59 1 0 0 0 0 1 0 0 0 -0.733077181913682 0
60 1 0 0 0 0 1 0 0 0 -2.8419201928921303 0
61 1 0 0 0 0 1 0 0 0 -2.659836184774452 0
62 1 0 0 0 0 1 0 0 0 -1.5534575363056389 0
63 1 0 0 0 0 1 0 0 0 -2.813708321529019 0
64 1 0 0 0 0 1 0 0 0 -1.7523709686613045 0
65 1 0 0 0 0 1 0 0 0 -2.5010830982559042 0
66 1 0 0 0 0 1 0 0 0 -5.078833949362261 0
67 1 0 0 0 0 1 0 0 0 -5.074172425375258 0
68 1 0 0 0 0 1 0 0 0 -4.798602875679548 0
69 1 0 0 0 0 1 0 0 0 -4.316052869248488 0
70 1 0 0 0 0 1 0 0 0 -2.398241296378829 0
71 1 0 0 0 0 1 0 0 0 -2.109484866312901 0
72 1 0 0 0 0 1 0 0 0 -4.931814138253839 0
73 1 0 0 0 0 1 0 0 0 -1.529034572502839 0
74 1 0 0 0 0 1 0 0 0 -1.9616576687502358 0
75 1 0 0 0 0 1 0 0 0 -1.2801164013144921 1
76 1 0 0 0 0 1 0 0 0 -4.074172425375258 0
77 1 0 0 0 0 1 0 0 0 -4.801342913045577 0
78 1 0 0 0 0 1 0 0 0 -4.818156412055227 0
79 1 0 0 0 0 1 0 0 0 -6.133122185662501 0
80 1 0 0 0 0 1 0 0 0 -4.484126156288321 0
81 1 0 0 0 0 1 0 0 0 -5.209714835966758 0
82 1 0 0 0 0 1 0 0 0 -4.060480747381382 0
83 1 0 0 0 0 1 0 0 0 -5.266802734893431 0
84 1 0 0 0 0 1 0 0 0 -5.189767482004916 0
85 1 0 0 0 0 1 0 0 0 -3.5688550466925912 0
86 1 0 0 0 0 1 0 0 0 -0.9203039389011601 0
87 1 0 0 0 0 1 0 0 0 -4.600326278518962 0
88 1 0 0 0 0 1 0 0 0 -5.485452247339714 0
89 1 0 0 0 0 1 0 0 0 -2.2097148359667584 0
90 1 0 0 0 0 1 0 0 0 -5.046240308266771 0
91 1 0 0 0 0 1 0 0 0 -1.137749325402075 0
92 1 0 0 0 0 1 0 0 0 -4.818156412055227 0
93 1 0 0 0 0 1 0 0 0 -4.835647144215563 0
94 1 0 0 0 0 1 0 0 0 -1.4209697802198373 0
95 1 0 0 0 0 1 0 0 0 -0.9030482932487593 0
96 1 0 0 0 0 1 0 0 0 -2.858379991445851 0
97 1 0 0 0 0 1 0 0 0 -2.629061891035487 0
98 1 0 0 0 0 1 0 0 0 -0.4221955494687005 0
99 1 0 0 0 0 1 0 0 0 -0.30539480106643124 0
100 1 0 0 0 0 1 0 0 0 -4.777283528852417 0
101 1 0 0 0 0 1 0 0 0 -2.064612005196445 0
102 1 0 0 0 0 1 0 0 0 -5.170696227168975 0
103 1 0 0 0 0 1 0 0 0 -5.175223537524454 0
104 1 0 0 0 0 1 0 0 0 -1.776813782740086 0
105 1 0 0 0 0 1 0 0 0 -5.617982957425132 0
106 1 0 0 0 0 1 0 0 0 -4.14569395819892 0
107 1 0 0 0 0 1 0 0 0 -3.907058405452982 0
108 1 0 0 0 0 1 0 0 0 -5.0589857562944305 0
109 1 0 0 0 0 1 0 0 0 -3.6344764493449366 0
110 1 0 0 0 0 1 0 0 0 -5.321481620959886 0
111 1 0 0 0 0 1 0 0 0 -3.6909620688756934 0
112 1 0 0 0 0 1 0 0 0 -1.9805830491365304 0
113 1 0 0 0 0 1 0 0 0 -5.292429823902063 0
114 1 0 0 0 0 1 0 0 0 -3.3340439705460434 0
115 1 0 0 0 0 1 0 0 0 -1.1950295903751296 0
116 1 0 0 0 0 1 0 0 0 -5.006563769502388 0
117 1 0 0 0 0 1 0 0 0 -3.54979093486184 0
118 1 0 0 0 0 1 0 0 0 -2.0187862031517048 0
119 1 0 0 0 0 1 0 0 0 -4.935542010773082 0
120 1 0 0 0 0 1 0 0 0 -3.3934122865412446 0
121 1 0 0 0 0 1 0 0 0 -2.7587494584242336 0
122 1 0 0 0 0 1 0 0 0 -4.872895201635193 0
123 1 0 0 0 0 1 0 0 0 -5.453457336521869 0
124 0 1 0 0 0 0 1 0 0 -15.022276394711152 1
125 1 0 0 0 0 1 0 0 0 -4.220403508742176 0
126 1 0 0 0 0 0 0 1 0 -7.552841968657781 0
127 1 0 0 0 0 1 0 0 0 0.3609223408756893 0
128 1 0 0 0 0 1 0 0 0 -5.448550002027125 0
129 0 0 1 0 0 0 0 1 0 -15.022276394711152 0
130 1 0 0 0 0 1 0 0 0 -6.0695604052333 0
131 1 0 0 0 0 0 0 1 0 -8.580044251510243 0
132 1 0 0 0 0 0 0 1 0 -6.440093374963888 0
133 0 0 0 1 0 0 0 0 1 -15.022276394711152 1
134 0 0 0 0 1 0 0 1 0 -15.022276394711152 1
135 1 0 0 0 0 1 0 0 0 -6.2716462179787715 0
136 0 0 0 1 0 0 0 0 1 -15.022276394711152 1
137 0 0 0 0 1 0 0 1 0 -15.022276394711152 1
138 0 1 0 0 0 0 1 0 0 -15.022276394711152 1
139 0 1 0 0 0 0 1 0 0 -15.022276394711152 1
140 1 0 0 0 0 1 0 0 0 -6.628932137728263 0
141 0 1 0 0 0 0 1 0 0 -15.022276394711152 1
