43 7
42 4
0 16
31 6
30 3
44 18
33 12
45 9
43 6
44 16
22 12
1 10
18 20
32 9
22 4
26 2
30 10
23 8
41 11
47 10
47 3
24 5
27 12
28 1
33 1
16 21
1 17
32 6
30 19
27 14
42 2
43 5
22 14
33 17
27 1
43 9
17 3
41 9
41 16
16 14
24 2
44 7
0 6
45 18
47 2
41 20
23 13
28 19
23 5
1 18
41 35
42 13
44 1
34 35
31 2
32 19
47 9
27 7
42 9
22 8
31 18
46 13
32 7
46 3
41 36
28 16
26 18
22 10
31 14
30 12
10 17
42 18
31 10
0 13
42 12
31 7
27 17
33 8
47 14
38 17
28 14
42 10
13 20
46 18
27 11
24 4
43 15
45 11
41 48
5 8
47 6
27 3
17 18
46 10
43 18
24 9
30 2
26 6
17 20
43 13
44 15
32 18
30 9
31 17
1 21
33 5
34 40
24 10
27 2
47 15
26 13
18 3
44 12
45 10
33 13
1 20
47 1
38 21
46 6
26 12
28 2
38 1
44 4
0 10
30 18
6 8
26 4
42 16
45 8
31 1
18 1
31 11
6 29
19 8
28 3
46 15
41 1
43 11
10 12
0 15
33 18
23 15
45 7
34 41
43 4
28 7
41 4
32 4
47 4
27 18
42 19
26 19
44 2
43 12
10 21
34 10
27 16
32 16
47 16
45 16
24 15
30 7
45 13
12 21
27 10
0 18
23 7
33 2
46 19
2 8
23 6
45 5
34 36
32 17
26 15
12 10
24 16
45 12
28 11
22 3
33 6
23 16
41 40
12 18
33 16
30 15
46 11
44 11
46 17
43 19
42 11
23 11
31 3
22 19
42 5
22 11
23 17
43 1
44 9
45 15
41 17
32 10
24 13
12 17
25 11
42 14
44 5
33 9
17 4
24 8
41 10
33 15
31 4
34 18
32 13
39 11
30 17
47 8
28 10
45 4
31 15
23 10
23 2
26 10
0 5
26 3
18 21
22 13
32 12
24 14
26 14
27 13
47 18
28 15
27 8
44 19
31 9
0 7
44 13
34 37
0 19
27 6
30 16
27 19
42 17
0 17
47 5
30 13
24 19
45 19
34 39
32 15
44 8
26 17
18 12
10 4
43 2
29 8
34 16
27 5
27 15
9 20
33 7
44 3
32 14
44 6
23 19
24 17
47 7
3 15
30 4
10 1
44 17
18 4
31 16
47 17
46 8
24 3
30 6
28 13
45 17
34 20
28 6
30 1
32 2
0 3
41 12
45 1
11 21
24 11
44 10
43 17
0 4
32 3
26 16
33 10
22 2
23 4
27 9
23 1
43 16
1 12
47 12
12 1
10 18
28 17
32 8
46 5
44 14
6 20
23 18
22 18
33 19
33 4
0 8
43 14
26 7
26 9
43 10
0 11
26 5
46 1
46 7
22 9
30 14
10 20
26 1
47 19
46 12
1 4
42 15
24 1
22 1
31 13
26 11
24 7
0 2
28 12
22 6
43 8
46 14
0 14
41 6
34 38
32 1
46 4
34 25
28 8
31 12
23 14
23 3
16 1
31 8
0 1
24 18
22 16
42 6
23 12
47 11
45 2
42 7
45 6
42 1
47 13
17 12
22 5
17 1
45 3
41 21
30 11
23 9
12 16
41 14
22 17
31 5
41 37
0 9
24 6
22 7
41 38
30 8
33 3
0 12
38 3
28 5
11 3
28 4
17 21
27 4
28 9
43 3
32 11
46 2
18 17
41 13
33 14
41 18
26 8
42 8
46 16
22 15
45 14
1 3
12 4
28 18
30 5
21 20
31 19
16 17
42 3
46 9
24 12
33 11
32 5
