70 23
95 7
57 7
28 34
2 20
28 37
65 94
15 87
2 76
57 54
68 71
106 63
45 24
45 76
28 33
106 48
95 84
14 52
102 1
95 46
14 64
105 65
14 7
44 25
106 29
57 78
0 1
46 59
28 38
28 35
22 21
28 5
15 21
2 7
17 21
44 65
68 31
46 60
104 5
57 18
106 8
70 76
5 80
14 77
68 24
54 7
14 18
13 56
28 41
28 11
16 20
68 7
4 7
106 109
70 5
16 21
5 84
57 23
13 74
105 5
19 18
63 65
106 51
43 81
68 21
13 4
16 59
68 10
95 20
0 2
37 24
16 85
65 46
44 81
45 23
44 77
28 14
28 8
46 24
14 4
4 25
44 87
58 55
44 83
4 23
68 5
106 57
9 16
106 62
48 52
44 88
44 64
56 80
28 32
13 18
99 5
44 61
63 53
106 65
95 65
16 24
28 42
45 87
62 21
44 74
6 7
44 55
1 80
17 98
9 12
106 6
3 4
68 15
1 46
106 4
48 56
44 24
4 27
95 56
58 56
14 46
70 24
28 43
44 60
9 13
1 85
70 21
56 23
1 82
13 72
65 93
106 45
48 60
28 10
48 18
28 15
56 81
42 54
28 16
104 4
16 25
28 4
106 108
68 45
28 31
56 59
4 20
56 60
16 26
14 21
43 80
14 58
106 70
67 39
44 46
56 46
16 55
56 79
28 45
106 95
14 5
99 4
48 58
106 36
28 1
14 26
65 81
106 32
68 13
100 101
95 49
14 57
28 17
44 23
28 30
9 14
95 92
70 17
110 4
44 21
95 52
48 61
4 26
28 46
1 81
28 39
5 24
63 56
45 84
48 55
2 1
106 14
14 53
106 30
1 24
57 20
45 20
44 52
56 55
56 78
67 43
44 76
46 85
16 56
70 75
2 22
28 29
44 54
44 50
68 17
14 83
14 24
13 54
2 21
28 36
56 25
14 84
5 59
57 24
95 57
13 77
5 81
43 85
106 107
95 22
68 8
16 80
68 38
44 89
13 60
68 69
48 57
43 59
68 11
63 64
16 4
43 46
16 81
44 49
5 46
14 65
106 5
48 23
44 90
28 44
70 73
44 56
13 75
68 37
20 21
13 27
3 5
28 12
56 7
15 24
48 24
45 60
16 46
14 80
65 24
16 18
48 59
13 57
44 80
9 10
45 57
70 13
28 13
48 51
14 73
103 5
14 60
1 84
95 59
106 101
44 86
14 82
44 53
102 2
16 82
8 7
5 82
105 4
75 18
65 92
65 55
68 70
44 82
18 7
16 97
4 21
70 54
45 25
14 54
48 54
56 24
14 75
13 76
95 58
13 24
34 66
68 1
14 56
28 40
68 16
4 24
13 23
65 57
15 75
16 73
44 18
45 91
106 12
45 46
57 25
13 5
48 7
28 47
103 4
48 49
44 7
56 82
45 22
13 73
44 58
9 15
1 18
14 23
16 70
43 21
95 94
14 76
56 77
70 4
45 77
14 25
44 20
62 7
1 76
46 77
105 48
65 80
48 50
9 11
68 12
16 5
68 14
110 5
106 58
9 17
48 53
13 53
28 2
45 7
65 82
16 7
56 76
95 50
65 56
44 85
95 96
48 46
