106 79
10 9
36 27
70 50
52 19
25 11
36 1
105 78
73 4
52 38
0 16
12 2
2 6
106 97
11 1
29 32
92 47
21 25
82 50
3 15
12 18
54 17
44 10
61 0
85 45
0 17
67 14
84 26
39 14
48 56
36 12
13 11
25 13
11 23
25 1
97 50
4 15
47 19
71 0
49 26
28 17
7 1
49 19
90 23
52 36
20 27
37 20
2 9
54 26
8 11
24 29
0 26
104 55
111 69
66 74
8 3
30 21
19 14
109 93
102 103
109 2
108 104
0 24
5 2
79 47
96 15
2 21
67 37
50 25
72 19
23 6
66 72
85 44
35 3
25 23
43 18
7 24
35 25
50 4
72 26
49 17
107 103
106 68
35 6
99 51
113 78
53 36
71 36
25 29
86 18
5 3
61 3
109 62
76 55
89 53
15 23
80 8
36 23
25 6
64 46
53 49
99 48
78 56
25 17
18 5
104 24
111 50
80 49
81 55
0 4
17 23
0 14
47 44
72 0
96 13
42 53
104 56
106 24
109 88
72 8
55 43
65 31
10 5
30 20
12 13
27 17
2 25
49 7
18 9
102 83
13 21
81 46
37 27
106 46
91 18
79 45
12 3
49 6
0 22
101 24
45 25
42 55
72 10
10 7
76 48
9 17
116 21
55 52
45 54
101 68
3 13
51 36
24 16
0 9
85 18
35 5
104 97
10 26
30 24
15 29
35 15
54 11
52 44
111 70
104 74
111 74
12 11
43 15
105 92
82 44
22 17
113 84
60 25
18 27
66 70
15 24
114 33
71 14
37 38
14 23
75 44
0 2
117 30
98 38
116 46
101 85
91 17
76 45
49 18
88 13
37 17
38 27
111 87
8 20
56 36
108 83
48 46
48 54
30 11
18 13
24 23
44 8
43 19
43 12
49 27
56 49
72 36
114 101
94 16
109 40
72 51
116 68
47 5
24 17
50 49
5 6
3 16
20 29
51 12
116 73
45 9
17 29
73 45
30 19
3 24
23 1
67 54
111 85
5 13
10 11
55 37
76 47
11 24
72 43
54 6
114 3
71 8
106 47
76 44
109 95
116 67
97 10
110 57
96 31
50 18
8 19
44 26
23 22
45 0
12 20
43 36
41 29
27 14
71 45
106 54
78 79
8 22
5 4
105 64
36 3
6 24
104 48
113 94
14 3
50 5
116 54
11 29
110 94
117 2
51 49
75 49
18 7
88 23
47 13
107 83
12 1
6 22
113 58
18 6
60 11
53 14
22 24
116 47
85 8
50 38
54 19
48 18
55 47
111 76
26 5
13 29
96 16
20 3
116 85
38 23
78 44
55 38
27 25
14 11
81 45
82 38
19 16
10 16
23 24
112 82
117 41
41 13
70 47
21 9
37 8
96 6
42 36
110 40
14 0
15 1
24 1
20 25
50 14
68 17
54 14
44 45
34 6
61 12
99 18
47 0
110 33
101 55
52 21
104 87
73 8
36 4
3 17
38 22
52 20
3 6
52 18
116 104
71 44
40 14
101 48
36 19
113 93
84 52
71 13
54 12
8 21
75 50
79 55
60 17
104 44
20 4
41 16
2 14
4 6
98 55
53 55
71 37
44 54
104 51
113 88
26 1
72 38
8 7
109 103
22 15
2 16
38 15
8 2
106 55
38 7
72 27
26 11
39 13
104 79
73 12
44 2
54 15
18 36
78 53
11 17
47 45
80 26
114 41
50 12
61 37
84 12
9 7
56 54
94 18
101 53
10 27
9 13
42 14
18 14
46 45
28 14
48 50
21 23
27 2
14 4
5 25
96 23
106 72
101 50
73 15
94 7
80 36
27 24
108 42
73 26
58 14
85 10
112 33
4 29
110 2
11 13
36 7
54 38
64 2
26 16
13 25
61 2
109 90
116 101
17 11
68 23
28 23
13 2
5 14
43 3
46 55
49 43
72 52
45 12
105 89
55 14
5 11
44 0
64 55
49 15
50 21
79 76
47 37
45 26
97 54
50 13
51 44
34 15
91 23
54 2
24 7
110 74
81 49
89 45
20 2
12 24
43 6
108 66
26 23
62 15
30 17
45 7
109 83
104 52
61 14
81 52
52 45
101 67
50 45
81 14
101 46
116 12
52 12
47 54
78 49
59 16
48 49
80 10
105 66
10 18
111 73
69 18
51 38
49 21
53 51
99 50
55 18
100 2
93 23
104 21
72 18
8 17
57 14
45 20
95 14
56 14
21 29
49 3
64 52
27 11
27 3
60 4
27 19
45 13
0 3
97 49
2 7
60 6
44 25
71 4
12 7
28 6
22 23
7 32
42 52
20 16
37 10
72 12
35 26
106 36
9 15
15 17
36 0
49 16
37 7
73 5
42 54
28 29
37 9
62 17
9 11
42 50
14 13
50 15
99 49
80 54
67 8
3 23
4 25
104 12
8 18
14 24
49 12
52 2
5 29
67 43
30 5
94 14
3 9
54 22
4 11
89 47
75 52
41 15
19 24
16 3
79 36
111 56
111 53
61 7
101 71
106 69
7 29
10 13
2 3
45 3
104 98
101 70
35 7
35 19
18 23
76 54
110 58
49 5
37 22
62 13
18 26
73 38
110 101
14 6
54 16
112 80
10 22
41 6
84 18
45 17
20 9
60 7
38 6
67 10
60 15
26 7
75 46
44 14
75 48
82 43
81 0
105 42
111 54
45 21
84 44
82 14
75 45
19 29
25 3
10 21
24 32
61 45
59 1
70 52
72 45
44 19
36 17
82 0
51 27
116 51
107 104
99 43
73 2
4 16
8 14
56 18
1 7
22 13
61 23
104 76
44 27
37 19
36 24
24 13
27 7
85 0
37 3
87 18
35 17
96 1
51 18
113 69
17 6
38 24
117 36
89 76
85 37
17 7
102 89
14 16
111 67
2 17
64 50
11 7
36 21
20 24
0 21
42 56
5 7
73 19
36 25
116 44
71 10
101 72
104 49
42 44
42 48
41 1
104 101
28 16
42 45
116 36
27 29
19 3
62 6
66 38
54 10
71 27
110 89
53 46
16 6
113 66
3 14
51 26
4 3
60 23
101 97
67 44
110 42
25 15
65 29
53 54
12 22
19 25
113 86
20 11
72 20
45 2
22 32
89 46
38 25
9 23
101 52
52 15
101 36
73 9
73 13
3 29
106 74
34 13
65 32
84 0
0 25
84 36
104 54
12 4
47 20
12 25
24 31
56 50
70 44
75 18
107 84
48 36
99 52
92 44
36 38
60 22
30 22
25 16
17 22
110 92
102 78
38 13
38 4
60 29
101 79
60 9
10 6
116 72
18 15
84 37
38 20
104 72
61 26
60 2
52 50
99 55
49 2
110 88
79 48
22 1
0 13
41 22
53 45
21 3
44 17
101 49
5 15
110 86
90 7
54 13
54 8
61 16
14 21
80 43
100 33
44 15
54 25
73 18
117 116
51 5
41 32
115 116
89 44
115 105
37 21
116 49
8 26
77 32
60 14
66 2
52 26
13 7
24 6
71 21
47 2
47 18
84 38
17 25
81 43
81 51
20 21
15 6
53 47
105 101
43 22
64 44
30 15
75 51
54 5
71 49
109 33
37 12
6 29
99 56
20 22
79 44
85 49
45 11
18 16
27 1
55 45
71 43
45 38
116 74
51 50
12 9
19 15
50 37
19 1
106 52
44 37
102 63
36 20
98 43
78 46
9 22
67 36
10 14
38 17
80 45
114 96
110 87
38 12
13 23
115 66
46 37
43 25
79 52
83 32
111 47
14 27
49 24
2 23
101 98
33 31
75 56
0 23
76 46
112 75
0 27
93 6
14 8
35 10
97 8
72 54
82 55
79 51
45 36
42 37
111 44
40 18
10 8
62 18
45 5
44 36
14 10
85 43
55 10
76 36
26 27
85 50
89 18
110 62
111 98
76 56
61 8
113 74
38 16
61 21
90 16
108 103
69 14
105 108
12 26
113 40
85 52
75 37
46 50
72 14
96 24
113 70
43 11
54 9
13 22
110 93
20 14
111 97
75 76
19 4
84 14
60 21
106 101
62 7
66 10
8 15
76 52
43 10
68 14
14 25
51 0
89 55
45 15
61 15
79 43
88 17
2 1
21 1
75 36
10 25
81 50
51 43
27 16
3 1
52 5
96 32
35 21
92 50
58 18
52 10
16 29
30 6
106 53
51 52
72 49
82 36
8 5
84 50
110 83
47 52
55 0
38 8
36 9
26 24
82 47
62 14
110 84
46 54
90 15
49 25
12 21
72 50
66 71
88 16
56 52
44 13
73 27
94 23
23 29
113 90
15 7
104 85
35 13
116 97
99 53
61 25
21 22
24 15
83 31
73 17
51 20
110 39
109 86
36 16
101 21
97 18
21 13
46 14
101 47
43 2
43 14
18 22
30 1
4 23
82 52
10 17
43 23
49 0
81 37
18 54
20 1
4 7
106 51
0 10
2 24
98 49
62 23
55 26
10 4
54 18
44 21
78 47
61 17
106 49
37 24
54 20
18 45
35 12
26 2
43 21
27 13
113 101
65 1
46 47
18 11
109 77
53 18
75 53
44 43
105 84
14 17
98 14
51 37
80 47
55 8
45 22
97 0
53 56
27 22
36 26
70 76
104 70
112 92
46 51
54 0
95 18
28 24
9 29
27 9
101 51
78 45
37 5
71 26
86 15
49 11
26 6
68 6
93 17
54 4
18 19
92 46
82 45
97 36
47 49
35 27
10 12
108 63
100 88
16 11
113 99
109 101
17 3
20 17
35 8
44 20
84 8
10 3
1 29
55 44
117 101
71 2
78 55
63 29
43 38
91 16
8 16
80 51
101 44
19 21
0 20
108 89
60 16
73 20
55 50
28 3
47 50
19 7
60 27
65 7
6 1
37 25
55 36
48 14
43 17
65 23
79 54
18 17
50 8
62 16
68 16
78 48
14 12
35 20
53 43
61 10
61 5
45 23
0 5
14 26
2 29
61 54
67 51
0 15
38 26
86 13
26 18
65 17
75 55
13 24
8 9
22 29
19 11
38 0
78 52
6 7
4 13
49 10
47 10
49 9
82 49
8 24
54 36
86 14
22 6
37 6
50 0
52 13
28 1
6 32
35 24
100 66
112 64
72 47
17 16
99 45
35 18
45 37
79 18
81 54
25 9
18 38
116 71
9 24
111 21
97 12
43 24
37 11
26 15
4 22
12 16
43 54
47 26
82 54
66 69
32 31
89 49
28 9
71 25
7 31
106 21
38 14
37 13
108 78
28 15
113 92
34 17
37 0
28 22
34 31
56 37
21 17
55 54
8 1
5 24
96 29
10 24
52 0
92 55
21 7
22 31
44 38
101 87
70 46
60 1
76 51
80 38
13 17
92 2
43 26
105 102
45 16
73 21
3 11
111 52
45 6
20 7
101 12
101 69
56 44
15 22
108 101
27 15
61 9
99 46
61 43
38 5
21 14
37 14
60 20
71 54
106 12
79 56
0 1
52 49
21 16
49 22
18 8
1 32
18 21
106 71
112 63
52 14
110 91
49 45
17 1
51 13
111 12
80 0
72 13
97 14
20 23
19 23
66 67
54 21
51 10
90 18
50 54
73 49
53 44
20 6
116 53
61 24
14 2
98 44
59 6
16 7
111 55
1 23
64 47
35 9
44 12
30 4
76 43
60 18
74 14
21 24
107 89
97 52
0 19
48 55
26 22
5 19
81 44
50 2
61 20
111 101
73 6
30 25
110 64
8 27
72 37
102 42
111 51
113 87
44 49
13 19
76 37
38 10
18 24
93 18
116 24
8 25
55 49
71 19
20 13
30 16
41 17
84 47
109 39
36 11
100 101
18 2
8 23
0 12
56 55
101 73
59 32
102 104
12 14
80 44
67 52
46 38
43 8
27 4
97 38
0 18
111 72
110 66
36 22
20 15
85 26
26 4
90 6
73 54
78 76
110 103
35 1
111 68
68 15
117 28
34 32
113 39
67 18
111 71
20 19
68 18
5 21
47 38
52 8
36 14
13 4
89 52
101 56
1 31
67 49
98 0
18 49
73 14
67 50
67 47
71 5
99 44
8 12
116 48
49 14
66 43
111 104
35 2
35 22
2 22
43 9
104 68
14 15
53 50
116 70
54 7
71 18
18 37
46 0
11 14
68 13
61 27
36 37
107 66
101 54
104 36
23 7
43 27
12 15
50 10
79 50
110 70
51 45
106 87
79 46
14 7
54 27
72 44
75 47
29 31
80 37
117 65
113 91
63 31
111 79
46 43
111 36
51 19
14 22
56 43
91 14
26 25
84 10
89 50
0 8
47 43
14 20
85 51
30 14
30 23
37 2
26 17
17 9
36 2
1 6
115 101
78 51
90 17
76 50
0 7
113 57
44 4
5 9
47 27
41 24
60 3
5 16
59 29
106 98
42 47
101 74
116 50
48 45
66 68
8 13
43 16
36 10
53 48
100 40
50 36
12 27
102 84
65 16
84 45
76 53
107 63
30 2
49 8
98 50
93 7
102 99
47 36
106 56
85 47
48 52
18 10
34 16
91 13
117 61
112 81
42 43
4 1
111 24
26 14
49 20
38 3
116 76
48 51
48 43
93 13
56 45
54 24
5 27
98 18
9 6
0 6
109 91
15 11
78 18
104 73
101 104
102 66
63 32
110 111
36 5
55 12
84 51
16 23
56 46
5 17
111 46
38 1
21 11
116 79
26 3
75 54
42 51
96 7
60 24
73 10
52 43
67 55
59 31
56 47
35 23
73 36
115 113
61 18
79 53
25 14
85 36
61 11
106 50
57 18
65 15
90 14
109 70
109 105
66 8
18 20
94 15
45 14
38 19
44 5
101 76
117 96
49 54
15 3
3 7
88 15
18 0
108 84
107 78
41 7
11 6
0 11
79 49
94 17
49 38
104 67
64 51
16 24
2 11
19 17
52 54
80 18
28 11
19 6
8 4
107 101
33 32
50 27
80 12
91 7
19 22
116 98
38 21
109 66
81 38
116 69
91 15
98 47
39 18
110 78
51 14
30 3
66 25
26 21
43 0
84 54
13 3
85 14
10 1
85 38
27 23
98 51
30 7
4 14
83 29
98 52
59 23
104 69
71 12
106 48
59 7
110 69
73 0
51 8
35 11
21 15
61 49
30 9
14 1
78 50
61 19
81 36
51 54
98 36
53 52
35 4
97 43
36 13
106 73
73 43
37 16
72 5
113 62
67 0
46 36
9 16
114 65
27 21
97 44
11 22
12 23
25 22
25 24
42 18
61 6
117 113
61 38
50 17
89 56
16 1
28 13
10 23
97 51
48 44
4 17
82 46
18 43
22 7
80 14
113 42
93 15
116 52
54 23
88 14
111 48
89 51
92 52
117 35
46 18
9 14
5 23
67 45
82 18
99 76
27 6
45 19
20 5
43 4
45 8
88 18
113 111
80 50
102 101
76 18
47 12
113 89
13 6
81 47
105 106
21 6
25 7
110 99
52 4
108 99
14 19
43 7
4 24
73 25
54 3
28 25
15 16
10 20
51 2
96 17
61 36
116 56
50 43
26 19
74 18
71 20
46 49
30 13
48 37
50 44
30 18
17 24
104 53
93 14
5 1
84 43
55 51
12 19
112 84
26 13
43 37
38 18
75 43
117 34
104 47
111 49
98 54
35 16
43 20
61 22
43 5
47 14
49 37
94 6
51 47
46 52
37 18
106 76
82 37
50 26
42 46
2 15
15 25
116 55
38 11
109 110
50 20
106 85
37 26
12 5
60 13
114 2
106 70
5 22
42 49
2 13
80 52
93 16
54 37
36 15
66 73
34 1
113 2
85 54
37 23
18 25
36 18
70 55
61 13
104 50
82 51
8 6
110 68
50 19
97 47
84 49
21 4
73 37
110 63
4 9
104 71
45 10
49 13
113 68
38 9
3 22
77 31
61 4
12 17
94 13
71 38
52 27
65 6
98 46
45 24
36 8
13 15
22 16
48 47
41 23
56 51
73 11
66 0
60 19
106 44
92 51
38 2
12 6
34 7
107 99
60 5
99 79
34 23
26 20
19 2
43 13
45 18
18 4
37 4
110 90
81 18
11 15
14 38
13 16
52 37
18 12
73 3
85 12
49 23
10 19
15 4
116 87
9 1
13 1
106 104
71 15
10 15
16 22
34 29
45 43
67 38
107 42
37 15
18 3
105 99
28 7
89 79
19 13
19 9
45 4
37 1
10 2
99 47
71 17
30 27
44 18
46 44
89 48
104 46
91 6
113 64
36 6
26 9
49 36
35 14
53 37
49 4
76 49
105 107
11 16
90 13
14 9
96 22
45 27
106 67
47 8
