34 6
34 23
35 8
7 6
35 4
38 24
27 1
13 1
12 2
29 22
6 1
3 6
37 6
6 7
15 5
26 13
33 6
11 6
11 20
37 20
9 4
27 18
27 16
7 4
37 18
30 5
33 1
37 3
36 17
28 4
19 1
11 10
27 7
22 6
12 4
38 20
33 2
19 6
17 16
37 24
29 6
29 17
35 10
3 5
26 19
36 13
2 1
16 1
26 22
14 20
30 15
23 5
34 1
23 6
30 1
28 14
25 7
8 2
21 2
24 6
18 1
33 5
13 6
38 19
32 4
25 17
27 10
36 6
9 2
26 14
35 22
38 14
30 13
31 6
13 2
28 18
14 1
31 20
23 1
38 5
28 12
28 23
14 7
38 1
27 24
23 2
38 10
37 12
29 1
25 14
27 3
29 23
36 19
3 1
4 1
35 20
20 2
25 21
38 7
38 21
12 6
7 2
4 2
29 21
30 18
26 24
26 10
38 8
35 16
30 14
6 3
11 24
25 20
8 1
25 6
35 6
11 13
23 12
25 18
23 3
38 23
36 18
31 14
0 1
27 14
25 3
37 15
37 14
25 8
36 16
30 12
28 16
35 23
11 3
7 5
27 19
33 3
37 4
11 5
12 1
28 20
25 1
23 4
3 4
26 3
10 6
25 5
34 2
6 5
35 24
29 16
36 21
37 13
38 4
36 4
7 3
11 22
36 15
34 3
38 22
29 14
31 9
18 2
37 1
30 17
29 5
19 2
18 5
26 21
34 32
31 32
26 12
25 19
14 6
26 8
20 6
35 18
37 10
34 12
26 23
36 23
25 12
26 1
11 23
34 15
30 10
35 17
31 0
25 10
27 15
34 5
37 16
35 7
12 7
37 17
38 6
26 15
26 18
36 5
28 22
34 33
25 16
36 20
35 13
28 8
27 20
28 24
37 8
24 2
20 1
16 5
25 13
38 15
11 16
28 15
26 6
29 20
14 2
37 5
38 3
35 1
27 5
28 5
11 21
30 7
27 23
35 14
29 19
26 20
25 15
12 3
28 13
28 3
26 7
14 12
38 16
29 8
9 1
27 21
20 5
37 23
38 13
25 4
12 5
27 22
27 12
36 24
18 6
17 1
29 3
34 16
36 3
11 19
10 2
36 10
30 21
4 6
34 7
29 24
11 7
33 17
29 13
31 12
0 2
11 17
11 1
6 2
30 6
32 1
21 10
29 10
30 24
32 10
35 12
15 1
27 6
28 19
36 8
8 6
26 17
37 22
9 6
30 8
36 22
37 7
11 15
35 21
9 10
22 1
28 10
22 2
33 7
25 23
30 4
11 12
23 7
11 14
27 8
31 16
21 6
10 1
27 13
31 33
17 2
34 18
26 16
11 18
29 15
36 14
3 2
7 1
30 19
28 21
30 22
18 17
14 3
28 7
3 7
11 8
28 6
14 5
24 1
27 4
18 3
29 4
15 4
30 16
36 12
25 22
38 12
30 3
29 7
21 1
37 21
28 1
38 17
11 4
18 7
35 5
31 34
35 3
28 17
30 23
36 7
26 5
36 1
25 24
29 18
34 0
35 19
27 17
26 4
37 19
35 15
34 4
38 18
30 20
29 12
