14 23
39 7
17 1
12 2
1 3
25 7
8 5
22 3
38 7
24 7
0 2
4 5
10 11
19 5
14 21
24 13
22 5
36 9
40 28
15 2
24 12
21 2
15 1
26 8
6 8
16 3
34 1
0 5
14 17
20 2
3 5
33 3
14 18
8 1
24 16
23 1
14 16
35 8
8 4
39 9
4 1
17 2
38 5
17 5
6 9
27 28
36 8
37 9
34 4
19 1
21 4
20 3
0 3
27 1
24 23
21 5
3 2
13 3
37 8
3 1
13 2
6 7
12 5
23 4
4 3
31 8
35 7
31 7
19 2
14 15
0 4
37 28
0 1
30 28
1 2
29 8
38 28
38 8
24 8
23 3
14 13
24 9
16 2
18 4
12 1
37 5
29 7
28 11
15 4
25 9
30 8
8 3
19 3
13 1
23 5
35 9
13 5
32 7
16 5
26 9
1 5
18 3
32 9
22 2
22 4
14 20
16 4
2 11
21 1
4 2
3 4
26 7
34 3
24 15
24 20
37 7
24 18
30 5
39 8
18 5
33 4
9 5
12 3
34 5
14 12
7 5
24 0
40 10
30 7
32 8
41 5
34 28
17 4
7 2
27 4
9 2
14 0
24 22
14 7
31 9
33 5
22 1
14 9
27 3
14 22
14 8
20 4
24 21
40 5
21 3
27 5
23 2
18 2
38 9
17 3
13 4
20 1
24 19
33 28
8 2
5 11
33 1
25 8
16 1
30 9
20 5
12 4
18 1
15 3
36 7
29 9
1 4
15 5
24 17
19 4
14 19
