8 17
11 3
11 4
25 8
9 6
18 8
22 3
0 4
18 3
22 2
11 8
22 7
16 4
6 13
26 1
10 6
0 8
15 13
19 1
23 5
24 2
22 6
15 6
11 7
24 3
25 5
0 1
20 14
11 2
21 12
21 6
24 1
24 8
15 12
11 1
18 7
9 7
8 1
9 1
26 8
16 5
18 4
11 6
23 6
10 5
20 21
14 13
24 4
0 5
0 6
16 8
21 17
24 7
16 2
26 3
0 3
21 19
13 6
11 5
23 4
26 2
21 2
2 17
22 1
9 3
23 7
12 13
25 3
23 8
16 6
3 1
23 1
14 12
25 4
4 17
22 8
18 1
20 19
18 2
18 5
26 6
9 4
21 13
6 12
26 7
9 2
26 4
25 2
0 7
22 4
25 6
24 6
23 2
26 5
14 6
23 3
24 5
13 12
16 3
9 5
20 6
0 2
12 6
16 1
7 1
25 1
22 5
14 15
25 7
16 7
5 17
18 6
9 8
