92 33
87 22
37 34
156 72
105 64
102 79
44 23
131 75
56 23
14 11
120 12
120 11
108 7
44 21
105 21
166 79
100 62
100 51
136 5
100 21
64 11
48 49
89 35
157 59
125 11
121 31
74 78
2 85
14 17
58 47
80 18
90 91
74 76
168 20
169 65
154 104
99 28
74 26
91 24
171 23
74 31
3 25
100 7
15 19
134 18
32 38
12 65
141 60
109 4
154 50
172 23
6 47
12 78
167 10
81 21
18 20
170 14
138 62
134 16
69 65
4 51
140 61
92 41
10 43
128 39
92 42
5 12
101 19
55 41
20 10
89 61
107 12
141 23
165 50
16 15
131 31
2 25
81 11
4 82
99 24
96 30
71 72
58 11
158 33
125 16
141 142
139 7
122 30
124 47
46 7
128 75
46 23
63 21
0 6
114 33
131 77
3 7
96 69
134 79
20 11
40 79
48 31
106 53
133 27
157 53
167 5
63 25
95 21
102 64
156 24
128 32
114 32
134 11
47 22
102 31
66 79
103 15
105 15
154 76
8 11
111 23
47 16
48 60
92 25
0 5
140 55
8 10
115 35
116 64
94 21
12 11
100 59
92 32
164 24
41 5
21 47
115 30
37 36
102 33
82 23
48 59
118 28
27 11
157 76
116 5
29 21
55 54
119 47
134 15
6 49
157 36
114 77
48 19
158 32
122 35
3 56
138 47
33 11
96 19
156 77
111 7
136 17
115 12
16 42
63 7
110 25
116 25
103 5
141 35
171 17
52 26
55 19
140 53
105 41
141 62
105 23
164 25
4 47
158 12
125 23
80 25
71 5
48 52
105 39
113 26
105 79
154 64
14 22
122 76
81 28
115 32
171 14
102 26
168 5
74 34
58 5
121 11
112 42
95 23
114 12
1 2
16 20
128 76
63 62
4 6
122 97
82 7
165 40
52 34
133 65
27 28
6 85
111 11
172 5
23 24
165 30
94 95
126 57
165 36
115 77
153 11
158 34
172 25
111 22
4 56
122 34
54 42
71 24
113 78
111 14
128 35
116 21
73 11
86 77
73 21
122 33
7 22
116 24
102 76
88 28
73 22
110 42
47 7
160 21
64 5
154 33
168 22
105 16
128 69
164 40
95 7
63 22
2 23
164 19
89 55
16 18
48 58
105 25
60 7
130 65
0 3
156 67
109 6
68 53
92 69
52 30
162 41
48 61
131 78
39 77
31 26
48 51
55 97
4 62
158 35
125 22
102 32
122 78
33 38
141 69
164 17
0 2
169 17
103 22
112 35
156 12
164 42
80 22
6 57
96 42
101 41
15 42
128 33
106 26
44 25
134 22
114 75
15 41
96 75
100 24
128 36
132 65
44 17
21 23
110 5
134 23
52 11
116 15
106 50
113 35
119 49
134 39
17 65
40 17
153 53
139 23
115 38
172 24
14 18
6 24
34 9
141 143
71 22
60 47
106 40
1 7
66 65
47 21
16 65
106 69
106 36
71 21
112 67
165 104
136 22
105 42
66 64
141 21
32 11
73 20
44 19
39 65
132 87
138 25
164 45
66 77
167 28
71 28
160 77
26 11
58 16
129 32
133 91
29 32
121 65
86 26
102 97
17 21
121 35
100 23
107 78
6 25
105 7
113 34
75 65
95 16
165 97
88 10
116 42
113 79
154 25
58 19
167 20
156 38
70 21
87 10
95 15
139 47
103 7
123 12
41 66
116 23
92 34
86 65
51 23
133 11
74 30
86 30
96 79
48 24
112 69
132 43
6 7
154 36
3 23
58 25
132 12
156 11
136 18
52 32
40 19
141 58
55 33
131 12
86 33
154 42
48 25
58 23
122 65
124 23
63 23
51 22
4 83
40 5
155 6
140 59
140 25
105 24
116 11
108 11
172 19
5 78
108 17
80 17
101 66
156 20
165 35
166 65
141 150
55 32
102 65
22 72
31 36
125 5
115 26
132 15
131 38
62 22
92 31
3 49
113 36
23 21
137 3
23 22
3 24
129 75
105 20
100 49
100 45
113 77
136 7
41 64
23 15
169 7
101 25
7 20
106 19
46 22
113 12
129 69
121 32
87 11
86 78
153 5
114 76
153 16
105 17
71 15
48 62
102 30
2 6
128 64
87 24
29 34
129 76
37 30
4 85
48 42
100 56
103 69
29 26
0 4
112 32
56 22
164 22
129 65
157 19
44 7
116 66
112 75
106 32
118 21
120 91
2 57
112 76
8 12
122 32
172 15
81 10
64 39
105 11
111 17
114 30
39 79
119 7
89 26
63 45
129 31
44 24
136 20
16 22
41 39
8 13
141 151
0 7
17 11
108 22
99 17
94 65
2 47
3 62
123 10
122 31
27 10
111 65
109 2
105 19
2 7
168 19
89 30
101 42
157 40
44 16
72 11
138 19
166 64
160 12
141 31
51 47
92 55
48 55
129 79
105 5
115 36
96 32
48 35
165 16
41 79
141 51
166 77
2 60
70 10
44 11
6 56
3 60
118 11
140 54
30 9
129 67
103 19
153 19
35 11
156 79
4 17
129 66
106 59
99 21
6 51
86 76
100 47
165 53
132 123
112 36
96 26
122 12
132 28
165 42
7 24
55 59
23 19
89 34
118 15
116 7
29 30
102 34
103 11
93 5
99 10
58 45
23 18
95 25
134 66
141 147
168 7
134 64
137 1
157 42
116 20
141 17
95 24
22 21
81 5
122 75
90 11
14 24
119 19
92 40
71 10
171 47
37 35
119 51
141 148
31 38
40 25
96 54
22 10
132 14
115 65
129 34
126 58
126 23
2 56
48 36
164 41
102 42
31 30
121 38
6 60
166 11
128 30
106 42
103 17
14 23
48 57
12 77
134 42
126 11
29 28
168 11
103 97
172 45
87 15
48 17
106 31
96 34
55 104
73 10
113 38
115 33
99 65
14 20
121 75
131 30
138 5
157 30
29 31
52 35
102 66
123 11
16 67
44 20
48 23
114 69
138 45
172 17
72 28
86 32
103 64
58 7
114 97
165 25
100 15
2 24
86 75
96 66
64 65
167 11
89 25
159 11
158 36
52 36
92 30
141 144
169 23
71 20
157 69
15 39
63 41
156 22
54 50
129 42
4 57
47 25
158 26
102 19
96 39
154 26
157 34
109 1
164 53
32 30
157 50
58 17
6 17
6 58
89 33
132 91
103 104
129 19
128 42
119 21
140 50
55 36
92 53
1 3
129 30
89 50
48 33
154 19
2 84
153 41
52 31
154 53
44 15
155 4
108 20
91 15
138 22
86 34
14 19
141 56
141 15
172 7
170 7
131 32
156 78
74 65
23 7
154 97
137 4
115 78
73 72
169 47
4 24
154 59
29 20
22 15
100 25
54 25
99 11
134 5
29 33
63 11
134 24
2 62
21 22
121 34
165 69
1 4
66 19
86 36
141 55
115 75
156 21
102 75
119 25
121 78
141 32
154 41
112 79
40 65
14 15
95 11
170 47
125 45
156 15
3 57
28 43
103 66
134 17
113 11
87 28
112 66
154 34
113 30
96 33
107 77
156 97
116 18
160 13
169 22
121 77
92 50
39 19
16 17
141 40
77 12
17 24
87 20
137 6
114 35
86 38
157 97
138 7
80 15
17 15
164 47
2 49
121 36
108 15
89 53
0 1
121 30
114 26
103 21
88 11
63 59
23 20
128 97
26 9
152 95
119 24
86 12
16 7
92 36
119 11
114 65
29 35
122 67
170 17
74 33
119 15
99 72
47 62
113 75
88 13
87 72
135 59
3 58
157 26
99 95
39 64
54 69
132 21
17 42
95 17
116 79
38 65
131 11
141 77
91 21
114 11
124 7
86 79
132 88
120 28
168 17
63 20
125 17
120 15
55 25
74 35
63 16
153 25
154 35
165 33
157 31
129 39
1 5
55 50
71 11
3 17
23 11
158 31
96 64
106 35
80 42
128 34
129 36
91 28
55 40
55 69
156 75
37 11
48 53
116 22
116 16
92 19
63 53
63 42
29 36
14 21
120 87
108 19
37 26
80 23
107 79
48 50
120 14
133 20
6 15
100 53
105 18
17 20
161 42
164 15
107 65
60 23
165 41
74 79
63 5
21 7
114 78
74 77
103 20
22 11
133 87
158 30
114 31
92 35
112 30
126 7
17 72
82 47
162 42
92 59
89 36
116 17
138 17
112 97
5 11
170 22
141 146
7 72
112 64
120 13
157 41
34 11
157 25
126 17
156 76
40 64
119 62
29 11
122 38
128 67
18 10
89 32
2 17
67 11
7 11
115 34
91 11
102 69
55 53
160 11
37 9
103 39
162 163
164 21
90 27
77 65
74 38
123 28
108 21
90 87
118 20
113 65
74 12
132 13
157 33
96 76
116 39
122 79
27 20
78 77
86 35
47 17
133 14
48 15
109 3
96 97
91 22
157 32
102 36
164 5
131 26
54 59
55 30
100 17
172 21
73 28
117 65
47 15
44 45
48 56
74 36
121 12
63 19
135 5
172 22
108 72
140 19
131 35
29 10
27 21
112 19
127 13
17 19
131 33
70 5
134 21
58 22
128 65
98 5
119 22
41 19
7 5
78 11
131 65
55 26
51 7
114 36
116 19
169 14
165 31
48 34
126 5
8 9
157 16
153 17
18 11
106 34
135 11
129 26
55 42
4 58
103 23
77 78
165 34
120 72
30 11
35 9
158 38
106 97
80 20
120 27
121 26
122 36
4 84
131 34
7 19
16 39
31 11
103 42
91 20
78 65
114 67
134 19
66 11
2 58
89 42
54 97
40 39
62 23
165 26
55 31
103 76
3 51
116 40
164 59
96 31
112 33
102 39
112 34
129 97
80 21
36 9
128 66
37 12
112 65
48 5
154 40
48 54
37 10
33 30
96 35
102 35
52 33
108 24
153 40
161 41
141 47
126 47
100 61
1 6
165 76
3 47
160 10
120 20
52 12
160 78
153 59
131 36
101 11
164 7
155 1
27 15
3 21
7 15
40 11
100 19
2 51
141 145
48 26
153 64
129 35
74 32
63 15
116 41
89 31
119 23
106 54
156 65
120 65
141 36
16 24
2 83
22 28
80 11
121 33
6 62
20 21
63 52
157 104
119 45
164 23
129 64
135 17
165 59
101 40
78 12
100 42
156 5
99 22
106 104
48 30
94 12
48 47
64 79
137 2
166 12
18 22
114 79
48 7
73 5
141 34
4 23
154 32
135 61
29 15
103 79
18 28
112 39
73 24
95 19
96 65
89 54
6 21
119 17
141 149
7 17
101 16
141 54
170 23
122 69
39 11
62 7
54 53
56 7
39 78
154 16
80 24
118 10
4 25
70 13
70 11
41 11
106 41
138 11
128 31
91 72
20 28
95 20
54 19
110 17
103 16
112 26
103 18
107 11
94 10
70 28
2 82
64 66
134 20
134 7
134 25
141 41
136 23
132 10
77 11
47 24
103 25
4 49
94 11
135 53
55 34
15 40
52 78
14 25
165 19
115 31
91 10
14 16
154 30
95 62
66 78
95 22
16 19
105 40
16 23
140 42
99 20
171 7
165 32
47 19
72 4
103 50
90 88
129 33
105 22
128 26
89 59
4 60
123 95
105 66
95 45
80 19
112 31
100 5
63 24
47 45
141 33
46 47
172 47
74 75
154 31
138 23
119 5
114 34
44 22
87 21
157 35
36 11
114 38
41 17
48 21
132 27
128 19
106 33
99 15
101 39
31 35
22 20
4 7
41 25
63 64
63 40
16 66
77 79
92 26
62 20
125 7
18 72
6 23
106 25
94 28
103 24
120 21
37 38
47 23
73 15
55 35
136 11
52 38
17 22
141 26
118 5
63 17
40 66
122 26
23 17
122 77
56 47
96 36
54 104
127 43
154 69
14 7
3 85
101 17
20 15
86 31
106 30
48 32
64 17
166 78
16 21
7 21
72 10
3 15
100 55
80 7
128 79
141 30
