20 5
29 2
3 6
25 4
10 9
7 8
26 5
36 1
0 5
15 4
28 3
33 4
35 1
15 17
23 3
21 19
24 3
15 2
39 2
36 4
24 2
0 2
30 3
18 9
10 5
18 6
7 9
17 8
6 12
20 9
38 4
5 12
27 3
21 1
15 20
11 12
10 6
14 4
37 4
0 3
39 1
4 5
27 2
15 7
0 4
29 3
20 10
0 1
32 6
2 6
13 4
28 5
32 9
21 2
21 18
3 9
39 3
21 20
26 9
19 10
40 6
7 10
20 6
0 6
38 6
22 3
25 2
13 5
24 1
9 6
13 3
27 4
35 4
19 5
14 1
34 1
17 10
26 6
8 5
3 10
29 1
36 3
33 2
7 6
15 19
18 5
19 8
17 9
21 3
35 3
36 2
35 2
7 5
8 6
31 8
15 3
15 1
9 5
32 8
21 4
28 1
3 5
26 8
21 17
38 1
19 6
32 10
14 2
38 5
37 1
31 6
2 5
21 16
30 1
37 3
38 2
2 9
33 1
18 10
25 1
19 9
16 6
31 5
14 3
32 5
33 3
2 10
30 2
18 8
22 2
21 7
13 6
23 2
28 2
26 10
13 1
23 4
30 4
34 3
1 5
17 5
27 1
1 6
23 1
20 8
28 6
29 4
31 10
37 2
39 4
17 6
13 2
25 3
16 5
9 10
22 1
22 4
38 3
28 4
4 6
24 4
34 2
15 16
31 9
15 18
34 4
