49 3
18 4
21 22
58 16
35 11
35 39
55 1
8 11
0 4
30 1
47 3
55 3
53 42
15 2
50 2
0 3
49 25
35 14
43 3
17 1
44 45
4 6
0 2
8 10
25 7
53 45
48 16
58 5
58 7
21 7
25 5
35 38
41 1
53 57
28 1
11 28
10 1
17 16
17 2
24 2
25 4
33 1
30 27
40 17
25 6
3 1
42 1
37 2
49 1
23 1
41 7
5 6
26 4
39 2
48 17
53 54
51 3
10 19
7 34
54 3
32 1
26 6
32 27
35 19
45 1
39 1
50 26
7 5
8 15
5 1
49 2
36 13
7 4
46 1
5 2
53 43
56 3
38 1
9 17
35 36
20 1
7 3
7 19
53 55
39 4
58 4
44 1
13 1
53 23
9 6
20 2
57 2
8 13
15 22
29 1
41 2
41 4
19 6
53 44
26 3
23 21
43 1
53 21
41 3
25 1
11 2
24 1
42 2
19 2
56 2
26 1
45 27
27 3
9 1
36 15
38 2
31 2
15 34
0 1
40 2
14 2
0 7
8 14
27 2
26 7
13 28
48 2
36 12
8 9
28 2
52 3
47 1
47 2
18 1
37 16
36 10
47 34
36 18
53 1
35 9
53 15
14 28
9 7
9 19
10 5
25 3
24 26
23 3
29 3
42 34
18 6
35 42
4 34
52 2
10 2
9 4
51 34
58 6
24 3
51 1
40 1
12 28
29 25
16 17
46 2
14 1
35 10
11 1
26 5
58 1
58 19
41 6
13 2
39 7
19 7
31 3
26 2
53 20
7 1
15 6
7 2
56 1
39 5
7 6
35 41
36 0
35 13
35 40
12 1
27 1
46 17
53 47
16 1
10 6
0 5
52 1
19 4
35 12
50 25
3 2
28 27
19 1
50 1
53 56
53 50
18 5
15 1
53 51
18 3
5 4
53 24
9 2
30 2
53 49
48 1
36 9
58 2
53 31
35 32
53 52
41 5
37 17
5 34
54 1
53 33
12 2
18 2
55 2
33 2
33 34
8 12
24 25
46 16
25 2
23 2
35 33
58 17
50 3
57 1
51 2
19 5
36 14
29 26
43 25
29 2
40 16
53 32
15 7
19 34
19 3
31 1
10 4
53 29
43 26
53 30
56 34
44 2
45 2
43 2
39 6
5 19
39 19
10 17
36 11
54 2
37 1
18 7
32 2
9 5
57 3
10 7
35 37
35 21
49 26
0 6
16 2
