20 1
16 6
0 1
50 2
17 14
13 1
45 6
17 23
7 1
24 4
34 26
17 19
51 13
4 2
29 1
10 1
38 1
14 3
51 20
15 1
17 27
17 21
36 8
22 2
9 3
46 7
29 4
15 9
43 7
28 2
32 2
51 6
42 9
25 3
27 4
18 4
38 9
40 7
11 7
20 3
45 7
33 1
37 7
34 12
17 26
34 29
27 3
17 22
48 2
12 2
30 1
23 2
30 3
43 6
10 2
26 1
51 25
51 22
50 4
27 1
25 1
34 10
17 25
22 4
9 2
15 2
51 24
17 18
27 2
46 6
19 4
27 9
47 7
31 9
8 9
17 8
30 4
10 4
17 15
20 9
51 32
20 4
6 4
51 15
23 4
44 7
30 2
21 3
51 30
17 13
8 4
6 2
34 8
20 2
34 13
28 4
31 3
13 9
18 3
34 21
17 20
34 22
13 4
51 31
12 3
8 3
14 4
34 33
48 4
47 6
29 3
15 4
17 12
32 4
18 9
1 2
44 6
34 28
25 4
31 1
37 4
21 1
38 4
51 12
5 6
51 28
51 27
25 9
14 1
9 4
16 4
51 23
36 20
17 29
19 2
34 31
26 9
39 6
42 4
51 14
34 19
35 7
34 14
25 2
0 2
30 9
19 3
17 31
29 2
34 30
17 7
23 1
21 4
34 6
40 6
7 3
48 49
34 15
28 3
18 2
21 2
17 28
8 1
33 2
34 27
11 6
31 2
22 3
37 0
48 12
39 7
37 6
1 3
1 4
19 9
13 3
41 9
23 3
51 26
29 9
21 9
23 9
18 1
17 33
45 4
10 3
13 2
32 1
36 19
42 1
34 32
51 10
7 4
17 30
36 0
35 6
26 2
5 7
0 3
16 7
17 24
19 1
6 3
41 4
32 3
36 7
26 4
0 4
31 4
33 4
24 9
51 18
14 9
34 24
51 8
48 0
22 9
34 7
51 21
33 3
15 3
28 1
51 29
34 18
26 3
7 2
14 2
36 6
41 1
12 1
17 6
28 9
51 33
34 23
22 1
51 19
24 2
17 10
34 20
24 1
34 25
8 2
24 3
17 32
32 9
12 4
