55 20
53 4
93 15
43 27
90 6
25 23
70 24
33 24
61 7
77 8
90 3
83 23
54 12
48 41
45 2
59 4
43 14
49 4
55 42
25 16
0 7
53 7
0 23
38 16
68 14
61 2
70 17
65 11
0 3
69 4
59 10
55 15
59 20
62 24
90 15
73 15
77 2
33 3
9 63
45 5
90 9
69 20
48 7
89 19
49 42
61 6
0 19
25 12
75 20
58 3
93 19
43 24
88 4
43 7
53 8
81 24
80 6
93 42
45 11
65 24
49 16
76 24
76 15
78 24
85 35
49 22
47 1
79 16
69 21
79 4
0 1
41 30
93 27
90 4
70 11
71 8
65 14
80 22
40 35
46 11
79 23
90 14
90 20
64 36
0 6
14 28
90 11
48 10
49 18
0 21
64 30
79 17
49 41
79 42
49 7
86 11
60 2
78 4
47 10
90 44
61 16
53 14
43 6
93 23
43 5
38 20
70 22
87 21
8 30
90 8
38 22
64 37
76 4
59 15
59 13
53 9
56 2
88 23
77 1
26 4
59 19
61 10
58 12
0 13
36 30
25 8
53 16
59 42
58 16
69 6
61 8
80 14
69 8
73 24
70 35
59 21
48 2
40 42
25 15
76 20
43 8
83 11
80 11
90 10
9 30
26 9
61 13
48 13
25 9
70 20
55 6
53 11
58 9
81 21
69 14
73 20
80 8
70 2
76 3
58 23
73 9
90 21
91 30
26 19
55 19
55 41
56 8
75 14
43 21
13 37
58 11
62 14
56 17
51 36
43 20
73 44
13 28
69 2
6 28
89 8
83 21
80 20
48 12
55 24
38 6
61 1
59 9
56 16
40 22
0 4
90 24
25 2
79 21
40 17
61 12
43 19
33 16
91 67
73 8
33 21
4 30
25 3
73 6
93 44
69 13
26 2
53 6
40 6
78 11
49 14
81 15
76 8
40 15
48 11
0 17
80 23
53 20
50 8
58 5
76 6
43 17
0 12
55 14
55 16
43 44
59 12
43 41
58 10
59 6
40 12
65 35
93 17
81 16
45 9
95 18
48 1
48 14
43 10
48 27
49 8
61 22
89 9
58 1
59 14
59 7
0 14
65 2
81 4
58 2
40 8
43 13
49 23
78 19
50 24
90 13
59 17
53 12
70 3
73 19
75 11
37 30
25 18
49 3
75 35
12 36
25 6
76 2
56 1
25 21
33 34
4 37
33 35
90 18
55 3
26 7
89 6
58 21
55 12
53 3
93 1
93 94
45 6
59 27
59 2
6 30
77 11
80 3
48 8
71 3
69 10
93 9
79 7
50 11
71 11
0 11
91 28
69 1
55 11
55 44
43 2
89 12
0 8
92 1
1 28
48 44
49 20
62 4
14 64
81 2
81 22
43 12
55 22
93 35
93 24
79 20
80 2
53 10
55 2
6 37
79 1
55 27
48 15
56 12
71 1
56 22
80 15
95 23
32 6
0 10
0 15
70 10
87 16
73 18
29 22
59 44
40 2
53 15
49 11
33 1
55 18
43 15
93 11
59 1
40 24
33 14
48 24
59 41
55 9
43 4
40 7
55 8
73 21
70 9
55 21
93 4
33 9
43 22
26 6
73 7
93 13
26 27
76 14
33 19
40 16
65 1
43 18
45 4
58 6
71 2
39 2
81 14
43 16
48 22
93 3
56 11
83 20
12 37
87 23
47 18
55 1
79 8
25 20
38 24
61 15
0 2
53 23
74 8
80 7
73 11
70 4
53 17
48 19
85 14
38 10
79 15
59 16
83 18
61 4
78 8
33 6
70 14
25 4
55 4
91 31
48 42
53 1
0 18
82 30
58 17
69 12
70 6
69 24
90 7
40 9
65 3
76 9
58 20
51 37
0 22
62 21
79 10
6 36
62 11
90 2
53 2
59 35
25 22
47 6
69 16
13 64
81 6
56 15
93 18
90 22
80 10
25 10
40 23
13 63
70 5
53 21
58 15
79 12
93 22
93 20
77 35
89 44
61 11
65 8
40 27
55 17
43 3
48 4
6 31
65 21
4 35
84 19
93 14
61 9
22 30
78 6
23 30
43 23
58 8
25 14
40 20
93 2
65 22
52 2
93 21
55 23
65 66
43 11
55 34
65 9
0 9
58 14
13 72
0 20
55 13
48 20
79 41
13 36
76 12
12 67
49 12
58 19
87 8
33 23
89 13
76 16
89 15
91 72
89 4
48 6
56 4
0 24
49 15
59 22
57 12
50 6
48 23
13 67
49 2
89 14
89 16
90 17
90 12
26 15
91 63
73 16
49 9
25 19
33 10
0 5
31 30
93 12
59 18
33 15
56 3
93 41
40 1
0 16
79 19
93 16
33 11
78 16
18 63
43 42
83 22
18 28
33 17
40 19
46 9
55 7
40 14
40 11
89 20
93 8
75 1
26 10
33 20
80 9
25 11
80 19
59 34
58 4
53 19
56 24
69 19
50 21
77 4
4 36
2 30
93 5
79 2
89 7
53 22
58 22
93 7
83 16
71 6
75 2
40 41
48 21
