36 12
15 11
41 8
30 9
7 12
23 10
13 12
26 5
26 1
42 9
36 9
28 1
23 1
22 1
37 1
41 9
7 5
17 8
36 1
41 11
15 12
14 12
0 3
42 11
21 8
41 5
29 11
42 5
26 10
29 8
40 8
36 8
20 5
29 9
27 11
35 38
21 12
36 10
40 10
6 18
22 9
27 8
16 11
13 9
35 25
12 3
16 9
41 10
13 8
20 8
19 5
37 12
17 12
42 10
16 10
13 10
14 10
38 1
22 8
23 5
37 10
22 12
37 9
21 11
25 4
20 9
30 32
35 33
16 12
36 5
21 10
40 12
27 5
4 18
17 1
30 34
30 25
1 0
23 9
28 8
28 10
36 11
42 12
27 1
19 9
28 5
28 11
14 8
42 8
40 5
23 8
35 11
14 1
30 24
5 6
7 10
29 5
17 9
26 9
24 10
14 5
0 2
35 43
22 5
37 11
40 9
41 12
20 11
19 8
28 9
7 9
30 35
29 10
22 11
19 1
15 9
27 12
28 12
19 11
1 3
16 8
42 1
27 10
15 8
40 1
30 33
18 6
23 11
16 5
30 31
13 1
2 4
39 18
26 8
15 10
40 11
1 2
13 11
21 5
26 12
35 44
37 5
7 11
17 10
29 12
15 5
20 10
14 11
17 5
16 1
23 12
29 1
14 9
21 9
41 1
15 1
37 8
20 12
13 5
22 10
21 1
7 1
0 1
17 11
27 9
35 8
35 9
19 10
38 39
26 11
7 8
20 1
19 12
38 18
