30 29
71 46
85 33
70 26
26 29
59 2
55 7
59 1
78 27
3 29
59 16
43 40
71 2
36 16
32 7
9 29
32 5
79 22
0 5
23 30
43 16
11 2
59 9
85 22
52 34
12 3
22 30
6 9
71 20
42 22
52 31
66 10
82 39
74 22
69 22
83 10
71 1
82 2
81 26
4 29
50 22
43 39
55 48
84 48
0 3
84 63
80 22
82 27
78 25
57 45
40 17
85 27
77 2
85 7
21 20
57 15
50 20
59 37
75 29
70 4
57 22
4 30
47 9
84 35
78 24
83 25
85 44
83 9
4 17
56 23
85 41
56 25
0 4
9 35
85 5
38 8
36 37
83 27
24 29
85 10
78 46
19 20
6 8
36 7
83 7
85 40
59 26
85 15
55 2
52 29
85 23
85 24
84 30
85 26
85 63
83 22
84 17
13 15
43 15
57 5
6 7
83 20
9 30
38 41
70 25
46 17
21 27
57 1
16 17
38 5
59 40
86 4
55 15
52 35
82 16
71 3
78 2
20 31
4 35
84 8
60 23
82 46
60 37
78 40
59 39
43 45
71 25
85 9
2 17
82 40
85 17
85 53
6 2
83 2
26 17
57 20
42 23
82 4
85 46
58 26
57 8
53 17
82 23
59 20
49 9
70 23
76 39
37 17
47 5
30 17
54 10
76 7
80 26
57 10
56 20
22 31
0 2
55 16
85 4
38 40
85 30
21 23
12 2
85 8
85 37
85 45
55 9
82 3
36 2
52 30
59 8
38 24
55 10
38 2
0 1
71 9
85 75
54 3
57 3
59 22
83 23
75 17
57 44
21 2
55 22
42 2
43 44
66 22
82 20
82 44
56 22
71 27
78 4
8 30
55 33
57 23
71 44
55 45
43 7
21 3
82 25
83 5
78 8
71 23
76 4
70 22
66 46
9 34
85 1
59 41
78 23
36 3
52 53
38 3
85 18
59 3
78 44
55 14
85 3
85 25
59 46
71 24
68 22
74 5
57 4
71 22
70 20
83 26
85 34
25 29
39 17
43 1
67 8
57 40
60 25
38 16
41 17
28 16
55 41
55 4
21 22
47 48
85 2
85 29
55 8
55 44
21 26
59 15
40 29
6 3
57 41
20 17
59 14
57 46
78 22
78 20
82 8
83 4
73 9
26 30
43 8
42 25
63 29
66 44
32 33
82 26
3 17
55 1
78 7
78 39
38 20
59 24
84 53
83 3
22 29
85 14
4 31
9 31
71 26
59 45
43 5
81 4
57 25
74 20
76 22
85 20
42 40
6 10
11 3
59 44
13 14
57 7
9 17
81 24
72 41
59 10
51 8
82 41
38 22
55 3
66 24
25 17
59 4
22 17
61 5
82 22
85 48
57 39
34 35
70 27
82 37
62 20
39 29
32 16
55 46
77 3
85 16
42 39
78 26
55 5
64 37
76 40
43 22
85 39
57 24
36 10
42 3
70 40
54 2
42 16
76 37
59 33
20 29
57 2
84 29
40 30
57 37
43 46
70 39
57 16
18 17
21 24
21 25
42 24
9 53
82 10
78 3
24 17
38 39
59 5
84 31
65 20
