27 1
22 7
26 4
10 2
38 8
21 9
19 1
22 9
41 17
6 8
33 8
25 22
30 1
23 6
14 1
13 4
13 7
41 18
27 17
28 8
26 17
27 19
40 15
4 5
6 1
40 11
14 2
25 16
12 0
23 2
26 9
27 16
40 9
3 4
27 20
28 1
21 8
41 0
38 34
25 9
9 1
9 10
32 7
30 2
22 10
39 3
25 10
38 30
40 2
12 9
21 7
15 10
23 22
10 7
23 4
26 22
21 3
3 7
40 20
40 6
35 36
9 8
41 8
24 7
12 1
27 9
21 4
12 10
0 1
26 3
23 20
41 4
26 18
12 13
12 11
28 4
23 14
13 3
40 14
15 3
26 16
41 19
40 22
34 29
27 6
40 5
40 10
25 8
29 8
10 5
26 14
25 18
0 3
6 3
27 5
27 21
15 24
35 38
23 10
15 9
40 0
26 15
23 15
27 0
23 21
40 8
40 19
38 22
38 9
17 3
5 7
12 8
17 4
6 10
4 7
27 13
13 1
4 24
31 1
21 10
27 18
25 20
41 10
25 0
27 11
41 22
23 16
12 2
12 19
19 4
23 19
38 3
26 19
3 5
38 15
23 1
23 17
29 3
27 2
26 21
31 4
4 3
26 11
30 5
14 7
27 15
0 4
19 3
12 3
22 4
32 2
12 14
12 16
26 20
25 3
26 8
38 37
12 17
26 0
30 4
32 5
40 21
40 17
15 28
40 4
23 8
38 28
12 18
35 37
29 9
13 9
38 10
23 3
41 11
12 20
25 11
16 3
29 7
27 14
23 13
27 3
23 0
40 18
12 5
9 5
38 33
12 6
41 20
16 1
40 1
13 8
12 15
41 6
22 3
6 7
29 4
23 9
40 13
38 31
26 6
40 16
35 13
38 32
41 16
27 10
0 2
0 5
26 1
16 5
32 1
25 1
25 4
12 22
25 6
14 4
13 5
25 21
34 13
41 15
41 3
34 33
41 1
25 13
11 4
32 4
15 1
9 7
26 2
28 3
29 10
40 3
9 2
25 15
41 5
28 5
33 1
41 2
27 8
18 4
12 21
3 24
20 4
38 13
41 9
29 1
41 21
35 31
6 9
25 5
26 13
6 4
38 4
38 39
12 4
21 1
16 4
41 13
25 19
30 7
27 4
28 10
23 5
10 1
34 8
25 17
26 5
38 42
28 6
41 14
19 5
25 14
23 18
10 8
27 22
28 9
26 10
14 5
25 2
31 5
13 10
15 4
23 11
