72 23
62 6
98 52
73 1
76 14
61 4
66 17
88 25
64 35
48 28
4 41
33 38
99 8
77 3
14 24
80 30
56 22
80 7
102 1
83 21
63 5
62 21
81 34
8 39
60 4
46 34
68 1
78 9
3 27
103 15
55 13
50 3
75 9
48 2
5 41
57 21
93 38
7 25
93 4
60 8
1 27
56 14
72 21
62 3
18 40
71 3
75 7
54 19
102 21
95 18
73 40
13 43
55 52
55 9
80 40
4 44
83 1
40 43
76 1
95 52
59 17
31 4
95 21
72 13
59 1
8 43
49 38
104 15
38 42
33 25
19 9
58 34
10 44
12 25
59 20
32 14
49 20
67 8
10 25
96 13
0 13
36 6
97 47
98 33
2 27
9 42
72 18
22 27
58 6
56 21
79 40
104 7
73 27
83 9
10 27
79 27
81 8
79 16
45 6
89 15
10 39
22 28
50 11
12 24
61 6
77 4
103 16
61 20
96 9
21 27
62 22
11 44
95 5
79 37
32 6
65 13
56 4
103 19
19 6
37 25
80 27
76 18
40 27
70 9
99 30
50 21
56 12
79 41
100 20
80 42
57 7
66 16
93 43
72 2
96 19
79 20
81 25
38 40
38 25
99 3
71 33
99 33
0 20
73 14
31 7
13 9
32 20
17 24
79 7
72 12
12 26
55 12
93 33
77 34
14 39
72 8
29 3
7 26
97 4
4 42
50 33
103 22
75 34
73 34
81 44
92 27
31 2
13 24
76 21
102 17
13 26
12 27
94 9
56 30
34 40
16 41
53 43
55 18
104 12
66 3
80 6
57 5
12 6
70 1
100 1
35 26
60 2
100 7
18 27
0 17
68 3
59 13
68 9
57 1
100 22
50 18
54 17
26 44
9 27
50 47
78 4
83 12
58 30
48 44
104 2
78 20
19 42
96 6
45 5
98 12
12 43
16 9
18 26
76 16
80 38
71 10
72 10
0 14
0 1
59 6
32 11
80 35
64 9
53 37
102 10
80 43
32 34
86 25
32 3
0 15
64 1
76 9
98 1
15 9
40 25
50 12
79 44
100 34
64 7
23 27
79 39
101 30
19 28
56 10
65 5
82 8
59 51
64 8
9 38
57 34
81 42
98 4
54 4
74 4
55 1
46 2
78 3
0 6
14 27
73 9
75 8
80 33
83 15
71 15
45 2
91 81
77 8
95 13
97 51
4 43
4 40
61 3
56 11
90 38
50 17
73 24
30 26
55 21
16 39
93 26
96 35
104 4
99 16
73 10
13 44
61 2
72 3
56 7
36 1
55 16
81 4
40 42
11 6
11 1
62 5
77 22
49 18
102 9
19 1
100 2
33 26
95 2
94 1
93 28
89 3
101 2
8 26
60 3
61 1
89 18
65 6
82 30
57 35
95 23
103 11
12 44
95 33
71 16
99 35
47 24
50 19
32 16
100 4
94 8
19 24
48 26
70 6
101 8
78 8
65 14
78 19
79 8
72 34
11 27
82 5
83 6
55 3
29 18
13 41
102 47
72 5
66 47
78 2
53 26
100 35
20 28
71 7
71 20
54 22
96 20
11 40
4 39
59 22
77 7
81 6
80 13
3 26
76 12
66 33
7 44
16 27
78 1
6 25
70 8
49 14
48 27
53 38
73 12
83 30
58 4
11 39
14 25
12 42
103 3
49 6
79 13
54 52
8 40
68 2
36 7
80 41
102 11
60 21
73 33
81 38
54 18
65 15
104 52
99 11
79 38
5 43
62 18
9 41
50 15
65 20
57 8
9 44
9 26
5 39
59 11
65 19
34 27
93 35
35 38
7 42
4 28
5 25
59 15
73 17
13 25
72 22
48 1
46 20
73 2
96 7
19 44
68 4
98 23
50 30
7 41
26 43
49 11
30 27
103 1
58 8
65 7
67 10
57 6
61 21
12 39
91 49
71 34
103 52
104 21
54 14
56 5
81 43
67 7
50 9
71 9
62 7
79 3
55 20
81 9
3 39
46 1
49 37
102 7
50 16
66 10
81 27
57 14
59 23
35 27
94 7
80 37
56 33
59 7
73 8
12 40
46 4
77 5
99 22
58 20
56 18
101 1
93 37
93 7
16 42
55 11
82 18
57 20
80 10
4 26
49 8
9 8
49 27
93 34
46 3
2 25
32 33
80 3
80 12
94 2
102 5
0 8
95 3
4 27
104 9
57 10
91 86
47 25
74 2
95 17
59 16
64 19
79 34
32 8
74 5
91 48
79 21
69 9
61 7
15 44
49 30
31 5
103 47
50 5
45 33
57 4
49 2
49 9
58 5
98 20
59 35
87 24
54 12
101 9
73 18
102 13
59 2
76 13
76 17
56 34
15 24
11 42
55 10
99 21
46 35
74 6
36 2
77 33
84 25
64 33
73 35
95 4
68 5
79 9
10 41
48 40
97 30
56 20
57 3
60 6
101 18
101 4
80 11
5 40
67 5
65 1
49 26
47 28
8 38
81 40
7 39
89 16
59 3
61 18
77 18
50 34
89 47
81 41
103 2
104 3
72 11
19 8
63 4
82 4
104 20
82 3
82 2
64 34
56 8
96 10
71 14
80 1
99 2
80 44
72 20
32 22
50 6
66 1
38 26
80 18
30 38
50 8
100 3
50 7
0 11
79 26
1 25
95 6
95 20
59 5
71 11
65 51
31 20
29 30
76 30
72 9
0 5
78 6
72 51
49 41
103 17
55 2
29 9
104 10
49 42
29 7
89 1
80 26
58 9
15 39
32 9
103 4
98 13
5 44
23 26
77 2
65 12
0 10
3 44
32 13
70 7
14 42
15 41
95 10
21 28
46 8
71 21
95 12
83 18
38 27
22 25
56 35
0 19
81 39
102 19
16 24
14 41
65 30
5 27
102 3
75 35
57 9
56 13
96 51
57 15
94 3
45 3
14 44
100 19
66 20
81 37
40 44
93 30
32 5
96 15
59 4
26 27
104 33
73 38
62 8
3 28
70 5
99 5
7 43
100 21
79 18
40 26
89 11
65 17
71 5
103 33
57 16
62 20
76 51
99 19
95 9
53 44
3 25
87 25
89 51
46 21
104 35
57 11
104 18
58 35
32 21
95 34
78 7
92 38
101 7
102 33
98 35
5 28
16 40
98 22
1 28
80 16
13 39
49 10
98 21
17 27
49 22
55 7
69 5
66 15
0 12
46 9
98 7
53 42
80 4
71 17
102 4
49 12
8 25
104 34
30 33
45 1
3 42
48 43
3 40
45 7
68 8
59 21
77 21
94 5
15 42
16 43
36 9
80 9
11 26
7 27
54 10
99 13
95 15
65 11
78 30
59 30
99 7
83 14
89 23
98 18
103 13
34 26
45 34
95 51
21 25
45 30
26 41
62 4
33 27
102 8
64 6
104 30
64 21
31 6
53 41
100 33
103 30
71 8
65 4
0 7
103 34
26 25
79 30
79 33
67 3
83 11
64 30
95 14
53 27
10 42
98 6
60 7
96 47
98 9
23 24
11 24
47 27
70 2
17 26
76 5
95 1
96 4
93 41
103 51
103 21
81 26
65 8
54 7
54 13
103 8
75 20
57 13
79 43
32 35
65 21
48 42
71 1
100 8
104 1
81 7
28 25
11 9
81 30
11 43
95 22
103 23
77 9
56 52
69 8
54 11
10 24
85 25
77 6
17 25
95 8
2 28
13 40
93 25
45 22
73 30
103 12
57 19
104 8
48 37
73 26
76 4
103 20
56 15
90 26
84 24
102 23
96 21
37 38
54 35
91 84
10 26
54 8
45 21
89 4
60 1
9 39
95 47
83 16
8 41
54 21
56 17
71 4
49 34
15 6
61 9
65 35
98 3
45 20
66 7
97 2
61 5
31 21
50 14
32 2
64 20
96 33
103 5
49 15
36 18
99 12
76 8
77 20
79 1
57 30
59 10
90 27
99 10
72 17
89 22
9 43
60 20
104 23
54 3
54 33
79 15
0 22
54 6
89 5
73 37
97 1
66 12
66 34
59 52
58 2
100 18
98 8
91 93
32 12
98 47
71 6
80 15
72 4
69 6
32 30
54 1
103 9
103 18
96 34
33 40
19 25
66 9
91 79
19 41
49 35
85 24
81 33
96 22
66 23
69 2
53 40
57 22
96 30
98 11
20 25
59 14
72 1
65 34
98 10
73 13
96 5
95 35
50 51
97 3
65 47
72 35
86 24
15 27
78 21
62 1
61 8
0 21
5 26
82 6
71 30
82 1
59 18
69 7
66 6
58 21
57 17
8 42
71 18
75 6
8 44
0 2
32 19
57 18
54 2
45 35
83 17
11 25
104 47
98 51
29 1
36 30
30 25
89 13
5 42
79 17
70 4
26 40
46 7
93 40
73 4
69 1
101 3
32 15
54 15
65 2
31 3
20 27
104 16
35 25
76 22
14 43
91 90
96 17
31 8
76 7
38 39
72 15
34 38
71 12
80 2
96 12
99 17
91 85
60 22
40 39
98 19
57 2
102 14
13 42
102 12
60 18
45 9
99 20
66 11
66 19
89 14
69 4
0 18
73 16
99 4
7 40
47 26
58 7
49 43
80 34
50 10
81 1
99 15
50 20
83 3
45 8
98 30
96 18
67 9
82 7
66 30
38 41
12 41
79 28
69 3
50 13
46 30
71 13
19 27
49 16
83 13
65 10
16 25
66 4
95 30
93 9
97 23
58 33
59 9
66 14
72 33
93 1
89 2
79 5
90 40
95 7
59 47
27 25
33 8
73 11
102 51
104 5
6 28
65 3
89 21
83 7
99 14
73 7
12 9
100 30
60 9
46 33
31 18
79 35
73 15
66 35
31 22
98 5
63 1
50 22
79 2
67 19
29 5
59 19
56 19
49 44
78 22
49 39
72 16
26 39
55 5
81 35
67 1
50 35
97 9
76 11
93 42
96 23
55 14
89 20
64 22
73 5
16 26
98 2
68 6
3 43
31 9
95 11
66 22
7 38
32 7
103 6
49 40
29 2
96 8
50 52
104 19
54 30
67 6
49 33
19 39
31 30
78 18
65 23
91 87
15 43
80 14
66 21
79 12
95 19
67 2
31 1
98 17
49 7
46 22
0 16
53 39
36 8
100 5
54 9
79 24
9 40
32 1
91 88
72 30
96 2
29 6
71 19
55 4
102 20
99 18
59 34
97 7
32 4
66 5
49 28
75 21
102 30
93 8
94 6
100 6
97 8
104 51
34 25
11 38
73 6
59 8
72 47
51 26
61 22
10 6
60 5
68 7
77 19
80 5
55 15
98 14
40 41
53 28
62 2
56 1
16 44
46 6
55 34
96 14
50 1
79 10
91 80
102 18
57 52
103 35
18 25
83 20
50 2
55 6
0 9
0 3
23 25
102 35
91 53
79 22
83 4
104 14
10 43
55 8
58 3
32 17
54 34
102 22
49 1
101 5
54 16
98 15
38 44
102 2
91 92
80 24
77 35
74 3
74 1
55 35
62 9
66 8
32 18
57 33
103 7
37 27
65 16
4 25
80 17
65 22
104 6
54 5
50 4
15 26
72 7
93 44
10 40
50 23
15 40
76 20
93 27
99 1
38 43
89 17
66 13
103 10
75 22
17 40
49 3
67 4
101 6
94 30
98 34
29 4
49 5
55 19
72 14
75 30
19 38
78 5
56 6
48 38
77 1
96 11
102 34
48 39
77 30
79 42
96 1
55 22
79 6
56 9
75 1
98 16
55 30
99 34
19 43
65 18
49 17
59 12
49 13
75 14
102 6
3 41
65 9
54 20
65 33
83 2
71 2
71 22
83 8
66 18
58 22
26 42
57 12
13 27
56 2
99 9
83 22
102 16
75 19
80 39
45 4
55 17
103 14
104 17
82 9
46 5
104 22
89 12
76 2
96 3
6 27
35 40
9 25
102 15
15 25
0 4
91 73
88 24
73 3
96 52
32 10
48 41
29 8
66 51
94 4
56 3
58 1
56 16
93 6
55 33
80 8
59 33
104 11
81 28
96 16
79 11
95 16
11 41
99 6
49 21
83 5
70 3
23 28
97 5
100 9
71 35
104 13
93 39
75 33
76 15
8 27
66 2
79 14
