1 19
39 21
44 14
51 16
21 17
3 17
13 11
60 6
53 11
33 1
38 5
14 11
5 19
61 29
35 5
50 6
44 17
48 1
63 20
31 21
62 15
49 6
34 1
10 4
4 16
21 20
36 15
45 2
45 4
10 3
1 11
39 19
49 3
57 6
34 2
4 11
46 3
10 5
61 23
56 1
30 15
64 4
62 19
7 2
32 4
42 16
16 20
5 18
58 4
41 24
18 11
64 1
46 5
38 11
43 20
12 17
36 20
27 4
62 11
6 15
53 15
64 42
43 17
47 11
24 25
16 21
50 2
27 6
55 1
2 15
62 13
32 11
18 16
42 13
59 11
53 14
54 3
18 15
55 6
53 18
57 3
11 20
5 11
59 3
15 24
42 14
35 4
54 2
12 14
64 3
58 6
40 13
44 19
9 3
32 3
44 20
18 19
46 2
33 2
7 3
55 2
31 17
47 3
16 17
40 16
64 31
50 4
64 43
49 5
10 11
0 5
31 19
9 1
49 2
43 19
48 6
19 25
33 6
51 11
12 18
52 25
21 16
56 4
10 2
42 17
21 11
30 11
12 21
2 17
64 62
3 16
39 20
44 21
61 17
53 13
62 17
1 16
16 18
31 18
43 16
0 6
43 11
28 3
47 2
58 3
51 13
29 16
6 16
30 13
57 2
12 15
29 17
3 15
32 17
12 16
6 17
54 5
33 5
46 4
26 4
43 14
47 6
45 5
54 6
59 4
30 14
40 14
42 19
37 3
43 21
18 13
7 6
62 14
11 25
0 3
50 3
38 2
26 5
58 2
39 18
39 11
34 6
38 3
64 53
5 17
9 6
19 24
12 11
31 15
28 2
40 18
16 19
29 15
47 4
48 2
36 17
2 16
13 21
59 6
3 19
44 15
38 6
51 14
2 20
44 11
42 11
34 4
51 18
29 18
35 3
20 25
55 3
53 19
45 3
59 5
12 20
35 6
27 1
57 4
62 20
50 1
60 3
31 16
30 21
22 6
35 1
15 25
58 11
13 16
26 1
49 1
10 1
3 20
26 6
0 2
32 1
61 11
31 13
55 5
41 25
13 20
34 5
23 25
53 16
56 6
29 21
64 39
39 13
57 1
32 2
14 17
6 19
16 15
25 24
56 5
64 36
7 1
47 5
29 20
29 14
3 11
33 3
21 19
62 18
17 24
8 2
50 5
27 2
64 12
60 4
60 1
14 20
14 19
37 4
37 5
45 1
61 52
37 1
47 1
4 15
27 3
37 2
29 13
30 20
22 1
35 2
6 11
44 18
58 1
32 6
30 19
39 14
22 5
57 5
5 13
28 4
12 13
60 2
30 18
38 4
6 20
20 24
55 4
2 19
40 17
18 20
30 17
63 11
13 15
28 5
42 20
8 1
60 5
61 41
11 24
46 6
12 19
28 1
5 20
33 4
30 16
7 5
1 17
36 19
40 21
52 24
10 6
32 5
44 16
43 15
13 18
0 1
16 13
42 18
39 16
58 5
27 5
31 14
37 6
28 6
43 18
39 17
2 11
17 25
36 11
14 15
1 15
5 15
0 4
53 21
43 13
7 4
62 21
16 11
21 18
36 16
40 11
9 4
48 5
46 1
23 24
18 21
13 17
29 19
53 17
21 15
54 1
56 3
1 20
22 2
22 3
51 21
64 44
5 21
8 4
45 6
22 4
4 19
38 1
51 17
56 2
4 20
8 5
64 29
48 4
64 30
21 13
34 3
44 13
8 6
62 16
26 3
31 20
42 15
48 3
31 11
18 17
9 2
26 2
64 2
29 11
9 5
4 17
49 4
59 2
54 4
39 15
42 21
59 1
8 3
13 19
53 20
