44 43
46 8
26 14
47 12
44 18
27 1
47 19
21 2
7 11
0 1
7 10
28 12
7 0
23 15
18 3
31 0
26 16
47 11
27 15
27 5
47 4
36 5
28 18
9 1
44 36
44 6
47 8
22 5
23 0
7 13
11 30
45 8
21 19
28 11
21 5
44 30
27 16
26 10
21 4
46 18
21 9
26 0
45 13
46 0
28 15
5 3
47 18
3 24
11 1
47 2
15 2
30 38
46 9
45 16
28 4
7 1
45 4
30 4
47 1
44 39
45 18
29 9
21 12
47 5
30 1
21 18
29 10
47 17
32 34
4 1
47 3
27 17
27 9
7 3
26 2
48 34
7 8
46 15
45 1
45 14
7 9
47 10
7 4
27 12
46 13
23 14
4 3
44 42
45 12
26 9
21 15
23 18
23 17
29 12
45 0
17 3
40 32
26 19
30 5
27 8
46 4
17 1
28 2
45 11
23 8
46 5
47 14
39 36
26 5
9 24
27 11
44 35
45 15
7 19
47 0
7 15
45 10
27 13
47 13
46 17
46 3
39 5
29 18
32 33
15 24
42 34
40 43
21 13
23 4
44 32
40 44
21 14
30 6
21 17
23 12
28 14
29 3
10 1
15 1
44 22
11 25
36 1
28 9
29 5
23 10
10 5
23 9
18 6
28 3
29 11
26 11
46 10
28 13
46 12
21 0
46 16
21 16
29 19
7 2
27 4
26 1
29 15
28 17
45 9
40 41
26 3
30 37
47 9
23 3
47 16
4 5
7 16
29 13
29 16
4 6
35 2
22 6
23 1
27 10
27 18
46 14
11 3
44 48
23 2
29 1
45 19
28 5
29 2
26 4
47 15
40 42
27 2
29 4
29 14
46 11
17 6
9 2
29 8
30 34
27 14
45 3
26 17
26 15
29 0
5 20
10 3
35 1
40 22
45 5
17 5
35 24
40 19
33 24
21 8
23 13
46 2
28 8
7 18
25 24
0 3
28 0
21 10
26 18
28 19
21 3
21 1
34 24
30 3
46 1
46 19
23 19
23 5
21 11
29 17
7 5
23 11
23 16
7 14
7 12
27 0
45 2
44 49
27 19
27 3
45 17
0 2
37 38
26 12
3 25
44 11
28 16
28 10
7 17
28 1
26 13
44 5
26 8
