26 6
22 3
33 25
2 16
27 14
33 8
29 11
2 22
31 0
28 8
2 5
29 17
33 18
29 21
2 19
2 21
32 21
27 15
29 4
20 23
26 20
28 25
33 4
24 23
26 1
3 15
28 15
33 11
29 20
2 11
33 20
32 3
2 1
28 23
33 1
33 12
19 1
33 24
11 10
29 3
26 5
31 32
26 21
33 17
6 15
22 23
20 12
2 14
32 23
33 10
26 19
18 14
33 13
29 8
11 12
33 22
27 23
28 16
26 8
30 11
26 10
31 10
28 5
2 9
27 22
28 11
26 14
2 17
15 1
26 7
31 20
23 22
2 10
17 1
14 1
32 24
2 8
22 14
26 13
33 19
29 25
32 0
6 20
33 6
2 18
29 22
29 13
24 1
31 13
2 25
22 1
20 1
7 15
27 3
29 18
6 23
2 15
29 19
28 20
8 14
28 21
29 12
33 14
10 15
2 13
22 20
6 1
29 14
33 21
28 12
26 18
29 7
3 23
9 1
31 27
29 10
27 20
2 20
22 15
9 14
15 14
8 1
32 30
16 1
33 7
28 17
33 3
26 24
33 15
4 14
25 1
26 17
28 10
33 16
24 15
28 19
32 10
6 13
29 16
20 15
33 23
32 15
26 12
2 23
28 13
6 3
2 7
29 24
23 15
29 5
2 12
26 4
26 3
19 14
28 3
26 16
30 3
23 1
31 6
29 9
3 22
26 9
28 7
26 25
2 24
13 1
23 14
13 15
28 4
28 18
2 4
24 14
31 3
18 1
33 5
28 22
27 1
7 1
30 1
3 1
26 11
16 14
28 24
3 14
29 1
28 9
29 23
32 1
10 12
26 15
26 22
4 1
28 1
12 15
28 14
2 6
28 6
2 3
33 9
26 23
24 22
29 15
17 14
29 6
0 1
