94 10
37 18
74 4
5 6
85 16
92 16
55 3
95 9
49 15
35 11
51 13
91 4
7 10
30 11
31 3
47 5
44 19
29 17
53 16
48 10
92 19
56 12
46 6
20 16
54 10
25 11
75 5
26 48
94 11
20 9
34 3
15 8
54 18
52 8
23 3
58 5
92 10
45 15
2 6
43 15
78 12
78 19
48 0
13 8
43 9
83 14
20 0
31 17
58 11
60 63
60 5
80 8
93 10
57 3
82 16
37 9
26 38
46 9
95 5
3 2
55 5
55 13
22 13
21 14
94 18
21 12
79 6
76 0
25 3
46 10
54 17
14 5
56 14
26 21
57 4
46 0
13 19
34 10
21 13
22 9
91 2
51 6
80 18
60 59
22 10
81 14
92 13
34 14
89 2
70 6
47 0
85 18
70 5
48 15
90 4
46 11
85 14
76 12
46 17
82 19
60 66
48 14
26 20
46 5
58 14
44 10
78 11
90 1
60 57
85 17
34 9
21 10
53 17
51 10
56 0
77 3
44 12
87 3
55 19
93 18
34 17
29 8
49 10
83 3
6 4
80 17
48 19
77 1
84 16
73 3
82 15
73 5
92 11
47 12
46 19
80 10
29 3
25 10
85 5
53 18
92 8
7 13
58 19
49 17
25 16
54 6
83 8
72 5
11 8
25 14
20 19
34 0
80 15
74 1
49 19
79 15
23 15
21 19
44 5
78 9
89 3
94 3
60 76
78 13
88 3
81 8
37 16
44 14
53 14
21 15
7 19
94 13
4 6
69 6
26 27
31 13
0 3
79 13
74 3
31 16
83 0
55 9
71 3
84 19
56 15
47 10
22 18
43 14
54 14
83 6
60 70
87 1
48 9
22 15
76 6
34 19
45 3
26 42
50 5
47 9
84 8
26 49
80 9
4 3
78 15
76 13
90 3
45 14
3 5
55 8
55 12
29 11
54 15
20 3
46 18
30 10
55 18
21 8
81 19
68 2
12 8
81 11
92 18
3 1
7 14
37 17
26 39
47 19
7 3
31 8
60 50
44 0
26 23
47 18
94 8
16 10
86 0
82 3
76 14
45 19
30 14
44 8
23 10
60 64
29 10
56 19
94 16
49 8
81 5
53 12
60 61
79 18
52 11
23 0
46 14
50 1
23 8
86 10
84 18
14 3
80 6
34 12
81 16
53 19
93 9
58 13
93 6
18 8
93 12
59 1
56 11
72 6
93 5
79 10
25 17
25 19
24 11
44 9
95 12
78 0
60 68
20 14
59 3
95 14
20 11
71 5
7 11
45 9
0 2
48 17
53 5
86 17
93 17
78 14
34 11
34 8
26 24
60 73
85 13
60 72
70 3
46 8
31 19
48 11
81 6
29 12
4 1
21 16
20 13
58 8
43 10
54 8
58 3
25 12
44 17
22 11
22 12
5 3
55 15
60 69
14 1
49 6
56 8
55 14
74 6
29 6
56 18
73 1
77 5
94 9
49 13
52 19
89 1
51 18
80 5
86 6
77 2
47 13
26 32
81 9
91 3
37 13
22 0
26 31
10 8
43 19
60 65
25 0
6 5
86 11
11 19
85 6
25 8
94 14
83 16
84 17
58 6
92 6
94 0
22 19
86 18
6 1
7 9
48 12
83 9
43 17
5 4
47 16
45 13
22 14
46 3
16 8
2 4
21 17
45 17
68 3
30 0
83 15
78 6
75 1
54 0
46 12
86 19
45 10
79 14
30 9
83 5
46 16
48 18
29 15
21 11
49 11
81 0
31 12
31 18
80 13
93 16
44 6
76 19
49 16
55 0
51 9
21 3
47 14
60 15
79 19
92 5
72 3
95 3
84 14
90 5
47 6
24 12
52 17
44 16
94 17
90 6
92 15
76 5
0 1
58 0
52 14
76 10
26 40
25 5
37 8
78 16
84 6
74 5
23 18
51 8
45 18
73 2
93 3
79 11
20 8
95 10
85 15
37 19
43 18
95 16
9 12
37 10
85 12
5 2
26 41
26 28
55 10
30 15
81 15
86 15
37 12
85 8
49 3
11 12
23 13
75 4
49 0
76 17
76 16
91 6
51 15
25 15
20 12
26 35
71 1
52 16
56 17
60 25
14 4
81 10
82 11
56 5
95 8
6 2
86 8
18 12
7 15
78 8
35 12
43 0
95 19
2 5
95 17
18 10
84 13
53 15
69 3
85 10
94 12
37 15
15 12
47 3
37 11
7 5
45 16
57 5
26 30
30 16
59 6
16 19
86 12
23 14
45 0
43 3
49 5
85 11
5 1
9 10
92 9
76 8
48 16
23 17
60 14
22 5
90 2
53 3
43 13
72 4
83 13
45 8
13 12
69 5
37 0
34 5
50 2
92 14
21 9
84 9
79 5
87 2
22 8
80 3
52 10
77 4
79 9
26 37
85 0
20 18
53 10
29 19
31 10
83 19
52 15
54 19
95 18
58 18
53 11
72 2
21 6
43 5
92 0
82 0
52 3
55 17
60 53
29 5
75 3
46 15
51 19
83 18
7 12
71 2
9 19
7 16
7 18
14 2
7 0
68 6
55 16
26 46
94 5
82 6
49 9
57 6
26 33
78 5
29 14
60 3
53 8
43 8
0 5
82 12
53 13
59 2
69 1
58 12
50 4
81 12
30 13
60 2
89 4
59 4
34 18
95 0
57 2
52 0
94 19
79 0
56 16
49 14
30 18
51 11
58 17
44 13
81 3
4 5
20 10
70 4
87 4
23 11
86 9
43 12
4 2
80 0
68 4
26 34
45 12
21 18
29 16
82 8
23 5
31 11
54 5
86 16
82 18
69 4
54 11
58 9
79 8
60 13
70 1
70 2
53 6
60 9
76 15
83 11
60 18
95 13
57 1
7 17
26 43
89 5
49 18
56 10
21 0
23 9
43 6
51 3
72 1
86 14
69 2
23 19
22 3
31 0
60 62
48 13
31 9
19 8
14 6
59 5
43 16
79 17
86 13
49 12
52 12
73 6
84 0
75 2
2 3
85 3
93 8
53 0
84 5
51 0
78 17
45 11
20 15
7 6
82 5
80 11
78 18
80 19
60 67
23 6
20 6
60 4
55 6
44 3
84 3
51 16
94 15
79 16
87 5
60 6
82 10
15 19
23 16
37 14
93 0
29 0
29 18
31 6
22 6
79 12
85 19
81 18
80 14
56 3
2 1
54 3
47 17
52 5
0 6
25 13
51 12
26 45
25 9
47 8
21 5
79 3
84 12
82 13
82 17
60 71
84 10
3 4
54 16
26 44
80 12
44 11
93 13
34 16
89 6
53 9
82 9
91 5
60 16
25 18
44 15
93 11
58 15
30 17
34 6
52 13
52 18
76 18
23 12
58 16
55 11
83 10
54 13
51 14
68 1
84 15
31 14
80 16
95 6
56 6
95 15
7 8
82 14
54 12
46 13
9 8
75 6
56 9
92 17
71 6
84 11
51 5
29 13
0 4
20 5
78 10
22 16
60 11
86 5
45 5
93 15
60 7
51 17
34 15
60 17
26 29
26 36
15 10
47 11
81 17
52 6
92 3
11 10
76 9
43 11
88 6
22 17
83 12
50 6
60 75
52 9
13 10
58 10
47 15
68 5
26 47
78 3
44 18
73 4
91 1
16 12
60 77
71 4
60 0
93 14
83 17
31 5
76 3
34 13
94 6
76 11
60 74
87 6
29 9
31 15
93 19
50 3
81 13
45 6
30 19
86 3
30 12
48 8
30 8
95 11
18 19
25 6
56 13
92 12
74 2
77 6
54 9
20 17
85 9
