76 39
24 13
30 15
112 39
12 15
18 8
114 35
128 91
29 7
41 13
125 85
31 12
40 35
137 96
5 29
51 50
21 24
137 54
137 67
66 32
77 5
29 23
57 20
12 3
32 10
76 50
31 30
34 11
122 90
50 22
132 113
18 19
52 51
1 23
137 71
137 125
126 106
52 57
43 24
125 93
110 41
75 20
41 29
42 1
87 34
12 17
89 50
76 40
97 4
92 57
115 33
82 85
107 17
137 117
5 2
27 7
53 50
32 3
63 18
2 13
64 20
42 10
134 71
106 17
131 115
133 64
42 37
68 17
9 11
41 8
85 4
100 4
126 115
87 41
125 41
65 2
92 42
62 2
58 53
10 3
25 2
18 1
134 72
52 5
97 57
53 55
130 75
106 23
36 34
122 58
30 2
136 137
41 36
97 56
132 51
38 23
54 56
28 17
38 3
83 49
89 51
31 11
83 52
62 14
37 22
59 4
129 90
36 37
62 29
130 106
42 22
31 20
132 84
2 3
42 5
43 13
33 25
5 15
108 49
53 56
42 17
137 85
97 55
4 12
127 52
57 14
55 29
4 28
127 92
58 39
116 39
133 115
28 24
130 69
55 31
49 40
11 18
100 3
4 32
85 49
96 5
28 23
127 93
138 47
50 35
62 20
2 23
127 45
82 54
24 17
41 18
132 96
41 42
103 54
27 18
15 18
91 40
85 55
57 15
40 28
48 41
50 4
14 20
65 20
98 83
3 14
52 49
87 11
66 10
103 50
33 5
133 79
116 50
66 2
27 17
106 34
133 6
89 56
103 53
127 112
114 5
114 13
34 1
112 50
132 118
135 89
131 81
31 8
5 37
49 35
95 19
105 5
12 18
106 5
39 4
56 55
66 25
121 78
36 15
37 13
69 12
114 10
117 50
85 50
111 31
43 2
131 91
32 11
73 50
115 22
37 10
48 51
20 7
42 2
105 39
64 19
66 34
57 31
36 5
126 91
49 42
21 13
29 22
32 24
38 37
11 1
120 105
30 23
105 41
21 1
5 40
14 19
26 1
35 3
47 7
82 4
132 97
34 23
54 49
17 16
68 18
12 14
10 22
62 30
70 5
57 23
111 57
118 39
130 109
30 18
117 56
103 52
131 69
20 8
49 41
111 37
127 54
87 8
137 39
22 3
133 119
66 4
91 39
5 57
67 4
42 11
79 3
121 72
112 4
97 36
95 16
112 5
110 35
95 20
92 5
36 23
28 22
55 37
41 17
127 50
105 40
138 61
116 31
121 117
106 41
135 61
54 50
3 17
114 15
75 2
36 24
60 9
102 4
127 55
51 31
87 32
48 50
108 28
122 123
38 15
106 42
128 48
41 11
79 17
66 35
68 16
36 17
125 50
35 36
114 24
4 31
132 121
25 13
47 8
40 10
55 40
76 5
10 17
69 70
84 55
131 61
37 20
47 24
119 57
15 2
132 85
125 113
77 53
10 19
114 18
31 13
21 17
89 40
127 121
39 27
28 25
132 92
87 14
66 36
15 7
121 55
127 85
119 6
35 24
27 20
33 23
10 20
137 55
73 55
66 28
5 1
85 56
11 2
46 4
102 41
138 39
75 5
27 4
31 15
14 7
39 40
30 13
87 40
40 4
13 7
11 20
50 41
43 19
37 8
9 7
55 28
126 105
42 25
80 3
77 4
41 14
41 5
131 28
38 36
77 39
21 15
114 37
62 5
131 44
26 11
132 125
95 2
29 34
89 57
28 13
131 132
27 32
35 14
7 20
39 7
112 51
7 16
34 13
87 12
103 5
57 7
27 34
126 101
22 18
121 54
115 2
79 2
125 103
114 40
111 5
125 73
32 15
125 84
66 57
42 15
29 12
88 50
37 28
57 37
57 25
38 24
114 31
62 18
22 17
39 36
137 45
14 1
37 33
120 89
37 24
99 11
114 30
24 8
126 58
111 28
26 8
22 13
41 30
68 19
28 18
28 8
69 74
118 54
32 20
51 2
133 90
38 17
131 95
57 1
121 45
37 17
133 60
66 39
108 56
26 2
115 20
30 14
10 11
31 2
36 1
92 41
4 27
73 52
54 55
39 8
134 99
127 125
56 37
24 1
62 34
25 11
38 12
42 34
58 5
54 5
98 85
126 128
89 41
130 28
10 12
27 29
32 12
117 55
119 10
74 4
113 41
33 14
23 15
0 2
5 10
56 42
40 20
134 26
27 8
105 34
4 24
132 41
41 23
33 3
28 14
62 3
51 41
5 17
21 25
84 50
32 17
126 98
58 4
98 51
44 2
136 105
39 34
75 8
33 18
30 25
17 18
91 35
117 4
57 2
48 4
106 35
3 7
4 11
132 50
114 4
32 7
42 3
36 28
121 102
35 2
132 49
50 12
84 52
79 20
87 20
57 42
111 4
83 55
125 55
69 72
134 44
62 10
27 10
55 5
95 7
43 14
92 39
5 28
121 52
30 7
135 121
91 42
7 3
89 42
86 16
51 4
65 8
110 39
125 102
113 32
133 89
40 12
11 15
17 13
41 15
82 52
5 14
126 129
137 121
5 31
138 38
31 22
83 56
39 2
62 12
65 4
132 74
42 29
131 124
99 2
62 4
33 13
36 7
132 39
23 8
118 56
47 14
87 30
14 2
40 7
12 23
110 42
75 1
23 20
14 3
131 65
109 4
41 4
49 50
78 53
34 10
125 52
131 104
31 5
33 17
132 112
39 24
42 12
32 30
52 55
131 121
39 31
80 17
132 83
49 55
37 18
128 82
116 35
82 55
132 73
126 114
126 121
114 8
4 8
133 9
58 50
69 71
98 50
118 57
116 57
4 33
38 11
18 20
127 73
111 55
119 11
4 41
114 25
118 5
55 12
127 71
12 7
8 13
75 4
3 15
132 72
11 16
134 105
15 20
45 5
37 29
115 34
131 74
42 20
86 3
98 53
26 19
17 11
62 8
33 34
36 8
130 73
37 1
12 11
55 33
121 96
78 56
54 39
111 2
4 17
35 25
51 57
14 16
87 2
121 116
36 2
105 29
5 41
134 28
21 18
57 36
0 1
69 73
98 5
138 137
31 28
39 33
42 4
84 51
95 17
42 7
114 7
48 53
33 20
134 108
138 68
110 32
57 5
57 18
34 3
48 52
91 36
26 3
1 18
115 28
106 20
38 7
93 4
63 17
32 34
50 31
42 28
1 17
57 39
55 50
5 32
11 13
7 1
112 35
137 118
48 55
31 1
40 2
88 51
87 23
27 11
134 67
39 41
3 24
133 88
9 12
95 3
58 49
106 10
34 18
103 41
39 28
131 73
15 3
54 41
106 30
34 17
30 12
66 40
66 37
13 1
29 3
87 5
131 98
116 5
103 49
21 22
105 2
117 35
127 113
131 99
37 14
132 67
58 41
132 66
84 54
52 50
131 59
4 20
7 18
98 4
97 5
55 27
115 8
86 20
121 49
128 123
39 13
87 17
129 58
60 61
27 3
20 19
38 34
36 3
34 12
15 1
137 113
56 29
73 83
100 8
15 14
137 70
137 111
110 50
32 5
51 35
79 7
25 17
48 39
136 121
38 13
113 36
69 35
40 34
37 4
138 89
78 41
7 19
116 10
54 53
105 4
51 39
125 49
134 64
74 5
135 68
42 14
56 51
21 12
86 19
47 17
32 25
50 40
14 8
53 51
24 3
133 91
32 28
42 31
33 30
121 92
36 4
57 17
114 20
115 1
56 40
29 15
57 27
137 74
114 11
137 52
13 16
30 22
106 32
18 17
38 10
122 82
111 41
116 4
80 2
52 54
14 17
120 46
127 116
3 13
119 8
130 100
62 31
29 11
9 10
39 15
49 39
132 54
23 18
114 34
11 14
102 55
29 13
8 19
69 28
87 7
36 11
117 39
126 122
36 22
5 11
87 36
52 4
87 35
50 39
59 5
13 19
114 23
84 4
138 105
62 32
101 50
29 5
113 42
127 56
137 93
27 14
52 41
92 51
30 11
134 69
77 52
36 12
58 51
34 24
68 8
50 57
131 105
21 7
39 30
115 3
27 25
106 36
121 81
57 41
115 15
73 49
48 5
64 2
102 5
57 22
55 3
136 69
35 33
106 29
55 32
41 10
3 1
22 11
47 16
82 56
31 7
84 5
126 127
76 56
25 24
39 10
125 96
106 2
65 3
29 28
35 32
11 8
4 2
26 7
38 20
91 56
132 56
99 7
62 13
88 42
89 39
27 30
99 18
10 7
36 14
116 32
23 2
107 5
49 51
41 34
34 2
37 11
135 63
62 28
138 106
41 2
85 51
121 56
9 8
87 31
111 40
119 35
134 81
35 23
88 5
100 1
38 18
28 7
122 124
88 35
62 24
32 22
47 3
53 5
137 73
78 51
37 5
125 117
127 111
88 56
101 56
114 33
103 57
88 57
105 57
119 7
127 78
1 7
2 17
43 1
56 36
10 25
5 8
49 56
26 18
60 6
42 35
125 57
110 34
82 49
63 20
4 10
110 40
24 18
78 39
36 20
24 16
125 56
87 22
130 124
24 14
0 5
48 40
39 1
113 39
25 19
125 110
130 123
78 49
51 32
23 13
62 22
137 51
26 17
137 102
20 17
3 20
37 15
103 51
13 14
76 53
56 2
34 22
77 56
40 5
55 36
40 8
125 45
112 42
40 42
65 17
116 55
87 37
45 4
56 57
42 30
112 56
5 13
2 12
22 8
10 23
114 2
112 40
38 4
130 90
120 121
121 83
40 14
132 103
130 46
131 114
89 35
29 14
130 121
77 55
136 106
3 19
29 1
118 55
134 73
42 32
76 55
2 30
49 5
87 18
10 13
91 27
91 4
30 17
40 11
108 54
66 31
41 24
127 53
40 30
121 66
50 25
12 8
12 13
36 30
57 32
95 18
88 41
33 7
121 113
125 74
10 15
12 2
127 81
10 14
114 39
37 12
114 36
132 70
76 4
63 16
111 39
31 34
75 17
54 57
137 53
41 37
72 4
82 50
27 31
33 22
127 96
25 12
12 1
15 8
1 8
109 5
79 1
29 24
41 25
103 56
83 4
65 1
17 8
53 4
51 37
27 5
21 11
121 103
3 12
106 12
38 1
118 35
134 86
113 4
53 35
27 2
64 7
57 33
83 39
134 46
129 82
72 5
31 29
2 7
35 15
4 25
87 13
99 10
131 70
29 25
4 39
68 3
33 11
53 41
21 14
76 52
110 5
97 35
131 107
126 69
137 92
115 12
28 1
32 29
56 4
128 121
67 5
51 55
107 4
132 117
25 7
105 27
10 24
63 3
13 20
4 3
121 70
4 36
56 41
121 97
132 102
21 23
42 33
135 94
57 10
27 24
111 35
133 0
62 17
102 51
64 8
134 59
12 19
132 52
121 50
62 23
127 103
31 23
66 42
87 25
10 18
22 20
137 57
44 4
91 41
70 4
112 55
1 20
51 42
105 31
40 29
37 3
134 96
95 8
5 12
54 51
53 39
39 3
114 42
91 50
122 125
133 95
137 84
93 5
102 40
23 11
34 8
68 1
99 3
2 1
125 72
129 124
96 4
40 13
106 8
32 13
41 35
52 39
28 3
4 57
55 4
113 31
5 24
104 5
115 25
47 15
112 37
31 33
0 4
36 33
66 50
114 22
37 25
38 28
133 114
21 8
29 33
22 24
62 33
120 75
87 42
127 70
1 13
50 34
23 1
105 33
111 34
115 5
35 31
110 10
55 39
5 27
98 52
108 53
12 22
47 18
116 41
28 20
125 81
130 131
57 8
33 28
57 29
101 55
122 98
106 3
83 84
55 41
26 20
35 5
58 57
119 41
85 54
103 39
106 27
7 8
125 116
33 8
24 2
35 34
31 10
27 28
80 20
83 50
119 12
125 121
85 84
8 16
137 66
3 11
57 24
8 18
133 77
86 8
129 121
38 32
39 18
134 58
119 28
41 27
88 53
116 28
125 83
83 5
114 17
110 2
133 86
92 55
0 3
119 32
106 39
48 54
137 81
121 57
77 57
41 28
39 35
24 7
4 30
113 40
110 29
39 17
6 7
92 35
66 12
118 51
58 52
63 19
20 13
116 2
71 5
121 73
138 134
100 20
112 41
25 22
50 29
132 57
126 86
97 39
53 40
130 44
113 50
127 118
33 10
40 17
115 30
27 33
137 116
25 18
101 51
91 51
11 7
38 8
132 78
118 41
94 61
15 19
50 3
111 33
121 53
131 123
84 53
90 16
31 14
58 40
137 103
35 20
117 5
35 28
33 1
91 55
10 2
87 4
133 99
39 25
32 18
38 5
54 4
20 18
73 53
78 50
118 50
113 35
55 1
64 1
28 11
50 10
84 57
31 25
17 19
4 35
125 71
121 111
4 1
56 31
125 111
13 17
18 16
98 54
24 19
27 13
92 37
88 55
106 40
25 20
32 1
131 108
34 7
58 54
20 11
40 37
127 39
108 55
55 10
76 54
87 3
51 40
15 17
138 43
131 101
127 66
129 91
21 20
38 27
47 1
25 1
39 12
50 23
112 36
115 23
2 11
35 11
87 27
56 5
87 10
40 15
132 93
49 53
35 17
31 17
121 39
56 27
131 96
115 17
134 115
50 2
133 80
102 42
41 32
121 110
110 57
119 31
35 37
82 51
41 22
27 12
57 13
87 24
99 1
36 13
135 105
62 1
110 31
35 4
35 22
133 108
128 90
131 64
126 99
102 56
15 16
107 2
131 82
132 53
114 14
97 42
115 14
114 32
98 55
57 28
40 24
23 7
63 1
89 55
105 37
1 19
121 74
56 39
40 3
125 97
122 91
87 1
132 110
103 4
3 25
105 42
125 51
68 20
127 83
7 17
87 28
66 5
110 37
5 39
78 55
41 31
113 37
92 27
82 83
40 18
8 7
119 39
134 95
128 98
99 8
12 24
50 5
97 27
126 82
129 125
37 23
88 40
132 81
49 57
4 40
64 12
120 28
131 86
22 15
125 70
43 18
85 83
84 56
138 21
117 57
134 114
108 50
2 24
63 8
29 8
49 4
50 28
99 20
121 93
131 93
105 35
126 64
113 5
76 51
111 36
103 40
40 33
5 25
130 126
25 15
130 104
22 7
50 33
126 108
138 28
23 14
4 37
54 40
77 49
121 71
115 13
110 3
102 35
38 33
85 53
98 56
135 106
55 57
55 30
57 3
128 58
134 75
1 11
129 98
52 56
51 36
6 8
34 28
114 1
30 8
40 31
47 2
3 18
34 20
53 57
40 1
40 22
32 23
115 10
36 32
37 30
119 9
35 18
34 15
110 55
56 32
5 42
97 51
111 42
77 51
127 51
27 22
127 84
41 1
37 7
5 35
31 18
42 13
85 52
100 2
138 63
38 14
99 19
106 37
134 93
66 29
110 30
47 13
39 32
38 30
42 18
23 24
42 23
62 15
88 49
110 33
127 57
133 26
80 8
83 53
126 48
118 4
66 30
30 19
40 32
132 116
115 7
108 51
118 53
13 2
35 10
125 54
131 72
38 29
125 112
64 11
43 15
32 8
35 1
34 25
41 7
33 24
47 11
39 20
130 65
29 18
46 5
69 10
80 1
62 11
4 42
55 42
88 4
11 19
2 10
138 121
127 117
25 14
50 32
11 17
30 20
105 36
122 48
29 20
111 50
57 34
38 2
83 54
127 41
127 110
110 36
42 24
106 28
25 8
30 3
35 12
55 2
128 69
77 40
107 8
137 97
115 24
110 28
86 1
35 30
35 13
12 20
66 55
36 25
92 56
38 25
129 48
41 33
35 8
113 55
29 2
64 10
127 97
43 8
77 54
1 24
43 7
114 28
50 36
30 1
31 3
2 33
129 69
127 74
3 8
50 37
66 3
132 45
10 1
125 78
128 124
133 94
136 134
28 30
127 72
22 2
125 39
57 12
2 25
121 51
113 2
131 58
48 56
66 41
27 15
136 126
75 3
137 50
115 18
95 1
23 17
11 24
106 25
55 25
112 57
39 22
87 33
56 50
88 39
84 49
14 18
101 49
30 10
20 24
43 16
34 14
91 37
105 32
134 104
134 45
134 82
106 11
24 15
41 12
102 53
131 60
86 18
86 2
22 19
52 40
125 53
3 23
32 14
121 125
127 67
92 36
135 47
87 29
102 39
55 22
114 3
23 3
125 67
125 66
105 28
106 4
55 34
87 15
130 105
91 5
120 69
5 3
131 26
2 8
28 10
2 18
133 76
57 4
134 65
82 53
137 110
37 2
39 29
65 5
107 20
106 1
121 85
114 29
57 11
115 11
4 5
40 41
21 19
98 49
27 23
37 31
43 17
29 30
89 5
132 55
28 15
29 10
106 31
126 26
131 75
82 5
132 111
4 29
129 123
41 20
131 46
5 33
116 3
103 55
64 18
83 51
39 42
104 4
62 25
43 20
127 102
31 4
92 40
13 3
86 17
13 8
39 23
17 7
40 36
47 20
36 31
92 4
4 13
84 39
132 71
71 4
98 84
36 10
100 17
82 84
35 7
50 30
53 42
39 5
134 48
36 29
24 20
39 37
39 11
37 34
134 98
97 50
107 3
48 57
40 25
52 53
78 4
69 7
5 20
3 10
39 14
44 5
126 95
99 17
121 84
107 1
77 50
110 4
33 2
97 37
100 5
118 49
22 14
19 16
131 67
125 92
86 7
42 8
28 12
31 32
102 50
58 55
101 53
89 4
134 74
5 30
2 28
137 49
131 48
117 51
134 91
4 15
81 4
122 69
62 7
78 57
113 57
35 29
58 56
134 121
128 125
101 28
114 41
78 54
76 57
135 28
125 118
2 20
133 101
137 112
81 5
105 50
47 19
54 35
3 22
99 12
23 19
131 45
83 57
25 3
111 29
21 3
51 5
64 17
56 35
137 78
111 32
106 57
38 31
91 57
30 24
57 30
113 29
97 41
22 23
13 18
2 15
137 72
5 23
92 50
22 1
43 3
35 27
120 106
121 67
31 24
78 5
127 49
32 33
4 14
137 83
134 101
50 42
38 22
54 42
134 107
21 2
33 15
78 40
40 23
36 18
28 2
29 17
81 2
4 23
51 29
134 70
131 90
41 3
121 41
57 40
11 3
21 10
76 49
10 8
138 87
121 112
134 132
137 56
33 12
122 121
134 106
64 3
27 1
106 33
137 41
2 14
66 33
37 32
57 35
117 41
25 23
131 71
13 15
79 8
131 106
97 40
48 49
102 57
55 35
114 12
105 55
121 118
106 22
32 2
5 36
