112 42
100 95
23 1
88 48
7 27
7 20
46 27
38 32
18 32
6 13
23 32
104 90
22 13
107 103
120 100
56 49
115 110
75 12
71 53
20 13
39 16
46 36
97 27
101 102
54 33
121 36
6 8
90 25
36 38
114 76
77 39
91 46
35 1
39 11
23 8
0 1
25 6
51 22
121 100
43 16
109 57
74 49
107 76
79 69
107 59
7 13
38 24
115 77
37 38
69 54
92 37
30 6
79 46
68 51
74 31
96 31
96 17
50 37
114 45
23 30
69 15
41 30
16 33
39 34
26 35
45 54
23 29
96 48
41 19
39 19
47 50
32 6
32 17
37 11
105 60
68 36
33 20
18 22
112 93
37 12
36 9
31 1
15 1
79 54
1 7
33 34
103 52
48 24
40 12
46 24
50 19
48 8
91 17
73 48
97 30
100 37
113 47
74 54
68 69
18 19
36 39
39 22
114 67
49 30
103 47
26 27
59 8
21 33
45 37
17 1
51 17
43 11
50 21
92 69
39 17
33 26
104 56
36 21
55 15
19 32
51 23
104 42
31 27
1 12
49 46
59 15
84 11
55 31
49 48
96 24
1 11
74 47
52 31
21 11
43 20
89 17
41 26
17 6
54 23
86 1
32 9
6 7
77 36
114 44
97 32
112 116
71 52
105 103
92 51
35 7
113 63
30 34
37 19
103 37
95 38
92 47
32 35
23 25
18 7
105 48
16 30
15 29
46 15
68 47
46 17
36 23
48 16
77 53
104 85
105 100
51 38
43 29
47 15
19 27
58 1
115 94
23 11
50 24
24 11
83 51
115 17
47 18
18 9
113 50
11 12
37 7
54 39
105 108
40 10
113 53
50 38
112 85
55 50
53 16
95 24
105 36
96 32
95 17
60 11
80 47
8 7
24 25
97 20
104 87
91 25
9 11
88 47
17 9
39 18
122 43
112 113
36 30
74 46
53 36
85 53
48 17
25 30
105 52
8 13
103 53
59 61
31 24
80 68
18 29
113 48
122 92
50 15
47 21
104 59
31 18
92 49
73 36
114 81
54 15
49 21
43 32
7 12
25 20
39 25
59 60
41 13
90 33
25 28
26 7
21 17
115 59
94 13
122 100
7 11
46 31
120 115
67 54
73 37
15 27
38 28
25 22
43 33
24 6
96 21
112 65
39 26
25 27
6 12
67 39
33 27
29 35
48 39
113 79
38 9
112 100
73 47
77 21
82 11
73 16
55 18
104 94
104 101
49 25
96 29
31 16
38 31
105 95
91 1
121 96
17 27
76 13
90 15
50 30
54 6
82 1
31 8
92 55
37 28
42 12
109 99
114 89
71 69
33 17
41 25
112 99
68 46
27 11
120 121
24 1
46 32
9 1
95 15
20 12
38 16
114 80
91 22
97 11
56 50
121 60
47 39
33 13
55 36
50 29
115 84
39 32
89 6
69 50
39 37
90 46
48 22
113 54
118 119
113 100
9 13
121 79
45 48
79 51
5 7
58 27
114 77
85 50
31 26
37 22
32 30
118 14
83 15
43 25
46 20
106 100
105 63
22 1
39 31
79 47
100 51
68 55
17 11
25 9
31 33
98 92
36 37
23 26
96 18
17 13
29 22
121 39
104 88
38 30
80 50
39 1
41 6
57 8
96 19
106 85
49 18
97 33
1 6
121 64
22 20
39 9
46 6
79 50
50 25
50 46
39 6
22 6
115 99
112 80
78 49
32 7
39 33
69 49
16 22
15 31
30 13
30 27
91 36
57 7
24 33
36 34
95 25
69 39
55 47
67 48
112 62
95 29
18 1
22 35
118 91
48 38
104 77
46 25
103 36
46 21
94 1
36 6
38 11
46 34
48 33
27 20
36 22
55 38
54 30
15 9
112 86
21 20
38 8
68 54
101 85
121 65
37 34
47 51
109 100
100 69
54 16
68 48
97 17
34 35
24 27
19 28
100 108
43 22
103 54
93 10
95 23
122 91
105 53
120 90
39 38
105 61
33 1
100 63
21 7
103 48
73 53
18 17
50 16
29 1
95 33
91 26
24 35
112 87
25 11
121 37
112 57
81 3
21 28
50 23
53 46
96 16
43 28
96 23
30 12
72 1
45 52
23 9
17 26
121 69
37 30
54 8
97 9
68 38
34 7
51 18
98 84
83 31
78 15
90 51
1 28
51 25
70 11
95 31
67 46
97 7
67 36
103 60
77 49
49 33
56 51
121 95
98 66
53 51
112 44
95 48
33 22
96 39
26 28
23 33
97 28
38 17
49 17
31 19
31 6
29 20
95 37
19 17
55 23
90 31
109 76
113 37
43 19
113 108
1 20
113 55
96 1
100 49
41 32
38 19
79 36
5 3
31 22
56 48
1 8
115 71
85 47
103 39
81 8
69 55
104 93
37 26
95 39
46 16
21 30
58 11
40 1
78 53
73 49
96 22
53 19
15 32
37 21
78 54
90 29
22 9
83 46
24 30
39 20
23 12
69 53
80 49
18 6
78 21
21 8
112 91
37 29
16 25
43 6
36 25
118 3
112 84
25 33
15 23
33 9
29 34
83 18
85 55
30 22
34 20
91 11
48 36
45 51
30 7
18 30
55 49
46 35
7 28
41 22
31 9
94 12
80 17
78 50
53 39
7 9
51 30
46 19
41 35
105 49
105 51
112 64
30 28
100 50
39 30
91 21
49 38
100 55
39 24
38 35
53 24
42 13
54 32
59 17
100 54
55 29
46 38
101 71
95 36
112 61
51 31
78 37
29 25
91 15
38 12
41 12
25 35
8 28
32 1
16 21
59 23
32 28
21 6
53 23
28 12
88 51
100 47
77 16
87 10
53 31
122 17
107 100
54 34
85 68
24 12
79 53
52 49
82 12
118 90
46 23
115 72
37 17
36 7
67 55
17 7
107 102
71 55
103 63
55 37
112 59
112 90
23 6
36 11
45 15
47 46
22 12
120 104
14 10
72 13
31 21
55 39
23 35
73 46
37 9
27 12
91 18
115 65
58 10
24 8
73 51
74 39
32 27
118 92
50 18
20 9
41 28
37 23
100 65
77 38
88 17
74 38
53 29
29 6
49 31
18 34
103 95
43 1
106 77
16 35
69 38
54 36
51 36
109 104
46 9
91 30
26 6
64 55
8 9
16 18
75 11
6 9
32 12
31 34
39 7
122 115
18 25
80 55
31 30
93 13
114 72
78 36
47 37
36 31
15 19
74 50
51 15
52 21
16 8
77 15
73 15
21 19
91 38
24 18
44 10
8 20
16 1
8 27
31 25
17 12
76 10
36 32
30 9
113 51
78 39
104 105
53 54
106 59
33 6
105 96
54 38
96 33
54 22
100 96
5 8
48 19
71 68
26 13
55 48
83 24
75 10
69 36
53 50
103 96
115 113
41 34
97 26
103 108
92 46
21 12
100 62
29 9
41 9
16 32
33 7
77 50
67 47
16 17
41 8
113 78
100 48
9 10
112 94
37 32
43 21
97 1
17 28
37 20
15 6
91 37
46 1
85 51
30 26
95 21
77 46
19 22
15 16
24 9
71 48
55 54
114 70
25 26
53 25
55 53
115 108
15 17
104 100
50 32
31 23
24 28
78 24
37 6
52 15
19 8
114 74
74 51
30 35
115 42
30 33
22 27
37 31
45 16
23 17
51 33
7 1
43 24
83 39
21 22
54 18
87 12
121 54
15 21
88 55
19 30
79 48
15 34
50 36
68 39
105 68
114 97
15 11
103 50
31 20
95 18
32 8
46 8
34 9
113 68
121 47
55 52
80 52
53 18
95 30
46 18
29 11
80 53
115 82
45 46
66 1
49 51
16 19
52 53
100 68
121 68
51 48
18 11
90 37
17 20
47 36
27 10
83 52
52 23
21 32
11 13
118 100
112 82
16 26
78 48
101 76
82 13
29 28
115 117
48 15
64 54
29 27
77 18
40 20
15 22
121 78
49 23
68 49
121 50
41 33
83 50
49 37
103 49
67 49
29 26
105 39
51 37
88 50
37 1
96 36
83 16
98 89
45 47
78 38
121 61
40 13
38 18
37 8
59 64
38 7
89 15
47 48
69 37
15 7
15 25
26 11
89 7
37 33
115 116
6 27
58 9
19 13
113 62
31 28
121 55
11 7
103 62
56 52
45 36
97 8
109 64
52 46
29 33
24 17
54 31
85 48
28 13
121 62
29 12
114 92
69 48
41 27
95 54
98 14
112 97
56 47
80 54
90 21
26 12
74 36
23 20
25 7
19 6
98 99
101 44
12 11
31 7
59 63
89 23
35 11
68 50
56 55
64 52
113 69
75 1
83 23
95 19
73 55
112 76
77 54
83 48
42 8
121 63
31 35
90 32
115 87
47 38
105 65
16 9
38 22
85 54
91 32
55 51
105 78
100 52
16 6
88 54
77 37
26 1
16 24
48 32
106 44
15 28
92 53
28 27
19 33
36 24
1 9
112 71
38 34
88 52
91 19
54 48
112 72
53 21
35 28
43 23
120 91
51 24
114 0
34 28
18 26
96 30
104 107
90 19
37 35
25 13
91 6
32 20
23 28
73 39
27 9
36 27
80 51
19 35
34 12
24 34
6 20
37 15
112 66
47 54
18 33
98 17
18 20
79 52
16 20
90 38
48 29
45 55
115 100
39 8
52 16
51 39
92 39
77 52
23 18
49 29
91 31
29 8
37 27
18 35
36 15
105 62
48 37
71 47
53 15
33 28
35 12
45 39
90 23
114 82
49 15
105 69
79 39
27 13
38 20
67 37
36 1
45 53
78 46
47 52
114 4
97 22
38 33
114 2
15 26
104 97
98 57
67 53
49 54
39 27
103 51
15 24
53 32
31 12
4 3
30 8
114 93
8 12
36 33
12 13
69 51
1 35
91 34
106 102
78 23
121 49
83 37
43 35
26 9
26 20
38 15
115 93
6 28
36 20
39 35
90 17
5 6
103 61
17 35
68 52
114 14
105 37
118 45
29 7
23 34
114 87
98 59
37 24
47 29
18 28
30 20
43 18
43 26
103 79
64 47
79 37
113 65
30 17
53 49
50 51
112 60
103 100
38 25
100 36
73 52
36 8
103 55
19 1
43 8
55 24
104 72
114 56
115 97
87 27
105 64
33 8
17 8
32 26
73 54
101 103
49 36
48 34
15 20
71 49
25 1
48 46
18 21
77 23
96 26
23 27
26 34
91 7
34 1
46 11
112 14
68 53
12 10
34 11
6 1
112 75
109 66
96 25
37 25
96 54
39 12
52 50
58 12
42 6
36 17
103 68
51 32
46 26
16 11
43 30
46 37
54 35
101 59
97 6
75 13
24 22
107 85
121 52
19 20
104 80
17 34
103 69
22 34
39 28
56 17
85 46
32 11
28 11
15 18
109 102
100 60
114 73
46 33
92 36
1 13
79 68
43 15
36 26
83 49
97 13
56 53
53 48
115 102
28 20
87 13
28 9
42 26
1 27
6 11
112 77
115 90
109 17
114 88
29 30
95 51
52 37
46 39
74 55
121 108
82 10
53 38
15 33
43 9
85 52
95 16
100 103
35 20
35 13
32 13
46 28
113 64
16 23
104 82
67 51
81 6
113 39
48 30
55 16
70 1
122 37
67 38
54 37
24 26
77 29
112 17
107 77
23 19
19 9
95 46
77 51
16 29
52 38
122 45
51 29
109 89
28 1
45 38
115 80
68 37
49 32
115 91
72 12
16 34
115 62
92 54
91 33
115 86
83 36
24 20
101 100
80 69
47 53
51 21
71 54
54 25
25 34
17 22
34 27
118 57
107 44
90 39
37 16
57 6
112 63
104 91
104 106
47 24
112 108
22 8
94 10
92 48
25 17
21 35
25 19
29 21
78 31
55 46
2 3
115 56
48 18
83 38
41 20
71 50
122 3
20 1
43 31
109 91
30 11
21 26
106 103
43 17
41 1
78 51
50 49
92 68
31 11
90 24
24 32
87 11
98 45
48 26
72 27
90 49
59 65
46 30
23 21
54 19
115 61
34 6
38 27
77 31
47 49
122 40
36 29
16 7
98 90
45 31
33 12
48 31
29 17
109 84
28 10
92 50
24 21
89 16
58 13
90 18
15 8
52 48
69 46
41 7
24 23
71 46
19 34
30 1
45 49
36 28
52 24
79 55
32 22
121 51
43 37
52 29
48 1
103 78
81 17
6 35
60 1
20 11
50 39
90 36
121 103
21 34
48 35
19 12
78 16
91 35
36 19
48 6
95 49
112 102
16 27
118 17
56 54
91 39
40 11
69 52
19 11
100 64
26 8
96 37
23 7
107 71
21 25
43 7
42 27
100 79
83 53
109 86
121 48
109 14
80 48
114 42
104 71
21 27
89 37
89 39
58 20
122 90
22 11
85 49
113 61
54 26
41 11
34 8
50 54
85 69
51 54
71 51
78 52
101 77
49 24
15 12
112 89
122 58
94 11
51 16
87 1
49 19
8 1
25 8
25 32
113 103
36 18
64 48
100 39
18 27
97 34
74 48
69 47
100 61
103 64
84 1
115 66
52 54
115 63
40 9
38 29
16 12
83 21
71 36
67 69
33 11
9 12
39 21
50 48
52 51
90 16
22 7
90 48
15 35
22 26
57 3
77 24
8 11
91 24
105 50
91 8
109 112
73 38
67 50
29 19
24 7
46 22
91 23
89 8
114 5
113 95
83 29
18 12
72 11
38 6
23 22
103 65
47 16
81 7
78 18
48 25
52 36
74 53
42 1
113 36
48 21
115 88
91 29
115 85
36 16
73 31
112 88
97 12
31 32
54 17
49 16
37 18
113 60
74 15
49 39
25 12
43 34
19 26
105 47
91 16
16 28
35 9
32 33
8 35
74 16
74 37
20 10
92 52
1 34
113 96
73 50
43 38
54 24
115 64
96 15
32 34
88 49
39 15
109 111
54 21
105 79
95 32
38 23
96 46
43 39
11 20
122 121
113 52
21 1
42 7
31 17
38 26
35 27
50 31
90 30
19 7
86 11
96 38
13 10
18 8
27 1
41 17
100 53
54 1
66 11
51 46
48 23
38 1
114 83
112 117
38 21
52 39
100 78
47 31
51 19
105 54
89 25
46 7
47 23
90 54
67 68
52 18
88 53
106 76
83 54
114 94
34 13
42 11
79 49
98 100
118 89
39 29
78 29
3 10
59 16
106 71
121 53
82 27
59 62
97 35
36 35
109 110
22 28
112 110
112 3
39 23
54 46
11 27
109 59
105 55
109 90
33 35
85 36
94 27
118 6
120 59
54 29
21 9
29 32
43 27
77 48
113 49
15 30
53 37
74 52
45 50
67 52
98 91
115 60
112 56
