77 34
6 9
56 4
6 10
49 33
53 2
23 21
2 12
38 21
16 23
30 3
55 26
71 17
8 23
51 19
27 28
52 16
52 3
49 28
77 13
51 17
51 10
55 3
74 11
42 1
70 34
51 29
3 21
70 29
61 8
6 1
54 35
59 7
56 34
39 26
76 8
74 12
76 7
39 7
40 34
44 4
27 18
74 23
30 16
59 8
62 26
51 16
52 2
39 19
40 8
51 33
36 12
71 4
1 12
51 1
52 4
41 29
56 1
30 32
51 28
54 31
71 8
63 20
23 11
41 31
0 1
55 17
31 24
77 33
48 4
38 24
46 35
42 37
51 18
77 18
71 1
36 24
0 2
51 2
53 3
77 35
52 34
41 10
77 1
56 5
42 17
42 36
58 16
30 36
52 17
27 16
71 33
41 3
9 24
55 33
73 23
18 12
42 35
46 36
55 32
39 16
55 8
30 2
65 24
77 28
49 18
41 16
42 16
70 13
72 36
39 37
38 11
19 34
30 9
77 3
52 37
77 29
61 1
60 2
35 21
63 3
41 7
15 16
27 4
5 12
47 4
56 28
77 9
9 23
15 19
49 37
3 23
9 12
61 33
54 16
71 37
39 18
19 23
42 28
42 20
27 13
39 9
6 2
44 10
77 5
2 21
42 2
42 18
41 26
71 26
30 35
1 11
51 4
77 26
77 16
4 12
77 20
36 65
15 17
36 21
38 12
52 1
42 3
55 35
30 33
49 2
73 24
42 26
6 7
70 2
47 1
73 11
59 1
45 31
24 12
49 20
52 9
77 8
51 26
51 32
46 31
54 18
41 28
42 9
71 7
68 12
61 7
71 32
9 22
52 32
42 32
77 17
63 17
6 8
69 19
51 31
72 33
27 1
2 24
8 24
52 7
50 33
72 35
56 29
59 32
45 36
0 3
41 32
52 18
70 3
58 18
42 7
45 35
73 12
49 19
47 2
49 16
42 29
42 10
71 10
51 36
77 31
35 12
39 8
72 3
51 34
49 13
45 2
77 2
41 1
2 23
2 11
64 2
3 22
30 10
77 37
6 3
15 18
42 4
61 34
69 9
77 4
16 24
74 75
52 19
48 1
77 36
52 26
70 9
27 29
3 24
77 7
72 37
51 20
68 21
19 21
74 22
30 37
56 13
55 31
44 1
0 5
61 4
59 4
30 31
77 19
36 11
48 34
9 11
65 23
72 5
55 1
13 12
76 5
59 17
55 7
72 31
41 35
55 34
45 5
52 33
36 23
41 17
14 12
77 32
16 22
51 7
71 9
19 24
6 4
27 9
18 22
44 5
47 10
41 33
42 34
0 4
70 28
52 10
25 26
49 26
44 26
41 4
30 18
41 36
51 5
41 37
30 26
55 36
71 3
38 23
32 12
41 8
49 29
16 21
57 33
30 34
31 23
15 5
50 10
44 34
41 20
72 10
42 19
72 18
63 2
28 21
54 36
41 2
52 8
64 1
71 2
40 7
42 31
55 4
77 10
23 12
51 13
51 35
51 3
61 17
74 24
44 33
41 34
16 11
41 13
49 10
72 16
36 66
51 37
67 33
3 11
3 43
49 3
15 20
2 22
60 34
64 4
15 9
30 5
47 3
41 18
78 17
19 22
42 8
42 13
17 21
27 2
71 34
51 8
17 12
