11 12
33 22
20 1
34 6
24 8
27 1
27 12
34 5
24 17
16 5
27 16
3 7
29 14
24 20
23 25
23 1
6 1
0 1
26 6
10 1
20 25
15 22
15 12
19 8
11 2
10 4
32 14
3 2
19 4
24 13
32 10
32 3
31 28
27 23
34 14
31 1
26 15
29 12
32 22
27 22
11 15
11 5
11 14
7 25
32 7
31 9
32 18
3 6
15 25
32 12
23 6
33 5
33 6
33 1
34 21
8 1
27 15
11 8
20 5
34 22
32 19
22 6
5 1
19 5
32 21
26 17
3 4
24 5
18 1
34 19
2 5
34 8
4 8
9 6
6 4
18 8
24 16
6 8
34 1
34 20
9 10
27 21
2 1
24 6
15 5
11 6
34 23
17 1
31 23
32 17
12 5
6 5
31 7
20 2
22 12
26 5
32 2
7 1
11 21
9 8
27 5
32 5
31 0
5 8
9 1
11 23
3 5
27 7
24 14
24 23
28 10
15 1
31 30
14 2
19 2
33 8
33 21
29 9
21 1
24 2
5 2
32 23
9 5
3 1
18 25
32 1
23 2
24 19
26 8
26 10
32 6
11 7
21 2
27 13
18 7
31 5
33 13
4 5
11 18
31 2
34 13
34 17
16 1
24 12
32 13
23 12
7 8
10 2
31 25
20 7
24 10
9 7
27 19
12 22
4 2
12 1
21 6
18 2
34 3
22 8
26 7
27 3
11 20
22 25
26 21
33 12
21 8
33 19
22 1
24 18
26 3
9 2
31 18
17 2
12 6
12 7
32 15
12 25
27 20
33 3
29 28
15 7
26 19
26 22
33 16
27 14
33 20
30 5
21 5
30 10
7 2
33 10
24 7
33 23
27 10
26 14
16 2
34 2
34 7
14 5
33 18
10 8
26 23
29 15
34 15
21 4
29 0
24 22
19 6
23 7
29 7
19 1
6 2
29 20
17 25
5 4
27 6
22 5
10 6
15 20
28 1
34 10
22 2
11 10
27 8
34 12
24 3
11 19
24 15
29 30
11 3
12 8
33 14
32 20
34 18
24 21
26 18
27 2
0 2
3 8
24 1
33 15
27 17
34 16
23 5
11 1
27 18
18 5
26 13
8 2
11 17
9 4
33 7
26 12
31 12
26 1
12 2
26 16
32 8
32 16
7 5
11 22
33 2
11 13
4 1
22 7
23 22
19 7
26 20
10 5
11 16
26 2
29 31
23 8
31 22
8 5
33 17
