39 5
6 12
40 24
142 71
107 1
107 30
9 36
100 28
22 29
106 22
21 20
135 99
32 20
7 28
22 16
139 136
97 15
75 42
106 41
8 1
79 43
3 12
28 11
40 4
22 14
92 7
106 1
111 27
7 39
99 5
38 6
9 30
18 1
132 119
34 5
73 2
27 2
32 17
24 13
27 15
15 3
130 83
101 43
41 35
75 36
28 1
79 41
35 5
51 1
40 14
61 2
93 5
143 116
101 75
139 61
30 3
43 2
20 13
102 8
129 68
17 2
129 116
41 8
35 40
42 32
39 14
77 44
107 41
33 32
31 42
133 118
28 27
62 11
27 6
30 13
91 7
133 92
18 20
74 75
136 116
9 6
110 14
140 100
67 36
24 14
21 26
31 37
30 2
88 1
6 4
29 9
100 9
91 9
87 29
6 17
132 124
5 16
33 25
131 91
28 5
21 6
107 35
102 76
15 5
5 27
18 23
54 4
111 9
105 8
23 24
36 1
135 19
95 2
35 4
34 20
15 16
129 102
23 26
133 121
84 6
5 3
131 44
38 24
74 41
110 39
16 6
87 23
107 29
107 38
110 1
108 39
16 5
22 26
62 4
25 12
20 15
117 51
38 32
22 25
103 13
89 23
34 14
143 142
76 41
139 86
22 3
133 87
20 5
17 5
137 96
74 34
9 11
37 8
26 15
43 9
7 22
21 4
131 76
85 41
101 38
70 38
60 6
93 11
100 11
86 2
29 24
37 34
60 2
96 15
46 15
21 19
140 115
1 19
67 13
55 56
106 39
23 20
9 17
37 25
136 43
43 24
95 7
28 2
12 16
39 19
94 12
46 3
41 5
137 0
67 9
142 91
29 25
60 16
137 86
81 77
111 3
48 19
19 12
38 27
33 39
142 42
1 20
132 122
40 25
96 13
28 26
62 13
31 36
26 4
43 33
108 36
24 9
100 27
74 77
129 109
139 45
99 7
28 13
93 6
27 14
26 6
90 76
76 34
109 8
39 15
42 1
106 38
37 21
16 13
112 75
98 42
108 9
36 27
63 37
54 6
44 1
36 9
134 95
106 35
60 3
26 17
14 1
79 75
101 35
32 29
108 33
34 15
35 28
22 17
88 29
36 26
139 50
7 36
67 30
85 34
10 17
9 22
102 9
94 15
34 39
7 32
31 39
23 25
110 36
102 44
39 29
31 8
93 20
29 5
89 7
132 83
100 32
76 7
136 91
29 6
90 38
12 15
25 1
19 26
102 34
48 15
129 42
143 100
110 30
110 20
32 26
38 30
7 8
44 37
81 37
1 14
36 28
33 24
82 13
134 120
18 6
130 100
40 28
62 2
132 87
32 28
109 9
23 16
45 5
67 24
72 41
17 15
18 21
36 6
96 32
12 4
37 28
139 94
31 1
87 36
74 76
116 64
44 34
42 41
70 42
41 39
142 69
17 3
1 23
5 14
116 76
131 68
18 3
93 2
111 24
78 43
100 23
140 12
134 122
0 5
85 43
130 117
37 30
135 71
30 26
135 124
24 20
109 28
143 31
59 26
2 3
39 20
131 75
10 1
96 6
95 6
85 42
116 108
8 4
34 32
107 39
83 75
5 2
67 17
73 6
109 32
34 1
35 3
110 22
33 11
99 39
129 75
59 20
18 15
137 94
37 23
79 38
15 1
48 20
14 2
110 27
8 17
66 71
85 39
67 28
143 139
137 111
46 14
65 4
107 34
139 52
5 4
133 122
106 23
70 76
36 25
34 40
81 75
9 13
34 16
116 34
41 26
116 68
92 8
142 44
52 8
54 16
27 1
61 17
134 135
43 8
140 101
19 15
37 24
22 6
67 5
9 34
38 36
142 81
38 1
5 6
18 11
137 85
1 13
111 15
65 11
135 110
136 109
48 28
46 4
11 4
129 91
58 3
10 2
27 16
81 44
131 69
41 36
19 16
59 21
89 1
67 4
20 12
36 23
89 38
79 35
37 36
113 31
74 9
59 9
107 25
92 43
10 15
135 83
106 43
35 32
100 33
101 44
106 36
98 38
102 38
68 9
21 1
44 29
9 33
1 30
139 83
2 16
47 13
135 73
28 9
139 116
98 43
7 9
134 104
29 17
129 76
97 13
37 27
10 12
37 39
59 27
83 8
37 43
76 38
30 24
43 21
17 16
131 43
23 9
61 5
139 53
54 5
73 4
97 2
41 24
25 15
4 12
20 11
85 37
97 12
6 15
113 100
20 1
85 9
116 43
89 28
23 27
1 2
39 30
117 125
29 2
135 136
135 118
74 33
27 19
7 27
81 42
21 2
43 14
34 27
129 41
109 39
34 23
130 92
54 11
19 6
77 75
140 60
89 37
100 39
77 9
139 80
2 19
9 14
110 6
92 76
9 32
34 17
89 22
48 1
43 32
83 35
21 14
39 12
48 12
31 35
100 13
24 6
14 5
33 9
9 3
85 33
113 99
93 14
63 33
39 22
18 25
67 8
93 4
2 12
37 22
33 1
139 46
102 41
67 26
142 108
62 1
107 43
33 15
101 42
108 23
130 87
33 17
5 17
108 5
38 39
142 30
5 12
116 107
38 35
99 36
134 105
3 13
43 4
24 17
42 43
84 1
93 17
93 3
9 21
9 39
59 11
136 107
132 120
135 87
48 6
39 4
96 33
1 4
99 32
116 77
40 22
8 15
18 2
72 43
141 116
117 128
105 7
134 128
9 20
136 37
134 115
132 127
101 8
140 138
113 50
132 92
77 37
72 42
111 14
80 8
139 64
112 41
74 35
131 41
78 37
35 20
44 36
25 14
135 120
16 3
131 34
96 22
39 3
96 14
73 9
10 13
130 131
41 43
27 11
108 24
137 79
39 21
54 1
3 15
40 27
86 15
111 6
89 32
34 6
99 34
85 38
58 4
142 112
100 7
90 37
25 4
17 13
135 122
39 23
131 109
135 91
28 24
33 28
86 4
20 6
88 34
32 40
35 26
14 11
116 129
75 7
78 33
131 102
69 8
27 5
109 35
96 19
7 33
71 8
89 33
38 9
76 9
87 1
48 27
79 76
30 9
14 6
8 12
30 21
33 13
141 66
133 125
67 2
92 75
88 37
41 33
24 16
111 26
108 35
18 4
89 42
33 22
14 16
42 30
37 32
100 26
135 127
108 43
5 26
24 11
39 9
42 7
1 22
36 20
54 12
106 32
19 14
133 123
44 7
95 5
32 6
96 7
73 8
107 36
48 23
131 89
87 7
143 10
40 17
108 40
30 17
34 24
139 73
137 46
2 20
10 11
41 38
19 4
42 23
101 76
43 1
8 36
79 8
27 24
135 111
88 43
35 29
2 11
68 8
24 5
39 16
117 87
67 23
78 35
37 35
96 2
40 2
99 40
51 9
8 20
68 7
60 1
36 3
39 25
38 26
83 9
30 14
6 16
81 76
135 84
28 15
109 41
130 61
23 29
11 2
18 16
41 25
22 1
62 3
2 14
75 9
97 6
108 27
14 13
143 99
142 43
30 27
76 44
25 24
137 106
109 23
7 5
131 129
30 19
139 51
0 4
25 6
131 77
38 21
81 9
53 1
99 22
137 61
61 1
102 43
3 14
24 19
34 12
133 120
32 39
15 2
143 62
77 76
63 36
142 129
79 37
54 3
48 16
2 6
83 42
75 41
139 87
42 9
5 11
70 8
136 34
139 19
131 108
99 23
134 70
25 11
100 19
41 28
3 17
134 118
140 99
88 33
9 12
111 13
64 7
34 28
96 30
18 17
99 38
11 5
9 19
67 1
135 55
13 16
63 40
43 28
110 13
109 22
110 40
27 13
59 12
74 44
42 29
92 37
79 9
73 1
136 30
92 38
23 6
136 69
108 29
34 25
6 14
81 8
133 51
32 12
30 20
44 28
18 5
33 40
6 13
26 5
83 41
35 6
70 7
135 18
1 3
129 112
135 128
85 8
137 87
88 8
135 80
108 1
7 19
28 25
74 38
32 22
48 29
70 44
44 8
137 110
29 27
131 67
33 3
139 96
96 12
107 9
25 2
61 14
32 27
140 116
135 100
36 40
139 68
45 6
29 30
29 19
89 29
44 35
107 28
77 43
20 2
112 43
67 3
136 64
111 16
116 112
79 36
108 20
134 127
117 123
137 103
139 69
36 8
96 25
0 7
116 88
38 20
36 32
88 9
38 23
134 99
131 81
40 21
43 30
69 9
32 1
93 13
40 19
46 5
60 11
99 33
136 67
131 116
112 8
44 43
137 115
116 69
130 111
78 34
1 16
14 17
139 99
88 22
110 23
26 2
40 13
18 19
23 15
50 8
78 77
64 1
25 20
44 42
94 13
88 42
131 64
94 6
105 1
100 24
37 5
39 11
130 84
117 116
107 2
88 35
55 57
18 12
8 5
78 75
136 42
7 1
22 20
70 37
84 4
65 13
116 37
78 7
31 43
77 34
7 14
107 27
26 13
134 121
97 1
34 4
34 26
66 33
72 44
109 42
51 2
40 6
137 90
21 17
104 8
42 33
6 11
101 33
93 15
67 14
67 33
96 8
25 27
41 2
40 30
63 41
10 5
87 40
34 13
137 138
8 33
135 126
5 13
40 5
71 7
69 1
7 35
137 82
2 27
3 11
9 26
116 70
75 35
78 41
43 25
132 129
14 12
134 126
136 76
18 30
108 28
95 8
110 4
45 2
8 30
90 42
134 130
130 98
30 1
83 37
25 5
39 24
130 132
29 15
36 22
112 37
110 21
59 24
93 1
8 2
137 84
72 33
38 34
25 9
131 88
113 63
131 37
136 77
59 30
90 77
135 121
38 8
130 73
100 30
143 101
135 97
7 26
25 13
83 7
131 107
101 9
12 11
39 27
28 4
43 5
135 93
117 118
75 37
75 8
32 11
67 27
87 37
29 21
33 36
21 3
18 13
23 14
100 29
9 25
48 3
110 16
99 25
1 27
33 20
129 70
135 115
39 17
139 18
29 20
90 75
45 13
43 6
109 1
62 6
134 116
142 116
26 3
51 8
48 11
41 29
117 121
135 125
25 17
87 41
88 36
140 19
22 28
74 7
36 29
8 3
135 68
100 3
52 1
13 11
26 14
94 1
106 33
63 38
100 25
65 6
130 110
35 19
79 44
110 25
108 32
94 5
100 2
135 86
64 8
29 14
34 11
134 100
111 19
38 25
113 19
32 9
134 124
65 5
48 30
25 16
80 9
3 6
39 6
107 24
2 13
140 49
86 1
84 3
16 2
43 38
29 11
88 28
33 27
131 70
32 24
134 66
41 1
43 22
139 100
23 19
136 102
109 7
135 66
63 34
136 89
95 4
37 1
62 5
8 24
136 44
112 77
19 1
117 119
47 3
43 26
102 37
108 21
44 41
29 26
116 38
132 121
12 6
107 40
19 3
82 6
102 33
36 30
12 5
31 32
134 50
22 24
100 22
43 3
12 13
76 36
77 7
40 11
34 2
131 112
8 27
96 9
96 26
40 12
31 33
9 15
39 40
34 36
143 34
1 26
74 42
142 88
104 1
139 111
36 39
28 14
24 2
129 34
15 13
135 50
108 25
84 13
59 4
21 11
113 116
9 24
59 13
134 123
78 8
136 75
64 9
81 43
40 9
87 34
83 77
4 15
89 40
63 7
18 29
104 9
96 34
59 6
59 17
134 19
11 3
141 99
110 28
142 34
96 1
31 41
42 37
15 11
110 34
18 24
75 43
67 20
135 116
112 76
100 16
32 30
117 122
65 2
137 31
54 15
26 1
97 4
132 123
137 97
78 44
0 8
67 39
42 40
43 27
135 51
73 7
25 3
135 119
117 129
41 40
112 38
116 71
135 45
34 30
77 35
80 7
100 20
133 126
85 35
35 36
66 39
142 41
143 60
35 11
95 13
136 129
8 39
22 2
63 42
89 8
48 4
59 16
31 44
143 47
134 125
23 5
109 37
112 44
100 40
82 5
110 17
43 23
46 2
14 15
99 43
140 58
112 42
23 1
23 12
1 12
10 4
109 36
116 30
50 7
135 123
22 27
100 1
66 32
87 32
102 7
110 33
45 12
35 27
37 29
90 41
29 1
7 2
66 70
8 26
108 22
37 2
31 34
81 38
129 108
1 11
8 19
135 96
130 96
33 6
36 16
4 13
58 13
133 124
33 12
116 75
46 12
47 6
7 40
76 8
110 24
101 37
71 9
99 41
107 19
19 11
107 8
130 46
100 15
74 8
22 4
117 120
108 6
61 6
31 38
34 22
41 34
27 26
36 19
7 3
52 7
29 3
142 37
43 34
35 33
131 30
46 13
140 114
21 13
116 42
35 30
142 38
142 26
129 67
88 41
87 39
111 2
22 15
91 8
81 7
22 13
67 12
116 67
129 88
48 26
108 30
7 17
60 4
110 11
35 16
132 126
40 15
63 8
44 23
85 36
61 3
28 17
43 17
44 22
39 2
54 13
17 12
21 9
88 39
107 22
1 15
99 8
36 12
108 7
29 13
43 36
35 13
43 19
142 70
25 26
134 119
44 32
35 39
50 9
32 5
9 4
35 1
38 17
99 24
78 76
35 15
40 1
141 139
137 55
30 12
111 5
24 3
7 21
30 16
38 22
107 32
59 19
130 66
15 4
99 27
111 20
100 12
1 17
9 1
129 81
76 37
87 33
85 32
37 33
99 29
5 19
33 4
92 42
43 20
76 43
107 7
32 16
142 75
96 39
79 33
35 24
94 3
41 21
27 12
129 43
131 42
59 2
102 35
82 3
99 2
133 119
137 45
45 1
2 4
32 3
16 1
132 118
77 38
16 11
99 35
78 42
48 21
129 89
61 12
46 6
143 49
66 67
59 1
94 17
108 2
79 42
63 44
142 67
137 98
34 3
43 39
140 54
88 38
133 129
7 6
110 7
72 9
93 12
135 103
139 110
42 38
89 35
48 22
79 77
110 15
41 32
9 29
90 43
41 19
87 43
39 28
131 71
42 28
31 40
72 8
23 22
23 17
83 38
88 7
67 40
111 1
34 21
130 94
35 7
130 90
139 92
110 5
40 16
8 40
48 2
69 7
67 35
78 36
111 12
30 25
2 15
42 22
133 127
73 5
22 30
63 9
40 20
61 13
47 2
108 34
9 23
66 22
40 29
38 40
140 63
67 6
93 27
44 9
28 19
99 21
7 30
74 37
59 14
81 35
48 17
108 38
87 28
108 3
67 15
21 16
129 64
135 92
111 17
142 64
8 22
49 13
48 25
93 9
113 115
29 4
84 2
136 26
33 34
24 1
79 34
28 6
137 63
77 41
42 39
22 12
133 83
5 20
101 34
109 40
86 3
130 103
87 35
142 102
27 4
19 17
137 78
8 25
73 13
89 39
17 1
67 32
22 9
37 38
19 13
35 12
99 37
129 30
3 16
83 76
41 9
108 26
36 11
3 4
137 56
141 100
32 2
76 75
106 29
18 14
140 31
7 24
106 9
81 41
72 7
100 17
42 8
100 8
116 44
110 9
33 14
20 17
32 21
108 19
100 4
106 37
100 21
60 5
132 116
74 36
33 26
106 28
8 9
23 11
72 37
95 3
31 7
35 22
137 114
88 32
136 88
61 4
92 41
142 77
100 34
132 125
62 16
61 15
96 17
21 12
44 33
34 9
59 5
9 27
27 3
8 32
42 35
142 89
38 28
135 64
110 2
92 44
0 6
76 35
102 77
26 16
129 38
42 36
86 6
116 81
139 91
37 19
107 33
87 9
99 1
33 23
110 26
89 9
87 42
77 33
113 101
44 38
116 26
38 2
83 44
92 35
11 13
129 44
117 66
83 43
10 6
135 98
59 3
132 128
17 6
116 102
44 40
0 3
95 1
130 99
47 11
41 30
29 12
33 19
77 8
40 23
27 17
70 43
32 19
18 26
106 7
38 29
106 42
75 38
136 112
59 25
32 13
46 17
110 8
87 8
136 71
28 21
51 7
8 14
12 2
110 32
32 14
82 2
12 1
36 5
139 98
28 30
90 19
92 77
37 9
82 1
23 13
133 116
60 13
90 44
22 19
30 15
11 6
10 16
99 9
67 29
30 5
1 5
106 8
77 36
137 101
25 19
139 70
140 14
18 27
139 103
130 86
67 22
34 19
38 33
112 7
132 51
93 24
134 114
108 8
28 12
33 29
43 35
8 34
44 39
141 130
9 2
139 90
137 72
37 7
18 22
36 24
39 13
1 24
38 19
100 36
45 3
109 38
109 29
92 9
40 3
136 108
110 19
109 43
34 29
7 25
101 41
107 23
2 26
42 34
35 34
107 37
66 68
134 80
36 4
7 23
101 7
9 40
2 17
116 41
24 4
99 19
23 30
77 42
134 51
24 26
88 40
5 24
117 83
141 142
136 41
19 2
32 25
110 29
30 11
21 27
24 12
109 33
99 28
9 28
143 19
133 66
101 77
12 3
135 90
100 6
23 3
104 7
27 20
142 109
143 58
63 43
97 5
63 35
98 19
23 2
38 3
139 66
33 8
4 16
117 92
136 38
10 3
93 26
41 7
111 4
5 15
87 22
94 4
66 69
107 21
1 6
17 4
139 84
32 23
41 22
30 4
48 24
38 12
27 9
105 9
0 2
20 4
7 34
79 7
67 19
86 5
75 34
107 5
22 11
43 29
17 11
133 128
48 13
142 76
33 2
109 44
102 42
45 15
35 14
36 15
67 21
100 14
10 14
66 17
113 114
72 34
72 35
96 4
16 4
26 12
98 37
130 97
59 15
36 2
28 16
33 21
36 13
32 15
48 5
117 127
38 14
14 4
95 9
99 30
33 30
0 9
139 97
37 40
20 14
129 37
110 3
106 40
0 1
22 21
78 9
113 66
43 40
34 8
24 15
135 52
143 65
36 21
93 16
48 14
139 71
75 44
117 126
45 4
18 9
135 70
130 45
28 20
129 107
136 70
130 116
3 20
84 5
132 66
74 43
35 17
88 23
19 5
25 21
39 26
29 16
135 53
67 25
78 38
135 114
35 2
129 71
26 20
66 19
96 3
33 5
48 9
135 69
89 36
98 44
51 5
89 34
47 4
65 3
9 5
14 3
52 9
28 3
85 7
116 109
39 1
22 5
63 39
131 38
102 75
35 8
97 3
67 34
1 25
15 6
8 6
129 26
85 44
54 2
100 5
116 91
23 4
26 11
86 13
129 77
41 23
58 6
21 5
109 34
135 46
36 14
135 94
47 5
131 26
35 25
94 2
35 23
76 33
89 41
30 6
137 74
20 3
18 28
38 4
96 5
41 27
35 9
117 124
130 133
63 32
75 33
143 48
110 12
53 8
82 4
37 41
142 68
98 41
72 38
32 4
21 15
137 57
129 69
53 9
35 21
21 24
36 17
136 68
142 107
53 7
93 19
111 11
106 34
116 89
89 43
9 16
87 38
143 63
135 61
20 16
73 3
40 26
85 40
33 16
46 1
72 36
136 81
94 14
38 5
31 9
76 42
