31 21
7 0
32 1
39 36
31 19
7 10
53 10
31 25
28 6
52 15
31 8
7 2
7 24
29 20
53 25
25 2
53 23
52 18
54 12
50 27
33 9
7 14
26 1
40 3
53 20
29 27
54 2
50 15
34 14
36 1
30 22
53 22
30 21
29 10
33 0
37 16
37 0
30 9
29 26
45 44
54 14
33 24
31 14
7 17
53 16
29 15
52 8
10 1
29 25
7 15
11 2
30 16
33 16
36 44
33 17
7 13
34 0
46 39
54 24
52 19
15 1
52 9
31 16
33 25
37 12
53 14
52 26
31 0
37 9
54 17
41 3
30 0
37 18
34 23
31 20
31 18
53 0
53 19
29 13
34 12
33 21
33 22
33 23
37 8
46 11
50 28
33 15
53 11
29 11
46 48
29 12
43 6
31 24
31 13
31 22
53 21
54 13
45 12
54 9
17 1
27 2
7 27
7 23
54 25
19 2
52 14
5 6
10 2
38 8
33 20
22 6
36 10
53 17
54 10
52 0
33 11
31 2
29 17
29 9
7 21
7 16
7 19
37 10
42 6
31 26
25 1
54 20
29 2
7 8
50 43
54 27
30 18
30 11
47 6
52 17
29 19
37 25
34 11
36 0
30 23
53 12
52 12
17 2
46 12
36 2
7 22
34 24
29 14
36 51
37 19
53 15
12 2
39 41
31 10
46 1
14 1
33 27
46 42
29 23
50 1
37 11
53 13
33 26
33 2
30 27
42 41
50 39
53 24
34 26
50 2
14 2
7 25
50 44
31 15
33 18
53 2
54 8
54 21
54 19
50 42
25 15
29 0
26 2
0 2
50 11
34 9
50 47
37 23
7 11
37 17
52 22
54 22
34 10
30 25
34 13
31 17
52 10
54 23
34 15
29 18
53 27
30 10
30 15
29 21
30 26
46 5
34 17
34 18
7 26
50 49
52 2
38 16
29 8
34 2
52 16
34 25
31 27
46 28
39 40
31 9
29 16
12 1
27 1
30 20
39 6
54 0
32 2
30 2
52 24
37 13
34 20
37 24
30 24
14 35
30 17
31 23
54 11
29 24
15 2
47 41
52 23
30 13
34 27
37 15
7 9
52 25
33 19
30 19
30 12
29 22
50 36
46 19
50 19
31 11
30 8
46 47
54 26
54 16
31 12
50 45
43 40
50 14
34 8
7 18
53 8
30 14
34 22
34 16
37 2
43 41
42 40
34 19
34 21
33 12
33 13
52 27
37 27
3 4
54 18
52 20
14 36
53 26
50 12
11 1
7 20
36 11
33 14
33 10
44 1
53 9
37 22
52 21
37 26
0 1
37 21
54 15
53 18
22 40
52 13
46 49
46 50
49 6
37 14
50 48
52 11
7 12
37 20
33 8
