13 14
89 7
9 62
72 10
74 48
97 41
30 25
9 50
27 18
94 21
77 42
92 43
57 63
98 33
85 27
34 52
36 4
10 29
2 31
88 16
84 20
4 30
6 48
95 60
103 22
36 9
74 32
9 15
70 31
100 16
91 42
6 43
34 61
2 59
99 25
1 25
50 63
75 10
103 7
98 24
24 38
71 13
84 25
2 55
84 51
50 31
81 31
91 32
85 42
69 24
104 14
92 11
39 7
89 52
36 25
94 52
51 64
94 16
39 12
34 12
79 23
103 6
102 7
32 29
72 42
92 49
89 11
98 53
1 66
90 10
22 31
4 55
81 19
90 1
58 31
94 3
90 4
99 34
83 20
93 57
14 12
92 42
75 30
90 51
85 57
2 15
4 64
66 25
7 12
90 8
12 25
23 59
7 25
28 11
35 29
24 55
70 47
52 63
84 11
84 42
6 12
26 29
57 65
34 67
71 12
103 11
89 49
97 46
74 26
75 46
48 67
79 1
92 3
96 5
104 32
104 27
41 65
56 31
86 26
94 56
0 5
87 50
86 8
100 23
4 18
52 65
81 23
79 49
13 65
71 11
93 18
88 28
21 48
79 50
75 26
10 56
57 66
77 19
75 12
83 9
56 66
69 57
70 9
98 56
9 52
77 44
46 57
35 8
92 28
29 14
21 63
101 52
4 51
27 57
58 46
54 55
27 63
89 10
94 9
33 48
98 57
34 38
84 6
97 11
92 46
93 28
99 26
39 54
1 56
11 59
58 20
48 15
104 16
98 45
54 30
90 27
98 1
102 53
58 26
27 66
23 38
102 12
101 6
100 17
93 44
86 27
51 55
87 12
101 19
94 82
88 12
84 17
87 42
99 42
91 52
95 49
33 55
104 2
58 9
0 26
29 66
32 51
101 45
85 3
76 31
84 19
6 18
91 21
1 67
58 53
32 18
21 56
75 19
36 6
6 25
96 21
71 17
4 50
97 47
97 1
74 12
11 12
29 61
72 11
5 15
88 4
10 12
28 66
4 67
70 40
76 14
41 25
39 16
59 31
97 21
54 63
81 57
76 27
90 34
9 18
51 38
0 16
35 3
10 63
81 54
88 56
96 2
13 25
33 52
92 18
35 13
84 18
92 47
96 41
91 7
51 12
45 25
75 24
84 27
19 59
70 2
99 48
79 28
100 43
94 4
95 44
9 59
87 45
41 12
89 33
91 24
86 47
76 7
35 1
1 41
81 32
27 56
42 31
36 24
85 47
89 57
54 29
58 43
4 31
70 15
13 61
72 20
89 26
57 25
96 34
77 24
55 59
69 7
94 19
5 30
96 6
27 31
75 44
28 14
87 4
9 38
79 53
99 3
87 49
0 32
89 82
101 4
5 18
32 56
4 65
58 56
7 59
91 19
39 15
89 15
76 29
100 12
13 66
102 24
77 12
90 56
1 31
83 8
31 12
93 43
94 7
9 30
5 66
57 67
48 12
88 20
85 45
74 24
81 24
96 19
5 11
79 21
89 31
81 14
77 8
86 20
96 56
97 22
97 9
56 67
75 11
92 1
92 9
58 6
9 51
7 57
86 43
81 50
92 17
93 50
98 17
0 25
90 19
92 27
75 28
79 9
51 65
98 15
56 65
29 59
88 27
93 46
52 18
86 44
22 59
69 6
99 17
89 45
13 56
100 53
28 15
91 15
79 17
14 31
58 40
58 2
75 48
83 13
30 15
89 56
27 15
91 47
89 42
87 7
58 24
71 46
95 23
6 67
34 59
40 31
71 14
76 47
36 13
8 41
13 55
75 13
10 66
31 38
99 45
75 45
36 32
90 41
94 20
27 50
99 57
89 19
5 38
98 54
103 23
26 50
97 52
34 15
34 41
85 43
70 10
30 38
98 8
76 12
101 49
69 44
5 43
32 64
75 20
79 51
90 31
46 59
104 28
102 21
84 4
13 31
21 66
93 40
7 43
46 15
104 25
98 48
54 62
71 6
19 12
92 4
0 29
29 31
11 25
98 49
72 32
74 7
91 9
69 46
74 34
48 11
52 38
75 5
52 66
104 10
28 62
72 31
0 12
95 10
97 44
76 22
102 10
99 12
35 18
71 1
10 43
47 61
10 25
70 6
0 21
93 12
58 57
11 14
88 52
35 4
84 47
99 41
103 15
90 17
104 51
87 28
48 14
87 43
95 4
86 54
58 47
100 1
90 3
90 16
7 52
85 12
88 2
21 38
95 47
12 38
98 26
89 46
1 55
74 22
69 26
93 41
58 45
85 32
92 24
6 29
92 48
98 42
77 1
52 55
89 5
72 19
21 30
76 32
58 27
76 15
58 17
50 29
81 10
69 14
87 16
101 26
4 56
10 67
7 15
20 38
33 63
49 12
90 53
69 5
90 21
94 31
96 40
69 27
94 23
88 5
96 45
58 7
5 67
83 25
0 19
96 43
93 52
81 25
26 12
39 3
99 32
84 48
1 65
32 48
98 51
97 23
24 62
44 55
102 31
70 48
98 32
47 59
26 55
27 67
77 29
39 11
102 46
72 8
10 64
96 25
75 8
101 3
10 15
79 48
69 42
101 54
35 19
58 32
46 12
84 45
24 50
75 25
103 54
4 12
34 11
100 49
91 25
13 38
79 44
75 31
100 15
64 59
79 40
76 8
85 23
47 38
84 10
72 23
27 52
104 12
28 65
36 7
58 12
88 7
93 6
91 27
69 43
48 41
39 1
9 12
6 62
72 9
2 56
69 33
10 11
33 57
25 31
90 26
102 33
97 13
2 43
84 33
103 17
36 10
97 6
0 2
19 25
85 60
69 9
46 55
41 38
57 29
90 5
52 30
81 28
22 55
70 21
84 31
24 43
39 56
102 13
96 52
101 50
6 38
88 14
101 47
85 7
72 3
4 57
30 61
74 20
41 14
104 52
103 47
44 15
9 55
4 63
26 64
79 25
87 21
91 34
95 22
70 7
100 7
101 51
30 62
96 47
101 40
81 53
31 25
47 12
91 44
36 2
103 40
7 56
96 28
41 31
84 5
95 11
21 50
24 18
11 57
10 30
9 64
85 54
88 34
102 20
36 21
13 43
33 66
50 65
95 7
70 25
97 32
89 8
58 55
71 23
26 52
45 55
89 32
95 56
49 68
13 57
36 17
89 23
83 14
92 19
88 82
7 67
44 12
58 22
1 52
76 25
97 4
9 41
77 4
6 51
75 7
1 38
32 43
86 2
47 25
25 12
79 43
79 10
39 20
89 60
15 25
100 33
24 51
2 48
89 43
90 50
43 12
85 49
83 16
46 25
10 38
76 10
85 25
92 57
52 14
103 19
52 41
95 43
26 66
99 1
100 20
88 13
51 15
48 55
28 55
42 25
13 63
79 42
89 17
75 23
0 6
27 55
69 53
84 2
21 61
81 20
74 3
69 2
94 47
41 62
45 11
86 50
19 38
0 3
93 47
88 31
92 23
89 24
52 12
99 40
87 14
93 10
84 1
32 59
70 53
97 50
86 33
75 1
81 47
99 28
90 82
102 40
75 29
26 67
75 27
102 5
103 28
7 64
102 1
79 18
3 59
56 59
89 53
43 38
58 33
71 51
104 17
86 56
28 31
77 28
35 14
0 7
102 3
32 52
39 4
71 60
2 67
26 18
13 62
55 31
87 22
92 26
6 63
67 12
1 30
33 43
71 43
94 44
5 25
90 2
81 56
101 7
89 47
1 43
104 21
72 16
4 61
102 2
44 59
70 46
54 38
4 66
28 12
98 22
76 19
48 57
76 13
74 5
101 46
5 56
22 25
24 65
97 43
0 17
72 40
6 55
39 44
36 27
88 41
44 11
72 17
28 51
70 26
86 48
36 28
24 48
74 14
6 57
97 34
81 12
88 53
93 27
37 38
97 51
77 31
54 14
95 1
7 41
90 44
72 48
81 42
93 32
75 17
95 34
104 5
97 19
32 67
100 40
5 63
95 17
48 59
50 14
7 66
83 5
101 16
84 56
79 19
88 42
26 38
86 9
44 25
33 65
95 45
49 55
0 31
90 15
96 24
90 7
87 5
6 66
103 29
28 29
102 56
102 14
71 28
32 30
77 6
94 5
84 32
72 53
87 57
93 16
94 50
85 17
83 17
28 18
11 38
13 51
69 32
76 44
58 21
100 5
89 3
2 63
72 5
101 12
102 28
87 24
69 25
87 8
84 49
5 65
76 1
7 11
94 34
41 67
28 57
103 30
70 1
69 34
33 31
69 60
24 56
100 6
26 25
90 33
93 53
1 64
28 30
70 49
88 15
34 50
69 10
70 45
86 32
5 61
34 65
56 64
0 30
24 64
2 57
94 57
87 25
101 34
69 48
98 43
103 27
58 52
48 29
96 10
101 2
3 12
103 12
85 51
77 2
102 50
35 15
9 66
85 52
96 23
99 31
80 59
85 10
100 21
69 16
9 43
99 7
75 42
89 12
42 38
79 29
38 25
2 25
6 59
92 20
94 11
94 41
100 22
58 3
77 48
87 33
9 57
24 52
86 23
93 60
88 17
96 42
97 10
96 32
96 53
53 68
103 60
38 12
8 31
102 34
83 19
101 33
35 11
21 14
72 12
95 51
103 24
81 7
3 31
5 59
15 12
84 12
16 31
81 43
41 64
13 59
93 54
98 41
97 15
95 54
84 60
101 23
26 63
91 1
92 60
74 8
35 25
71 57
84 52
83 31
70 5
30 31
21 31
70 57
104 13
93 11
87 10
97 17
28 43
100 34
93 51
103 13
97 20
79 33
89 44
18 38
103 32
26 59
90 25
32 31
102 15
71 21
81 17
9 67
53 38
96 57
69 12
85 56
85 6
2 52
21 62
13 18
74 10
58 50
6 41
15 31
7 29
102 44
88 50
57 61
70 13
76 30
98 23
51 57
5 41
102 57
104 1
70 44
24 30
97 14
54 65
99 10
59 12
104 9
76 11
71 54
36 8
70 24
86 31
56 12
91 33
69 28
0 11
85 8
9 25
84 43
28 64
69 41
58 1
39 32
9 65
94 40
51 59
54 41
87 9
103 25
94 49
89 27
89 13
104 3
96 20
98 19
104 19
100 32
103 5
95 52
27 11
50 59
69 52
81 15
85 5
16 25
3 25
57 31
100 50
13 64
58 51
24 67
69 47
88 10
36 14
3 38
104 56
71 3
54 57
95 33
39 9
9 63
96 54
16 12
84 54
88 11
92 34
77 45
35 2
13 15
70 41
58 54
104 48
8 55
102 16
35 7
7 65
33 61
56 55
27 64
91 46
2 14
44 41
98 47
75 4
71 22
10 65
71 5
32 65
10 31
92 2
72 47
39 27
83 7
54 61
94 45
86 3
41 55
103 10
74 27
79 24
85 14
95 20
79 26
98 5
58 15
76 34
71 44
90 12
56 11
2 29
80 11
50 25
86 11
45 15
94 13
13 52
95 13
4 14
78 38
0 33
21 55
95 46
95 3
1 63
95 25
85 13
26 61
98 10
77 16
71 52
88 6
7 48
48 66
74 9
6 52
98 20
100 9
95 14
29 41
2 65
58 42
99 14
93 9
99 9
95 42
27 48
96 12
79 34
97 56
1 18
88 46
103 16
51 63
2 51
35 21
88 33
46 31
93 1
69 13
88 44
11 15
50 41
86 5
83 3
34 48
45 14
102 19
66 61
85 82
92 12
84 16
36 30
33 38
95 8
30 59
21 15
76 20
74 13
76 46
71 47
33 51
84 53
96 49
26 41
90 23
91 4
28 48
41 63
9 11
48 62
59 25
70 14
92 33
76 2
24 41
57 30
88 49
75 16
2 66
93 13
79 4
52 29
86 41
103 44
71 15
102 11
33 11
76 26
101 22
4 41
97 7
54 15
74 21
102 42
83 27
48 61
104 7
102 17
102 43
71 9
84 22
101 53
0 1
86 18
85 2
83 22
39 14
0 27
100 57
94 26
83 29
41 57
26 48
8 59
102 4
92 53
81 13
84 46
71 33
83 12
11 31
97 2
57 59
89 41
35 12
100 3
84 7
93 19
58 48
98 11
55 38
70 12
91 43
71 24
97 33
74 31
86 34
58 28
83 21
91 41
34 64
102 51
86 10
102 22
2 12
66 38
24 57
33 18
71 49
98 34
88 23
88 21
6 50
81 2
85 4
93 42
52 59
26 14
2 18
0 23
101 42
99 2
28 59
101 41
5 31
85 33
83 24
88 24
90 49
70 8
6 30
33 12
100 51
5 12
75 21
84 40
98 44
10 61
101 20
7 14
71 26
99 15
72 15
75 2
97 40
96 50
30 41
70 29
70 17
81 1
91 8
91 40
71 41
81 82
92 41
98 52
91 17
27 14
30 29
85 31
0 8
71 31
17 38
103 31
39 34
57 18
101 24
1 11
101 44
51 18
21 67
52 67
86 28
33 14
8 38
2 41
39 21
97 31
79 56
1 62
103 3
51 67
98 6
19 14
74 2
11 61
67 38
39 24
89 14
79 52
74 6
99 49
87 27
86 60
88 32
92 25
36 33
5 55
57 62
81 5
64 61
95 19
57 55
10 48
33 30
91 48
36 23
81 49
56 62
79 47
89 25
50 67
39 17
54 18
101 15
102 32
91 51
4 43
7 18
98 2
51 25
97 12
90 47
4 25
45 59
79 46
70 16
99 5
39 26
84 3
79 12
40 38
72 4
72 25
21 25
88 9
69 3
91 26
58 8
54 66
97 24
75 32
50 15
99 13
93 56
27 12
91 53
86 14
93 25
27 29
24 12
70 51
69 49
86 22
94 15
91 13
1 29
88 26
81 9
84 41
45 38
35 9
97 8
77 46
93 45
8 57
97 42
76 28
4 62
101 9
70 27
36 16
90 6
56 14
87 51
69 4
100 11
87 31
35 10
96 27
102 48
35 30
39 57
21 51
71 25
70 42
95 18
70 3
35 32
58 10
34 62
26 11
44 14
101 32
57 41
100 19
9 48
76 23
91 60
88 19
10 51
100 14
33 41
28 56
103 9
90 48
57 64
35 28
86 1
86 7
13 30
104 24
19 15
92 21
72 6
57 12
102 54
84 8
89 34
53 61
81 40
87 26
39 43
87 18
58 25
45 68
24 29
48 25
91 56
84 50
83 26
72 2
29 55
39 41
69 11
41 29
92 31
99 56
76 5
11 41
24 66
77 21
104 26
98 40
86 57
83 32
66 59
6 65
91 20
79 45
26 15
92 8
48 31
32 25
88 54
88 25
100 41
97 54
93 31
89 21
77 7
103 18
74 15
81 34
15 55
99 54
70 28
99 6
72 28
95 5
14 25
51 31
13 50
48 18
103 45
95 12
5 51
101 14
48 63
92 16
86 25
97 26
45 57
86 82
102 49
91 31
100 56
70 56
50 11
28 50
34 30
92 40
32 61
34 43
90 52
27 59
101 28
21 59
2 30
85 44
26 62
14 38
54 64
91 14
2 38
55 12
91 16
75 34
93 22
2 11
45 61
20 59
15 38
86 15
16 38
72 13
71 19
27 51
87 54
69 17
91 28
0 20
72 26
91 82
70 23
92 13
81 48
94 32
94 46
88 1
85 48
79 20
103 1
32 66
77 17
103 4
75 47
94 53
81 11
34 18
54 12
94 51
70 11
79 30
103 53
35 5
39 47
76 21
50 66
74 17
21 57
57 14
71 16
1 51
49 31
88 43
77 33
56 25
94 27
0 22
99 46
7 61
75 22
36 12
85 19
83 15
60 38
87 32
34 31
93 3
58 13
46 61
40 12
92 22
7 30
94 42
32 38
79 7
1 59
87 23
21 12
91 54
101 31
58 49
96 22
93 82
90 14
2 61
99 8
98 13
99 51
89 18
96 1
87 13
25 38
49 25
69 50
13 41
95 2
89 20
13 12
95 53
0 24
95 82
22 57
90 42
39 40
36 11
6 56
93 26
74 19
99 23
48 64
58 11
91 2
34 25
76 17
42 59
84 24
104 34
87 46
6 31
94 25
59 38
70 50
91 12
87 11
96 26
79 5
5 50
76 33
29 30
13 67
88 60
101 13
93 48
91 5
46 14
100 46
52 62
10 14
94 60
103 49
102 23
103 42
95 6
77 53
36 5
85 21
91 18
56 63
58 18
92 5
84 44
1 57
72 24
71 50
81 41
1 15
90 54
21 52
77 23
85 46
26 51
93 49
95 26
4 48
41 15
7 50
66 12
74 4
27 30
54 59
103 34
15 61
72 7
69 51
81 33
50 38
101 57
9 31
99 24
72 22
104 50
98 9
5 48
96 4
21 65
70 52
41 61
95 21
9 14
92 44
39 42
26 30
89 50
35 27
10 41
88 8
79 8
32 50
96 17
32 41
57 15
100 47
99 21
30 66
71 7
77 3
85 22
99 27
96 46
39 25
39 19
85 20
88 45
32 11
100 24
71 8
24 15
96 51
70 43
97 53
24 63
103 14
74 1
94 1
70 33
95 9
0 9
77 27
70 20
75 14
9 56
0 15
72 21
5 62
83 1
103 48
95 16
32 55
88 57
103 20
77 10
29 62
87 20
100 2
93 17
88 18
96 11
81 51
24 61
39 18
58 16
56 29
51 14
76 45
93 24
79 57
104 8
71 48
41 11
71 53
36 20
89 51
32 63
97 5
92 32
32 62
79 32
69 20
35 22
90 13
70 34
69 21
79 13
0 4
75 9
81 6
14 55
84 9
101 56
85 9
56 57
95 24
86 12
91 6
34 57
84 57
83 34
45 31
39 50
52 61
7 38
97 45
85 50
101 21
98 16
7 62
94 14
47 31
0 13
92 56
103 26
34 51
100 26
15 59
56 38
48 30
95 15
77 25
27 43
98 12
5 14
81 4
69 56
76 42
79 15
87 2
22 12
85 18
85 26
90 22
58 41
89 22
95 28
87 3
74 28
10 57
94 2
101 10
77 11
9 29
52 31
99 19
29 57
100 27
86 42
74 42
67 31
71 34
76 16
102 52
93 21
77 15
77 20
83 6
49 59
6 64
86 46
102 25
89 28
24 11
104 31
86 16
97 3
22 61
93 23
39 23
90 40
83 4
21 41
79 31
51 30
96 48
79 2
84 26
9 61
30 57
28 67
92 82
40 25
88 22
99 53
58 34
36 19
77 5
8 25
39 49
42 12
79 54
103 21
69 45
24 59
99 52
86 51
69 40
92 7
79 16
71 32
80 38
92 10
100 4
103 33
45 12
89 6
88 40
97 27
76 9
58 4
101 8
72 27
76 6
50 57
60 25
28 61
93 7
77 9
89 1
1 48
71 40
34 29
79 14
74 33
27 62
32 15
96 33
95 40
98 25
2 64
39 51
50 64
50 12
54 25
46 68
7 63
50 30
26 65
60 31
4 11
39 10
39 45
39 6
5 52
42 68
89 40
35 6
102 45
70 54
41 59
74 23
98 31
87 17
77 13
86 6
99 50
87 82
33 59
26 31
10 62
85 34
95 41
39 52
100 45
90 45
43 11
103 46
93 2
67 59
56 18
43 31
51 61
66 31
79 3
93 4
57 38
99 43
88 48
1 14
33 67
96 44
69 54
39 8
91 10
94 33
29 15
0 10
32 12
51 11
58 5
93 20
10 52
26 57
71 4
81 8
102 41
35 20
52 25
71 10
44 38
12 31
21 18
86 45
29 38
94 54
28 25
72 29
36 3
67 25
91 22
69 23
51 41
99 22
71 20
98 21
33 29
32 57
30 12
93 15
91 11
85 1
70 60
94 22
30 55
86 21
50 62
97 25
98 4
54 11
90 57
36 15
93 5
11 68
95 50
86 52
28 52
36 31
72 49
79 27
84 14
30 63
46 38
86 17
92 14
70 22
6 14
48 38
24 25
86 53
69 30
58 19
46 11
72 1
86 13
96 9
57 11
27 65
28 41
87 41
87 40
35 23
39 55
44 61
83 28
100 13
35 24
72 34
85 28
93 14
100 54
95 31
55 25
97 57
90 60
1 61
88 3
39 13
4 52
39 22
100 8
58 23
83 2
10 50
0 28
0 34
104 6
99 47
75 15
36 1
77 22
87 48
83 10
76 24
100 10
77 32
28 38
75 53
90 18
4 29
39 53
99 11
36 18
4 59
103 2
4 38
90 11
90 32
81 27
21 43
6 61
44 57
72 14
100 28
45 41
35 31
71 42
95 27
7 55
24 31
104 15
69 29
36 34
100 48
81 60
72 30
27 25
100 42
97 49
32 14
76 4
83 33
81 3
29 12
70 4
6 15
98 46
101 11
84 82
33 62
48 65
41 30
58 14
84 15
39 48
26 56
1 50
36 26
53 59
89 2
19 31
98 3
34 63
5 64
27 61
26 43
101 25
100 25
38 31
87 44
21 11
97 28
92 54
50 61
94 10
79 6
96 8
96 3
95 57
69 15
95 48
73 22
42 61
91 3
33 56
2 50
71 45
101 43
102 8
92 15
72 33
99 44
74 25
100 52
39 5
87 60
85 53
7 31
77 14
98 50
101 48
87 34
101 5
41 66
21 29
93 33
22 41
77 30
88 47
67 61
85 24
79 11
101 27
93 8
86 49
84 34
79 22
90 28
100 44
35 16
87 47
93 34
87 6
94 28
90 46
29 25
21 64
85 41
91 57
98 28
99 33
102 6
13 29
89 4
89 9
50 18
27 41
56 41
75 3
81 22
52 11
76 53
102 27
100 31
33 50
13 48
33 25
99 20
96 15
56 15
71 30
69 31
6 11
77 34
77 26
70 32
102 47
51 66
35 34
59 61
90 43
35 33
97 16
98 7
27 38
24 14
102 9
92 52
83 23
52 57
51 29
10 59
94 17
92 6
40 59
96 7
101 1
39 2
87 1
104 33
94 24
4 15
103 8
39 31
94 48
22 38
76 48
35 26
84 28
98 14
14 59
49 38
97 48
85 11
71 29
81 21
69 22
87 52
104 20
74 16
69 8
69 1
77 47
71 56
96 16
46 41
2 62
104 22
54 31
85 40
50 55
34 66
44 31
99 16
70 19
91 45
29 63
28 63
34 14
56 30
60 12
94 12
7 51
0 18
96 14
91 49
52 64
13 11
5 57
99 4
51 62
94 6
85 15
30 14
92 45
70 30
36 22
56 61
81 26
1 12
0 14
86 19
89 48
94 8
71 2
86 4
41 18
71 27
94 43
87 56
58 44
84 21
98 27
92 51
33 15
101 17
91 23
34 55
88 51
87 15
94 18
86 40
87 53
84 23
39 28
81 52
90 24
96 31
69 19
54 67
95 32
91 50
90 20
44 68
85 16
81 16
14 61
10 55
75 6
83 30
89 16
102 26
86 24
36 29
90 9
75 33
89 54
104 4
104 23
64 38
5 29
10 18
79 41
92 50
84 13
103 43
39 46
87 19
76 3
33 64
96 13
35 17
34 56
39 33
52 15
