23 8
28 6
24 13
3 1
26 15
12 1
27 14
20 8
26 9
2 3
8 1
29 13
16 18
6 3
14 1
24 5
5 14
12 3
6 4
7 9
5 18
28 11
6 5
7 2
29 15
25 9
28 13
7 11
29 2
29 9
28 15
30 12
5 1
20 15
8 4
5 17
28 14
21 9
30 2
18 5
20 6
29 6
21 14
23 2
19 12
23 13
25 2
28 2
21 6
8 14
22 2
24 6
22 14
25 0
22 11
28 9
24 2
21 0
25 11
29 8
21 11
20 12
24 11
8 10
12 5
7 13
28 12
27 4
30 11
26 0
3 18
26 12
26 8
30 6
30 13
6 1
9 1
21 15
12 18
8 3
27 5
0 1
29 0
26 2
9 14
8 16
22 8
23 6
7 8
21 2
4 18
27 3
8 18
25 15
7 14
30 8
19 14
21 8
29 12
8 17
24 12
16 3
24 8
22 12
12 4
23 0
18 3
28 0
14 5
14 18
26 13
20 0
15 1
5 10
7 10
20 9
5 3
26 6
20 13
7 0
10 1
19 9
16 1
30 0
24 14
5 12
5 4
28 8
19 15
23 9
5 16
8 12
19 11
22 9
7 6
22 0
7 5
20 11
27 18
23 15
23 12
25 14
20 14
27 1
19 0
29 11
22 15
19 2
22 6
30 14
19 8
4 3
26 14
19 13
23 14
24 15
20 2
25 12
8 5
22 13
15 16
12 16
25 8
2 1
30 9
23 11
25 6
2 4
26 11
12 17
21 13
2 5
29 14
30 15
24 9
24 0
19 6
14 3
25 13
24 10
21 12
4 5
7 12
