52 37
84 87
25 6
9 2
3 1
80 38
25 3
99 32
34 24
92 48
4 3
36 21
8 6
20 18
19 0
12 16
49 34
28 11
76 28
92 45
93 53
68 12
23 8
12 15
21 5
30 2
44 50
93 94
38 21
30 11
24 27
87 82
15 11
9 3
15 3
49 32
46 24
0 3
31 34
25 18
20 15
26 16
89 67
68 10
22 12
100 29
43 6
16 10
83 45
14 13
56 36
99 88
26 28
79 28
75 28
12 4
92 75
22 10
54 26
84 80
32 34
14 0
57 37
33 27
51 34
47 3
11 4
42 32
74 22
71 28
17 4
7 0
71 27
22 5
30 6
26 10
23 24
44 47
38 32
57 33
26 24
24 10
13 2
79 83
23 12
72 34
73 6
9 11
89 78
17 1
12 1
46 23
68 14
28 5
76 23
40 3
40 4
100 41
99 46
12 3
14 20
77 78
91 96
84 53
22 13
22 16
12 8
36 28
56 12
79 45
91 64
74 26
83 21
10 2
85 18
29 14
22 11
24 17
68 19
75 22
15 8
19 3
23 13
92 49
99 76
79 32
77 68
66 37
63 16
18 9
76 37
31 24
12 17
33 28
26 22
19 17
31 28
79 22
84 42
20 6
34 14
18 0
100 30
46 1
92 23
23 0
74 24
92 34
84 70
72 25
68 22
58 23
20 8
16 4
56 26
6 2
21 18
32 35
99 37
59 26
46 22
83 18
23 15
71 35
75 37
10 4
99 58
76 22
24 1
87 38
33 32
21 23
54 16
46 14
15 6
99 47
19 5
57 34
12 14
97 73
22 19
14 3
79 18
92 79
59 37
86 56
46 27
71 18
34 27
79 47
42 33
79 57
73 1
55 34
17 3
35 13
85 71
20 13
26 12
22 17
19 16
91 31
30 1
31 36
40 1
80 82
95 60
29 17
46 10
83 74
83 48
20 1
28 13
8 0
100 99
91 81
59 22
95 52
22 1
7 3
99 57
59 20
35 14
31 23
52 32
29 20
25 12
25 11
13 9
68 24
23 16
92 28
32 23
54 19
7 10
79 20
29 8
83 49
36 19
35 15
41 3
24 0
51 25
86 83
100 22
73 11
73 5
66 35
37 12
10 8
18 3
85 50
8 5
20 17
46 8
12 13
6 4
44 46
21 13
71 17
54 3
85 48
83 79
68 8
23 14
74 15
69 3
85 45
66 36
40 0
21 24
100 43
23 19
24 5
10 1
7 4
59 23
98 44
26 17
95 42
74 21
91 44
55 22
86 79
95 78
14 18
30 4
69 1
32 22
91 61
71 20
26 3
59 35
72 33
97 68
36 22
85 21
92 18
55 26
85 46
99 21
68 23
76 12
15 10
32 14
3 11
99 28
80 64
91 88
68 25
92 36
64 34
54 5
49 33
33 25
89 90
18 13
95 68
74 28
79 33
56 25
56 20
33 34
85 23
26 27
36 24
19 20
87 64
95 44
60 37
1 2
22 4
95 49
7 2
83 28
84 44
13 1
17 6
13 5
91 60
12 20
80 31
1 11
34 12
95 56
24 4
24 18
23 20
85 79
91 65
68 5
37 16
83 88
83 72
95 45
37 28
93 63
20 2
33 24
51 37
9 1
21 10
18 4
34 20
58 21
91 42
59 36
95 69
25 22
35 18
24 6
84 61
21 27
66 34
27 1
99 36
91 67
68 3
86 52
80 56
64 36
59 24
20 3
71 14
3 8
27 0
41 2
34 19
79 36
54 14
58 37
53 3
56 24
5 2
40 2
21 12
65 3
95 53
30 0
29 11
14 11
76 27
24 20
83 22
32 25
19 11
34 15
30 5
92 32
99 22
20 10
83 36
26 5
76 34
99 48
31 25
21 14
91 50
68 11
15 13
42 34
79 76
7 5
95 39
91 79
92 50
75 12
31 22
32 24
19 18
89 44
99 71
72 32
99 50
36 34
58 14
99 83
91 45
22 15
79 34
8 11
4 2
34 17
73 2
8 1
25 15
26 18
21 28
54 1
56 19
86 31
74 14
18 5
79 48
22 14
25 17
52 33
24 19
35 17
44 45
83 59
7 8
100 73
47 1
85 47
63 17
64 32
68 18
77 79
27 6
79 35
3 4
83 47
68 20
33 22
37 27
13 0
67 1
41 0
93 60
31 35
38 36
34 23
73 0
95 65
26 6
35 19
25 9
25 24
71 15
23 10
46 15
54 13
28 16
92 58
87 31
13 3
91 56
68 13
23 9
43 11
84 79
51 22
24 15
15 4
83 34
14 6
21 15
29 15
75 23
7 9
28 15
25 5
34 25
25 27
3 2
84 86
22 20
28 20
22 27
38 37
21 19
91 53
62 18
98 79
84 66
74 20
23 27
71 19
16 15
54 6
85 75
71 26
99 75
17 8
58 19
38 35
51 24
83 20
98 68
79 88
35 21
54 23
59 12
68 26
36 15
18 2
27 4
66 32
20 16
55 23
59 14
58 26
79 74
75 14
43 5
75 34
92 74
26 13
44 48
37 24
85 74
55 28
51 33
64 35
80 52
19 2
51 36
15 9
74 17
79 21
24 13
65 1
91 78
54 12
95 66
76 36
97 40
28 1
21 11
56 27
27 12
17 0
57 35
22 6
22 3
32 36
100 95
74 23
46 16
91 82
92 33
68 15
85 28
46 25
1 6
36 14
33 36
92 37
83 37
54 9
0 4
28 24
17 11
25 0
99 74
26 15
33 14
36 26
25 26
74 25
14 10
15 0
27 20
89 79
39 1
72 37
11 3
73 3
32 28
19 8
36 35
13 6
14 16
5 0
59 19
58 35
76 32
28 0
44 12
79 59
26 19
58 25
32 27
87 56
35 24
28 22
56 23
93 55
27 18
26 23
84 85
79 49
64 25
36 12
55 21
71 23
91 52
24 16
16 3
16 17
43 3
43 4
37 36
46 21
95 48
20 0
18 10
15 1
46 26
74 35
85 57
16 13
39 3
84 38
29 6
38 25
28 17
14 5
58 22
19 13
33 23
95 31
16 9
86 64
10 3
93 62
20 5
36 27
11 0
9 4
71 25
92 20
85 58
15 5
23 17
35 16
9 5
79 75
25 14
51 21
29 18
21 17
18 8
89 49
26 1
95 64
8 3
35 23
68 6
68 9
83 35
37 22
17 15
52 34
36 17
85 88
16 18
55 27
68 27
28 14
30 3
93 42
84 31
93 66
23 3
29 13
54 27
97 30
68 17
23 22
41 1
46 20
44 20
84 64
60 34
44 10
56 35
99 35
77 44
99 33
14 9
40 5
37 23
91 54
13 8
59 25
17 13
24 3
57 36
14 19
58 28
54 17
23 5
46 9
36 20
100 55
72 35
34 16
17 2
52 21
33 26
60 33
71 13
86 81
28 23
63 20
79 23
28 9
76 33
5 4
55 24
59 21
59 28
89 82
12 18
91 39
98 95
14 1
34 26
54 20
5 1
21 9
12 9
18 11
85 83
28 18
28 19
89 81
85 76
5 3
7 11
74 16
89 91
11 1
27 11
79 37
79 46
19 6
31 33
27 14
84 52
10 5
67 3
74 27
23 18
63 10
35 20
91 49
53 2
52 25
28 8
54 0
80 79
21 6
85 34
40 8
21 1
29 10
54 24
29 0
59 34
97 41
95 67
79 72
41 4
15 2
22 8
72 26
51 32
68 0
14 15
22 24
35 12
14 8
55 14
54 15
16 2
22 18
12 6
92 47
22 9
87 79
51 23
14 4
93 70
64 37
95 70
15 18
28 3
24 8
12 11
25 23
25 16
87 52
52 26
25 19
55 25
19 4
44 14
34 21
95 92
43 2
59 27
16 6
99 49
26 8
92 83
100 7
7 6
1 4
16 11
79 50
51 35
83 33
35 28
75 27
61 3
85 49
92 59
87 44
27 10
92 71
9 8
18 6
6 3
91 47
87 83
21 22
17 10
12 0
91 68
19 9
89 84
93 51
54 8
70 1
32 37
12 10
56 21
99 45
32 26
46 3
95 79
37 26
24 14
70 2
12 5
86 38
21 25
36 25
43 1
87 81
92 21
35 26
12 19
85 22
46 13
98 84
11 5
27 3
20 4
35 22
91 66
77 55
34 22
97 55
56 34
10 6
58 24
54 11
23 6
38 34
91 69
19 10
60 36
30 8
99 59
32 21
17 9
55 35
26 11
51 26
23 11
27 17
92 57
68 28
99 23
0 2
53 5
83 71
58 36
37 20
91 70
83 32
75 21
24 12
36 23
44 27
83 57
95 50
33 12
68 1
72 21
42 36
71 16
95 61
6 1
51 28
74 34
31 32
80 44
60 35
73 8
44 49
20 11
83 46
26 9
89 65
97 79
66 33
84 60
27 16
99 20
37 17
26 20
56 28
54 28
8 4
28 27
56 37
91 92
31 37
27 19
55 36
28 10
85 32
5 6
64 21
55 37
92 88
86 44
34 28
92 35
11 6
34 35
25 13
31 21
14 17
56 14
79 71
27 13
19 1
33 37
27 8
16 0
80 81
17 18
55 12
95 88
43 0
27 15
52 35
74 19
46 12
75 36
26 0
22 0
28 12
100 79
37 35
46 19
92 72
10 9
93 56
40 6
27 9
74 12
17 5
49 35
27 5
29 4
54 22
20 9
99 79
85 20
92 76
91 48
29 3
42 35
83 50
53 1
80 83
89 68
33 35
29 9
25 1
85 33
13 4
37 21
10 0
91 38
9 6
72 36
33 21
76 21
24 9
53 0
85 59
25 10
37 34
57 32
99 18
29 16
35 27
7 1
29 5
29 1
75 35
4 1
35 25
37 19
23 1
71 21
19 15
8 2
21 8
6 0
37 14
68 16
83 75
1 8
42 37
46 17
73 4
84 68
25 20
21 3
92 22
46 28
10 11
83 76
32 12
16 5
40 11
54 10
99 34
3 6
0 1
13 11
71 12
85 72
28 6
79 58
86 82
52 36
21 16
95 47
11 2
36 16
24 11
25 28
9 0
85 35
99 72
85 36
31 26
16 1
84 56
16 8
71 22
85 37
37 25
21 20
83 23
55 32
62 10
46 18
58 27
63 18
54 18
76 35
83 58
56 22
29 19
38 33
18 1
58 20
58 12
21 26
100 68
64 33
71 24
95 38
95 96
35 10
98 99
92 46
60 32
58 34
25 8
26 14
13 10
