113 57
11 54
123 3
105 71
31 81
56 75
64 74
59 75
87 55
85 30
1 54
0 9
9 34
122 4
112 51
67 10
111 36
37 82
89 1
113 24
121 13
54 7
62 77
31 84
104 29
1 29
113 28
115 17
116 26
119 19
28 64
123 20
43 18
58 10
0 6
1 18
116 16
9 77
11 69
72 48
47 17
103 29
64 78
12 10
85 31
26 34
110 21
63 68
63 29
121 16
116 11
105 18
98 64
63 48
12 66
93 29
98 22
5 74
124 29
110 20
93 32
118 66
58 34
93 17
98 34
47 51
105 19
113 11
54 75
114 54
72 1
94 7
89 19
111 57
105 17
120 75
47 64
42 14
85 32
95 13
94 50
116 5
0 21
85 15
124 36
119 8
119 40
0 24
26 3
106 31
114 28
104 53
0 39
58 66
110 16
33 14
88 16
47 15
119 28
37 75
58 81
40 54
97 16
93 35
87 32
118 8
47 61
105 55
47 67
100 69
58 70
108 27
100 13
15 74
20 57
95 30
2 74
22 69
3 73
109 29
97 55
118 6
9 10
41 11
87 51
115 16
106 68
30 74
125 19
118 53
112 4
84 77
100 65
117 65
50 10
118 27
4 73
61 36
0 16
107 8
42 3
126 8
115 13
122 52
87 58
118 13
111 25
54 29
63 75
115 12
123 38
86 35
28 69
87 61
35 15
28 58
38 82
108 63
62 68
44 39
62 73
124 58
114 31
97 56
86 38
46 4
1 82
37 3
41 39
11 82
107 24
11 81
70 75
66 36
31 68
83 29
94 52
87 15
123 8
116 58
113 69
1 58
85 29
6 74
26 54
108 28
111 71
122 31
35 10
119 71
5 33
46 36
10 73
126 29
122 10
41 28
108 26
64 34
37 12
118 10
107 57
41 24
63 14
118 36
47 27
100 68
89 13
118 49
42 8
58 7
103 13
70 57
20 3
22 13
42 24
63 78
69 30
38 3
9 69
106 57
109 57
60 18
122 38
98 25
100 40
108 65
15 75
70 30
47 48
67 33
118 40
110 4
67 34
102 15
47 60
11 35
60 32
22 70
108 15
107 26
42 30
104 58
88 39
119 69
67 36
95 15
117 26
110 55
28 79
109 15
111 21
107 12
43 39
56 62
69 68
40 15
109 11
111 49
121 19
23 81
52 75
94 15
125 2
94 6
5 70
9 18
66 83
5 7
58 33
47 37
4 18
95 29
97 14
41 32
118 2
11 78
112 17
87 6
88 4
55 62
98 67
119 54
108 2
22 62
114 60
40 69
105 60
66 10
20 66
92 27
98 69
102 2
89 3
106 9
85 59
118 1
114 63
115 59
49 76
64 84
42 20
98 62
110 2
41 2
123 14
95 14
54 68
35 77
31 66
102 20
89 15
6 78
0 20
98 55
112 3
94 27
124 64
95 17
22 48
26 60
124 40
6 7
106 21
88 17
88 6
87 36
88 28
125 38
122 16
106 1
104 56
123 5
30 36
108 6
122 35
97 12
20 30
60 12
47 62
4 58
28 35
104 63
0 36
58 12
88 52
113 4
119 57
107 39
52 70
123 25
60 74
28 70
63 77
32 33
112 69
49 36
30 77
93 27
88 65
6 62
85 28
9 83
113 15
95 26
118 65
42 19
59 84
52 13
109 48
67 83
11 74
45 33
17 36
114 5
5 84
13 75
87 24
109 38
44 28
118 12
102 38
34 70
122 14
44 1
108 38
64 3
46 31
58 84
62 75
69 3
45 20
113 68
109 2
118 57
118 67
116 70
30 62
30 29
52 48
20 74
26 78
88 66
117 63
34 76
107 61
30 73
93 16
59 78
28 34
112 21
24 74
118 16
63 35
116 38
41 15
97 70
114 52
44 22
35 32
26 63
44 6
44 9
59 36
67 75
115 57
112 26
43 15
40 29
58 32
63 32
22 12
53 14
9 12
112 15
4 7
108 23
93 68
1 57
106 53
92 23
112 66
88 55
102 29
40 35
110 48
105 67
117 52
107 59
110 69
66 77
109 4
33 10
112 64
45 24
93 10
113 14
46 38
24 77
64 81
26 14
112 27
11 63
106 19
20 36
106 25
117 16
85 21
10 78
60 73
47 69
31 58
124 16
64 68
109 1
117 38
112 68
93 12
40 79
78 10
34 14
80 79
123 2
0 32
104 50
88 56
84 7
105 27
37 59
67 66
20 79
107 64
102 31
106 28
118 25
100 36
107 16
113 56
123 19
22 57
43 32
38 48
94 10
9 63
54 35
116 71
58 48
72 18
100 16
104 60
14 77
46 32
119 17
38 81
108 3
6 36
89 29
112 65
120 78
20 51
111 1
112 59
119 67
122 53
59 33
19 75
31 79
72 22
114 21
4 54
107 18
115 68
97 58
104 4
88 59
126 36
115 24
85 1
11 34
12 29
112 19
104 39
21 76
16 75
107 36
107 10
9 76
34 81
92 58
104 24
60 14
124 13
45 30
26 32
114 22
93 13
31 70
37 83
42 23
45 2
67 7
1 33
125 1
0 2
107 4
40 74
123 24
94 71
106 60
117 70
32 66
38 59
110 23
46 27
8 62
43 6
69 10
37 62
12 62
98 3
124 38
122 33
87 66
52 74
106 66
112 57
86 60
126 27
102 13
41 23
116 12
116 60
89 39
114 23
122 71
86 10
23 36
69 77
111 17
122 11
102 26
111 18
50 77
118 28
112 38
56 29
94 3
109 56
46 39
59 73
72 61
124 19
115 21
44 15
88 54
122 55
67 76
78 75
122 40
41 29
111 55
90 8
66 79
97 60
63 10
45 35
69 18
111 2
58 76
33 34
46 2
67 35
20 63
97 35
107 54
4 81
110 9
47 3
105 66
104 55
7 75
100 57
115 55
4 12
45 25
84 73
37 18
31 13
47 4
119 66
93 53
11 73
66 33
93 15
118 23
115 8
41 35
26 68
68 66
31 18
69 73
34 66
87 62
20 34
110 53
47 55
102 9
109 27
35 68
7 68
110 62
28 3
63 3
122 30
112 62
53 10
28 81
33 32
104 69
86 2
47 53
69 74
38 14
92 39
107 65
117 69
118 20
124 20
89 27
109 13
62 78
86 58
26 84
110 39
69 32
106 38
110 65
40 10
47 52
36 29
112 1
98 36
17 29
113 17
33 83
11 57
86 20
20 70
40 33
98 70
55 10
106 71
87 25
31 15
45 7
53 66
97 19
58 36
20 29
116 31
108 29
86 26
46 17
124 11
20 54
1 14
72 60
41 4
28 57
41 14
11 64
111 9
94 22
114 29
124 9
70 7
95 6
70 35
85 64
104 18
85 19
105 13
40 12
50 75
93 55
100 37
72 36
93 58
95 50
93 56
86 53
35 83
119 58
26 58
108 70
58 57
98 56
17 76
64 12
88 62
98 9
60 33
108 13
66 18
28 66
44 37
90 3
111 64
70 82
2 75
123 1
12 14
92 6
97 17
119 48
43 13
31 76
46 21
115 64
41 19
46 34
86 70
32 75
6 69
49 29
86 25
123 13
112 101
54 33
67 79
87 19
72 51
43 24
106 67
112 14
107 19
38 66
114 19
26 77
119 22
14 73
111 58
107 31
116 68
105 57
52 76
114 59
116 48
105 8
54 15
55 36
94 68
124 39
67 57
26 29
107 28
5 62
19 73
18 73
100 51
87 27
36 73
31 12
108 69
44 36
43 30
64 82
102 21
108 31
63 12
54 84
64 83
97 71
105 25
108 61
109 63
108 62
33 62
119 25
69 36
111 29
30 14
40 84
0 12
80 10
90 23
40 57
51 75
72 54
105 54
33 73
20 69
86 39
59 62
41 18
4 35
87 28
69 35
112 55
72 52
45 3
88 53
106 12
116 3
66 15
117 67
122 1
126 25
36 75
86 19
110 61
102 14
104 26
72 3
9 33
105 38
110 36
5 77
124 14
46 7
85 56
110 10
107 66
107 101
85 5
113 12
117 11
119 36
47 29
93 52
72 4
126 2
86 9
114 67
123 9
105 40
87 26
4 76
122 3
92 21
42 6
7 76
118 38
43 28
114 71
6 14
118 48
58 15
85 50
1 60
115 23
31 83
54 70
54 14
41 37
50 13
108 1
43 37
15 36
44 24
44 34
45 11
57 73
22 58
111 23
114 38
44 16
116 10
26 12
5 68
107 20
26 79
26 13
88 50
9 54
94 40
65 75
111 39
41 30
113 25
92 40
24 29
125 3
85 25
97 8
97 13
116 40
110 15
56 78
6 34
118 69
125 25
72 63
63 34
26 48
87 14
86 15
113 2
97 21
113 54
70 15
42 37
40 13
5 73
28 54
110 13
69 29
114 25
89 23
20 7
122 57
56 10
100 59
70 84
95 11
88 60
73 36
26 35
87 29
30 75
51 36
37 35
94 9
95 20
28 13
109 14
6 77
93 23
60 13
59 82
69 34
31 34
116 8
54 74
107 6
1 78
60 66
41 5
0 40
47 54
118 29
46 9
102 19
45 8
123 4
10 76
86 55
118 61
35 13
110 57
126 3
5 75
98 19
98 6
117 50
110 56
87 4
112 61
126 19
109 17
95 34
114 56
43 14
122 67
116 69
117 22
107 48
76 36
33 77
44 23
46 15
121 15
66 34
60 29
113 67
38 69
66 7
59 14
100 23
114 61
122 9
19 14
123 21
108 24
116 6
35 29
62 10
111 65
4 70
42 10
105 61
118 5
97 36
40 81
105 63
104 19
44 10
120 73
68 70
37 69
95 8
112 63
98 60
9 29
43 7
88 11
53 74
114 11
105 51
100 12
66 30
56 73
85 23
116 21
45 28
21 75
98 8
119 52
107 67
111 12
86 8
86 54
104 61
113 61
94 17
89 6
102 34
98 20
115 31
114 16
97 24
100 60
42 21
95 16
47 10
95 4
43 8
114 3
112 28
113 59
6 79
42 7
35 70
11 75
119 24
100 55
72 29
106 48
51 12
95 56
46 10
61 13
107 21
27 76
88 67
86 61
85 37
113 71
114 17
107 22
22 33
72 69
116 67
105 101
5 58
35 7
86 51
97 2
93 26
2 36
64 48
112 56
115 66
114 14
40 70
42 27
95 1
26 15
93 7
121 3
35 14
113 52
112 25
125 71
119 64
92 5
8 70
116 63
100 61
98 57
47 39
119 5
49 73
1 3
31 35
117 5
40 58
50 78
98 16
39 10
19 29
85 4
112 67
40 59
105 21
6 54
105 3
125 39
117 1
41 17
0 28
104 37
68 75
106 24
26 18
104 8
28 82
72 23
108 71
94 20
112 13
125 40
112 12
123 40
13 73
47 11
4 63
116 4
41 36
11 18
108 25
110 52
41 33
122 15
88 32
42 4
88 61
98 48
115 38
46 19
93 40
35 36
116 1
106 70
47 36
1 66
87 3
1 7
108 57
64 10
104 57
108 37
11 62
57 75
30 32
100 54
86 34
69 33
52 62
94 37
86 62
98 50
85 52
97 50
5 60
125 17
53 15
109 59
124 25
52 12
119 49
114 20
112 52
45 21
109 28
108 58
9 14
88 24
43 5
114 49
34 83
86 28
46 35
107 53
0 4
72 62
20 33
106 10
24 78
38 33
114 57
20 83
55 73
124 63
88 29
72 53
119 15
115 22
98 5
9 3
125 27
38 29
116 23
4 51
45 1
34 77
22 83
83 13
45 9
93 38
123 26
89 38
62 76
106 13
105 39
47 12
38 63
109 54
95 38
97 59
10 75
102 40
98 53
104 23
26 36
18 75
26 76
5 29
119 13
41 26
12 70
87 63
117 6
0 19
98 31
102 28
53 48
69 14
26 10
30 15
60 57
72 56
6 51
85 11
37 13
111 62
117 37
37 51
125 11
87 65
117 12
107 29
70 10
71 75
86 69
115 1
125 5
85 13
93 25
59 68
66 57
46 26
58 18
40 51
106 14
117 17
42 28
98 51
109 53
93 8
92 26
95 32
47 9
107 9
57 74
118 55
28 51
117 24
88 69
95 25
112 2
91 75
110 64
83 76
24 36
87 23
42 33
108 12
63 36
61 76
30 10
107 51
121 27
113 36
86 66
94 34
31 62
109 49
65 79
73 29
22 82
66 73
86 48
53 76
66 78
93 50
32 7
118 9
1 51
110 38
116 51
11 32
44 29
105 14
85 3
60 75
118 58
124 2
100 20
122 39
19 15
124 5
86 63
94 12
95 28
64 13
87 11
118 19
112 5
85 60
93 4
15 77
98 32
98 71
118 64
123 69
104 101
94 39
80 75
88 37
124 3
111 14
22 15
97 65
46 37
0 34
106 6
18 74
9 70
85 49
113 51
47 31
72 15
52 10
110 71
116 53
106 17
67 73
95 58
5 3
0 27
105 48
44 4
93 5
113 101
117 8
117 13
102 32
124 6
56 36
95 71
67 78
31 36
46 13
14 29
108 36
38 15
94 24
106 36
113 62
70 3
114 15
11 10
103 78
40 77
106 58
34 73
118 70
86 49
22 66
106 62
109 65
97 25
118 21
110 51
37 15
9 35
4 79
111 70
113 60
92 1
31 3
35 66
60 48
44 40
38 12
64 75
94 21
98 66
64 33
66 12
40 75
95 40
45 4
22 76
113 39
44 21
98 4
4 60
118 71
42 39
42 25
54 32
123 64
93 1
69 57
1 34
1 79
5 35
72 71
111 40
87 54
111 20
88 14
85 22
122 17
54 57
92 38
44 7
112 8
44 3
45 32
42 13
30 76
11 58
97 18
123 63
111 13
88 8
100 62
6 18
53 73
98 61
32 68
105 70
60 79
118 54
109 19
110 31
113 16
42 9
70 12
59 83
76 29
26 66
46 1
31 82
118 26
125 29
116 25
33 81
33 36
98 37
125 4
63 70
123 37
85 53
110 11
43 29
66 81
3 75
125 23
35 75
53 77
72 37
107 70
92 22
5 36
43 36
113 29
66 82
32 13
41 13
54 36
113 5
55 75
119 27
122 37
85 54
114 69
72 68
37 48
100 8
59 74
119 9
111 68
89 32
68 74
38 13
85 61
6 58
117 3
63 79
97 49
62 13
46 18
118 15
34 68
97 3
111 61
100 3
26 82
22 73
98 12
4 69
41 16
58 74
98 14
47 6
43 4
97 57
98 65
67 70
1 62
4 64
63 81
54 12
5 81
125 15
11 76
63 76
111 54
5 78
33 75
100 70
100 6
110 63
26 57
112 18
28 33
115 63
53 12
105 11
67 18
9 75
5 13
94 53
9 57
86 33
104 38
108 49
15 76
15 73
86 30
6 83
47 38
104 5
111 16
93 11
70 77
109 68
118 60
29 75
9 30
45 36
113 3
45 6
26 74
52 36
47 1
95 5
122 19
11 14
109 26
118 50
119 14
123 59
54 82
117 21
37 84
121 25
89 14
20 59
44 26
44 27
9 73
25 76
107 62
28 32
111 8
104 62
53 70
32 83
110 17
108 40
22 30
44 11
66 76
34 33
38 34
87 56
1 84
111 15
93 28
63 15
72 12
114 2
70 62
104 27
8 29
84 76
90 15
119 10
97 51
112 6
1 75
122 13
88 10
11 51
26 64
119 37
40 64
119 20
119 60
95 22
93 6
22 10
123 54
115 56
47 8
20 10
104 12
8 66
107 13
108 66
110 3
110 54
44 18
121 17
97 66
103 36
66 68
109 9
100 19
41 38
97 30
6 64
54 76
106 50
33 15
111 56
121 36
44 19
111 10
69 81
106 52
1 64
64 62
28 68
117 56
97 1
122 12
1 77
122 2
90 13
45 15
119 31
122 49
107 23
59 10
59 70
37 36
33 7
43 3
45 16
100 22
87 48
4 84
69 48
20 62
22 14
98 54
12 13
125 12
122 50
93 14
95 2
23 75
85 33
60 83
94 31
46 25
113 18
64 36
22 79
108 56
6 35
11 84
60 68
28 15
122 8
44 12
94 38
60 82
25 75
44 31
104 48
125 28
113 10
89 28
30 35
87 64
26 7
87 20
69 62
58 78
44 2
31 48
110 67
110 24
102 37
0 23
9 58
109 64
117 48
98 40
37 30
93 21
0 15
69 13
122 29
6 82
43 2
115 52
93 24
94 5
102 6
59 35
125 56
104 13
1 76
0 33
100 64
38 62
119 53
97 39
53 62
118 11
38 7
45 34
35 62
109 60
67 77
28 12
65 10
105 56
86 65
97 52
26 73
30 57
6 84
117 51
93 37
2 68
103 10
6 63
72 49
0 22
24 76
110 28
89 16
45 27
114 39
95 53
119 21
116 56
84 36
108 10
122 20
123 60
104 36
52 15
33 13
63 66
64 79
102 16
94 29
107 60
12 73
7 12
86 22
87 59
100 9
5 76
59 15
47 14
30 12
88 57
42 17
108 5
66 3
38 74
119 68
118 4
108 18
44 13
38 57
69 76
6 68
89 33
106 39
87 13
19 76
31 57
104 59
37 79
125 16
4 14
32 29
72 19
1 13
115 51
43 1
41 7
85 2
67 29
28 74
110 26
31 14
97 26
88 5
40 68
97 5
92 15
72 2
12 78
95 31
58 3
47 20
110 101
87 1
44 32
105 1
88 36
47 2
22 68
106 69
69 15
42 5
33 29
22 3
69 84
64 35
26 75
89 37
119 61
119 39
66 32
43 25
4 32
66 35
32 14
104 65
98 59
59 66
113 31
45 14
106 23
113 20
107 69
109 20
94 26
37 81
87 50
28 10
40 78
88 25
112 31
100 5
95 55
9 59
122 56
16 36
40 60
5 64
98 28
90 24
113 63
34 32
122 48
89 5
47 63
59 29
66 48
114 10
102 33
94 36
72 57
123 36
4 15
90 29
42 36
20 58
118 17
107 14
31 10
54 30
42 12
89 35
108 68
28 60
112 10
107 49
5 66
126 17
5 34
85 35
44 5
26 70
11 15
47 65
112 29
88 19
24 68
97 37
115 29
112 53
37 73
46 14
88 15
44 35
0 37
40 82
125 37
114 66
105 28
32 74
37 76
86 37
115 71
111 28
122 18
88 34
103 75
111 37
58 79
5 48
94 33
40 18
110 50
15 29
22 64
108 9
4 13
126 39
37 78
2 29
30 82
113 37
92 8
125 13
4 77
86 52
70 32
94 28
43 11
117 4
93 22
14 75
24 75
41 22
22 7
107 2
72 25
95 36
97 53
98 13
97 32
126 16
63 33
72 28
121 39
110 27
66 70
116 52
37 7
85 68
89 52
30 13
88 70
100 1
107 58
35 81
126 13
59 3
4 48
70 13
32 81
116 22
104 31
105 58
70 79
40 66
30 18
31 77
107 5
121 24
102 11
22 60
117 27
1 10
94 13
93 20
100 11
115 65
1 81
46 12
124 24
122 51
48 74
4 59
41 3
70 14
47 71
44 38
30 83
1 69
102 30
67 14
115 11
9 60
111 38
102 24
114 40
28 7
24 70
125 58
125 21
7 78
4 34
58 29
72 50
109 23
4 78
116 29
72 27
1 63
124 1
113 8
102 3
2 76
6 81
111 5
32 35
118 14
116 17
123 31
117 36
87 16
121 21
105 23
63 13
9 13
121 23
87 10
6 12
100 29
0 5
105 9
72 66
5 59
64 32
109 101
26 51
97 64
115 27
113 65
45 31
63 83
38 58
72 5
43 38
70 81
20 78
54 62
60 77
4 68
43 31
72 39
54 66
119 3
111 24
111 101
86 50
47 59
119 38
87 38
97 38
118 31
43 35
98 63
95 7
12 76
31 7
22 35
22 54
70 29
117 40
88 22
100 49
4 29
60 76
88 3
1 15
104 54
105 62
9 48
114 27
100 24
124 28
90 2
116 37
42 29
112 23
70 33
20 75
11 83
110 29
100 31
109 40
33 70
89 40
86 56
37 64
95 10
31 51
37 57
122 61
48 73
52 77
33 74
105 20
115 3
118 3
109 10
117 25
105 52
20 18
113 21
72 26
86 14
95 37
97 7
122 28
67 62
20 13
86 5
37 63
112 49
30 78
54 13
61 78
45 26
45 10
70 68
0 35
8 76
50 79
76 77
59 57
107 11
109 8
47 50
106 8
125 9
50 29
58 83
43 20
115 19
123 39
5 63
46 24
86 1
117 60
97 48
28 84
55 78
89 26
113 1
108 14
106 5
75 73
114 13
34 36
117 71
12 79
55 77
12 74
20 15
98 18
111 50
28 18
114 8
20 35
108 39
22 34
1 74
92 16
122 23
87 2
60 36
98 38
6 75
94 19
83 36
110 14
117 10
9 32
63 7
59 18
123 27
23 29
12 15
6 66
100 25
89 20
110 12
89 8
112 58
63 82
86 4
109 16
87 68
119 59
38 18
114 64
37 10
92 25
108 20
0 11
64 77
109 18
94 16
85 39
72 6
106 15
34 7
38 36
40 73
109 67
100 101
86 11
119 55
125 70
95 23
116 65
104 71
40 63
64 70
55 29
50 36
70 74
6 29
102 35
60 7
68 7
33 66
29 73
34 74
124 8
47 57
11 33
118 63
100 27
46 23
20 14
110 6
30 84
59 79
86 71
41 9
98 17
98 30
54 78
69 12
106 55
47 70
70 34
28 77
42 38
30 81
92 31
47 66
43 34
113 19
43 19
20 48
92 28
72 8
118 24
44 14
42 15
104 52
123 17
104 70
111 11
66 14
112 36
109 39
88 51
85 40
0 38
113 70
38 68
40 7
53 36
97 54
67 15
93 34
0 17
32 34
72 70
104 21
103 79
109 71
32 77
124 4
56 77
124 26
104 2
59 76
42 34
94 32
59 48
116 50
37 54
22 81
121 29
12 77
0 3
111 51
67 12
0 18
97 23
124 15
125 36
37 58
87 53
28 48
113 58
93 2
52 73
116 27
85 70
115 25
22 32
4 83
31 75
98 2
106 40
102 27
105 24
105 29
85 48
85 20
104 15
106 65
94 58
88 35
108 55
107 15
109 70
32 73
60 3
115 70
92 37
12 75
86 3
114 37
85 24
52 14
100 30
88 2
106 22
83 77
107 56
95 12
67 82
22 74
9 62
5 54
15 13
122 6
66 13
112 37
52 29
46 22
123 15
87 37
46 29
104 17
11 29
89 61
20 64
90 25
47 58
98 24
34 75
31 60
45 12
89 17
117 49
105 53
107 37
59 12
6 57
11 36
60 10
60 84
115 49
28 73
9 7
54 48
89 36
107 40
6 48
87 57
54 77
109 66
112 54
64 14
54 81
90 14
44 8
31 73
72 55
100 56
104 3
11 79
72 59
5 12
109 58
44 30
42 40
117 64
113 26
115 10
110 68
67 3
97 67
1 83
104 40
53 13
69 83
88 20
72 17
0 1
109 24
126 23
110 58
85 69
63 18
38 84
88 1
67 68
106 4
41 25
108 19
69 70
113 40
34 35
116 49
22 77
106 49
105 37
113 55
124 69
115 20
95 52
86 68
89 53
106 2
87 67
38 73
99 76
20 68
115 5
116 9
113 48
94 35
100 28
1 59
114 51
43 10
95 21
123 22
115 36
85 66
113 38
64 66
86 24
0 13
112 16
111 63
47 5
62 29
93 71
29 36
116 13
52 66
89 9
113 66
116 20
106 59
88 21
94 11
98 49
89 24
20 32
0 10
72 21
11 3
11 7
17 77
94 30
118 37
95 24
31 74
108 53
114 58
110 59
109 55
93 9
47 56
108 51
23 68
31 69
119 6
122 65
74 73
102 36
35 73
38 60
124 59
116 24
44 25
88 38
88 23
110 22
109 12
98 27
40 48
104 9
24 10
0 7
110 49
54 73
106 56
64 29
64 15
95 19
87 31
88 49
58 62
108 11
121 2
93 30
41 20
111 69
109 6
46 11
6 32
125 55
100 10
32 10
48 36
22 59
43 9
117 39
64 76
114 6
110 8
86 59
105 2
43 21
104 66
113 9
105 12
30 7
98 10
5 18
47 26
64 57
61 75
110 1
100 2
119 23
114 48
119 63
108 59
114 26
45 22
85 27
20 73
100 66
115 28
88 33
58 75
88 13
9 84
69 75
33 35
37 14
108 101
87 30
114 1
14 76
11 77
119 2
19 36
64 73
63 84
53 29
45 5
105 69
104 11
59 81
38 70
72 65
1 12
85 34
38 35
102 39
41 40
86 27
35 34
58 13
113 64
119 4
109 21
5 15
102 23
72 9
31 32
93 3
106 64
20 84
100 15
94 55
69 78
111 52
90 16
5 82
49 75
85 26
42 1
114 36
106 20
107 38
99 75
1 36
72 38
117 66
50 76
6 10
67 32
124 17
118 59
34 13
33 68
110 5
112 71
28 83
23 62
98 39
38 76
110 60
22 63
4 10
27 75
111 22
100 26
111 26
117 54
119 70
113 22
47 19
58 14
87 9
124 60
107 50
116 54
105 10
97 63
115 50
97 62
22 36
65 78
124 31
85 67
115 53
28 78
47 18
46 8
108 17
72 64
45 39
46 33
122 5
102 17
61 79
4 62
85 71
111 6
87 5
43 17
83 75
47 40
107 25
75 29
46 28
95 3
11 13
46 5
119 26
115 58
35 33
119 51
86 21
109 69
87 52
70 73
116 2
18 68
104 10
43 23
37 70
0 31
93 19
108 4
72 24
115 48
30 33
106 29
46 16
122 26
42 16
115 26
32 15
122 21
42 18
98 26
30 79
4 33
35 74
102 5
105 15
87 60
53 75
119 50
122 58
22 75
50 74
109 52
5 14
100 21
109 22
86 40
38 51
110 66
4 75
54 10
114 55
109 3
62 79
108 48
90 19
90 27
94 23
125 24
34 10
92 29
92 14
30 34
110 37
55 76
20 82
0 14
112 50
97 40
63 57
37 77
72 14
68 73
6 60
65 77
107 52
31 29
86 32
28 75
67 84
16 13
9 74
105 16
114 9
34 29
6 59
114 53
30 70
87 69
7 36
28 36
43 40
85 57
88 9
70 18
116 64
106 37
119 16
38 54
97 29
105 4
108 54
88 12
105 36
47 21
104 68
110 40
47 23
26 59
42 26
92 17
0 30
105 68
13 74
8 36
89 30
38 10
116 19
124 27
117 23
7 29
34 15
92 50
94 1
37 33
125 26
112 40
85 62
122 22
4 57
54 3
105 31
92 30
43 26
58 68
105 50
102 1
105 49
38 79
107 17
40 14
87 12
85 38
59 7
115 61
72 67
116 57
28 30
4 36
125 10
116 36
118 22
113 27
100 4
107 63
115 69
106 18
41 31
89 22
40 36
88 31
112 22
4 74
1 32
92 13
16 29
124 37
33 76
104 6
47 28
96 75
87 71
5 57
97 10
100 14
112 39
45 38
59 32
111 31
119 11
14 36
117 2
72 31
118 39
125 66
104 51
44 33
121 8
95 39
111 53
46 6
90 17
97 4
102 25
47 24
106 3
125 8
117 9
20 81
104 20
40 32
89 25
117 31
24 66
108 64
32 76
98 15
114 4
87 35
115 2
60 15
85 65
118 51
47 16
85 58
104 1
50 68
4 3
5 83
106 16
26 69
107 1
125 20
119 1
94 8
109 36
72 13
117 55
105 65
104 49
95 65
117 20
61 73
28 76
41 1
47 49
6 13
115 9
114 70
18 62
88 64
123 11
38 75
97 27
104 67
11 70
115 67
17 73
110 19
105 22
115 54
5 10
90 21
98 35
90 39
86 64
42 35
100 50
21 13
114 50
86 67
30 3
76 73
5 69
1 70
125 6
70 78
114 12
104 16
117 28
97 33
31 64
111 19
45 37
88 71
87 34
115 6
85 6
97 9
48 29
32 36
26 62
104 28
86 6
123 28
44 17
112 9
47 68
109 31
59 30
95 68
45 23
88 26
85 10
97 15
115 37
105 64
115 4
84 75
94 56
70 83
112 60
88 30
97 22
54 34
61 29
43 16
35 76
88 27
118 68
110 70
72 11
123 23
11 48
64 18
111 66
102 22
47 22
111 27
85 17
94 4
92 20
9 15
41 34
43 12
9 68
2 62
60 70
12 36
89 4
97 6
63 74
105 6
64 7
117 29
100 58
92 36
102 4
98 58
112 20
6 70
107 27
106 11
92 9
93 65
72 10
9 36
105 59
0 29
89 11
85 63
60 81
97 34
37 32
116 15
60 30
119 65
114 68
40 34
37 34
117 57
88 58
6 73
44 20
42 2
108 60
117 19
56 76
122 27
86 36
9 79
31 54
72 58
113 50
98 29
98 21
104 25
94 14
87 70
37 29
48 75
20 77
85 51
60 34
122 24
37 74
93 31
37 66
115 40
116 66
1 35
97 31
28 59
67 13
106 54
109 62
116 59
80 73
20 12
54 79
43 27
88 48
31 63
59 77
85 55
92 19
66 84
117 15
60 78
40 3
28 63
58 35
122 36
0 25
65 73
45 17
113 6
41 6
58 73
5 51
5 79
108 52
98 52
93 39
106 101
108 8
28 14
84 29
111 59
9 64
45 40
85 9
41 27
32 62
108 16
106 63
72 20
100 67
75 36
37 60
117 53
100 48
65 13
38 64
126 14
26 33
46 3
87 22
123 16
116 28
11 66
98 7
109 5
98 23
58 82
9 66
5 32
97 69
8 75
46 40
111 60
114 65
20 60
123 58
123 29
4 82
90 36
118 52
86 23
88 63
111 48
105 5
89 31
126 15
98 1
117 68
87 8
6 33
117 59
89 34
47 13
116 39
22 78
112 70
69 79
42 31
116 61
87 39
6 3
42 11
28 62
66 29
126 24
112 11
95 27
111 3
89 21
115 15
122 32
1 73
85 12
63 73
94 25
87 33
94 2
110 18
83 68
9 82
93 33
109 51
117 61
31 59
92 71
119 29
22 18
38 32
100 63
17 75
93 36
11 68
85 36
86 29
106 26
106 51
41 12
66 75
69 66
115 39
98 11
121 14
38 83
117 14
31 78
9 51
113 53
80 78
109 61
40 76
106 61
59 13
70 48
112 48
107 71
109 50
41 8
87 17
72 40
86 16
111 67
22 51
76 75
95 33
107 68
124 54
89 2
112 24
43 33
26 83
87 49
60 62
97 11
0 26
67 81
6 76
118 56
22 29
22 84
1 48
20 76
86 12
42 22
58 77
32 70
94 65
116 14
24 79
66 62
108 67
88 68
67 48
100 38
54 83
119 12
45 19
40 83
11 12
54 18
92 4
107 55
122 25
102 8
26 81
111 4
70 76
86 17
11 59
42 32
122 34
73 75
69 82
60 35
70 36
92 3
85 8
11 60
86 57
120 79
107 3
105 26
124 22
41 21
66 74
65 76
14 74
87 40
28 29
123 6
104 22
43 22
117 58
45 13
92 11
46 30
95 35
30 68
110 25
38 77
24 62
50 73
92 24
124 23
97 20
31 33
86 13
126 21
100 17
46 20
87 21
108 22
104 14
34 62
125 22
38 78
40 62
45 29
88 40
86 31
102 7
119 56
45 18
100 71
85 16
83 74
85 14
108 50
47 25
59 34
6 15
106 27
125 14
116 55
97 28
9 81
67 74
113 23
4 66
124 21
30 48
41 10
98 33
115 14
97 61
104 64
99 12
109 25
0 8
92 2
68 62
109 37
24 13
14 13
70 66
63 62
114 24
115 60
100 39
1 68
9 78
30 66
72 16
37 68
69 7
95 9
113 13
113 49
125 31
108 21
