6 3
35 7
14 2
3 1
45 11
6 4
18 11
10 11
29 12
14 4
7 4
9 7
18 1
29 3
10 2
33 4
54 16
46 4
45 3
25 2
53 7
21 4
34 2
46 3
25 4
28 2
36 6
23 11
34 3
20 17
22 4
1 4
0 1
31 3
12 4
18 3
51 6
4 38
18 2
30 4
26 1
24 2
49 6
8 7
41 7
47 4
19 7
52 6
30 12
29 4
20 18
22 12
28 3
20 32
33 2
20 33
7 2
21 2
25 1
11 2
33 11
46 1
13 1
44 6
26 3
32 12
14 3
16 4
32 1
24 4
26 4
28 4
16 2
23 3
2 38
28 12
39 7
20 30
29 1
27 12
54 37
46 12
42 7
19 6
48 6
18 12
43 4
22 1
40 7
31 2
55 4
10 4
26 2
47 1
20 22
32 3
47 12
31 4
0 4
54 0
20 24
30 3
29 11
10 1
46 11
17 1
11 4
14 12
47 11
20 6
5 6
1 3
33 3
40 6
6 2
20 29
29 2
28 1
24 1
24 11
26 11
27 1
17 12
20 26
27 4
30 2
44 7
23 12
34 4
22 11
13 2
22 3
12 2
1 2
24 3
31 1
52 7
45 1
17 3
20 31
13 12
20 27
13 4
37 38
19 4
34 1
22 2
34 12
27 3
36 7
15 7
20 7
17 4
15 6
43 1
25 12
43 2
23 2
18 4
51 7
20 34
28 11
31 11
13 3
8 6
10 3
43 3
20 13
33 12
16 3
54 43
32 2
5 7
6 1
20 28
25 11
3 2
39 6
16 1
17 2
20 10
30 1
20 23
10 12
50 7
0 2
47 3
54 4
14 1
32 11
20 25
30 11
48 7
23 1
27 2
26 12
20 21
3 4
23 4
45 12
0 3
50 6
49 7
20 14
54 17
32 4
42 6
25 3
27 11
24 12
33 1
53 6
9 6
45 4
41 6
35 6
31 12
