33 11
105 36
100 60
105 63
103 65
21 26
33 17
70 1
76 10
78 15
32 35
104 101
50 19
83 29
49 21
112 94
104 87
115 116
104 107
105 48
26 13
25 22
52 18
46 39
18 26
48 36
88 48
23 28
107 59
92 51
115 97
112 85
35 11
115 110
112 76
28 27
6 13
113 61
69 50
98 92
104 100
91 16
32 11
28 1
54 49
41 27
31 21
1 27
112 110
104 93
112 113
45 47
49 37
103 37
30 12
89 15
31 32
51 31
23 25
39 11
37 26
106 44
25 33
32 28
74 52
112 65
50 29
48 38
25 7
112 102
113 49
104 85
88 17
78 24
112 66
18 30
50 36
100 61
112 93
22 34
93 10
48 32
25 8
43 27
89 37
21 19
121 49
79 48
104 90
34 1
105 51
55 24
37 30
87 27
50 30
33 9
88 54
96 39
114 89
95 17
91 19
109 100
23 27
23 17
101 59
91 15
43 35
115 99
1 8
18 12
114 74
59 8
56 52
38 25
30 6
16 35
15 32
36 31
113 65
112 72
74 55
24 6
23 34
49 46
32 9
38 28
69 39
90 46
90 49
40 12
6 27
59 15
114 14
69 46
53 1
53 18
96 24
118 17
46 7
56 51
115 102
59 23
101 100
15 22
54 21
6 12
36 24
120 115
36 15
40 11
122 115
55 16
115 80
38 19
74 53
104 91
112 82
32 1
74 39
24 8
25 32
46 36
39 37
73 53
21 34
121 79
8 35
100 69
50 37
103 47
113 64
79 54
84 11
67 46
23 1
89 7
96 15
21 17
78 21
17 35
39 23
25 6
78 31
55 36
43 28
73 39
41 11
36 38
26 6
118 14
83 39
25 19
112 91
114 44
121 65
91 31
20 13
83 21
24 32
24 23
53 24
21 8
95 24
89 23
96 29
32 22
67 50
15 30
16 29
34 27
51 29
96 46
34 11
104 71
78 37
15 33
103 52
43 34
74 15
80 52
38 6
29 11
15 35
34 13
109 84
79 52
33 8
37 34
51 38
1 34
67 51
34 20
97 32
30 26
23 29
1 11
48 6
37 11
74 51
23 21
72 13
122 91
85 36
48 39
121 52
105 52
100 68
41 20
29 21
17 9
79 69
97 27
58 9
90 24
16 18
121 96
109 89
113 47
20 9
34 12
74 46
104 77
103 69
113 96
39 22
16 9
98 91
51 15
54 32
101 102
49 25
109 14
115 60
43 17
16 11
18 21
115 64
79 36
49 31
100 62
38 35
67 47
77 50
18 33
33 12
85 53
80 50
17 20
24 9
24 34
30 11
37 16
38 33
73 46
97 12
51 37
68 36
97 20
19 9
1 28
92 50
38 34
113 55
96 23
103 61
48 21
28 9
15 25
74 54
41 28
80 53
25 11
33 26
120 90
114 80
31 19
83 48
45 53
115 42
54 16
8 27
35 1
95 48
36 34
31 23
31 30
115 17
105 69
82 12
29 34
100 55
19 33
49 19
95 23
18 29
53 17
68 51
56 47
90 48
18 32
91 6
100 52
95 38
122 92
83 54
64 55
120 121
74 49
105 64
105 39
31 16
118 3
34 8
25 35
42 1
29 22
6 20
6 28
16 24
51 32
79 47
38 16
77 51
48 33
30 17
114 97
109 17
107 77
113 39
54 37
29 17
115 91
97 13
45 39
56 49
96 30
55 31
58 1
37 6
15 28
7 1
69 49
112 117
39 28
27 9
53 30
52 16
91 38
55 46
96 21
91 36
26 35
45 49
98 59
17 1
95 21
16 20
49 48
47 48
51 25
39 15
53 8
41 22
18 9
57 8
121 61
15 31
105 53
15 12
85 69
41 13
92 46
54 46
121 68
23 35
36 7
54 19
54 51
9 11
23 7
19 6
57 6
43 37
53 6
49 24
118 89
49 23
103 39
38 8
95 25
35 20
48 16
24 11
121 48
90 32
36 20
25 12
51 39
113 108
18 27
100 53
18 19
45 38
121 36
122 100
22 1
112 14
34 6
121 62
19 35
83 24
89 39
70 11
77 46
88 55
85 54
39 9
121 37
39 34
47 46
103 48
100 50
15 23
42 8
115 90
29 20
45 36
38 20
56 54
104 56
22 7
48 19
38 1
79 37
46 32
103 63
32 7
36 11
31 25
82 27
8 13
25 9
52 37
90 39
33 20
40 13
29 30
32 6
96 53
59 60
71 54
50 38
113 53
46 31
21 6
29 33
22 8
112 62
39 29
39 24
48 26
112 17
91 18
43 7
40 10
118 91
51 30
18 7
100 36
50 46
92 36
28 11
105 61
41 12
67 38
91 1
115 88
21 32
79 49
31 34
22 26
39 27
32 12
113 62
92 54
107 103
18 20
83 37
87 10
75 11
91 7
47 50
101 85
88 47
17 6
26 28
21 33
114 4
16 19
6 9
21 28
105 68
15 17
49 32
50 53
104 106
45 52
21 12
98 17
120 100
112 116
74 48
77 53
12 10
98 99
36 6
95 37
105 96
36 16
51 18
19 34
17 13
78 18
47 53
80 54
89 8
67 68
36 19
109 66
122 40
52 29
55 49
100 79
53 26
120 91
35 28
21 1
47 23
24 7
106 102
30 22
80 68
83 16
103 100
47 38
30 9
79 53
105 100
23 32
37 28
81 7
91 23
18 34
109 90
83 38
19 12
103 108
115 61
56 53
39 8
33 28
29 8
88 49
95 46
46 15
69 53
50 31
45 31
87 1
16 30
103 49
23 12
39 20
121 55
55 23
50 49
105 78
114 92
21 35
92 47
100 64
77 15
50 15
39 38
74 31
66 11
37 8
103 68
85 51
56 55
69 51
41 34
15 24
38 32
98 14
82 11
36 17
15 27
51 19
27 20
90 16
46 34
122 43
121 78
39 35
15 34
96 38
42 26
59 62
12 13
100 39
23 11
15 29
80 69
73 31
54 18
109 86
20 12
105 103
100 95
98 100
52 50
18 8
109 112
17 34
77 23
31 18
53 38
121 60
96 32
33 7
82 13
74 37
121 69
93 13
87 12
95 26
92 52
115 84
15 20
43 38
90 37
77 16
43 26
115 71
37 24
46 11
67 49
91 26
95 16
58 27
88 53
83 49
30 8
53 22
47 51
32 17
114 70
78 54
43 30
77 31
94 11
73 54
101 76
1 7
31 35
74 36
118 119
16 25
43 39
31 6
6 35
105 65
97 6
121 51
109 64
17 26
75 13
24 1
29 27
6 8
26 34
29 25
100 63
91 37
115 108
115 82
50 32
49 16
43 22
109 59
39 32
24 28
43 33
19 30
37 31
59 65
43 1
80 51
42 11
26 11
32 8
8 1
92 53
83 52
103 62
56 17
55 52
105 79
100 48
1 9
106 76
69 48
69 47
85 52
91 21
71 52
15 6
82 1
21 22
73 15
55 50
77 52
92 69
0 1
22 28
103 78
50 23
118 90
25 34
18 1
26 9
22 9
103 53
60 1
101 71
19 1
54 24
16 28
79 46
73 50
112 42
51 21
106 77
77 37
89 16
18 6
105 108
33 6
24 22
82 10
29 35
78 52
8 7
16 22
90 51
115 66
37 22
43 24
32 27
36 22
114 81
98 84
47 18
47 16
50 48
16 27
25 17
91 24
39 12
121 54
29 1
30 7
121 47
113 37
14 10
112 88
68 69
47 52
107 85
58 13
39 26
43 8
68 47
53 15
72 12
32 30
113 48
84 1
26 1
112 75
31 17
37 25
15 8
55 39
52 51
95 36
49 29
67 52
41 19
104 97
37 17
36 37
1 13
36 35
34 35
103 79
77 29
47 29
80 17
115 87
78 23
97 9
17 12
113 63
33 34
112 108
57 3
113 78
17 8
113 50
78 29
23 30
68 50
54 23
18 11
48 23
41 6
36 33
46 19
114 94
34 7
69 38
24 33
47 15
94 10
20 10
27 13
1 12
52 24
30 35
39 6
73 52
77 38
112 60
71 36
51 23
50 18
38 24
91 46
95 19
43 11
37 29
53 36
39 1
15 18
92 68
33 22
54 53
15 1
58 20
21 20
80 49
25 27
1 35
100 108
106 103
31 11
17 28
64 47
43 21
24 12
45 46
113 36
18 28
55 37
97 26
43 16
16 8
53 35
100 96
16 23
39 7
91 17
90 18
78 50
48 1
38 23
80 55
105 55
38 21
67 48
22 20
91 25
54 50
75 12
103 55
73 36
5 6
90 29
36 9
68 46
53 29
50 25
112 100
49 51
121 50
24 17
58 11
22 35
25 1
50 39
7 20
41 9
105 37
22 6
32 33
24 21
31 22
52 39
74 38
73 51
95 33
114 82
55 54
112 71
40 1
24 30
100 51
77 39
115 56
36 1
71 68
96 31
39 17
51 46
83 15
115 113
80 47
90 25
34 28
92 55
35 13
91 22
15 16
19 7
96 36
52 54
26 12
38 29
79 39
112 89
52 23
59 64
43 9
47 31
53 23
101 103
98 45
19 17
52 31
68 39
31 24
11 20
114 88
23 8
100 103
74 47
19 28
73 16
89 6
115 65
58 10
71 46
24 25
6 1
11 12
55 48
115 62
16 32
35 27
52 21
27 10
56 48
114 5
100 78
52 53
83 31
67 55
103 54
122 17
79 68
5 7
113 79
109 102
19 20
49 15
72 27
75 1
37 12
88 52
115 94
91 39
96 49
54 15
46 20
71 50
55 18
25 13
85 50
107 76
88 50
55 53
37 19
115 85
4 3
97 33
26 7
105 95
109 110
6 11
47 24
85 48
11 7
51 53
43 29
78 49
77 49
32 13
95 31
114 2
100 65
51 17
69 52
48 24
15 11
115 100
51 48
36 18
46 25
29 6
114 87
19 13
22 11
50 51
17 27
107 102
78 48
68 48
48 8
41 32
43 32
31 12
118 57
122 45
48 15
112 64
92 37
121 95
47 21
50 21
31 33
15 19
12 11
96 25
72 11
103 50
121 64
114 42
122 58
42 27
90 15
37 7
55 15
85 46
86 11
103 36
120 104
95 15
83 23
19 22
15 9
37 35
37 15
113 54
71 55
97 7
78 53
34 9
31 1
97 35
46 17
96 48
104 59
36 25
68 54
5 3
91 35
112 61
67 54
36 27
29 32
36 23
17 11
78 38
83 51
36 39
31 26
37 32
41 8
37 1
11 13
59 61
73 55
68 52
19 32
54 25
78 46
109 99
98 57
23 22
20 1
48 25
21 7
112 97
53 34
29 9
103 64
53 37
39 31
51 24
38 15
51 16
77 54
71 48
91 8
7 12
47 39
114 0
53 33
36 29
48 37
13 10
85 47
52 49
90 21
26 20
68 37
54 31
46 35
112 57
69 36
19 26
23 19
68 53
37 21
31 27
104 105
31 28
97 22
90 19
114 93
15 26
100 49
31 8
71 69
55 38
59 16
79 50
22 27
7 27
7 28
38 27
115 77
73 48
30 28
45 51
95 30
107 71
16 26
36 32
71 47
46 24
54 48
81 17
23 6
71 53
38 30
47 54
49 36
114 45
57 7
95 39
43 20
112 90
67 53
85 68
46 23
28 20
52 36
38 11
109 111
48 17
121 100
29 19
36 28
49 53
115 93
112 77
96 33
79 55
90 23
39 19
48 22
112 99
68 55
46 18
68 38
29 12
71 51
22 13
53 16
114 73
23 9
121 108
91 33
40 9
35 7
121 63
43 23
122 90
53 32
100 37
92 39
19 11
66 1
118 92
91 32
98 90
32 20
35 9
21 11
16 21
81 6
52 15
46 21
46 28
109 104
69 15
113 100
98 89
55 51
21 30
91 30
6 7
104 80
91 29
78 39
29 7
16 7
39 33
39 21
59 17
21 9
43 25
97 28
104 88
27 1
104 94
97 1
21 27
38 18
51 36
19 27
40 20
46 6
1 6
83 50
74 50
41 7
90 53
23 26
8 20
9 12
52 38
49 18
49 17
47 36
43 18
38 9
37 20
9 1
53 48
48 46
41 33
122 3
41 25
30 20
120 59
15 7
87 13
106 59
79 51
69 54
94 13
42 6
48 29
31 20
90 38
45 50
106 71
38 7
38 22
18 35
46 26
17 7
46 16
96 51
83 36
16 33
48 34
50 16
94 12
113 69
78 36
25 20
89 25
107 100
58 12
43 31
96 37
16 17
97 34
45 54
5 8
30 34
46 33
24 18
51 22
91 11
18 17
112 87
45 16
37 38
38 26
105 54
46 37
114 56
56 50
25 26
8 28
95 53
83 18
18 25
104 72
73 38
30 13
44 10
48 31
3 10
53 46
51 33
101 44
59 63
86 1
112 86
88 51
64 53
90 31
37 23
115 86
77 48
45 48
112 63
52 48
39 30
8 9
105 60
81 3
8 12
77 18
30 27
91 34
54 38
109 57
37 18
41 30
105 50
28 10
73 47
31 7
113 52
121 103
100 54
36 8
39 18
90 36
45 15
114 83
38 31
83 46
109 91
67 69
16 1
32 34
36 26
24 20
98 66
75 10
46 8
23 18
114 77
52 46
33 1
21 25
113 68
101 77
92 49
90 33
23 33
53 39
46 27
46 9
94 27
37 27
96 19
16 34
112 80
46 38
33 13
53 21
8 11
36 30
48 30
41 35
64 48
121 53
122 37
38 12
104 42
30 33
23 20
103 60
115 117
106 100
49 33
38 17
67 36
53 31
47 37
77 36
71 49
105 49
97 30
20 11
11 27
25 28
103 51
7 11
53 19
46 22
54 29
2 3
49 39
92 48
114 76
16 12
60 11
26 27
67 39
43 6
107 44
113 60
112 3
27 11
29 26
33 27
24 26
32 26
50 24
64 52
9 13
95 29
22 12
94 1
112 56
68 49
49 30
37 9
69 55
97 17
78 51
73 49
28 12
97 11
43 19
35 12
103 95
112 59
113 103
109 76
96 17
16 6
27 12
39 25
118 100
42 12
15 21
85 55
103 96
118 45
96 16
55 47
46 1
24 27
25 30
90 30
83 53
89 17
1 20
7 13
30 1
118 6
85 49
42 7
104 82
41 17
112 84
100 47
28 13
18 22
105 47
115 72
54 36
67 37
53 25
122 121
47 49
81 8
55 29
46 30
33 35
113 95
74 16
72 1
24 35
43 15
73 37
77 24
80 48
41 26
114 67
39 16
87 11
78 16
97 8
29 28
114 72
54 39
113 51
42 13
31 9
9 10
41 1
112 44
77 21
76 13
96 18
121 39
49 38
95 1
17 22
45 37
95 18
115 63
95 22
19 8
37 33
115 59
48 35
45 55
90 17
69 37
48 18
7 9
106 85
36 21
95 32
105 62
26 8
