81 3
30 16
10 1
58 4
96 12
50 2
29 3
84 5
56 17
57 2
19 15
87 17
71 9
85 15
96 13
87 12
67 5
49 18
6 10
89 9
25 42
11 6
7 10
50 6
83 16
55 13
72 2
25 49
47 14
69 6
94 15
88 13
21 5
87 5
84 4
14 16
78 4
35 17
94 12
77 7
72 7
94 9
73 8
23 2
46 2
81 5
44 8
88 6
53 13
29 9
90 6
90 3
80 2
86 18
57 3
18 7
45 15
35 2
95 8
20 14
15 9
96 6
11 16
85 3
21 17
44 18
88 5
95 7
59 64
93 6
0 9
67 3
2 1
49 8
83 9
47 16
54 5
87 3
44 15
59 69
22 16
92 3
54 3
87 9
23 6
4 1
54 6
10 9
59 62
25 22
68 1
56 18
67 9
30 9
53 12
44 3
93 2
18 8
10 7
46 13
98 6
76 3
94 16
77 13
16 12
47 9
13 5
46 12
28 14
0 8
52 7
44 14
69 9
28 13
19 6
51 16
49 7
81 12
78 9
79 9
45 18
88 9
56 6
79 3
86 14
91 1
55 8
25 28
25 50
21 15
8 4
81 8
9 1
30 17
88 16
17 8
20 7
78 5
25 46
20 8
74 2
96 7
3 10
11 3
91 3
98 13
25 48
92 5
24 8
35 13
83 15
80 5
59 71
77 18
90 8
25 44
86 2
14 3
53 9
89 12
91 8
94 14
55 7
58 9
91 4
73 9
89 3
88 7
82 14
16 5
50 13
25 26
93 9
98 2
52 4
4 5
46 3
29 8
81 14
35 8
86 13
55 5
28 3
5 4
6 1
10 2
71 2
77 14
92 8
56 3
23 14
55 18
72 9
10 4
14 8
50 12
59 68
56 15
35 15
98 17
71 7
25 39
25 38
53 3
73 7
25 29
84 1
18 12
54 16
67 1
45 6
81 18
89 17
84 9
59 23
47 13
45 17
92 4
95 13
56 2
56 8
86 16
90 1
52 3
48 5
84 3
94 13
85 2
17 7
93 1
59 5
53 7
0 1
25 41
46 6
89 18
19 3
95 18
75 2
47 18
6 4
59 15
95 17
87 18
79 7
80 6
89 8
47 2
75 4
18 9
44 12
47 8
46 8
51 13
77 3
98 15
55 16
54 17
89 16
59 6
48 6
52 8
19 9
48 2
58 8
21 9
96 8
79 15
57 7
25 32
69 8
92 7
68 8
85 13
81 17
89 15
20 6
77 16
97 8
10 6
98 3
53 2
45 8
8 10
84 8
82 12
23 17
80 3
98 14
79 13
49 16
45 3
30 13
52 2
56 12
46 17
79 8
69 3
23 5
51 9
55 14
49 5
80 16
17 5
4 7
49 3
88 8
59 52
72 8
30 3
29 16
13 12
97 16
14 12
19 12
90 10
59 9
91 6
86 6
57 16
9 4
68 7
28 16
84 6
71 1
57 14
72 4
98 8
48 18
70 3
75 6
0 2
19 2
59 70
86 12
13 2
56 13
49 14
69 5
73 10
10 5
75 8
28 12
52 5
44 16
78 6
50 15
25 43
50 7
88 17
73 1
54 2
85 14
51 7
23 13
49 9
83 17
30 15
51 18
86 8
46 7
95 3
25 45
72 1
80 14
55 6
94 8
21 14
96 14
74 6
10 3
77 8
21 16
54 12
85 5
71 5
20 12
68 6
49 15
96 9
95 15
57 15
20 13
51 17
59 8
28 15
45 12
35 7
76 2
92 6
35 6
96 17
57 18
28 17
67 10
23 12
44 5
47 15
29 14
59 18
82 8
54 14
21 13
57 12
21 18
35 14
79 6
30 2
70 9
16 8
3 4
35 9
59 17
20 17
70 6
98 18
82 6
81 9
48 9
97 6
73 6
58 10
79 18
15 12
59 72
82 3
76 6
4 9
83 7
96 18
48 3
17 3
83 18
92 10
95 6
28 8
89 6
95 5
82 2
76 1
59 66
13 6
77 9
48 14
53 14
15 3
95 12
87 8
50 8
59 78
95 9
53 6
0 3
59 24
80 15
97 18
29 2
49 12
59 65
14 7
47 6
75 3
91 2
11 13
24 6
59 58
17 2
11 9
25 36
88 14
59 76
85 7
68 5
25 11
74 9
19 18
89 2
29 12
30 5
49 6
35 5
79 12
45 7
69 7
51 15
79 2
74 7
24 2
50 16
23 16
51 8
58 6
4 10
77 5
80 12
59 60
18 6
48 17
94 17
57 13
91 10
58 1
70 4
53 5
25 37
2 4
80 8
54 13
55 3
69 2
87 15
59 63
52 9
50 14
57 17
15 8
18 5
74 1
30 6
78 10
59 73
50 18
46 18
93 10
88 2
7 1
80 7
71 3
82 15
55 15
76 5
74 8
20 15
97 12
97 13
97 17
17 6
48 16
91 5
11 8
55 9
24 17
90 2
13 9
48 13
86 7
20 3
96 16
48 12
59 2
29 17
82 9
29 18
91 9
76 7
54 18
45 2
24 12
67 6
24 7
83 8
88 18
35 3
84 2
87 14
86 15
35 12
56 16
47 3
14 9
46 5
74 3
78 1
45 13
16 3
86 17
92 2
22 14
28 18
78 3
10 8
9 10
70 7
82 16
20 5
88 3
29 5
88 12
47 7
72 6
53 8
54 9
17 12
68 10
13 3
88 15
52 10
70 8
87 13
45 5
85 16
75 7
57 9
19 17
51 5
81 13
93 4
72 3
80 9
25 47
15 6
5 1
50 5
73 5
94 18
36 16
83 14
58 7
24 14
47 5
18 16
58 5
0 10
15 5
82 7
25 21
85 9
83 2
90 7
86 9
20 2
11 5
83 12
11 17
57 5
20 9
79 5
11 2
95 14
98 5
85 17
25 33
58 3
18 3
21 12
28 6
54 8
15 2
94 7
23 8
16 6
98 16
59 75
67 4
25 35
30 18
76 8
55 12
85 8
49 13
24 5
24 15
14 2
93 7
25 19
23 18
19 13
97 3
81 7
80 18
78 2
98 12
67 8
83 13
70 5
74 5
35 16
19 16
97 5
16 7
46 16
76 4
48 8
11 18
11 7
48 7
30 12
56 7
53 15
95 16
69 10
28 7
72 5
25 30
71 8
91 7
75 1
29 15
55 2
59 10
68 9
77 2
81 16
17 16
89 5
59 74
0 4
47 17
67 2
8 1
2 10
50 9
21 7
71 4
85 6
0 5
24 18
13 16
59 54
96 15
76 9
45 9
11 14
68 3
48 15
13 8
29 13
52 1
16 9
79 14
28 9
47 12
67 7
44 6
74 10
75 10
71 6
23 9
50 3
68 4
50 17
53 18
87 16
94 2
44 9
21 8
89 13
77 15
76 10
81 6
90 5
46 14
93 3
72 10
92 9
23 15
86 5
4 3
4 6
18 2
87 2
13 7
46 9
24 16
89 7
82 18
24 13
69 4
86 3
59 77
24 9
96 2
16 2
98 9
4 2
51 3
94 3
44 7
14 6
23 3
92 1
83 6
97 14
70 10
98 7
97 9
84 7
79 16
78 7
25 27
59 3
69 1
23 7
77 6
85 18
59 7
59 14
51 14
59 4
80 17
30 14
56 9
73 4
0 7
54 15
15 7
19 7
15 16
96 5
25 31
0 6
29 7
56 5
3 1
54 7
74 4
85 12
44 2
14 5
53 17
25 40
75 9
78 8
24 3
82 17
97 15
28 2
45 16
97 7
7 4
51 12
20 16
11 15
51 6
46 15
84 10
57 8
90 9
93 8
82 5
59 13
79 17
49 2
68 2
95 2
53 16
77 12
93 5
11 12
73 3
97 2
56 14
29 6
94 6
4 8
44 17
96 3
83 3
25 51
81 2
70 2
94 5
30 8
19 5
45 14
49 17
21 6
17 9
89 14
44 13
59 67
5 10
25 34
28 5
71 10
82 13
75 5
20 18
80 13
73 2
57 6
59 61
87 6
51 2
21 2
35 18
21 3
77 17
19 8
81 15
58 2
30 7
36 14
52 6
87 7
55 17
90 4
70 1
19 14
83 5
