50 46
23 5
74 39
27 3
68 8
62 63
116 38
2 3
80 35
29 30
30 5
43 36
73 43
74 14
74 40
41 43
43 14
26 16
1 25
63 23
38 39
114 104
14 22
37 13
19 12
102 16
51 36
128 33
39 2
44 36
127 34
49 3
81 2
14 27
10 15
39 31
114 84
57 4
48 18
44 30
97 22
15 9
36 15
106 38
43 22
124 86
36 6
31 13
45 1
21 26
21 4
98 31
106 40
14 16
71 35
44 5
121 80
2 13
37 31
2 22
21 19
10 23
26 23
124 95
94 39
128 50
81 29
122 43
39 22
106 39
80 29
21 25
9 19
34 1
44 4
105 69
52 2
63 15
121 83
77 37
21 13
41 2
44 27
8 24
80 21
10 9
39 26
101 24
126 106
43 4
51 5
43 20
115 52
56 12
2 12
123 76
39 42
22 27
50 18
97 4
127 43
29 12
16 28
79 10
9 15
42 30
44 10
102 23
107 73
56 28
36 42
9 30
73 74
38 14
56 22
62 13
50 3
24 19
77 34
11 3
81 38
31 18
44 15
33 44
79 43
67 2
98 9
37 2
124 65
35 9
6 9
16 25
13 15
38 29
29 19
38 44
78 8
48 9
70 44
119 112
52 34
56 30
102 1
73 37
106 37
128 85
62 68
78 35
79 36
30 18
26 1
75 8
93 39
33 34
85 27
29 3
7 36
93 40
101 26
79 41
6 29
9 22
31 9
13 1
121 76
48 26
84 2
88 3
37 44
85 28
22 15
119 82
121 84
123 33
15 46
24 12
34 2
66 38
122 81
104 40
101 29
60 46
85 1
48 17
74 42
70 7
73 36
21 28
22 16
71 8
30 3
19 9
80 14
14 25
74 6
10 6
75 7
22 9
41 7
3 27
35 34
122 104
36 1
40 34
24 18
27 46
77 38
106 41
72 2
14 19
37 34
128 60
20 3
96 6
101 40
6 36
88 5
116 37
116 41
24 29
23 17
78 41
20 25
79 37
90 1
67 5
80 37
13 23
10 31
92 37
0 5
116 74
99 1
121 110
44 20
61 12
89 4
73 7
51 8
48 1
70 10
58 10
41 31
93 43
36 25
83 5
35 37
48 3
124 76
37 36
71 36
58 28
33 36
17 46
44 42
106 100
45 2
63 29
38 7
63 14
73 8
15 1
77 31
16 9
104 27
39 36
5 27
71 34
51 43
102 25
10 29
124 88
78 10
13 30
85 25
100 8
20 27
40 10
80 10
90 4
40 15
122 38
68 5
80 43
11 9
10 5
11 20
12 1
121 109
1 19
2 16
124 45
115 98
14 12
123 70
33 2
18 46
35 22
47 4
9 46
34 25
74 44
19 4
98 24
51 34
85 3
24 15
89 10
5 29
45 9
2 4
71 41
34 13
40 16
92 39
42 7
69 7
122 114
67 10
97 26
17 22
100 15
80 40
107 82
117 109
119 110
6 20
121 68
85 46
124 92
34 12
70 39
5 18
40 18
121 92
123 77
37 29
82 28
13 18
119 109
125 106
15 25
2 19
0 1
9 3
98 28
23 19
99 28
6 23
104 31
69 10
116 40
69 9
105 62
100 22
103 46
40 27
102 28
94 35
80 8
48 4
40 30
16 4
94 41
5 1
78 44
116 81
37 22
13 3
127 114
97 20
103 18
86 37
2 1
121 111
115 76
42 24
122 41
12 4
19 25
102 9
22 1
86 74
63 17
128 106
102 14
47 46
98 12
33 41
34 22
33 43
66 37
101 37
35 21
77 7
38 43
77 43
103 3
122 39
11 22
31 17
99 12
33 7
10 18
81 44
118 51
69 18
34 14
116 34
10 1
128 97
121 102
68 10
43 26
123 79
38 17
64 5
121 91
101 36
20 9
34 15
122 84
89 28
35 23
7 21
39 13
121 45
22 20
117 114
102 12
85 12
24 5
124 122
116 67
33 37
79 8
22 46
48 2
2 18
89 7
79 5
58 18
97 46
115 93
86 34
5 24
41 10
2 30
107 62
36 16
118 52
48 25
40 25
22 3
48 30
17 3
25 4
31 7
0 4
115 103
117 82
24 1
62 24
26 28
39 7
38 22
37 5
114 68
65 7
123 72
36 22
90 18
63 16
23 15
42 28
103 25
27 28
63 4
63 20
9 4
102 31
54 10
29 23
52 21
89 18
127 101
100 10
40 29
16 5
26 2
86 38
14 20
85 9
51 6
52 6
81 14
119 66
61 28
43 24
117 62
103 1
87 10
39 21
107 86
87 9
33 5
11 31
122 64
121 94
22 30
78 31
31 30
5 26
33 8
53 7
101 42
124 106
63 31
4 28
22 28
21 17
102 19
118 82
4 25
96 8
36 29
123 78
42 23
114 100
115 91
11 16
101 14
41 29
13 12
81 41
38 21
14 3
88 28
17 5
30 1
33 42
13 17
77 40
124 64
26 29
11 15
41 13
25 3
80 26
3 46
73 38
56 17
44 34
122 31
124 93
49 28
100 13
114 37
39 14
38 31
13 2
40 23
98 29
26 27
12 18
115 118
0 3
44 40
43 3
93 37
6 24
42 14
63 18
101 35
38 42
31 26
73 6
20 30
94 37
98 20
27 18
24 20
63 25
124 68
61 3
0 6
74 41
10 20
11 12
97 12
49 9
86 8
42 21
19 3
11 27
10 19
8 2
26 15
13 16
44 14
3 4
35 43
71 31
41 42
52 44
11 26
125 97
126 124
88 9
124 53
2 9
34 23
75 3
42 9
87 5
102 26
51 21
52 40
14 23
87 28
24 2
103 16
124 89
80 13
63 24
78 7
72 18
121 113
81 40
44 21
31 5
36 18
78 39
107 111
41 44
89 2
122 74
88 10
7 20
71 40
52 14
101 39
123 91
61 46
116 39
52 35
47 9
81 8
127 74
34 16
117 52
65 9
9 12
125 57
3 1
97 5
25 12
35 38
52 36
34 31
14 24
121 88
119 15
119 88
14 30
121 89
97 1
81 36
26 17
35 36
11 21
50 1
2 25
44 13
104 15
67 7
51 38
41 26
117 106
43 7
77 44
87 1
26 12
47 1
118 109
114 101
13 29
44 31
121 52
115 45
51 40
98 30
68 6
114 44
29 46
100 21
42 15
107 114
48 5
48 28
115 116
128 48
92 40
41 38
122 106
81 24
106 44
17 20
36 24
97 23
121 54
124 69
69 2
114 63
31 16
56 23
100 42
70 40
65 2
34 17
77 39
85 2
40 24
70 41
52 31
124 52
114 74
36 13
74 38
121 122
6 42
34 19
106 101
80 5
62 66
34 21
90 46
124 73
118 108
127 66
19 28
27 1
83 8
41 36
53 9
51 42
127 40
83 7
30 12
49 1
100 40
31 4
11 23
37 23
70 37
117 86
21 16
121 87
44 3
104 23
104 28
9 23
102 7
98 21
0 7
35 17
99 4
33 13
52 7
91 4
51 39
114 81
13 9
100 44
11 28
102 18
39 5
1 46
125 98
23 20
63 2
86 35
123 80
21 27
52 42
103 28
23 1
124 66
15 20
6 3
56 1
122 37
79 2
21 2
42 4
8 34
124 98
0 8
5 4
121 51
117 110
11 17
127 31
59 27
9 20
116 68
76 18
103 27
94 44
15 4
17 4
10 21
35 42
37 39
15 2
52 43
30 4
6 30
6 14
7 13
115 117
73 34
7 31
29 22
76 4
56 25
122 34
104 9
107 106
40 14
88 4
37 26
91 18
81 43
20 1
58 7
24 25
98 13
13 28
98 3
11 19
105 15
101 31
44 43
125 85
11 14
127 64
49 4
77 10
31 28
128 61
40 22
56 27
127 39
81 39
17 2
44 26
35 40
16 30
26 5
24 9
15 28
121 67
74 34
88 6
99 3
58 2
119 111
78 37
124 51
106 34
107 51
74 5
41 21
43 5
75 1
5 21
54 2
98 19
42 1
102 27
29 28
60 28
84 6
117 51
52 8
76 1
128 98
107 80
2 29
119 120
40 20
103 9
95 8
101 38
58 4
7 42
115 51
81 35
39 43
42 12
79 13
116 84
81 9
10 13
75 4
16 27
124 15
107 108
36 27
56 2
103 15
87 6
7 9
42 5
35 31
14 26
44 2
36 5
42 18
63 36
63 22
26 25
37 40
1 18
74 43
119 96
5 30
119 106
21 3
98 14
115 106
79 24
12 28
114 64
27 25
39 6
128 127
5 28
101 44
35 26
101 21
116 63
106 114
123 32
42 26
56 46
63 12
39 34
117 111
52 41
44 17
34 24
63 3
29 1
93 41
18 25
119 62
24 22
33 39
29 15
24 17
80 39
39 29
127 44
71 44
44 29
114 39
121 62
37 9
103 20
63 9
43 15
10 24
85 5
53 5
77 42
65 6
70 35
56 18
125 90
124 87
66 8
122 65
84 7
5 14
104 14
22 25
7 2
11 13
127 14
114 66
21 20
41 24
24 28
24 13
78 42
121 73
127 104
38 6
98 15
106 68
127 65
19 46
7 27
13 4
74 8
77 24
30 46
116 64
39 40
30 2
122 40
58 3
62 65
5 20
98 26
40 3
3 12
100 5
119 87
98 18
65 5
70 43
7 24
51 2
75 9
25 46
42 20
11 4
14 4
6 34
84 10
21 1
47 28
35 14
35 5
31 22
34 5
33 14
13 22
77 21
77 14
66 35
37 42
98 42
5 23
107 110
26 9
44 9
34 42
92 35
17 27
125 15
41 35
121 65
118 112
21 18
79 40
43 40
40 19
127 38
97 30
79 6
69 6
2 27
23 25
36 17
105 59
100 26
39 10
9 27
48 46
124 96
29 18
48 20
5 17
98 36
98 6
101 43
124 62
117 113
29 20
124 54
57 46
60 1
21 9
48 12
10 12
36 23
92 41
121 55
26 46
61 18
40 13
94 40
58 5
101 41
119 69
51 10
115 107
71 37
40 31
64 6
102 17
42 27
33 24
43 9
2 28
73 39
121 82
51 44
81 7
91 2
116 35
70 36
121 112
12 3
102 3
86 41
78 36
52 37
124 11
5 2
49 12
51 41
74 31
124 94
62 27
106 64
21 29
36 4
81 26
91 9
124 84
93 44
49 46
57 18
81 10
86 6
7 15
6 4
66 7
73 40
69 1
26 30
20 16
11 5
114 106
10 3
100 14
29 5
6 2
43 42
106 74
17 16
22 4
6 17
114 31
116 65
5 16
124 58
38 23
34 18
79 39
70 38
37 43
76 28
14 7
64 10
71 14
74 35
114 67
71 10
88 18
77 6
128 124
122 101
22 12
118 73
119 95
20 18
16 3
17 28
116 44
114 14
97 19
100 9
12 9
100 31
123 103
7 30
80 34
33 35
19 2
36 7
124 80
16 1
23 3
121 75
91 3
6 15
31 27
22 19
75 5
103 2
122 35
91 1
71 43
44 22
80 38
70 14
83 2
128 90
77 2
78 43
100 29
106 35
125 33
89 3
37 17
34 27
52 39
92 15
121 98
54 8
37 10
42 16
24 26
99 9
72 9
7 23
4 19
97 9
18 28
66 6
73 44
90 3
97 28
10 7
92 43
81 21
34 6
100 23
74 7
40 42
119 115
125 60
121 53
7 5
29 27
87 7
92 38
43 29
0 9
57 1
124 67
27 4
37 21
36 3
35 2
29 17
123 71
68 7
40 36
81 13
4 27
5 25
78 14
117 80
101 10
103 12
10 16
84 5
101 6
126 98
22 18
80 24
53 8
78 13
27 12
53 2
50 4
81 5
106 43
23 30
11 24
9 28
26 3
13 26
92 44
101 5
15 30
34 3
19 1
31 15
24 27
84 8
3 28
5 12
86 44
49 25
51 14
100 24
42 3
20 12
38 13
104 1
101 13
63 42
119 113
116 43
68 2
34 4
106 104
114 38
123 92
73 35
70 31
31 2
97 3
62 67
33 6
121 58
70 5
34 7
116 100
17 30
36 9
124 75
74 36
80 7
85 4
128 47
31 24
122 100
103 22
31 21
127 41
103 5
11 29
28 46
9 17
8 13
10 2
77 41
45 4
13 5
121 15
43 27
118 113
79 7
95 6
63 26
97 25
117 108
114 41
21 22
126 115
39 44
4 30
14 21
27 19
97 17
72 1
40 21
102 13
54 6
104 7
103 4
10 26
34 36
63 30
7 26
98 1
21 24
42 13
100 36
43 1
105 106
10 17
31 20
102 15
30 27
24 30
95 7
48 16
31 25
24 16
78 24
43 16
21 15
81 34
56 16
10 28
79 21
86 39
123 0
80 31
97 18
29 4
121 95
37 24
36 19
119 108
7 16
100 34
85 16
102 6
118 111
60 3
25 28
115 102
22 2
11 1
79 31
69 3
116 114
101 7
54 5
25 18
43 30
34 9
62 15
34 20
78 21
69 4
98 16
30 19
59 28
121 86
10 14
104 5
14 1
48 27
121 96
26 18
20 4
23 2
87 4
70 8
89 1
2 15
38 34
80 44
71 42
79 38
29 9
100 7
17 18
42 2
15 12
64 2
115 80
36 31
97 27
5 15
79 35
45 18
69 28
91 5
21 30
36 21
66 41
102 30
97 16
123 94
35 24
106 63
100 6
86 7
14 9
20 2
124 102
47 18
8 21
88 2
78 2
22 5
53 10
47 12
52 5
86 40
34 28
85 20
102 20
9 18
48 19
118 80
87 3
122 67
8 42
81 31
44 23
32 28
51 31
94 43
63 19
72 4
106 14
44 24
38 26
116 66
14 18
91 28
121 103
36 30
88 1
78 38
75 6
8 7
26 19
77 13
119 59
15 27
64 8
102 22
23 4
64 7
61 9
41 39
116 101
79 34
2 24
31 3
93 38
122 68
127 100
40 17
100 2
97 15
0 10
17 15
14 2
115 92
87 2
38 5
76 3
23 12
31 1
101 34
89 9
75 2
90 28
104 4
40 26
123 45
65 8
33 31
80 9
33 38
42 31
119 89
23 18
52 38
74 10
102 29
7 34
4 12
4 18
127 84
98 7
50 28
123 93
81 42
35 44
10 30
39 17
16 18
31 19
80 36
2 20
127 37
114 34
41 5
89 5
122 66
12 46
81 6
7 4
118 86
42 6
79 14
43 10
43 34
26 22
17 25
60 18
16 12
93 15
115 73
114 43
9 16
83 6
71 7
36 20
39 15
121 64
58 6
51 37
5 13
13 20
106 67
41 40
20 19
116 106
27 5
11 18
104 13
70 34
38 36
35 29
8 36
11 7
6 7
23 22
56 5
38 37
5 3
43 31
23 9
93 35
30 28
60 4
27 2
67 6
116 31
26 4
123 102
14 17
30 9
72 5
94 38
0 2
20 28
43 17
78 6
124 103
127 67
13 27
58 1
119 121
106 31
4 46
14 15
98 4
17 9
39 23
107 52
20 46
105 33
41 37
104 3
87 18
127 68
127 81
78 34
101 2
99 18
8 31
102 5
107 112
10 22
7 1
6 13
85 30
98 22
31 14
2 17
26 20
100 17
115 94
7 19
126 127
17 12
15 19
11 2
17 19
17 1
6 22
89 6
35 13
3 19
106 81
29 25
62 64
35 39
122 44
72 28
104 24
121 106
81 37
97 29
43 13
124 91
121 59
36 28
117 112
71 21
107 109
122 63
11 30
63 21
38 10
24 4
48 22
36 14
15 18
45 28
128 57
70 6
16 46
127 106
33 21
21 23
42 29
9 1
86 43
35 10
118 110
53 6
42 19
36 26
7 14
128 14
31 23
34 26
103 30
98 5
128 15
80 41
18 12
15 5
102 2
14 13
107 113
121 66
119 58
98 23
14 29
15 3
31 12
102 21
33 10
33 40
118 62
127 63
118 106
79 42
41 9
118 114
16 2
78 5
56 3
69 5
70 42
80 42
48 15
85 18
43 23
70 21
14 5
39 9
14 28
10 25
86 36
80 6
105 98
54 7
42 25
43 2
121 93
79 44
13 25
104 34
63 27
123 55
6 5
121 11
42 22
24 23
8 5
106 84
45 3
27 9
65 10
16 19
127 35
9 25
125 59
20 5
106 65
6 27
2 23
77 35
36 12
49 18
34 30
23 16
25 9
76 9
38 2
98 17
122 14
71 6
80 2
94 15
126 62
56 19
47 3
116 104
128 49
51 7
48 23
71 38
1 28
115 62
114 35
29 16
73 41
61 1
3 30
88 7
56 15
66 43
75 10
41 14
5 9
10 4
40 2
23 46
36 2
119 98
57 28
6 26
7 22
51 35
52 10
23 27
7 3
102 24
56 20
104 10
114 40
13 19
57 3
63 13
19 18
3 16
43 21
98 2
41 34
103 19
72 3
8 6
31 29
39 24
38 40
77 5
21 12
78 40
121 69
77 8
74 37
77 36
6 21
29 2
44 16
61 4
121 108
3 18
44 1
24 3
53 3
10 27
104 2
42 17
100 43
34 29
37 14
11 25
117 73
83 10
8 14
106 66
5 19
98 25
102 4
99 46
67 8
96 7
6 31
114 65
21 5
97 2
30 25
116 14
40 9
58 9
25 1
38 24
125 99
40 12
4 1
128 99
71 39
104 18
21 7
23 28
48 29
38 9
63 10
56 9
98 27
71 5
56 4
85 19
115 86
55 32
5 22
