id met_endotherm_vertebrate met_invertebrate met_ectotherm_vertebrate mov_walking mov_other mov_flying mov_swimming log_mass
0 0 1 0 1 0 0 0 -1.3266897886871862
1 0 1 0 1 0 0 0 -4.172630726946175
2 0 1 0 1 0 0 0 -3.623302625035092
3 0 1 0 1 0 0 0 -2.7634294875385246
4 0 1 0 1 0 0 0 -2.7303864325357248
5 0 1 0 1 0 0 0 -4.462180904926726
6 0 1 0 1 0 0 0 -4.462180904926726
7 0 1 0 1 0 0 0 -3.9766034855222485
8 0 1 0 1 0 0 0 -2.214087249036903
9 0 1 0 1 0 0 0 -2.764975829343016
10 0 1 0 1 0 0 0 -1.9632942317384154
11 0 1 0 1 0 0 0 -2.911103763905207
12 1 0 0 0 0 1 0 1.1139433523068367
13 0 1 0 1 0 0 0 -2.341030871555904
14 0 1 0 1 0 0 0 -2.1629158380150533
15 0 1 0 1 0 0 0 -2.8083922318429666
16 0 1 0 1 0 0 0 -2.4616047456183106
17 0 1 0 1 0 0 0 -3.0416487772458685
18 0 1 0 1 0 0 0 -1.4898651896142554
19 0 0 1 1 0 0 0 1.3010299956639813
20 0 0 1 1 0 0 0 2.0
21 0 1 0 0 0 1 0 -0.6186024885899137
22 0 1 0 1 0 0 0 -0.8352644079632612
23 1 0 0 0 0 1 0 2.322219294733919
24 0 1 0 1 0 0 0 -0.7965336852100187
25 0 1 0 1 0 0 0 -1.07599850306088
26 0 1 0 1 0 0 0 -1.9352654981607453
27 0 1 0 1 0 0 0 -3.1329528674278295
28 0 1 0 1 0 0 0 -2.107646735063964
29 0 1 0 1 0 0 0 -0.9888483259310306
30 0 1 0 1 0 0 0 -1.9632942317384154
31 0 1 0 1 0 0 0 -1.8404285059489693
32 0 1 0 0 0 1 0 -0.6310194603106327
33 0 1 0 1 0 0 0 -1.5186051751878356
34 0 1 0 0 0 1 0 -0.5009088688861186
35 0 1 0 0 0 1 0 -0.8261421294269076
36 0 1 0 0 0 1 0 -0.6112145544937153
37 0 1 0 0 0 1 0 -0.2872545983254296
38 0 1 0 0 0 1 0 -0.6876834080443549
39 0 1 0 1 0 0 0 -2.1605747499543293
40 0 1 0 1 0 0 0 -1.8251168899120123
41 0 1 0 1 0 0 0 -1.7758630329367828
42 0 1 0 1 0 0 0 -2.7475331532523946
43 0 1 0 1 0 0 0 -3.156253475748384
44 0 1 0 1 0 0 0 -1.7626347664254056
45 0 1 0 1 0 0 0 -1.33449997539878
46 0 1 0 1 0 0 0 -2.097992809264027
47 0 1 0 1 0 0 0 -2.640990842090319
48 0 1 0 0 0 1 0 -1.211872436066916
49 0 1 0 0 0 1 0 -1.9563910891753304
50 0 1 0 1 0 0 0 -3.1283260910515565
51 0 0 1 1 0 0 0 1.0
52 0 1 0 1 0 0 0 -3.156253475748384
53 0 1 0 1 0 0 0 -3.378819562316793
54 0 1 0 1 0 0 0 -3.0128984167655033
55 0 1 0 1 0 0 0 -3.543574748933647
56 0 1 0 1 0 0 0 -0.6740867738775266
57 1 0 0 1 0 0 0 3.6989700043360187
58 0 1 0 0 0 1 0 -4.274088367704952
59 0 1 0 1 0 0 0 -4.059981844992337
60 0 1 0 1 0 0 0 -3.0516716516369544
61 0 1 0 0 0 1 0 -3.2744542434484982
62 0 1 0 0 0 1 0 -4.0338582672609675
63 0 1 0 1 0 0 0 -3.4616047456183106
64 0 1 0 1 0 0 0 -3.4162821972094815
65 0 1 0 1 0 0 0 -2.9126015972337274
66 0 1 0 1 0 0 0 -3.4616047456183106
67 0 1 0 0 0 1 0 -3.8987892534375197
68 0 1 0 1 0 0 0 -3.105578700128785
69 0 1 0 1 0 0 0 -2.420212060460085
70 0 1 0 0 0 0 1 -2.4785743568294087
71 0 1 0 1 0 0 0 -2.410630105216664
72 0 1 0 1 0 0 0 -3.6100741221474917
73 0 1 0 0 0 1 0 -3.763908849943544
74 0 1 0 0 0 0 1 -3.1283260910515565
75 0 1 0 0 0 1 0 -3.454910704043071
76 0 1 0 1 0 0 0 -0.7079802912495725
77 0 1 0 0 0 1 0 -1.7937290535250852
78 0 1 0 1 0 0 0 -3.712753805804977
79 0 1 0 1 0 0 0 -2.6374788853146867
80 0 1 0 1 0 0 0 -3.555121783933263
81 0 1 0 0 0 1 0 -2.451111338134304
82 0 1 0 1 0 0 0 -3.0516716516369544
83 0 1 0 1 0 0 0 -1.755021250241618
84 0 1 0 0 0 1 0 -3.177544230440442
85 0 1 0 1 0 0 0 -3.134906097789716
86 0 1 0 1 0 0 0 -3.34251389224094
87 0 1 0 1 0 0 0 -1.9352654981607451
88 0 1 0 1 0 0 0 -2.382187113886413
89 0 1 0 1 0 0 0 -2.342902154618591
90 0 1 0 1 0 0 0 -3.4616047456183106
91 0 1 0 1 0 0 0 -3.119181836222407
92 0 1 0 1 0 0 0 -1.994394370274338
93 0 1 0 1 0 0 0 -4.530177984021837
94 0 1 0 1 0 0 0 -2.9899630747339545
95 0 1 0 1 0 0 0 -2.4189025946349605
96 0 1 0 1 0 0 0 -2.4189025946349605
97 0 1 0 0 0 1 0 -3.7539719134579275
98 0 1 0 1 0 0 0 -1.0520917398738157
99 0 1 0 1 0 0 0 -2.420212060460085
100 0 1 0 0 0 1 0 -1.6070014662641792
101 0 1 0 0 0 1 0 -2.8808791062016255
102 0 1 0 0 0 1 0 -2.30364282481862
103 0 1 0 0 0 1 0 -1.797333152135074
104 0 1 0 1 0 0 0 -3.302396697140269
105 0 1 0 1 0 0 0 -1.9632942317384154
106 0 1 0 0 0 1 0 -3.4244553947452534
107 0 1 0 1 0 0 0 -2.6964436924358632
108 0 1 0 1 0 0 0 -1.9175087933089683
109 0 1 0 1 0 0 0 -2.374956647977741
110 0 1 0 0 0 1 0 -3.5754842391124795
111 0 1 0 0 0 1 0 -2.6861827474529396
112 0 1 0 0 1 0 0 -2.2744544068547365
113 0 1 0 1 0 0 0 -3.119181836222407
114 0 1 0 1 0 0 0 -1.3344999753987798
115 1 0 0 1 0 0 0 1.5440680443502757
116 0 1 0 0 0 1 0 -2.9222717253371355
117 0 1 0 0 0 1 0 -2.9222717253371355
118 0 1 0 0 1 0 0 -1.0620022420848803
119 0 1 0 0 0 1 0 -3.6723938436052093
120 0 1 0 1 0 0 0 -0.8225964722497702
121 0 1 0 1 0 0 0 -1.039354835685097
122 0 1 0 1 0 0 0 -2.341030871555904
123 0 1 0 1 0 0 0 -3.0128984167655033
124 0 1 0 1 0 0 0 -2.231816036734928
125 0 1 0 1 0 0 0 -3.4162821972094815
126 0 1 0 0 0 1 0 -3.933018468200503
127 0 1 0 1 0 0 0 -2.6374788853146867
128 0 1 0 1 0 0 0 -4.530177984021837
129 0 1 0 1 0 0 0 -3.6272021063325264
130 0 1 0 1 0 0 0 -1.8968242028017743
131 0 1 0 0 0 1 0 -4.274088367704952
132 0 1 0 0 0 1 0 -2.213756545187264
133 0 1 0 1 0 0 0 -2.13235264422998
134 0 1 0 0 0 1 0 -3.128326091051556
135 0 1 0 1 0 0 0 -3.0128984167655033
136 0 1 0 1 0 0 0 -2.8083922318429666
137 0 1 0 1 0 0 0 -2.4616047456183106
138 0 1 0 1 0 0 0 -3.543574748933647
139 0 1 0 1 0 0 0 -2.8083922318429666
140 0 1 0 1 0 0 0 -2.9126015972337274
141 0 1 0 1 0 0 0 -4.530177984021837
142 0 1 0 1 0 0 0 -1.621241911235645
143 0 1 0 1 0 0 0 -0.90646527989345
144 0 1 0 1 0 0 0 -1.734133019101279
145 0 1 0 1 0 0 0 -1.8348031727927256
146 0 1 0 1 0 0 0 -3.4616047456183106
147 0 1 0 1 0 0 0 -2.4616047456183106
148 0 1 0 1 0 0 0 -3.041648777245868
149 0 1 0 1 0 0 0 -1.7758630329367828
150 0 1 0 0 0 1 0 -3.2744542434484982
151 0 1 0 1 0 0 0 -1.7875675278817198
152 0 1 0 1 0 0 0 -1.1125321800688956
153 0 1 0 1 0 0 0 -2.92823247013955
154 0 1 0 1 0 0 0 -1.235917942544284
155 0 1 0 1 0 0 0 -1.2334130609826526
156 0 1 0 1 0 0 0 -1.4898651896142554
157 0 1 0 1 0 0 0 -3.5435747489336467
