id met_endotherm_vertebrate met_invertebrate met_ectotherm_vertebrate met_primary_producer met_detritus mov_flying mov_walking mov_other mov_swimming mov_sessile mov_other_nonliving log_mass mass_missing
0 0 0 1 0 0 0 0 0 1 0 0 1.43037940028983 0
1 1 0 0 0 0 1 0 0 0 0 0 3.118595365223762 0
2 1 0 0 0 0 1 0 0 0 0 0 3.380211241711606 0
3 1 0 0 0 0 1 0 0 0 0 0 2.94126290931895 0
4 1 0 0 0 0 1 0 0 0 0 0 2.531478917042255 0
5 1 0 0 0 0 1 0 0 0 0 0 2.56702636615906 0
6 1 0 0 0 0 1 0 0 0 0 0 3.0172420845476458 0
7 1 0 0 0 0 1 0 0 0 0 0 2.939319531078238 0
8 0 0 1 0 0 0 0 0 1 0 0 1.5486118243770215 0
9 1 0 0 0 0 1 0 0 0 0 0 3.3530502396425894 0
10 1 0 0 0 0 1 0 0 0 0 0 2.6190933306267428 0
11 0 1 0 0 0 0 0 1 0 0 0 -5.655607726314889 0
12 0 0 1 0 0 0 0 0 1 0 0 -0.4709687022165413 0
13 0 0 1 0 0 0 0 0 1 0 0 -0.2966939335163623 0
14 0 0 1 0 0 0 0 0 1 0 0 1.2881433315788318 0
15 0 0 1 0 0 0 0 0 1 0 0 1.3918040126304112 0
16 0 0 1 0 0 0 0 0 1 0 0 1.45587975965385 0
17 0 1 0 0 0 0 0 0 0 1 0 1.416205517528431 0
18 0 1 0 0 0 0 0 0 0 1 0 1.6499375526654214 0
19 0 1 0 0 0 0 0 0 0 1 0 2.1846677710587126 0
20 0 1 0 0 0 0 0 0 1 0 0 -2.1334072849746972 0
21 1 0 0 0 0 1 0 0 0 0 0 1.6444385894678386 0
22 1 0 0 0 0 1 0 0 0 0 0 2.8920946026904804 0
23 1 0 0 0 0 1 0 0 0 0 0 2.5289167002776547 0
24 1 0 0 0 0 1 0 0 0 0 0 2.5550944485783194 0
25 1 0 0 0 0 1 0 0 0 0 0 2.561101383649056 0
26 1 0 0 0 0 1 0 0 0 0 0 3.0742677425533578 0
27 1 0 0 0 0 1 0 0 0 0 0 2.603144372620182 0
28 1 0 0 0 0 1 0 0 0 0 0 1.3838153659804313 0
29 0 1 0 0 0 0 1 0 0 0 0 0.06762915901337226 0
30 1 0 0 0 0 1 0 0 0 0 0 2.019116290447073 0
31 1 0 0 0 0 1 0 0 0 0 0 2.7481880270062002 0
32 0 1 0 0 0 0 1 0 0 0 0 0.9186617131455531 0
33 1 0 0 0 0 1 0 0 0 0 0 2.5563025007672873 0
34 0 1 0 0 0 0 0 0 1 0 0 -2.6020599913279625 0
35 1 0 0 0 0 1 0 0 0 0 0 2.4313637641589874 0
36 1 0 0 0 0 1 0 0 0 0 0 2.483301952358167 0
37 1 0 0 0 0 1 0 0 0 0 0 2.2174839442139063 0
38 1 0 0 0 0 0 1 0 0 0 0 3.778151250383644 0
39 0 1 0 0 0 0 0 0 1 0 0 -2.6947647445991274 0
40 0 0 1 0 0 0 0 0 1 0 0 0.4137383258805972 0
41 1 0 0 0 0 1 0 0 0 0 0 2.3820170425748683 0
42 1 0 0 0 0 1 0 0 0 0 0 2.1690863574870227 0
43 1 0 0 0 0 1 0 0 0 0 0 2.6015167836500104 0
44 1 0 0 0 0 1 0 0 0 0 0 2.8680563618230415 0
45 1 0 0 0 0 1 0 0 0 0 0 2.681241237375587 0
46 1 0 0 0 0 1 0 0 0 0 0 2.7147487607250596 0
47 1 0 0 0 0 1 0 0 0 0 0 2.32479671762173 0
48 1 0 0 0 0 1 0 0 0 0 0 2.8165726960261033 0
49 0 0 1 0 0 0 0 0 1 0 0 3.1189107157382616 0
50 0 1 0 0 0 0 0 1 0 0 0 -6.47755576649368 0
51 0 1 0 0 0 0 0 0 0 1 0 0.8193056116034437 0
52 0 1 0 0 0 0 0 0 0 1 0 -2.4900706765238954 0
53 0 1 0 0 0 0 0 0 0 1 0 1.2707271763682029 0
54 0 1 0 0 0 0 0 0 0 1 0 0.8175335201299478 0
55 0 1 0 0 0 0 0 0 0 1 0 1.3027523989340632 0
56 0 1 0 0 0 0 0 0 0 1 0 0.9915854244333496 0
57 1 0 0 0 0 1 0 0 0 0 0 1.7113853790984517 0
58 1 0 0 0 0 1 0 0 0 0 0 1.320146286111054 0
59 0 1 0 0 0 0 0 0 0 1 0 -2.5399023564916776 0
60 0 1 0 0 0 0 1 0 0 0 0 -2.7147218092458085 0
61 1 0 0 0 0 1 0 0 0 0 0 1.67163559660213 0
62 1 0 0 0 0 1 0 0 0 0 0 2.5652573434202135 0
63 0 1 0 0 0 0 0 1 0 0 0 -2.7898367086509364 0
64 1 0 0 0 0 1 0 0 0 0 0 2.3531465462139796 0
65 0 1 0 0 0 0 0 0 1 0 0 -4.4723700991286615 0
66 0 1 0 0 0 0 0 0 1 0 0 0.913505717087949 0
67 0 1 0 0 0 0 0 1 0 0 0 -5.575118363368933 0
68 0 1 0 0 0 0 1 0 0 0 0 0.08412205083254577 0
69 1 0 0 0 0 1 0 0 0 0 0 2.9777236052888476 0
70 1 0 0 0 0 1 0 0 0 0 0 1.9777236052888478 0
71 1 0 0 0 0 1 0 0 0 0 0 2.8776592441116087 0
72 0 0 1 0 0 0 0 0 1 0 0 2.669502834104343 0
73 0 1 0 0 0 0 0 1 0 0 0 -5.882728704344236 0
74 0 0 0 1 0 0 0 0 0 1 0 1.3764150684055454 1
75 1 0 0 0 0 1 0 0 0 0 0 2.8129133566428557 0
76 0 1 0 0 0 0 1 0 0 0 0 -2.2417802008547825 0
77 0 0 1 0 0 0 0 0 1 0 0 0.5656484990428461 0
78 0 1 0 0 0 0 1 0 0 0 0 -0.4500384468597823 0
79 0 1 0 0 0 0 0 0 1 0 0 -4.440093374963888 0
80 0 1 0 0 0 0 0 0 1 0 0 -2.6635402661514704 0
81 0 1 0 0 0 0 0 1 0 0 0 -6.586700235918748 0
82 0 1 0 0 0 0 1 0 0 0 0 -5.08196966321512 0
83 0 0 0 0 1 0 0 0 0 0 1 -7.274905478918531 1
84 0 1 0 0 0 0 1 0 0 0 0 -0.6770671462131165 0
85 0 1 0 0 0 0 1 0 0 0 0 -2.614747740226984 0
86 0 1 0 0 0 0 1 0 0 0 0 -2.4430718422407645 0
87 0 1 0 0 0 0 1 0 0 0 0 0.2698172499938281 0
88 0 1 0 0 0 1 0 0 0 0 0 -2.025867962717524 0
89 0 1 0 0 0 0 1 0 0 0 0 -1.9827658459381745 0
90 0 1 0 0 0 0 0 0 1 0 0 -2.1639748020018925 0
91 0 1 0 0 0 0 0 0 0 1 0 -2.025867962717524 0
92 0 0 0 1 0 0 0 1 0 0 0 -3.916560341542164 1
93 0 1 0 0 0 1 0 0 0 0 0 -1.4719066694597631 0
94 0 1 0 0 0 0 0 0 1 0 0 -1.3469679972181297 0
95 0 1 0 0 0 0 0 0 0 1 0 -1.3469679972181297 0
96 0 0 0 1 0 0 0 0 0 1 0 -7.274905478918531 1
97 0 1 0 0 0 0 0 0 1 0 0 -4.614393726401688 0
98 0 1 0 0 0 0 0 0 1 0 0 -2.443071842240765 0
99 0 1 0 0 0 0 1 0 0 0 0 -2.3362585674697187 0
100 0 1 0 0 0 0 0 1 0 0 0 -6.370590400897281 0
101 0 0 0 1 0 0 0 0 0 1 0 1.3764150684055454 1
102 0 1 0 0 0 0 1 0 0 0 0 -5.286509456906058 0
103 1 0 0 0 0 1 0 0 0 0 0 2.606381365110605 0
104 0 1 0 0 0 0 0 1 0 0 0 -3.916560341542164 1
105 0 1 0 0 0 0 0 1 0 0 0 -5.377785977033705 0
106 0 1 0 0 0 0 0 1 0 0 0 -5.209011524911184 0
107 0 1 0 0 0 0 0 1 0 0 0 -3.916560341542164 1
108 0 0 0 1 0 0 0 0 0 1 0 1.3764150684055454 1
109 0 0 0 1 0 0 0 0 0 1 0 1.3764150684055454 1
110 0 1 0 0 0 0 0 0 1 0 0 -4.440093374963888 0
111 0 1 0 0 0 0 0 0 1 0 0 -4.440093374963888 0
112 0 0 0 1 0 0 0 0 0 1 0 -7.274905478918531 1
113 0 0 0 0 1 0 0 0 0 0 1 -7.274905478918531 1
114 0 1 0 0 0 0 0 0 1 0 0 0.6766065435976986 0
115 0 1 0 0 0 0 0 1 0 0 0 -2.9430951486635273 0
116 0 1 0 0 0 0 0 0 1 0 0 -4.442492798094342 0
117 0 1 0 0 0 0 1 0 0 0 0 -3.939869000468955 0
118 0 1 0 0 0 0 0 1 0 0 0 -6.97061622231479 0
119 0 1 0 0 0 0 0 1 0 0 0 -6.202040356262804 0
120 0 1 0 0 0 0 0 1 0 0 0 -6.920818753952375 0
121 0 0 0 1 0 0 0 0 0 1 0 1.3764150684055454 1
122 0 1 0 0 0 0 0 0 0 1 0 0.03471611652126412 1
123 0 1 0 0 0 0 0 0 1 0 0 -4.440093374963888 0
124 0 1 0 0 0 0 0 0 1 0 0 -4.440093374963888 0
125 0 1 0 0 0 0 0 1 0 0 0 -5.627087997029894 0
126 0 1 0 0 0 0 0 1 0 0 0 -6.082494490447453 0
127 0 1 0 0 0 0 0 1 0 0 0 -6.527243550682788 0
128 0 0 0 1 0 0 0 1 0 0 0 -7.274905478918531 1
129 0 1 0 0 0 0 0 0 1 0 0 -4.4723700991286615 0
130 0 1 0 0 0 0 0 0 1 0 0 -4.440093374963888 0
131 0 1 0 0 0 0 0 0 1 0 0 -4.440093374963888 0
132 0 1 0 0 0 0 0 0 1 0 0 -4.440093374963888 0
133 0 1 0 0 0 0 0 0 1 0 0 -4.440093374963888 0
134 0 1 0 0 0 0 0 0 1 0 0 -4.440093374963888 0
135 0 1 0 0 0 0 0 1 0 0 0 -6.8297382846050425 0
136 0 1 0 0 0 0 0 1 0 0 0 -7.274905478918531 0
137 0 1 0 0 0 0 0 1 0 0 0 -5.866461091629782 0
138 0 1 0 0 0 0 0 1 0 0 0 -7.0343280287798935 0
139 0 1 0 0 0 0 0 1 0 0 0 -6.305394801066432 0
140 0 0 0 1 0 0 0 1 0 0 0 -3.916560341542164 1
141 0 1 0 0 0 0 0 1 0 0 0 -6.202040356262804 0
142 0 1 0 0 0 0 0 1 0 0 0 -3.916560341542164 1
143 0 0 0 0 1 0 0 0 0 0 1 -7.274905478918531 1
144 1 0 0 0 0 1 0 0 0 0 0 3.155336037465062 0
145 0 1 0 0 0 0 0 1 0 0 0 -7.0343280287798935 0
146 0 1 0 0 0 0 0 1 0 0 0 -3.916560341542164 1
147 0 1 0 0 0 0 0 1 0 0 0 -3.916560341542164 1
