id met_invertebrate met_primary_producer met_heterotrophic_bacteria met_dead_organic_material met_heterotrophic_fungi mov_walking mov_sessile mov_other mov_other_nonliving log_mass mass_missing
0 1 0 0 0 0 1 0 0 0 -0.748556165570814 0
1 1 0 0 0 0 1 0 0 0 -0.3693570661737014 0
2 1 0 0 0 0 1 0 0 0 -0.264647403128083 0
3 1 0 0 0 0 1 0 0 0 -0.622948364935057 0
4 1 0 0 0 0 1 0 0 0 -3.284002502676423 0
5 1 0 0 0 0 1 0 0 0 -2.0866671566985926 0
6 1 0 0 0 0 1 0 0 0 -3.1287201953869928 0
7 1 0 0 0 0 1 0 0 0 -2.6397128208710527 0
8 1 0 0 0 0 1 0 0 0 -2.314799900075324 0
9 1 0 0 0 0 1 0 0 0 -2.975950487666661 0
10 1 0 0 0 0 1 0 0 0 -2.975950487666661 0
11 1 0 0 0 0 1 0 0 0 -2.224247674090414 0
12 1 0 0 0 0 1 0 0 0 -2.6801362010524596 0
13 1 0 0 0 0 1 0 0 0 -2.3975497533263126 0
14 1 0 0 0 0 1 0 0 0 -2.155065471614301 0
15 1 0 0 0 0 1 0 0 0 -3.4559480868872057 0
16 1 0 0 0 0 1 0 0 0 -1.9183594083992683 0
17 1 0 0 0 0 1 0 0 0 -3.3269772487370917 0
18 1 0 0 0 0 1 0 0 0 -2.4640283775055027 0
19 1 0 0 0 0 1 0 0 0 -2.7924520693142263 0
20 1 0 0 0 0 1 0 0 0 -2.504042377514516 0
21 1 0 0 0 0 1 0 0 0 -2.1759224164714857 0
22 1 0 0 0 0 1 0 0 0 -2.099679417095407 0
23 1 0 0 0 0 1 0 0 0 -2.990823280690591 0
24 1 0 0 0 0 1 0 0 0 -3.205602586043845 0
25 1 0 0 0 0 1 0 0 0 -2.3042656131434276 0
26 1 0 0 0 0 1 0 0 0 -3.2840843592981983 0
27 1 0 0 0 0 1 0 0 0 -2.277137557226759 0
28 1 0 0 0 0 1 0 0 0 -3.0216888946833835 0
29 1 0 0 0 0 1 0 0 0 -2.4751695410084738 0
30 1 0 0 0 0 1 0 0 0 -2.43447601664148 0
31 1 0 0 0 0 1 0 0 0 -2.1530501114173894 0
32 1 0 0 0 0 1 0 0 0 -2.4444896022018225 0
33 1 0 0 0 0 1 0 0 0 -3.3305194761167414 0
34 1 0 0 0 0 1 0 0 0 -4.386158178123931 0
35 1 0 0 0 0 1 0 0 0 -3.8040146036420306 0
36 1 0 0 0 0 1 0 0 0 -3.690248502536241 0
37 1 0 0 0 0 1 0 0 0 -2.3413373637942554 0
38 1 0 0 0 0 1 0 0 0 -2.37785594657801 0
39 1 0 0 0 0 1 0 0 0 -2.729734231071674 0
40 1 0 0 0 0 1 0 0 0 -2.725685093900369 0
41 1 0 0 0 0 1 0 0 0 -1.9491891797272438 0
42 1 0 0 0 0 1 0 0 0 -2.0758936389258866 0
43 1 0 0 0 0 1 0 0 0 -3.4306495031174813 0
44 1 0 0 0 0 1 0 0 0 -2.291458092196252 0
45 1 0 0 0 0 1 0 0 0 -2.4064801194889043 0
46 1 0 0 0 0 1 0 0 0 -4.488116639021126 0
47 1 0 0 0 0 1 0 0 0 -1.1806464258583222 0
48 1 0 0 0 0 1 0 0 0 -1.4468419279107108 0
49 1 0 0 0 0 1 0 0 0 -1.0621838360812237 0
50 1 0 0 0 0 1 0 0 0 -0.5726156569199612 0
51 1 0 0 0 0 1 0 0 0 -0.6824009024383398 0
52 1 0 0 0 0 1 0 0 0 -0.6582829158492705 0
53 1 0 0 0 0 1 0 0 0 -0.7159022393149707 0
54 1 0 0 0 0 1 0 0 0 -0.7598960893830824 0
55 1 0 0 0 0 1 0 0 0 -1.935504049104257 0
56 1 0 0 0 0 1 0 0 0 -3.0576600246982197 0
57 1 0 0 0 0 1 0 0 0 -4.603800652904264 0
58 1 0 0 0 0 1 0 0 0 -5.148130399270234 0
59 1 0 0 0 0 1 0 0 0 -2.139784871222041 0
60 1 0 0 0 0 1 0 0 0 -2.2732294451695667 0
61 1 0 0 0 0 1 0 0 0 -5.2247537402597635 0
62 1 0 0 0 0 1 0 0 0 -4.590066876668705 0
63 1 0 0 0 0 1 0 0 0 -3.75907402741743 0
64 1 0 0 0 0 1 0 0 0 -4.728158393463501 0
65 1 0 0 0 0 1 0 0 0 -4.016824927962187 0
66 1 0 0 0 0 1 0 0 0 -5.213248577854439 0
67 1 0 0 0 0 1 0 0 0 -4.621602099051862 0
68 1 0 0 0 0 1 0 0 0 -4.962573502059376 0
69 1 0 0 0 0 1 0 0 0 -4.095284454721319 0
70 1 0 0 0 0 1 0 0 0 -4.481486060122112 0
71 1 0 0 0 0 1 0 0 0 -5.022276394711152 0
72 1 0 0 0 0 1 0 0 0 -3.9932858603536165 0
73 1 0 0 0 0 1 0 0 0 -4.316052869248488 0
74 1 0 0 0 0 1 0 0 0 -4.292429823902064 0
75 1 0 0 0 0 1 0 0 0 -4.913640169325252 0
76 1 0 0 0 0 1 0 0 0 -5.2247537402597635 0
77 1 0 0 0 0 1 0 0 0 -4.809668301829708 0
78 1 0 0 0 0 1 0 0 0 -4.931814138253839 0
79 1 0 0 0 0 1 0 0 0 -0.6954682743692796 0
80 1 0 0 0 0 1 0 0 0 -2.813708321529019 0
81 1 0 0 0 0 1 0 0 0 -1.7523709686613045 0
82 1 0 0 0 0 1 0 0 0 -2.5010830982559042 0
83 1 0 0 0 0 1 0 0 0 -3.6636823857539413 0
84 1 0 0 0 0 1 0 0 0 -4.215382707367125 0
85 1 0 0 0 0 1 0 0 0 -2.398241296378829 0
86 1 0 0 0 0 1 0 0 0 -4.931814138253839 0
87 1 0 0 0 0 1 0 0 0 -1.529034572502839 0
88 1 0 0 0 0 1 0 0 0 -3.547183529363173 0
89 1 0 0 0 0 1 0 0 0 -1.46193640461407 1
90 1 0 0 0 0 1 0 0 0 -4.0195421077238995 0
91 1 0 0 0 0 1 0 0 0 -5.046240308266771 0
92 1 0 0 0 0 1 0 0 0 -4.801342913045577 0
93 1 0 0 0 0 1 0 0 0 -4.818156412055227 0
94 1 0 0 0 0 1 0 0 0 -6.133122185662501 0
95 1 0 0 0 0 1 0 0 0 -3.976903996889177 0
96 1 0 0 0 0 1 0 0 0 -5.209714835966758 0
97 1 0 0 0 0 1 0 0 0 -4.102922996790579 0
98 1 0 0 0 0 1 0 0 0 -5.266802734893431 0
99 1 0 0 0 0 1 0 0 0 -5.250263684430939 0
100 1 0 0 0 0 1 0 0 0 -1.7429604518900284 0
101 1 0 0 0 0 1 0 0 0 -0.7803499940295862 0
102 1 0 0 0 0 1 0 0 0 -3.5688550466925912 0
103 1 0 0 0 0 1 0 0 0 -1.9932327089516508 0
104 1 0 0 0 0 1 0 0 0 -5.003926345514724 0
105 1 0 0 0 0 1 0 0 0 -5.073143291050307 0
106 1 0 0 0 0 1 0 0 0 -5.485452247339714 0
107 1 0 0 0 0 1 0 0 0 -5.485452247339714 0
108 1 0 0 0 0 1 0 0 0 -5.046240308266771 0
109 1 0 0 0 0 1 0 0 0 -4.954677021213342 0
110 1 0 0 0 0 1 0 0 0 -0.4912051124345149 0
111 1 0 0 0 0 1 0 0 0 -4.818156412055227 0
112 1 0 0 0 0 1 0 0 0 -5.416801226031377 0
113 1 0 0 0 0 1 0 0 0 -1.407810769312587 0
114 1 0 0 0 0 1 0 0 0 -2.858379991445851 0
115 1 0 0 0 0 1 0 0 0 -2.064612005196445 0
116 1 0 0 0 0 1 0 0 0 -5.175223537524454 0
117 1 0 0 0 0 1 0 0 0 -4.440093374963888 0
118 1 0 0 0 0 1 0 0 0 -5.617982957425132 0
119 1 0 0 0 0 1 0 0 0 -3.641697682038755 0
120 1 0 0 0 0 1 0 0 0 -1.8939408054165539 0
121 1 0 0 0 0 1 0 0 0 -3.9544540623693325 0
122 1 0 0 0 0 1 0 0 0 -3.6955482502507273 0
123 1 0 0 0 0 1 0 0 0 -2.395232712608126 0
124 1 0 0 0 0 1 0 0 0 -5.507239610973162 0
125 1 0 0 0 0 1 0 0 0 -5.0589857562944305 0
126 1 0 0 0 0 1 0 0 0 -5.321481620959886 0
127 1 0 0 0 0 1 0 0 0 -4.632644078973981 0
128 1 0 0 0 0 1 0 0 0 -3.6909620688756934 0
129 1 0 0 0 0 1 0 0 0 -5.292429823902063 0
130 1 0 0 0 0 1 0 0 0 -5.292429823902063 0
131 1 0 0 0 0 1 0 0 0 -5.292429823902063 0
132 1 0 0 0 0 1 0 0 0 -3.3340439705460434 0
133 1 0 0 0 0 1 0 0 0 -5.170696227168975 0
134 1 0 0 0 0 1 0 0 0 -4.835647144215563 0
135 1 0 0 0 0 1 0 0 0 -4.616184634019569 0
136 1 0 0 0 0 1 0 0 0 -3.3934122865412446 0
137 1 0 0 0 0 1 0 0 0 -2.7587494584242336 0
138 1 0 0 0 0 1 0 0 0 -3.868419827266354 0
139 0 1 0 0 0 0 1 0 0 -15.022276394711152 1
140 1 0 0 0 0 1 0 0 0 -0.22296124333833467 0
141 1 0 0 0 0 1 0 0 0 -4.220403508742176 0
142 1 0 0 0 0 0 0 1 0 -7.552841968657781 0
143 1 0 0 0 0 1 0 0 0 -0.2166141389193491 0
144 1 0 0 0 0 1 0 0 0 -5.448550002027125 0
145 0 0 1 0 0 0 0 1 0 -15.022276394711152 0
146 1 0 0 0 0 1 0 0 0 -6.0695604052333 0
147 1 0 0 0 0 0 0 1 0 -8.580044251510243 0
148 1 0 0 0 0 0 0 1 0 -6.440093374963888 0
149 0 0 0 1 0 0 0 0 1 -15.022276394711152 1
150 0 0 0 0 1 0 0 1 0 -15.022276394711152 1
151 1 0 0 0 0 1 0 0 0 -6.2716462179787715 0
152 0 0 0 1 0 0 0 0 1 -15.022276394711152 1
153 1 0 0 0 0 1 0 0 0 -1.144516025427293 0
154 0 0 0 0 1 0 0 1 0 -15.022276394711152 1
155 0 1 0 0 0 0 1 0 0 -15.022276394711152 1
156 1 0 0 0 0 1 0 0 0 -0.8478399137626519 0
157 0 1 0 0 0 0 1 0 0 -15.022276394711152 1
158 1 0 0 0 0 1 0 0 0 -6.628932137728264 0
159 0 1 0 0 0 0 1 0 0 -15.022276394711152 1
