62 47
54 43
46 23
78 32
69 46
13 20
94 73
52 2
28 4
48 43
81 80
28 10
55 28
84 44
66 29
73 2
10 14
80 43
46 22
101 97
48 50
24 6
54 29
37 12
46 12
22 8
64 43
28 20
63 43
47 28
78 33
72 23
50 22
84 14
96 57
16 31
94 72
82 29
28 5
96 69
43 29
3 20
10 20
77 43
17 1
75 44
38 46
21 4
10 7
21 8
42 45
84 55
76 43
95 45
22 17
44 28
28 21
83 85
58 28
18 7
22 15
77 21
59 25
25 26
67 2
94 99
103 30
29 26
46 4
28 12
23 13
78 80
27 18
60 25
21 18
26 22
72 11
69 44
62 43
103 59
82 39
28 18
35 8
97 88
24 20
45 22
95 37
25 19
28 15
74 22
38 27
95 65
5 1
71 1
74 43
95 40
38 13
46 18
95 80
25 8
69 50
65 48
47 26
7 16
3 1
38 25
60 45
51 48
18 1
11 1
84 77
84 63
23 15
43 14
66 28
34 1
42 50
28 11
75 45
103 97
80 25
6 2
18 4
29 5
21 17
5 15
54 44
84 82
72 25
29 17
80 26
97 72
23 19
77 48
26 27
43 27
1 4
96 59
94 41
75 46
15 2
102 40
82 46
45 11
42 49
70 2
94 39
75 49
28 24
43 22
36 40
73 16
61 24
96 64
14 13
43 18
72 17
43 1
82 48
26 8
26 23
13 7
24 19
26 18
95 25
19 14
12 20
18 16
7 9
38 24
3 18
72 29
72 10
24 18
80 75
19 12
19 10
27 24
57 1
46 17
82 47
37 28
12 7
4 1
100 80
14 4
61 43
5 2
11 20
80 47
20 1
97 57
46 11
5 9
55 44
34 15
58 48
29 1
46 20
11 10
27 23
51 29
47 22
80 49
38 19
48 45
69 45
95 62
30 2
43 17
46 6
95 75
22 16
37 25
1 9
37 22
94 52
45 26
28 9
43 13
33 2
80 14
84 48
9 8
28 26
46 26
74 46
24 8
6 9
49 46
82 80
96 42
10 13
42 44
18 9
45 24
37 1
38 43
24 10
90 92
77 50
27 11
60 23
2 31
28 23
80 60
80 45
63 48
54 25
23 2
10 9
80 38
55 26
2 15
58 45
64 46
43 4
20 18
61 29
59 28
20 7
6 20
65 44
84 76
22 7
58 50
80 61
28 17
6 7
56 46
29 4
27 7
37 21
22 12
17 8
76 25
3 13
19 9
94 79
74 10
25 7
50 43
60 27
62 48
90 94
30 13
63 29
43 24
69 47
48 46
11 12
84 45
25 23
102 50
46 25
102 44
30 4
72 26
48 44
75 43
66 25
44 25
28 8
8 16
44 22
53 2
45 28
55 49
72 5
77 25
60 46
35 2
84 75
82 50
1 15
51 44
29 7
58 44
22 4
70 1
82 65
3 17
21 22
60 47
12 18
72 46
55 48
19 1
80 39
83 72
27 9
26 1
102 37
43 26
43 12
94 33
61 27
33 8
17 7
74 25
25 15
101 32
45 19
53 8
97 56
84 74
37 17
63 46
50 28
5 14
49 22
40 50
17 20
20 4
30 7
17 4
38 21
37 10
37 6
78 59
81 36
10 4
38 20
26 24
5 18
103 34
26 21
94 36
27 20
26 19
33 1
97 52
63 44
74 23
23 20
30 11
47 43
27 15
30 18
90 70
75 50
26 5
72 27
19 7
36 18
62 46
74 26
49 43
14 7
59 43
29 15
5 20
42 46
3 15
22 13
17 9
59 46
90 68
65 45
97 66
3 12
77 46
80 65
23 9
95 46
13 18
86 66
27 5
17 16
47 19
22 19
15 16
24 16
25 11
54 48
95 61
86 82
43 5
3 14
11 7
21 23
29 22
45 29
35 16
9 2
24 14
73 31
22 5
17 2
80 87
83 36
27 1
37 19
28 22
59 44
83 81
50 25
82 38
58 27
5 6
23 14
9 16
103 32
22 6
84 4
36 20
37 13
37 29
34 31
63 49
60 24
45 46
12 2
81 56
80 48
23 7
46 5
65 25
19 2
5 8
42 43
74 28
56 50
54 28
21 20
12 15
75 48
66 44
30 6
58 26
74 5
95 88
102 62
55 43
37 27
7 4
27 13
12 6
72 12
96 58
66 50
36 38
12 8
21 1
38 6
24 2
55 29
19 15
22 23
95 82
3 19
50 44
59 47
25 6
21 14
102 60
94 69
29 24
64 47
102 38
30 8
29 12
9 1
83 80
25 9
102 82
45 6
58 25
66 46
82 43
102 65
25 20
42 29
82 77
102 25
21 19
21 10
30 24
68 8
51 47
37 24
94 89
43 25
36 19
20 8
48 25
13 4
27 21
80 55
14 2
80 4
36 37
76 44
102 48
102 14
45 25
97 40
56 47
56 43
44 17
48 49
26 4
45 14
17 13
55 46
51 25
55 25
13 8
28 14
97 33
12 9
5 4
27 10
95 26
19 20
94 71
84 62
80 41
26 14
51 45
46 27
37 2
42 28
102 29
44 19
81 82
42 48
35 31
46 43
50 26
6 4
59 27
25 1
100 33
43 20
22 1
62 50
78 79
101 33
44 21
58 47
28 6
3 6
8 15
56 28
76 29
46 1
65 47
22 9
90 91
95 63
61 45
38 26
19 17
101 83
36 41
3 9
43 19
102 89
100 32
13 9
23 17
47 46
77 47
85 80
94 67
1 2
102 4
84 37
27 22
3 7
45 17
37 11
13 15
9 4
95 48
83 86
82 55
47 23
43 10
76 45
24 17
86 80
52 8
45 27
80 50
1 7
74 11
11 14
48 21
63 47
5 19
25 14
44 24
49 50
56 44
95 54
56 29
28 13
63 45
38 23
44 23
11 13
23 8
26 10
82 4
65 29
49 28
84 25
24 11
75 25
47 45
103 102
51 50
37 4
83 64
47 25
102 26
21 6
44 45
70 8
97 71
55 50
37 5
36 39
60 44
25 17
38 1
84 49
38 17
19 4
95 87
29 28
94 57
22 18
29 10
47 24
25 10
22 20
66 43
97 32
58 29
90 93
23 18
59 26
84 41
46 10
11 6
78 36
82 76
80 82
25 4
66 45
36 21
28 19
90 83
54 47
83 57
84 80
3 10
90 40
84 43
61 22
38 11
30 12
20 9
12 14
83 69
97 99
66 48
12 4
76 47
5 11
8 31
102 75
49 47
74 6
102 46
3 16
95 74
25 12
84 50
38 12
47 44
23 6
64 50
57 31
95 39
84 89
63 26
94 66
49 45
47 27
80 46
15 31
44 43
30 23
64 48
82 40
94 95
15 1
102 61
66 49
46 24
40 49
72 21
97 53
18 8
50 45
80 77
43 9
46 21
21 15
82 75
57 8
64 49
60 43
97 64
102 43
84 54
82 54
67 8
48 29
80 63
26 15
29 11
84 47
72 45
30 5
102 55
77 44
7 15
82 26
20 15
95 47
23 12
61 21
25 22
51 27
3 8
59 22
24 1
51 28
4 16
83 66
102 74
1 18
95 29
97 87
80 40
55 45
10 1
45 12
65 43
11 9
61 46
17 14
50 29
68 2
56 48
4 2
50 21
22 2
94 98
74 13
102 45
11 18
26 12
46 28
74 1
27 17
46 13
22 10
19 6
25 24
58 46
3 4
21 2
95 77
45 21
35 1
103 4
30 20
29 21
25 5
84 65
6 18
14 18
84 26
25 29
23 4
28 1
94 40
49 44
30 17
49 24
52 1
60 22
13 1
56 49
82 25
29 13
53 1
21 5
20 16
86 36
26 20
101 72
85 36
59 49
24 5
68 1
51 26
17 18
54 50
3 11
67 1
90 80
78 72
38 22
95 4
54 45
102 41
40 46
73 1
65 49
82 62
30 15
11 4
49 21
23 16
47 5
97 70
90 72
102 39
29 19
24 13
69 49
80 74
30 22
90 0
94 70
97 91
37 18
82 44
48 28
25 18
23 10
49 25
48 47
61 25
45 10
59 50
84 87
97 73
97 67
75 47
80 89
103 3
26 11
66 47
84 40
64 45
37 23
58 21
74 24
74 21
94 53
23 11
21 9
1 16
21 11
34 2
44 27
102 77
17 12
82 45
58 49
14 9
3 2
6 8
2 16
30 14
85 66
42 47
25 13
75 28
82 88
48 27
97 69
13 2
22 11
60 29
97 79
94 56
61 44
22 14
4 8
74 19
102 47
80 54
74 29
43 23
74 17
10 18
19 16
27 14
84 88
7 2
42 25
73 8
75 29
37 8
95 89
37 9
27 6
11 8
84 46
26 13
24 4
84 38
60 26
34 16
30 19
62 44
50 27
10 8
85 82
63 50
49 27
80 62
37 7
51 46
59 29
9 15
29 18
54 46
94 32
82 14
58 43
38 10
43 7
50 46
62 49
10 16
10 6
24 12
40 43
6 15
50 47
30 1
102 63
90 36
5 13
29 8
55 47
29 27
82 49
69 43
97 98
35 15
65 50
6 1
26 6
86 56
26 2
82 89
12 1
28 7
6 16
72 19
56 45
61 47
95 44
25 2
11 16
30 10
12 13
90 79
95 60
29 23
102 80
21 13
69 48
95 14
0 2
57 16
48 26
38 29
49 26
43 11
38 28
46 14
59 21
6 13
97 39
84 29
76 50
50 24
102 88
19 11
17 11
60 21
46 7
54 49
17 6
44 46
0 1
4 31
102 87
24 9
82 87
94 91
80 76
96 51
77 49
26 17
95 43
1 20
81 66
77 29
24 7
82 63
46 9
103 72
23 1
19 13
37 14
51 43
103 80
27 12
11 15
97 36
85 56
95 41
7 8
21 7
84 39
24 15
94 80
10 2
51 49
19 8
102 76
43 6
72 28
94 87
55 27
14 1
90 67
24 23
5 16
5 17
84 60
44 29
38 14
27 2
25 28
49 29
37 26
11 2
10 15
45 23
80 29
82 74
80 37
42 26
96 73
38 5
61 26
64 44
26 9
61 23
12 16
76 21
5 7
37 20
95 76
94 88
63 25
17 15
95 50
61 28
15 8
27 19
28 27
80 88
101 80
63 28
80 44
74 14
76 26
2 8
101 36
28 2
14 16
97 80
29 2
82 60
97 89
65 46
23 5
44 11
60 28
77 26
72 22
27 4
56 25
95 55
100 72
72 43
102 54
44 26
14 6
83 56
84 61
62 45
7 1
1 8
82 41
97 95
5 10
25 21
82 61
77 45
45 5
43 21
50 23
13 16
74 12
18 2
72 24
14 15
95 38
47 29
17 10
30 9
22 24
102 49
83 84
101 102
27 8
18 15
3 5
26 7
20 2
19 18
29 6
57 2
83 73
47 21
100 59
103 35
29 9
65 28
29 20
34 8
14 8
103 33
74 27
76 46
44 5
97 41
29 14
14 20
59 45
21 24
43 28
32 1
4 15
82 37
94 64
45 43
46 29
46 19
21 12
95 49
25 27
