32 5
14 10
12 7
38 11
43 1
48 15
33 2
21 8
45 6
8 9
29 5
12 6
14 9
47 6
19 20
29 3
7 10
36 8
38 3
37 11
13 9
12 5
0 10
29 1
23 11
13 2
8 15
35 7
11 15
9 8
10 21
43 2
10 11
13 5
34 6
43 3
20 9
50 1
35 10
47 11
37 5
34 4
6 10
33 5
38 5
12 4
43 11
34 9
29 7
13 6
40 11
3 2
50 8
0 7
32 1
9 15
14 4
11 8
30 1
11 10
3 8
45 2
39 2
36 6
41 6
0 2
41 11
35 2
44 4
11 9
44 9
45 3
36 11
29 2
46 9
13 8
41 9
45 8
33 10
32 9
34 7
33 1
34 8
46 10
32 3
39 6
0 8
29 8
47 8
37 3
11 49
5 11
5 9
3 19
44 3
39 5
25 11
38 1
4 15
41 3
21 9
32 7
31 3
8 10
34 3
40 9
43 5
41 2
36 7
36 1
30 5
11 20
28 11
31 9
7 9
39 1
30 9
6 17
20 21
44 10
42 7
16 9
44 6
6 8
39 3
32 8
22 9
7 17
41 10
30 10
5 16
43 4
37 9
40 5
6 22
16 15
34 1
13 7
45 4
3 11
45 1
3 21
36 5
21 10
5 15
6 16
0 1
39 10
39 9
6 15
29 11
12 3
46 5
32 10
0 6
33 8
45 7
35 9
5 10
31 1
41 5
29 10
26 11
37 2
39 7
47 1
38 10
13 3
7 15
0 9
31 7
37 8
37 7
24 11
3 10
41 4
50 4
50 3
41 7
40 2
38 7
47 3
36 2
37 1
45 10
33 9
22 10
40 4
36 9
30 7
33 3
44 2
50 11
0 3
3 16
20 8
6 9
43 8
12 8
31 8
47 9
20 10
43 9
30 2
50 7
34 10
35 5
22 17
21 20
36 10
33 7
39 8
3 17
43 10
45 9
46 3
41 1
10 20
46 11
33 6
32 6
44 5
5 22
38 8
1 8
8 11
39 11
31 2
32 4
35 6
10 15
12 11
7 8
41 8
12 9
0 5
11 16
29 9
6 11
32 2
36 4
31 10
10 9
47 5
38 2
44 11
38 6
12 10
20 15
3 9
13 11
47 2
0 11
40 3
47 7
31 6
46 1
31 5
38 9
5 17
7 21
3 18
16 10
43 6
40 10
1 15
4 8
14 8
50 9
46 4
10 8
13 10
50 5
12 2
11 17
30 4
46 6
47 4
29 4
46 7
10 16
46 8
40 7
36 3
27 11
44 1
9 11
35 8
47 10
35 3
34 2
44 8
7 20
0 4
35 4
30 8
31 4
13 1
37 10
14 3
14 2
14 11
37 6
37 4
6 20
49 8
12 1
7 22
9 10
40 8
45 11
13 4
3 15
7 11
34 5
19 10
5 8
39 4
50 6
30 3
50 2
14 1
50 10
22 11
29 6
35 1
33 4
40 1
40 6
14 7
38 4
3 20
30 6
45 5
3 22
16 8
14 6
46 2
14 5
44 7
