81 28
0 1
77 54
74 37
84 40
75 46
82 65
53 18
37 16
28 8
6 0
76 42
63 9
54 36
76 38
76 70
75 76
33 9
53 28
48 9
36 19
3 7
68 9
17 10
35 15
24 2
55 17
28 24
2 10
71 27
75 40
20 15
48 22
76 44
71 73
18 23
29 18
48 21
7 8
10 9
80 41
85 39
39 11
70 74
84 66
22 3
84 32
80 56
67 29
33 11
29 19
59 38
24 8
61 11
38 35
17 12
79 80
61 12
79 45
80 83
48 6
17 15
6 2
13 3
8 5
56 4
53 36
68 21
56 5
17 16
76 37
82 64
74 36
74 67
52 6
88 63
8 11
13 23
47 28
68 23
55 16
29 24
21 2
69 45
15 19
10 6
68 5
80 54
81 44
36 17
38 37
16 9
89 49
70 37
84 44
21 10
19 6
21 9
84 70
36 29
21 3
53 37
84 52
52 11
80 50
36 21
13 10
5 4
8 0
9 21
82 73
55 37
14 8
81 42
14 21
78 72
18 28
75 61
21 11
9 4
21 0
29 22
65 35
68 19
17 3
54 29
35 29
55 24
16 3
89 29
56 21
34 17
77 27
5 2
23 7
76 36
79 72
16 19
64 36
4 1
15 10
82 54
43 37
13 6
23 18
70 38
63 21
60 8
9 5
89 42
81 24
19 4
16 2
61 9
79 30
9 6
20 10
4 9
67 28
8 10
12 7
76 74
36 24
18 22
68 16
15 22
23 5
12 0
81 37
82 53
17 7
24 16
56 3
66 6
65 37
8 2
68 2
22 5
85 65
77 40
34 29
10 0
23 14
82 61
49 18
59 29
71 40
37 18
64 38
10 4
63 29
80 25
5 10
68 20
45 18
89 35
34 18
16 21
33 5
13 7
57 1
13 14
10 8
14 12
70 55
13 18
5 12
80 60
12 1
63 22
28 2
6 21
34 36
19 10
90 34
33 4
24 3
15 4
20 19
15 11
88 75
77 72
56 22
65 36
84 30
79 43
76 50
18 15
53 29
13 24
13 22
37 17
28 29
75 77
55 18
37 35
80 68
38 17
84 68
16 22
36 9
89 37
45 5
17 20
2 3
71 74
81 41
61 8
38 23
63 20
80 40
39 0
64 37
63 18
56 18
10 12
24 12
81 55
15 12
16 18
56 12
34 38
2 11
37 24
28 10
80 43
16 7
2 7
58 18
23 2
70 49
13 21
75 52
70 44
3 5
23 15
56 6
74 50
21 4
75 59
63 15
15 3
84 43
66 8
8 3
55 23
20 22
68 6
18 16
89 28
17 2
18 17
16 12
21 8
84 60
35 18
70 41
54 24
74 55
77 74
22 0
28 5
71 26
84 56
80 30
68 10
9 0
75 70
52 5
24 10
59 28
13 19
80 31
23 12
23 9
10 7
48 10
80 52
77 73
6 7
76 28
29 21
79 70
23 10
15 8
11 1
24 14
85 33
80 66
23 3
9 22
14 2
55 35
17 24
74 44
64 28
22 11
29 17
80 72
70 50
24 15
20 14
78 51
22 12
90 89
8 9
81 49
77 57
75 63
85 63
89 70
33 7
3 6
65 29
29 23
74 38
88 70
63 36
28 20
39 8
28 17
26 1
80 26
68 17
46 8
82 52
82 48
47 36
61 5
28 23
88 84
76 41
69 70
80 58
80 44
80 13
79 26
3 4
29 6
53 17
38 28
48 8
63 6
63 19
24 5
74 41
8 7
3 1
28 14
9 7
63 16
79 62
39 7
9 2
22 8
17 23
78 73
18 20
14 4
55 36
54 35
85 87
36 28
68 7
68 18
23 6
71 72
24 21
63 24
74 70
7 5
17 5
15 5
28 18
10 11
67 36
84 50
29 2
68 8
30 18
22 4
70 42
18 10
22 9
22 7
78 57
18 8
63 17
36 8
21 7
26 0
24 22
64 18
68 14
5 0
51 38
20 5
79 57
23 21
50 18
46 18
32 18
90 63
23 19
3 8
56 2
82 34
3 11
47 35
85 70
52 10
61 0
68 22
63 23
84 45
20 7
45 9
42 18
84 51
45 8
24 23
7 1
20 9
4 11
23 4
71 59
55 29
27 1
39 1
74 28
84 49
8 21
2 5
40 42
47 18
81 38
52 9
20 4
29 16
33 6
90 64
74 35
15 7
80 32
80 45
89 36
79 73
5 11
18 24
80 61
20 12
70 24
14 0
81 70
5 1
62 18
90 33
33 1
67 37
9 11
66 18
64 29
80 27
35 23
74 29
68 12
26 11
71 70
17 9
38 36
24 4
13 12
60 6
20 8
19 8
90 39
70 43
6 5
18 14
38 24
17 4
77 59
54 28
12 6
84 62
52 12
45 6
80 42
18 3
67 18
6 10
39 4
69 63
36 22
17 14
66 5
17 8
29 20
17 6
6 11
9 3
40 43
53 38
18 6
65 18
69 40
78 26
35 20
84 81
56 7
16 4
36 23
78 59
88 89
17 22
51 35
12 8
14 5
7 9
63 8
19 5
84 63
76 67
90 70
76 43
51 29
16 8
71 51
38 29
13 8
21 12
20 6
18 19
46 6
52 8
4 5
2 9
20 11
47 38
19 22
68 4
75 51
51 37
89 67
37 28
80 57
84 13
56 14
13 5
79 27
51 18
68 15
16 10
28 9
16 6
34 28
56 9
20 2
76 24
20 3
4 0
78 70
17 21
2 4
8 22
71 54
48 5
15 2
80 73
89 74
84 58
79 56
8 4
19 0
39 5
36 20
85 34
40 41
29 14
80 59
79 60
84 59
56 19
9 12
70 67
19 3
14 6
82 68
59 18
13 16
70 35
85 64
64 35
16 5
35 28
12 5
13 17
16 14
6 4
35 36
60 18
68 24
14 9
80 70
10 1
2 6
59 37
3 12
81 74
76 49
12 9
23 8
7 0
2 12
31 18
28 3
47 17
28 6
14 10
12 4
84 41
34 24
9 10
22 21
11 0
15 9
13 2
23 20
3 9
44 18
35 24
76 29
24 9
24 19
81 29
89 55
59 35
89 38
51 28
14 22
89 43
63 28
15 21
71 57
79 63
13 15
34 37
85 86
77 70
19 7
56 10
24 20
75 71
59 36
90 65
29 3
70 28
48 12
89 41
53 35
48 24
48 20
38 18
23 22
19 21
89 44
51 36
54 23
69 34
25 1
65 38
77 51
80 51
75 54
19 11
80 62
29 10
35 17
4 6
84 31
47 29
81 43
80 49
28 21
40 22
82 83
29 9
69 64
36 15
36 2
19 9
19 14
39 6
35 19
54 18
81 36
2 1
60 9
60 5
5 3
46 9
74 24
7 6
13 20
3 0
10 5
43 38
53 24
48 18
76 35
21 5
56 15
68 3
88 40
35 16
28 15
80 81
22 6
80 46
17 18
84 61
15 6
69 65
24 6
37 29
47 37
78 40
33 8
15 14
81 50
71 25
78 27
37 23
66 9
40 44
19 2
56 8
13 9
28 22
18 2
54 37
67 35
80 63
19 12
55 28
70 29
52 1
29 5
2 8
7 11
78 74
89 50
33 0
90 84
54 16
78 54
3 10
2 0
29 15
89 24
79 75
65 28
18 5
37 36
74 42
5 7
75 68
54 17
8 12
29 8
34 35
16 20
36 18
82 47
79 40
77 26
18 21
61 6
84 54
14 3
38 16
24 18
78 25
36 16
70 36
14 11
21 1
74 43
84 46
79 25
14 7
20 21
22 10
21 6
81 67
28 16
63 14
18 29
8 6
17 19
76 55
56 20
75 78
41 18
81 35
67 38
84 42
22 2
74 49
39 9
61 1
6 12
24 7
77 25
7 4
36 14
28 19
12 11
31 8
52 0
18 9
