27 14
28 7
29 25
24 1
26 23
33 18
26 12
33 14
22 20
23 1
28 15
20 1
2 21
29 6
12 15
20 23
29 5
28 5
29 22
26 6
26 21
2 9
28 21
15 14
2 13
28 19
14 1
3 1
30 3
8 14
26 7
26 1
26 4
28 8
33 19
33 6
26 20
13 1
28 23
18 14
31 20
19 14
31 6
2 15
33 10
22 23
4 1
26 19
32 23
6 13
27 3
2 8
29 17
32 10
27 20
33 5
24 14
29 15
32 0
29 3
28 4
31 13
2 10
20 15
32 1
33 17
3 23
33 16
29 11
32 15
7 1
10 12
17 1
20 12
2 5
17 14
28 20
31 27
10 15
2 7
29 12
29 4
28 17
28 25
28 11
26 8
6 20
23 14
18 1
4 14
33 1
27 23
29 14
29 18
28 24
26 5
26 15
33 13
24 23
13 15
30 1
29 9
22 3
29 10
9 1
33 21
29 7
2 1
3 14
33 25
2 17
31 10
31 0
24 15
32 21
2 19
28 18
26 10
7 15
33 9
26 16
28 10
33 4
2 24
29 13
3 15
2 12
33 7
6 1
19 1
28 13
29 23
11 12
26 18
28 9
3 22
0 1
29 16
16 14
29 8
2 18
29 19
25 1
27 1
33 8
2 22
30 11
26 9
23 15
28 6
29 20
28 12
2 20
32 24
9 14
33 22
26 13
28 1
31 3
26 25
29 1
2 4
33 20
2 25
33 12
29 24
26 14
6 23
15 1
27 15
6 15
22 15
2 23
22 1
16 1
28 14
33 23
6 3
28 3
26 17
33 15
29 21
33 3
2 16
22 14
27 22
26 22
33 11
11 10
31 32
32 3
28 16
26 3
26 24
23 22
33 24
2 6
8 1
24 22
32 30
2 14
26 11
2 11
28 22
2 3
