96 23
67 21
105 15
78 22
35 3
40 47
55 11
59 3
117 18
23 10
10 11
117 10
32 48
54 13
12 39
26 19
125 62
108 54
2 4
54 18
120 69
16 17
82 19
91 27
105 11
65 15
34 3
116 101
71 45
107 16
117 28
8 5
19 38
59 7
25 34
97 29
28 11
15 11
18 20
72 12
116 58
28 24
125 23
125 26
113 61
27 40
89 15
67 55
11 50
103 20
93 5
68 4
27 5
90 41
98 10
31 37
93 8
1 3
89 40
10 13
10 30
20 17
8 4
38 46
73 16
78 18
62 11
40 38
21 40
82 13
47 41
36 37
34 8
1 43
54 25
32 8
9 28
79 16
33 35
47 36
77 11
26 30
80 4
12 47
25 12
107 28
105 22
22 27
83 14
104 76
45 46
61 66
78 27
105 9
26 22
8 46
12 51
73 29
120 122
20 10
60 7
116 65
116 100
11 40
104 61
11 1
53 4
38 2
31 8
125 112
75 6
89 45
16 14
49 51
21 11
12 37
103 24
83 55
74 15
21 37
97 25
120 89
67 14
117 77
51 7
19 14
40 36
105 18
83 24
2 7
33 4
23 43
14 13
20 19
125 38
39 50
15 34
103 25
28 10
116 79
25 11
0 1
10 42
45 8
89 13
90 47
103 55
25 42
67 17
15 10
108 76
33 51
9 13
28 30
21 30
78 55
23 11
71 19
27 44
47 1
98 19
96 28
40 48
27 50
10 8
84 8
120 114
76 11
125 96
107 65
1 51
82 15
118 95
69 28
38 1
25 14
83 20
81 1
50 7
72 11
12 42
72 27
83 21
73 12
73 14
32 5
69 19
62 30
47 8
120 115
14 37
14 47
90 11
23 14
40 51
37 35
57 33
107 105
30 48
38 36
13 43
60 46
125 12
73 28
12 46
78 24
103 112
83 19
28 25
79 9
21 34
38 37
44 4
14 32
45 49
53 5
31 33
27 8
14 39
91 26
19 43
67 10
54 19
46 51
14 1
82 27
120 117
45 47
113 102
82 24
34 32
90 1
13 39
116 83
63 4
90 40
16 27
55 16
16 19
1 6
44 7
15 25
107 62
78 19
16 10
25 10
42 49
94 5
76 13
55 18
12 44
96 55
77 19
49 4
62 47
97 27
118 79
30 46
82 12
60 48
47 6
125 98
125 65
36 41
52 6
8 2
42 46
37 51
49 2
16 15
11 42
59 49
120 76
73 30
87 19
125 85
105 27
44 48
71 25
17 1
78 25
29 24
67 18
46 7
12 4
57 50
18 28
77 13
13 35
39 51
1 41
50 3
33 50
118 70
44 49
69 22
43 44
12 41
87 17
90 37
9 10
96 22
117 29
32 36
125 20
96 20
97 19
22 42
94 8
8 44
107 45
12 50
55 20
65 25
19 37
22 45
54 17
103 27
69 15
19 40
78 15
21 14
4 46
46 2
57 32
90 44
36 7
24 42
67 23
74 30
105 77
117 12
123 101
99 102
72 21
26 23
52 8
79 22
54 12
41 7
82 34
29 11
72 13
103 96
126 92
41 48
21 32
45 34
117 62
4 6
60 2
14 35
33 3
14 8
10 41
117 96
105 12
37 48
126 11
120 94
17 10
76 23
10 46
50 8
30 50
21 42
125 27
99 91
106 95
55 17
92 15
107 85
107 12
120 66
82 21
91 55
79 15
46 8
95 1
18 27
103 18
57 4
62 23
95 4
13 33
12 13
30 44
43 6
118 87
118 67
105 63
71 27
40 8
78 12
12 11
35 1
39 6
55 25
117 17
117 63
85 1
71 12
106 83
118 76
4 33
40 32
48 4
116 68
67 15
103 78
99 90
74 23
27 30
31 7
29 13
120 93
28 23
54 26
95 3
125 66
15 45
98 29
105 65
57 7
103 10
95 6
91 28
53 1
25 30
42 4
25 32
26 13
103 36
10 31
47 51
107 10
39 7
79 29
99 101
42 47
49 6
83 9
24 10
37 44
106 108
13 32
47 2
89 11
27 32
20 22
69 23
98 16
21 4
54 11
39 5
96 25
109 61
98 25
36 5
55 12
19 35
47 46
120 95
118 94
73 20
54 15
23 21
78 23
15 21
14 46
125 82
106 104
42 31
25 45
28 22
88 8
5 7
55 19
27 4
4 49
126 60
13 8
105 97
94 7
12 43
55 29
52 41
96 9
11 33
22 34
103 110
24 25
8 48
27 38
34 46
11 51
117 97
88 5
106 70
79 17
69 14
71 29
19 42
60 3
117 22
77 45
57 39
105 112
8 37
17 30
78 16
125 15
38 50
26 11
20 13
57 49
40 2
105 36
31 1
20 24
40 44
17 12
47 50
20 28
126 125
117 38
9 27
31 35
28 13
28 17
19 30
28 12
8 33
12 40
71 13
55 14
32 6
116 94
32 35
52 5
31 48
108 69
83 29
92 22
5 39
16 29
103 45
12 5
125 29
60 1
10 45
38 43
107 63
70 49
116 121
117 20
96 24
11 30
99 89
19 45
79 24
27 31
99 92
97 17
41 1
27 51
117 112
71 24
40 33
33 2
37 3
91 24
123 89
103 28
10 32
28 45
73 19
16 13
11 44
34 4
27 46
23 34
120 121
92 25
25 40
117 16
4 51
39 49
71 15
71 14
103 9
9 16
95 8
89 32
23 45
118 91
52 7
117 24
12 1
74 28
30 3
40 39
104 83
60 4
39 46
15 40
20 15
30 43
89 17
107 23
11 13
29 19
1 8
90 43
22 40
40 41
107 15
63 8
105 45
74 20
73 25
25 23
30 37
42 37
58 28
35 50
125 18
29 14
36 46
98 23
17 36
16 20
37 50
34 35
57 41
77 42
86 4
46 48
91 29
27 37
124 120
117 98
87 25
14 38
104 103
120 54
11 36
107 38
11 43
107 78
21 38
52 50
37 4
1 37
4 35
16 45
38 7
98 28
36 1
22 14
94 4
15 12
58 25
52 49
72 28
50 6
87 20
57 36
42 8
74 25
32 46
41 31
30 41
18 23
105 38
116 111
23 12
25 17
31 51
42 39
92 42
27 41
74 11
46 4
91 11
29 17
69 10
105 24
36 3
76 45
30 5
60 51
62 13
107 24
57 5
11 8
17 38
2 3
83 16
103 29
24 13
105 25
38 39
103 66
57 46
118 73
124 106
42 1
87 28
113 106
120 79
47 49
50 5
98 20
57 6
116 69
120 103
72 14
86 5
1 46
105 103
117 11
70 50
116 54
47 31
96 14
41 3
116 56
13 48
103 17
86 1
9 18
57 31
63 5
48 5
44 35
42 2
124 125
34 50
33 39
78 10
74 13
17 27
10 36
5 6
51 5
11 4
29 12
36 4
90 46
65 23
92 11
118 74
72 25
77 21
103 63
92 10
19 31
71 16
57 48
11 39
14 40
11 41
8 50
84 4
24 15
89 12
19 36
109 103
69 25
116 85
65 28
46 49
77 15
23 40
19 32
23 42
77 24
91 22
105 55
1 50
17 21
67 19
14 31
78 20
22 23
79 25
117 25
32 31
54 21
35 7
105 62
4 44
60 5
124 61
45 33
44 2
36 2
27 43
44 51
113 89
48 6
30 1
10 40
34 48
103 97
89 27
38 35
11 47
31 4
23 36
62 10
67 25
83 18
74 29
27 11
76 12
90 32
20 25
72 10
116 81
35 5
50 4
41 33
104 75
45 3
91 16
16 12
27 49
120 63
120 64
32 50
95 7
87 23
125 17
32 43
15 19
16 24
125 103
22 13
90 36
15 14
117 45
36 51
22 17
90 35
52 2
94 2
19 44
113 116
8 3
96 26
45 32
9 11
41 8
105 10
34 40
37 39
26 14
30 33
30 31
14 12
13 45
39 1
109 69
22 21
116 84
96 10
9 29
67 24
103 105
21 43
82 25
2 6
69 18
120 56
103 23
107 27
32 3
125 105
26 15
26 20
40 6
32 2
117 66
62 12
14 41
1 33
117 85
50 2
13 44
10 38
4 48
84 5
107 25
103 82
83 28
125 111
106 89
120 68
34 2
71 21
25 27
107 11
26 29
103 64
14 4
105 82
38 3
22 38
32 37
1 44
45 4
106 52
43 50
77 12
71 10
42 43
29 30
14 11
125 110
16 22
106 79
123 92
47 35
103 12
42 3
73 22
107 82
116 61
76 21
117 64
90 45
34 5
60 49
34 41
53 8
116 122
70 1
32 47
30 2
107 98
61 34
14 44
41 46
44 46
28 42
107 22
29 21
31 46
30 40
62 32
55 22
38 33
44 50
24 14
27 42
52 3
117 36
125 97
91 18
57 35
37 46
78 11
76 19
11 34
42 5
96 18
16 11
27 39
80 1
17 40
9 20
77 22
36 48
125 45
69 17
27 47
87 24
36 35
38 6
95 50
13 5
38 31
54 9
82 14
9 12
21 45
125 24
74 45
116 102
23 1
96 21
82 23
24 12
99 53
26 12
13 47
73 45
33 46
28 19
19 46
10 14
73 27
45 35
74 10
12 35
43 4
117 15
17 34
5 50
56 5
31 50
113 90
97 12
46 3
105 17
41 37
15 27
72 17
80 8
62 45
30 34
17 19
20 45
89 14
118 58
77 34
15 32
44 6
65 16
35 48
13 40
57 44
10 33
9 21
72 23
67 22
116 89
45 41
24 23
107 21
54 20
57 3
39 2
50 1
12 31
10 37
79 55
79 23
28 34
103 98
54 28
73 10
19 47
2 8
17 45
51 3
113 103
45 43
23 41
17 11
43 31
20 21
32 51
117 105
27 45
118 92
54 22
126 103
117 110
38 48
19 34
125 77
42 48
125 63
8 49
62 27
120 85
116 119
40 7
22 30
91 23
35 49
10 12
21 33
45 44
65 9
96 15
32 7
34 37
18 12
13 49
21 36
60 8
48 2
18 16
41 5
106 81
10 47
92 27
17 14
51 6
12 34
36 44
77 25
21 41
1 7
71 22
72 19
106 69
107 111
65 17
9 19
93 1
20 11
70 3
109 83
43 49
87 22
8 7
73 26
30 47
14 43
44 3
22 36
42 40
116 66
75 7
95 5
89 10
41 4
44 8
103 77
116 80
107 97
16 30
97 34
1 35
87 21
52 37
79 28
55 9
3 5
54 27
72 45
97 24
117 103
26 21
26 28
43 48
15 42
107 17
13 36
120 111
120 90
34 31
23 19
47 48
69 21
39 8
91 14
77 23
37 7
90 5
92 14
116 110
13 4
105 110
98 30
12 48
108 103
96 16
43 8
38 41
42 41
92 24
109 54
90 4
82 17
32 39
17 32
83 25
54 14
27 12
11 48
1 39
72 30
98 12
18 10
14 27
87 29
70 5
57 38
19 4
45 39
89 22
78 21
82 10
78 29
89 25
96 29
5 48
69 20
62 17
4 50
30 49
39 4
76 42
89 19
20 27
58 19
73 11
65 29
30 36
98 26
120 88
118 119
30 35
23 13
27 35
116 53
83 10
56 1
21 47
41 51
62 1
20 12
123 31
67 28
120 81
116 114
126 90
45 5
37 2
113 75
107 20
22 32
21 27
116 75
22 11
90 42
76 27
29 10
11 5
47 43
125 22
11 45
117 55
15 17
3 7
116 87
42 38
106 103
38 49
55 10
18 29
61 63
62 14
107 18
39 44
106 76
59 48
98 15
89 42
55 15
43 1
67 27
117 82
106 58
55 24
36 31
9 25
35 6
97 23
92 34
67 26
105 85
58 24
89 21
116 117
11 35
24 34
77 10
105 23
71 11
29 34
124 90
120 100
97 10
69 29
103 38
3 6
107 36
78 26
24 21
29 27
67 29
126 74
105 78
120 58
47 3
103 11
9 26
117 9
67 20
36 50
5 44
120 53
78 9
61 41
1 2
59 4
40 37
43 7
73 23
120 102
27 36
43 5
103 85
18 22
45 1
29 42
76 25
120 110
42 36
42 51
10 27
58 15
47 44
46 35
55 28
16 28
21 1
25 13
19 10
126 91
88 1
9 17
12 32
4 3
49 7
31 44
116 70
120 87
118 71
26 27
45 30
107 19
67 13
40 50
4 39
34 38
113 84
90 30
19 5
46 50
120 112
125 64
96 19
11 32
47 39
10 34
57 8
21 5
70 6
82 42
79 18
50 48
56 8
107 9
59 51
38 44
30 4
116 103
105 26
123 59
105 20
71 28
62 40
126 59
19 12
83 22
91 12
79 26
41 49
18 26
70 8
62 34
50 49
28 21
23 17
1 48
37 8
77 17
39 3
37 33
27 1
106 80
43 37
11 46
107 96
69 9
106 87
13 38
34 44
41 50
94 49
79 21
31 3
31 2
24 17
9 14
28 27
22 19
32 1
107 64
99 74
38 47
95 49
5 2
123 90
92 19
77 30
72 22
33 7
125 11
4 2
117 21
13 2
14 36
41 44
76 14
89 23
103 22
31 49
14 5
61 65
47 4
31 5
107 66
22 47
83 23
25 47
99 103
125 28
96 17
41 6
37 1
1 31
103 26
108 83
71 23
10 39
20 34
79 20
68 5
120 84
73 17
45 42
68 1
72 26
125 78
90 34
31 6
76 17
45 31
113 86
90 14
47 7
97 15
89 30
62 19
57 40
18 25
48 51
94 50
58 16
108 61
79 19
41 35
45 38
78 14
2 5
40 43
13 51
74 21
91 20
33 49
9 15
105 98
72 24
105 19
11 38
12 38
27 34
117 78
76 15
123 74
117 111
98 24
123 91
38 4
22 12
43 3
83 15
41 2
126 120
51 8
56 4
4 7
52 1
58 29
26 17
34 1
13 31
107 112
17 41
86 8
26 25
69 16
105 21
35 51
116 115
55 23
42 35
28 15
17 43
106 90
107 77
71 20
124 89
94 1
120 83
67 12
47 37
44 5
87 26
62 42
22 10
30 39
89 38
24 45
40 46
106 109
94 3
5 46
103 15
13 30
16 25
14 42
60 50
116 90
36 49
61 30
5 3
38 5
45 51
39 48
57 2
32 4
108 75
82 22
12 49
47 5
40 3
116 112
49 3
67 11
78 17
98 21
70 7
10 43
58 22
30 8
23 47
15 22
19 33
45 50
74 24
93 4
90 12
11 31
106 107
90 33
32 41
74 19
18 19
18 11
30 32
19 27
26 45
34 42
84 1
11 49
73 13
47 33
90 39
105 66
46 6
57 47
117 23
62 43
91 9
27 48
103 16
113 65
113 115
58 26
94 6
38 8
41 39
45 40
113 100
10 1
69 26
74 27
17 13
34 39
87 16
105 28
10 35
25 19
15 13
32 33
62 38
43 46
59 1
99 61
34 33
18 24
116 63
25 36
91 19
12 8
12 30
36 39
32 49
33 1
105 96
70 2
103 62
29 23
76 10
12 45
117 26
120 61
17 31
99 100
18 21
105 29
24 11
45 48
78 28
58 21
77 27
49 48
18 14
50 51
77 14
54 55
29 22
49 5
42 44
37 49
1 49
13 50
125 19
116 52
24 19
104 69
20 30
98 27
13 37
92 23
34 51
40 35
36 6
8 51
36 43
82 45
92 13
44 1
83 17
22 25
103 65
43 35
60 44
43 51
74 34
57 51
5 49
42 33
68 8
9 23
19 8
45 2
82 30
19 13
20 42
125 25
113 114
125 36
113 88
35 8
97 45
125 55
55 26
58 17
76 22
37 6
109 76
20 29
58 20
32 38
40 31
48 8
43 39
118 72
71 26
18 15
34 47
11 37
69 55
90 13
125 10
23 38
16 23
70 4
15 38
91 17
33 6
14 34
98 17
43 2
91 21
69 24
57 1
13 1
30 42
43 41
30 51
28 29
54 10
91 15
120 52
97 30
107 110
92 45
74 22
40 49
73 21
13 41
120 70
71 30
33 48
106 94
33 44
42 50
8 35
48 7
98 45
10 4
76 24
105 16
27 13
113 101
1 4
116 64
40 5
20 23
52 31
34 36
97 21
46 5
55 13
117 65
5 35
33 5
103 19
20 14
27 33
13 42
76 34
120 65
30 38
73 15
15 23
15 30
45 36
58 23
126 89
51 2
98 22
74 12
59 5
108 105
60 6
91 10
57 37
24 27
35 4
40 1
124 103
61 64
6 7
90 31
63 1
39 35
19 39
116 95
23 30
107 29
14 30
59 2
54 29
117 19
76 30
51 4
116 88
29 45
40 4
89 34
55 27
90 8
117 27
125 9
95 2
23 32
16 21
72 29
29 25
9 24
46 1
109 105
28 14
98 11
97 22
18 17
74 17
14 45
71 17
92 12
92 21
90 38
21 13
13 46
17 47
105 111
16 26
34 49
10 5
62 36
125 21
74 14
43 33
116 76
92 17
21 31
31 39
29 15
36 8
55 21
103 111
90 27
19 11
38 51
57 43
35 2
24 22
54 24
5 51
26 10
116 93
25 38
103 21
104 54
54 23
83 26
33 8
92 30
18 13
97 11
25 21
13 34
107 26
12 33
67 16
34 43
67 9
107 103
72 16
19 41
106 61
21 12
105 64
123 103
17 42
14 33
45 37
59 8
65 20
62 21
107 55
75 3
118 52
37 5
54 16
118 0
32 44
49 8
87 15
72 20
106 54
59 6
4 5
1 5
72 15
109 75
88 4
36 33
120 80
8 6
21 19
73 24
48 3
82 11
9 22
12 36
26 24
61 62
52 4
24 30
104 105
42 32
60 35
10 44
8 39
23 27
21 10
91 25
125 16
