17 26
12 15
14 28
37 32
62 23
37 0
6 7
8 4
47 7
37 15
47 18
43 23
47 36
42 16
61 24
48 12
46 16
43 30
39 40
24 8
59 53
0 4
43 7
43 8
9 4
17 22
48 20
62 26
61 21
19 8
44 3
46 30
61 19
43 1
6 45
20 6
0 5
43 27
3 11
26 6
48 36
23 7
46 8
46 35
44 7
46 5
17 15
51 1
37 5
48 24
62 3
27 8
47 5
36 13
17 19
48 14
41 11
46 3
41 18
44 14
59 44
61 4
34 1
4 11
46 20
57 38
17 8
14 11
12 13
17 7
47 12
48 29
37 1
57 51
47 35
1 4
41 3
48 23
57 55
21 5
46 33
57 58
41 1
48 15
0 6
17 6
8 11
62 34
0 7
17 0
54 53
37 29
50 40
42 19
59 5
43 25
48 4
3 18
0 2
34 7
38 6
61 12
44 4
57 59
42 23
31 8
59 41
5 15
17 27
43 26
61 2
61 25
48 8
46 32
34 4
59 15
36 14
42 0
42 3
25 11
61 1
46 1
37 2
22 6
53 1
42 8
48 0
20 15
43 0
59 58
42 28
59 51
46 26
51 2
46 23
46 12
46 14
62 20
43 35
37 8
15 5
34 6
51 52
45 11
62 15
8 45
15 3
17 1
17 24
10 11
59 14
42 1
46 4
49 0
28 1
50 1
31 11
47 22
23 1
40 8
6 11
62 12
27 6
61 3
42 21
62 32
35 13
16 11
62 6
41 60
61 35
17 28
62 19
37 36
42 35
61 20
34 28
61 7
46 29
15 14
0 1
62 36
46 34
42 6
42 34
37 30
49 24
37 35
61 26
43 20
15 2
44 6
27 5
57 14
42 20
48 35
24 4
43 14
59 1
42 27
43 5
3 6
42 22
37 6
47 19
42 31
37 26
41 8
53 2
2 4
24 2
53 14
62 8
61 29
46 2
62 22
39 4
34 2
43 21
17 33
46 25
9 10
47 16
22 5
61 33
43 16
62 14
22 13
39 41
59 8
30 52
15 11
17 30
17 4
62 24
61 32
43 2
4 45
55 3
37 31
62 33
62 18
43 29
37 4
47 32
59 7
31 4
19 6
61 22
59 50
42 4
47 29
59 39
15 28
59 27
42 24
62 5
61 14
49 23
61 15
44 5
59 13
48 27
23 5
42 25
47 21
37 20
21 2
31 52
37 33
37 23
43 12
34 11
22 3
37 28
37 24
17 34
20 14
17 14
17 16
37 22
50 8
47 4
42 33
43 33
41 7
46 31
27 18
47 8
42 12
5 11
43 32
46 19
61 6
62 27
62 25
38 3
47 20
48 7
21 11
46 0
61 28
24 1
62 1
61 16
42 14
48 18
27 15
46 21
61 18
44 8
37 21
62 4
47 30
0 3
53 13
34 15
17 35
61 34
41 6
62 29
50 3
37 19
62 7
61 23
5 28
35 15
20 13
23 3
43 28
46 7
46 15
21 8
42 30
34 25
47 14
62 2
0 8
46 27
57 20
47 6
34 14
47 28
41 25
48 33
47 0
17 2
41 2
17 25
57 44
59 38
17 23
37 14
15 1
48 26
24 6
34 8
48 22
42 36
47 23
47 25
42 5
22 15
44 28
59 9
57 50
61 31
46 28
61 27
59 4
31 1
44 1
62 28
32 11
47 2
17 3
46 18
46 6
37 12
59 28
39 8
43 18
46 22
35 14
62 35
48 21
38 8
47 15
17 20
8 7
62 0
59 55
34 5
48 2
17 36
6 4
61 30
43 34
6 8
6 3
37 25
21 1
43 24
17 5
47 31
42 2
48 34
37 27
43 19
59 54
23 6
48 31
51 11
43 36
37 3
31 2
17 18
41 28
39 6
41 4
43 15
17 21
44 15
23 8
61 5
48 19
48 32
48 30
43 6
4 7
59 2
47 27
62 21
42 26
48 25
24 7
12 5
21 18
47 3
33 6
21 25
43 22
17 32
42 18
28 11
48 6
47 24
43 3
48 5
48 1
47 34
22 41
43 31
42 7
41 5
56 25
61 0
41 27
46 36
44 13
23 2
12 6
46 24
47 1
57 13
39 3
48 16
13 28
24 5
41 15
59 6
37 18
15 6
12 14
56 6
24 3
37 7
59 22
17 12
3 8
48 3
43 4
37 34
23 4
61 36
44 2
35 6
42 32
17 29
61 8
17 31
47 26
50 2
37 16
28 2
47 33
57 39
62 30
62 31
42 15
27 28
33 8
62 16
42 29
48 28
