72 19
49 1
95 30
79 18
47 5
57 34
72 7
48 28
51 10
57 17
72 12
69 3
55 4
73 10
20 27
98 20
66 5
93 27
55 9
73 30
72 14
51 7
51 12
104 11
74 30
37 1
63 7
102 4
74 2
81 30
67 9
47 7
60 12
55 16
51 36
82 1
34 39
11 44
74 26
68 9
99 18
46 3
74 41
103 19
90 15
77 5
19 24
58 53
84 12
103 14
95 53
19 9
26 40
33 5
87 25
33 15
0 4
81 34
66 8
84 30
0 5
54 44
15 43
104 52
104 13
66 17
17 25
32 3
75 4
71 5
79 7
33 18
100 6
46 34
77 4
5 26
50 38
26 25
18 41
51 3
92 87
49 41
48 27
99 5
96 48
91 26
59 7
39 40
58 1
38 25
95 11
90 18
9 42
7 39
73 4
76 35
22 25
10 43
85 24
104 15
73 18
50 3
9 44
94 4
82 6
56 34
79 4
94 26
72 8
58 8
59 6
21 25
104 30
32 4
67 30
59 1
15 27
58 18
31 9
90 11
19 45
98 10
60 21
18 25
37 9
98 13
94 30
78 35
98 2
0 3
32 2
36 39
76 19
0 9
62 1
31 22
81 42
50 6
80 6
76 36
13 41
78 22
76 1
33 36
103 36
81 26
56 1
93 39
60 2
100 3
81 14
58 13
51 52
72 11
73 36
39 25
104 6
10 40
60 5
35 39
83 9
57 12
65 9
9 26
80 18
80 45
0 20
33 9
82 35
3 40
58 21
68 1
51 11
104 4
31 30
92 89
60 6
99 8
58 19
57 7
55 6
74 12
67 34
54 41
55 8
0 1
103 7
70 3
13 26
92 93
72 20
60 35
73 22
65 22
96 13
22 27
51 48
16 45
99 19
96 30
58 34
29 30
57 13
67 48
65 35
59 8
55 7
94 34
20 25
58 11
33 6
74 5
65 19
77 13
12 25
81 35
37 2
12 40
51 15
36 25
94 44
46 9
94 7
67 52
96 35
80 35
98 16
72 4
66 22
80 12
101 18
95 19
94 8
80 43
67 11
57 8
84 6
66 20
66 11
31 6
30 27
33 2
29 8
58 10
50 27
49 45
27 25
65 34
103 10
99 35
33 16
60 48
81 41
94 45
102 20
80 20
54 38
104 9
98 48
78 36
81 2
61 1
14 43
6 25
73 15
12 42
0 12
66 30
50 41
73 52
79 22
66 16
39 27
50 10
60 7
11 26
98 17
47 2
71 7
35 27
12 41
96 6
92 49
66 15
96 10
104 1
46 4
81 15
79 3
97 8
64 1
99 7
103 3
4 42
103 8
55 15
104 21
12 45
58 12
98 30
55 20
67 17
68 19
57 11
66 36
75 6
58 22
37 18
56 13
47 6
4 43
56 18
72 9
30 25
76 20
5 45
6 28
92 82
46 22
60 36
84 3
0 13
74 27
80 24
39 26
96 23
83 8
38 27
19 40
67 5
94 39
51 2
9 27
58 3
97 30
100 22
60 14
46 21
50 45
73 20
56 6
70 7
80 8
9 25
99 10
62 20
15 6
98 36
77 1
51 20
47 22
56 15
90 5
78 34
7 41
72 16
79 9
59 34
50 17
80 11
99 30
96 17
94 6
62 6
0 17
102 18
4 25
72 35
5 42
72 30
100 35
4 45
60 17
46 6
55 2
8 39
32 6
33 4
102 1
61 3
37 7
98 52
78 9
59 3
13 44
11 6
19 1
98 6
98 5
98 9
55 12
95 16
67 13
77 30
31 8
15 41
16 44
26 41
32 1
50 8
67 4
58 14
56 30
68 10
62 8
95 14
51 53
3 27
102 22
81 10
84 1
10 26
90 16
0 6
10 41
51 14
76 34
82 39
101 3
73 23
102 30
77 22
41 42
66 2
59 36
16 41
7 45
12 26
84 2
33 20
35 26
66 12
76 8
15 42
103 4
82 44
75 2
11 9
90 52
63 22
35 41
82 25
81 44
103 13
50 42
8 44
103 6
102 3
17 26
26 43
73 3
104 3
46 35
84 20
60 10
26 44
102 52
82 38
60 20
33 8
64 5
83 6
80 5
69 5
95 12
96 12
104 14
69 8
7 42
91 27
98 34
96 7
61 22
64 4
100 36
77 17
72 18
77 12
10 45
98 23
11 25
5 27
5 25
103 18
78 8
102 48
77 52
104 19
57 15
97 23
3 45
98 14
82 9
101 30
59 30
16 9
95 20
65 30
86 24
59 35
76 7
74 10
37 8
65 1
89 24
78 4
47 20
61 6
80 21
104 35
4 41
54 45
63 6
74 9
63 20
84 9
74 3
13 43
80 28
0 10
23 24
58 6
15 9
3 43
34 41
90 48
96 1
33 1
94 38
60 22
84 16
70 2
55 11
38 39
55 14
76 21
0 7
63 8
73 34
51 9
57 19
103 17
61 8
77 9
83 4
26 45
39 45
73 21
95 15
62 21
95 8
16 26
80 42
92 94
96 21
58 35
84 4
102 7
57 20
56 5
41 43
83 5
55 13
90 3
33 30
4 26
55 19
74 18
4 28
61 2
95 48
48 24
46 36
39 44
99 14
104 17
16 24
47 9
76 30
33 19
63 2
74 16
79 1
102 36
7 25
50 40
69 4
41 40
99 15
57 35
95 18
103 16
94 9
97 2
51 18
56 8
67 22
72 5
97 5
56 53
79 19
74 13
56 20
76 6
31 20
103 22
100 21
57 30
11 27
50 43
47 1
12 9
104 20
34 8
3 42
71 3
104 12
69 9
73 9
102 34
101 7
104 48
95 2
100 2
92 85
80 44
3 41
80 38
34 26
100 1
11 41
80 26
68 8
33 7
83 18
37 30
56 14
65 20
19 25
62 2
13 45
61 18
33 34
13 42
94 36
75 1
81 16
78 6
60 15
5 44
82 34
55 10
104 8
16 40
92 74
103 35
97 9
72 15
100 18
51 5
49 26
84 21
60 4
14 42
31 3
59 4
37 6
84 14
74 34
78 5
86 25
50 12
98 7
67 8
29 6
94 40
19 6
61 9
4 44
79 5
101 2
72 21
80 9
84 8
33 10
67 19
101 4
95 23
67 16
14 25
51 6
84 5
23 27
67 10
56 19
101 1
50 15
79 8
51 30
49 44
47 3
72 2
100 19
95 52
66 23
73 48
82 28
11 40
102 21
62 7
97 52
80 34
81 45
94 42
83 1
104 22
72 34
51 16
67 3
57 10
14 27
8 25
69 7
23 26
3 26
75 5
73 12
79 21
9 43
90 17
102 19
41 27
65 7
74 8
74 17
96 3
101 5
61 21
81 36
81 4
54 26
94 28
77 11
50 44
11 45
70 4
63 4
56 9
61 20
31 21
95 21
80 10
12 44
92 88
50 22
59 2
39 41
67 23
18 26
66 1
63 21
29 5
63 5
28 25
81 38
51 8
47 34
10 24
62 4
74 11
0 22
98 4
58 30
47 35
50 21
68 3
11 1
102 15
66 19
10 44
33 12
92 54
41 45
94 27
60 52
81 9
8 41
55 21
58 2
88 24
68 4
66 3
96 34
103 23
103 5
89 25
65 8
31 18
11 43
74 1
29 3
51 13
72 22
78 19
102 35
21 27
67 14
98 35
49 42
57 36
83 2
99 13
60 30
84 7
31 5
67 21
19 42
77 7
81 12
31 7
47 30
67 18
9 41
55 53
46 1
19 28
80 27
66 4
57 2
77 8
50 1
33 35
54 40
98 19
9 8
99 2
15 44
55 30
0 8
50 13
29 9
39 43
82 40
50 11
71 2
100 5
96 20
94 25
18 27
104 18
99 20
3 44
90 12
101 9
73 7
104 2
31 4
84 15
50 28
81 6
47 8
74 39
66 7
98 8
92 50
95 4
15 45
62 22
81 3
96 8
36 27
41 26
81 13
13 27
6 27
99 4
82 4
81 39
82 27
95 7
56 10
96 4
80 22
81 27
5 28
33 17
66 13
74 38
98 22
57 18
56 35
22 28
66 6
77 2
8 26
101 8
15 40
8 27
67 12
57 14
60 8
29 1
78 21
33 14
98 18
29 7
90 20
95 34
84 22
77 21
49 39
1 27
98 12
81 7
61 7
73 5
36 26
88 25
12 6
80 7
10 6
11 42
21 28
102 23
72 17
60 13
95 22
70 6
67 35
99 16
103 52
50 36
82 45
80 39
4 40
55 3
96 14
99 17
49 2
66 52
81 24
102 16
92 86
1 28
95 36
50 9
97 7
51 34
46 30
15 26
100 7
7 40
104 36
96 15
96 16
63 1
8 42
47 36
66 18
55 1
66 9
51 22
78 3
96 19
66 48
102 10
51 23
102 8
71 6
78 18
78 1
49 43
96 5
0 15
83 30
60 16
81 40
58 7
100 30
74 36
60 1
103 9
33 11
63 9
72 36
73 16
23 25
47 21
50 16
77 16
76 14
60 23
65 36
65 6
73 35
50 30
92 80
59 21
30 26
15 25
68 7
54 43
51 1
9 45
50 35
8 40
102 17
9 40
0 2
103 1
56 3
72 1
70 5
76 22
33 13
90 14
95 10
11 39
95 17
61 5
13 9
63 18
67 36
12 27
96 18
50 26
3 25
78 30
41 25
79 30
84 17
71 1
68 2
46 2
95 35
59 5
57 5
49 27
23 28
103 48
51 17
102 13
9 39
102 9
80 2
56 36
98 21
54 42
95 1
29 18
66 21
100 4
79 2
29 4
80 17
2 27
55 22
90 1
8 43
59 20
103 11
13 40
102 14
59 22
5 40
97 48
60 9
104 5
91 39
104 53
60 53
96 36
82 36
85 25
19 44
83 7
58 15
82 8
4 27
68 5
10 27
95 9
50 5
16 25
14 45
82 7
57 53
49 40
78 20
54 39
95 3
74 6
90 4
30 34
102 6
103 21
104 16
16 43
49 28
13 24
56 21
80 40
81 8
66 34
74 35
70 9
65 21
50 7
80 16
67 6
72 3
99 6
57 9
17 41
60 34
56 16
50 20
48 26
62 5
70 1
58 20
82 42
97 3
95 5
50 14
97 1
56 7
3 28
90 21
57 21
60 18
10 42
90 2
1 25
56 17
76 9
78 7
72 13
57 16
49 38
99 36
90 22
73 17
94 1
26 27
51 4
82 30
102 2
99 3
73 11
100 8
57 3
66 10
96 52
69 1
68 6
78 2
46 20
56 11
7 43
20 28
62 18
102 11
17 24
41 44
0 19
90 13
50 39
94 35
33 3
95 13
80 14
57 4
46 7
71 9
47 4
99 1
72 10
54 27
56 12
50 34
56 4
80 13
5 43
82 26
19 27
55 36
98 3
52 26
98 53
74 7
57 6
92 91
7 44
94 43
48 25
81 17
72 6
104 7
98 15
96 2
58 17
57 1
104 23
19 43
104 10
16 27
79 6
100 34
62 3
75 3
29 2
91 41
62 9
35 25
5 41
36 41
84 11
58 9
87 24
67 7
56 2
80 15
81 11
31 1
58 4
2 28
51 19
51 35
80 36
103 15
74 15
56 22
26 42
77 18
104 34
39 42
73 2
14 40
50 2
73 14
84 18
2 25
69 6
81 1
61 4
67 1
99 22
0 18
58 36
12 24
98 11
34 27
17 27
81 43
81 5
82 43
13 25
66 35
55 17
58 5
66 14
51 21
14 24
82 41
79 20
100 20
55 35
33 22
71 8
31 2
8 45
102 5
15 24
55 5
98 1
67 20
7 26
96 53
97 4
46 5
103 20
0 14
77 14
77 15
58 16
60 3
67 15
102 12
73 8
80 3
74 4
94 41
7 27
90 23
55 18
12 43
59 9
19 39
80 41
0 21
60 19
92 81
57 22
99 21
103 53
34 25
0 16
83 3
80 30
60 11
33 21
50 18
11 24
103 30
67 2
99 34
81 18
103 34
14 44
103 2
96 9
46 8
96 11
84 13
19 8
74 24
99 9
99 11
74 14
73 1
0 11
95 6
71 4
101 6
54 28
100 9
80 1
63 3
69 2
103 12
30 39
10 25
73 13
77 20
96 22
55 34
70 8
99 12
16 42
