id met_endotherm_vertebrate met_ectotherm_vertebrate met_invertebrate met_primary_producer met_detritus mov_swimming mov_walking mov_sessile mov_other mov_other_nonliving log_mass mass_missing
0 0 0 1 0 0 0 1 0 0 0 -4.361510743045363 0
1 0 1 0 0 0 1 0 0 0 0 3.7926717891415676 0
2 1 0 0 0 0 1 0 0 0 0 3.0461047872460387 0
3 0 0 1 0 0 0 1 0 0 0 -3.0 0
4 0 1 0 0 0 1 0 0 0 0 2.0969100130080562 0
5 0 1 0 0 0 1 0 0 0 0 0.3010299956639812 0
6 1 0 0 0 0 0 1 0 0 0 3.0402066275747113 0
7 1 0 0 0 0 1 0 0 0 0 3.3521825181113627 0
8 1 0 0 0 0 0 1 0 0 0 2.361727836017593 0
9 1 0 0 0 0 0 1 0 0 0 2.100370545117563 0
10 1 0 0 0 0 0 1 0 0 0 2.041392685158225 0
11 0 1 0 0 0 1 0 0 0 0 1.9542425094393248 0
12 1 0 0 0 0 1 0 0 0 0 4.079181246047625 0
13 0 0 1 0 0 0 0 1 0 0 -0.7781512495150547 0
14 1 0 0 0 0 0 1 0 0 0 2.0681858617461617 0
15 0 0 1 0 0 0 0 1 0 0 -3.9030899869919438 0
16 0 0 1 0 0 1 0 0 0 0 -2.04139268950117 0
17 0 0 1 0 0 1 0 0 0 0 -5.166215625343521 0
18 0 1 0 0 0 1 0 0 0 0 0.6989700043360189 0
19 0 1 0 0 0 1 0 0 0 0 0.3010299956639812 0
20 0 1 0 0 0 1 0 0 0 0 1.1760912590556813 0
21 0 1 0 0 0 1 0 0 0 0 2.681241237375587 0
22 0 1 0 0 0 1 0 0 0 0 0.47712125471966244 0
23 0 1 0 0 0 1 0 0 0 0 0.3010299956639812 0
24 0 0 1 0 0 0 0 1 0 0 -3.3802108942761593 0
25 0 1 0 0 0 1 0 0 0 0 1.4313637641589874 0
26 0 1 0 0 0 1 0 0 0 0 0.17609125905568124 0
27 0 0 1 0 0 0 1 0 0 0 1.0 0
28 0 1 0 0 0 1 0 0 0 0 1.0 0
29 1 0 0 0 0 0 1 0 0 0 2.6875289612146345 0
30 1 0 0 0 0 0 1 0 0 0 2.649334858712142 0
31 0 0 1 0 0 1 0 0 0 0 0.354714854677257 0
32 1 0 0 0 0 1 1 0 0 0 2.9469432706978256 0
33 1 0 0 0 0 1 1 0 0 0 2.586587304671755 0
34 1 0 0 0 0 1 1 0 0 0 3.123851640967086 0
35 1 0 0 0 0 1 1 0 0 0 2.255272505103306 0
36 1 0 0 0 0 0 1 0 0 0 2.8603380065709936 0
37 0 1 0 0 0 1 0 0 0 0 1.9294189257142929 0
38 0 1 0 0 0 1 0 0 0 0 1.4313637641589874 0
39 0 1 0 0 0 1 0 0 0 0 2.0969100130080562 0
40 0 1 0 0 0 1 0 0 0 0 3.7926717891415676 0
41 1 0 0 0 0 1 0 0 0 0 3.3324384599156054 0
42 0 0 1 0 0 0 0 1 0 0 -0.3010299956639812 0
43 0 0 1 0 0 1 0 0 0 0 -3.9777242567310593 0
44 0 0 1 0 0 0 1 0 0 0 -2.04139268950117 0
45 1 0 0 0 0 0 1 0 0 0 2.041392685158225 0
46 1 0 0 0 0 0 1 0 0 0 1.6812412373755872 0
47 1 0 0 0 0 0 1 0 0 0 2.7323937598229686 0
48 0 0 1 0 0 1 0 0 0 0 -0.9030899869919435 0
49 0 0 1 0 0 1 0 0 0 0 0.09691001300805642 0
50 1 0 0 0 0 0 1 0 0 0 2.255272505103306 0
51 1 0 0 0 0 0 1 0 0 0 2.3560258571931225 0
52 1 0 0 0 0 1 0 0 0 0 2.845098040014257 0
53 0 1 0 0 0 1 0 0 0 0 1.1760912590556813 0
54 0 0 0 1 0 0 0 0 1 0 -5.175874166083451 0
55 0 0 1 0 0 0 1 0 0 0 -1.045757490560675 0
56 0 0 1 0 0 0 1 0 0 0 -1.7958800173440752 0
57 0 0 1 0 0 0 0 1 0 0 -1.9777235966029583 0
58 0 0 0 1 0 0 0 1 0 0 -2.6020599913279625 0
59 1 0 0 0 0 1 0 0 0 0 2.8512583487190755 0
60 1 0 0 0 0 1 0 0 0 0 4.010723865391773 0
61 0 0 1 0 0 1 0 0 0 0 -1.6434526712746536 0
62 0 0 1 0 0 0 1 0 0 0 -2.8718321581476838 0
63 0 0 1 0 0 0 1 0 0 0 -0.2041199826559248 0
64 0 0 1 0 0 1 0 0 0 0 -1.7403626938371888 0
65 0 0 1 0 0 1 0 0 0 0 -4.903089986991944 0
66 0 0 0 1 0 0 0 1 0 0 -0.6020599913279624 0
67 0 0 1 0 0 1 0 0 0 0 -1.5295093174978969 0
68 1 0 0 0 0 0 1 0 0 0 1.7993405494535817 0
69 0 0 1 0 0 1 0 0 0 0 -5.166215625343521 0
70 0 0 1 0 0 1 0 0 0 0 -0.8061799739838872 0
71 0 0 1 0 0 0 1 0 0 0 -1.7269987279362624 0
72 0 0 1 0 0 0 1 0 0 0 -3.0969100130080562 0
73 1 0 0 0 0 0 1 0 0 0 2.385606273598312 0
74 0 0 1 0 0 1 0 0 0 0 -1.6434526712746536 0
75 0 0 1 0 0 1 0 0 0 0 -1.8653014145213578 0
76 0 0 1 0 0 0 0 1 0 0 -1.154901959985743 0
77 0 0 1 0 0 0 0 1 0 0 -3.681241932247314 0
78 0 0 1 0 0 0 0 1 0 0 -0.176091258838534 0
79 0 0 1 0 0 0 0 1 0 0 -0.39794000867203755 0
80 0 0 1 0 0 1 0 0 0 0 -3.884605857474397 0
81 1 0 0 0 0 0 1 0 0 0 2.478566495593843 0
82 0 0 1 0 0 1 0 0 0 0 -1.6434526712746536 0
83 0 0 1 0 0 1 0 0 0 0 -5.166215625343521 0
84 0 0 0 0 1 0 0 0 0 1 -5.406713932979542 1
85 0 0 1 0 0 1 0 0 0 0 -2.2041199826559246 0
86 0 0 1 0 0 0 0 1 0 0 -3.3802108942761597 0
87 0 0 1 0 0 0 0 1 0 0 -5.406713932979542 0
88 0 0 1 0 0 0 1 0 0 0 -1.4973246383262666 0
89 0 0 1 0 0 0 0 1 0 0 -3.2552721576678594 0
90 0 0 1 0 0 0 0 1 0 0 -1.9542425137822697 0
91 0 0 1 0 0 0 1 0 0 0 0.09691001300805642 0
