84 12
25 30
92 41
17 32
97 25
111 85
61 5
115 94
102 38
4 13
33 12
74 20
97 21
77 21
101 35
112 85
30 3
4 15
107 89
108 78
109 71
35 34
104 61
92 19
30 2
118 62
30 34
103 82
108 26
108 95
44 7
3 34
41 28
104 58
22 38
75 27
22 36
114 94
21 7
34 10
107 71
40 22
77 24
96 1
114 100
73 4
78 4
113 70
37 11
64 27
90 13
26 25
51 1
4 25
114 69
114 75
95 38
19 11
33 35
90 15
118 81
64 23
35 10
15 2
35 3
4 17
103 93
113 96
71 20
98 30
109 57
80 13
23 15
5 12
58 5
108 61
87 7
57 61
30 7
21 30
93 20
107 105
27 4
106 26
83 26
44 16
92 20
19 10
113 59
108 97
85 3
4 37
14 12
9 7
53 32
70 1
63 2
95 24
103 63
118 59
84 3
106 96
10 12
44 38
96 5
59 3
94 32
114 101
112 63
40 5
42 1
19 13
81 4
113 26
1 13
102 12
118 42
5 34
96 25
119 118
38 11
83 42
31 2
114 66
26 35
25 21
118 40
52 14
33 38
5 3
1 19
115 101
90 10
95 2
64 21
100 7
108 59
27 24
19 24
27 21
107 88
30 1
1 7
48 1
27 30
115 82
112 113
54 30
22 25
9 16
22 12
1 36
104 81
23 3
30 16
71 27
114 67
24 14
13 10
78 27
113 40
84 1
60 42
110 39
54 3
101 15
89 20
80 36
106 81
77 4
60 26
35 38
119 56
45 11
33 17
69 7
73 25
118 60
104 59
119 104
111 104
64 5
26 4
10 11
77 22
104 26
52 30
26 1
99 7
20 26
98 19
113 24
73 1
104 70
27 22
21 16
97 28
45 2
29 11
102 2
28 35
34 12
75 21
4 35
114 89
33 36
102 17
118 61
111 50
42 23
28 21
21 34
9 12
104 62
35 7
101 1
95 5
28 24
112 55
115 51
114 74
1 2
80 3
73 28
3 12
30 10
108 58
52 13
13 7
106 77
108 40
106 24
89 27
113 97
18 28
116 33
114 64
37 17
101 3
18 1
33 21
37 10
78 26
90 17
73 19
64 4
106 95
36 3
2 10
41 19
11 12
22 14
20 5
0 5
37 3
115 89
72 12
84 5
109 104
97 26
105 50
78 3
90 11
22 3
115 47
5 7
92 23
19 1
74 21
118 86
112 81
35 16
115 46
22 2
82 4
54 25
112 94
19 38
77 1
82 2
78 1
71 22
26 38
87 2
114 29
35 2
52 15
48 7
4 16
74 28
42 19
34 2
64 1
24 3
42 4
40 23
57 15
11 32
28 37
2 16
113 42
3 24
52 3
37 34
82 1
87 3
51 5
95 37
37 13
3 35
61 4
55 13
63 12
25 37
103 104
18 26
74 27
23 2
4 1
83 41
3 14
35 12
24 38
35 14
64 25
34 11
77 27
76 2
46 4
37 38
92 4
36 7
74 24
77 26
49 1
90 38
41 22
25 7
114 18
55 15
115 71
73 24
20 28
24 1
19 37
73 3
22 13
78 19
82 5
15 12
41 21
95 34
91 1
93 26
2 14
119 45
113 58
109 39
58 1
5 24
118 26
92 28
50 4
21 15
104 60
21 37
3 10
68 7
13 14
85 4
102 11
115 113
74 3
112 82
12 11
52 7
40 41
104 96
30 14
113 60
48 2
86 4
19 17
111 65
31 17
26 16
117 118
24 36
118 27
97 20
26 13
26 34
73 23
113 86
108 98
110 71
17 7
17 10
25 2
119 18
106 30
43 10
47 1
90 34
112 76
53 12
117 104
119 19
107 94
96 3
118 28
104 97
40 20
22 35
112 57
104 20
13 2
115 61
26 23
16 12
19 34
30 13
1 37
54 26
26 19
118 19
52 16
44 37
54 5
119 93
102 14
34 16
36 14
76 7
33 34
105 39
98 3
3 37
118 30
40 42
105 57
97 23
38 7
33 30
33 24
41 3
4 34
40 25
97 27
113 104
1 15
62 1
53 7
41 42
115 49
106 61
115 59
38 14
10 32
60 40
33 3
2 15
75 24
0 1
59 5
67 7
106 97
33 14
14 7
30 15
60 20
63 3
3 2
42 26
54 37
44 12
93 41
26 15
88 17
21 36
33 7
48 12
102 13
85 1
9 17
33 15
113 30
103 18
98 4
25 16
2 7
93 27
23 35
94 12
106 58
101 21
106 20
3 7
110 104
109 50
95 26
112 60
42 21
4 10
108 30
51 4
103 55
93 23
54 24
90 35
78 21
29 3
111 60
107 83
5 14
0 2
47 4
18 5
102 7
52 11
21 24
29 1
115 83
102 36
25 34
98 24
78 5
21 12
115 85
87 5
38 16
113 77
111 57
26 36
115 60
104 23
106 60
20 4
115 70
73 20
33 37
0 4
56 7
45 17
12 10
73 27
114 31
104 28
28 5
93 19
30 17
25 35
30 11
108 70
82 3
18 4
3 36
96 28
119 43
13 12
19 36
69 12
86 7
95 25
52 17
4 36
112 83
23 1
63 4
21 13
112 84
26 30
52 37
24 15
77 28
108 19
62 4
15 10
20 27
118 70
34 14
116 55
52 12
24 7
27 5
23 25
119 44
29 15
96 23
38 17
25 19
46 3
21 3
92 1
80 16
98 25
29 2
59 1
79 7
113 20
93 25
114 93
37 7
98 23
35 37
111 87
106 41
116 80
44 2
23 24
74 26
92 3
116 104
90 16
3 21
25 36
80 7
102 37
104 42
25 10
104 77
74 5
114 8
102 1
43 32
101 2
98 35
81 3
74 19
97 5
75 5
98 22
92 27
44 15
59 4
18 27
11 7
8 7
56 11
115 76
4 14
114 102
104 27
48 3
106 28
90 2
67 12
113 106
72 11
38 2
28 23
3 16
74 22
57 60
13 11
75 22
30 36
119 9
115 48
107 109
41 23
107 57
36 1
119 92
95 21
45 12
16 17
115 102
18 20
33 13
30 38
28 38
66 2
41 24
17 11
90 14
108 24
78 23
107 72
107 102
102 16
37 16
45 14
13 15
25 24
113 23
118 41
76 13
52 36
101 36
111 63
64 41
41 26
93 3
108 62
48 5
103 57
36 34
42 3
41 1
77 5
101 38
25 17
30 35
97 3
52 35
44 13
104 98
44 14
69 2
96 4
114 54
98 26
33 2
88 7
28 22
16 10
25 14
9 15
93 42
84 7
113 19
20 25
97 22
108 42
35 11
78 24
44 3
21 1
113 95
15 14
77 25
75 1
27 23
57 58
20 24
101 19
20 1
113 98
38 12
5 21
5 35
5 10
23 19
3 38
22 17
16 15
5 19
115 31
22 34
115 84
96 26
36 15
23 36
15 7
76 12
92 42
41 20
83 1
76 17
96 35
58 4
102 34
1 35
63 5
5 15
20 23
118 95
116 93
50 1
118 23
112 89
23 22
33 1
112 101
36 11
46 5
48 4
36 37
106 23
112 90
70 3
87 1
23 16
98 21
41 5
7 11
35 15
83 20
115 29
19 15
77 23
103 92
29 13
27 1
72 17
98 1
115 104
117 115
38 15
5 1
26 3
108 41
105 71
118 77
117 57
43 2
6 7
112 31
105 104
118 24
112 48
22 21
25 3
75 26
92 26
110 106
42 20
114 0
37 14
66 12
35 13
112 62
80 38
4 12
64 42
112 58
113 27
18 3
45 7
27 3
75 4
45 10
112 88
21 35
5 37
44 30
40 4
81 5
9 13
64 3
10 7
27 35
96 21
67 2
113 41
115 63
108 86
95 3
3 19
109 106
15 17
101 22
108 77
43 7
28 36
113 61
107 31
47 3
95 23
86 1
1 3
56 2
104 86
76 30
115 58
95 35
118 96
104 24
107 76
44 34
111 55
23 21
4 21
115 50
108 106
97 24
27 28
73 22
19 35
110 83
24 12
109 83
20 3
71 28
93 5
74 23
34 17
95 22
111 46
23 5
85 5
117 107
19 12
1 24
72 2
24 34
112 70
34 7
83 23
71 42
110 50
73 5
5 2
30 12
49 3
71 4
96 19
39 32
64 26
5 38
112 104
23 37
31 7
83 40
76 1
26 21
44 35
74 4
26 22
105 83
40 28
64 20
86 5
97 4
96 30
102 15
112 51
43 12
75 20
90 7
34 15
64 19
3 15
35 1
53 2
58 3
119 115
71 26
29 7
22 10
63 1
38 10
80 34
106 19
5 13
41 27
17 12
108 27
22 30
80 14
54 22
23 30
56 32
95 4
16 13
111 47
80 11
115 72
115 62
50 3
101 13
21 10
37 2
108 104
71 40
104 41
111 39
111 107
24 11
106 27
95 1
36 12
60 28
19 14
14 11
89 26
37 15
4 7
60 23
93 22
19 30
5 36
4 2
25 13
5 17
26 5
61 1
106 78
75 3
4 30
106 40
102 10
38 34
50 5
113 28
24 2
112 86
4 3
90 1
38 13
4 24
36 2
42 5
49 5
71 41
18 25
18 22
13 17
21 11
24 13
27 19
33 10
21 38
51 3
112 47
106 70
108 81
90 3
104 78
95 19
30 37
78 22
106 42
24 10
106 98
35 36
1 30
24 16
42 22
10 2
27 26
105 106
107 110
95 36
75 25
33 16
101 34
113 81
40 26
104 40
108 28
80 10
56 12
116 53
2 11
90 30
93 4
42 25
118 78
42 24
112 49
37 1
36 10
106 104
118 98
90 36
108 20
22 24
86 2
68 12
115 88
114 68
114 92
9 14
18 21
92 22
89 28
28 30
107 104
114 99
111 91
56 10
80 17
95 30
96 37
3 13
107 29
97 19
81 1
118 20
25 15
54 21
57 62
36 16
19 2
90 37
93 28
104 106
34 13
112 91
103 47
46 1
31 11
73 21
16 14
41 25
96 36
90 12
112 50
57 59
22 15
33 25
64 28
1 16
77 19
70 4
114 72
16 11
62 3
76 11
96 22
19 3
75 23
80 35
86 3
14 2
29 17
42 28
112 72
18 19
119 53
52 2
98 5
28 4
92 25
42 27
1 38
88 12
52 38
101 25
101 24
96 24
118 97
110 57
75 28
101 16
104 95
36 38
44 17
88 2
94 7
47 5
21 17
101 30
15 11
112 102
49 4
4 38
78 25
12 7
22 16
76 3
23 34
28 3
115 81
85 2
1 14
52 1
89 23
62 5
1 12
0 3
75 19
25 38
112 29
36 13
83 28
106 59
33 19
108 96
2 13
54 1
114 79
1 25
80 12
113 78
23 13
14 32
9 2
21 2
118 104
80 15
22 19
44 11
103 48
17 2
97 1
108 60
66 7
54 19
26 2
54 35
87 4
16 7
107 108
68 2
86 12
28 1
19 7
80 30
25 1
115 86
2 12
54 36
63 7
73 26
28 26
29 12
116 92
28 25
44 10
27 25
54 4
23 38
55 7
115 57
93 1
112 61
83 22
106 86
1 10
71 3
54 23
17 14
112 46
54 28
88 11
24 30
64 22
116 13
36 17
40 27
24 37
71 1
108 23
52 34
5 16
118 106
92 5
80 2
106 62
52 10
26 24
1 34
111 112
112 39
87 12
28 34
84 4
118 58
70 5
5 30
18 23
44 36
41 4
65 32
26 37
114 73
98 28
20 19
83 27
114 88
107 101
20 21
74 25
111 82
101 37
84 2
14 10
9 10
80 37
116 18
28 19
53 11
25 12
22 7
113 62
76 15
61 3
77 3
43 11
18 24
24 35
71 23
112 59
3 30
31 12
114 6
111 84
35 17
85 12
72 7
80 1
115 91
22 37
22 1
24 17
19 21
1 21
23 4
115 90
29 30
21 14
37 12
74 1
44 1
114 76
16 2
20 22
112 71
104 19
4 19
102 3
104 30
19 16
78 28
9 11
