19 5
33 0
14 3
30 6
32 3
33 8
1 21
31 28
33 15
24 2
7 8
12 2
7 2
7 15
6 2
7 3
17 3
33 19
4 1
32 16
23 14
7 4
7 9
15 2
26 3
6 1
33 9
30 31
32 19
7 10
7 0
11 3
31 15
31 26
31 24
32 18
31 12
1 9
33 3
22 1
33 14
31 22
32 4
31 27
31 5
5 1
32 10
29 3
12 22
32 15
32 20
33 10
33 18
20 5
4 5
14 2
18 2
0 2
27 28
30 26
0 3
2 21
11 9
7 13
7 1
2 3
2 1
20 2
13 9
24 25
19 1
33 11
30 10
22 2
7 16
32 13
1 2
26 25
32 0
7 11
33 12
30 15
32 9
32 11
4 2
30 24
20 1
13 1
31 6
14 1
25 2
31 20
17 9
33 2
33 20
22 5
13 3
32 17
32 2
32 8
33 1
31 2
26 2
23 0
27 10
31 10
7 12
22 3
31 1
19 2
7 19
24 3
10 5
15 1
32 5
32 12
7 14
33 17
33 13
7 17
33 16
10 2
15 5
23 13
18 1
7 18
0 1
33 4
26 22
32 1
32 14
6 5
10 1
12 5
12 1
7 5
22 4
7 20
33 5
