id met_invertebrate met_primary_producer met_detritus met_heterotrophic_bacteria met_ectotherm_vertebrate met_endotherm_vertebrate mov_swimming mov_other mov_other_nonliving mov_sessile mov_walking log_mass mass_missing
0 1 0 0 0 0 0 0 1 0 1 0 -2.7627831109919985 0
1 1 0 0 0 0 0 0 0 0 0 1 0.4797480147697499 0
2 0 0 0 0 1 0 1 0 0 0 0 3.788875115775417 0
3 0 0 0 0 1 0 1 0 0 0 0 2.9968748916147785 0
4 0 0 0 0 1 0 1 0 0 0 0 3.0 0
5 0 0 0 0 1 0 1 0 0 0 0 4.653212513775344 0
6 0 0 0 0 1 0 1 0 0 0 0 1.8524799936368566 0
7 0 0 0 0 1 0 1 0 0 0 0 4.146128035678238 0
8 0 0 0 0 1 0 1 0 0 0 0 3.845098040014257 0
9 0 0 0 0 1 0 1 0 0 0 0 3.6691122396704268 0
10 1 0 0 0 0 0 1 0 0 0 0 -0.5221988830118514 0
11 1 0 0 0 0 0 1 0 0 0 0 -3.7647493884155994 0
12 0 0 0 0 1 0 1 0 0 0 0 2.2990494465975395 0
13 1 0 0 0 0 0 0 0 0 1 0 -1.032583080681808 0
14 1 0 0 0 0 0 0 0 0 1 0 -0.19691178157891281 0
15 0 0 0 0 1 0 1 0 0 0 0 0.03342375548694973 0
16 0 0 0 0 1 0 1 0 0 0 0 1.784759894664005 0
17 0 0 0 0 1 0 1 0 0 0 0 2.6327001861965944 0
18 1 0 0 0 0 0 0 0 0 1 0 -2.130627450840593 0
19 1 0 0 0 0 0 1 0 0 0 0 -3.6778220686150243 0
20 1 0 0 0 0 0 1 0 0 0 0 -2.0576297723532013 0
21 1 0 0 0 0 0 1 0 0 0 0 -1.5778206852588696 0
22 1 0 0 0 0 0 1 0 0 0 0 -1.5372876268052644 0
23 1 0 0 0 0 0 0 0 0 1 0 -1.6647427435654683 0
24 0 0 0 0 1 0 1 0 0 0 0 1.535547279176668 0
25 0 0 0 0 1 0 1 0 0 0 0 6.6020599913279625 0
26 0 0 0 0 1 0 1 0 0 0 0 2.0 0
27 0 0 0 0 1 0 1 0 0 0 0 3.0211892990699383 0
28 1 0 0 0 0 0 0 0 0 1 0 -0.19691178157891281 0
29 0 0 0 0 1 0 1 0 0 0 0 0.03342375548694973 0
30 0 0 0 0 1 0 1 0 0 0 0 3.9777236052888476 0
31 0 0 0 0 1 0 1 0 0 0 0 2.635483746814912 0
32 1 0 0 0 0 0 1 0 0 0 0 -4.027334407733889 0
33 0 0 0 0 1 0 1 0 0 0 0 4.982271233039568 0
34 0 0 0 0 1 0 1 0 0 0 0 2.7445433149874665 0
35 1 0 0 0 0 0 1 0 0 0 0 -1.927125403189011 0
36 1 0 0 0 0 0 1 0 0 0 0 -2.2969064644248194 0
37 1 0 0 0 0 0 1 0 0 0 0 -3.3650493952845593 0
38 0 0 0 0 1 0 1 0 0 0 0 0.35602585719312263 0
39 0 0 0 0 1 0 1 0 0 0 0 0.7041505168397991 0
40 1 0 0 0 0 0 1 0 0 0 0 -2.130627450840593 0
41 0 0 0 0 1 0 1 0 0 0 0 2.222300181173794 0
42 0 0 0 0 1 0 1 0 0 0 0 3.4927603890268375 0
43 1 0 0 0 0 0 0 0 0 1 0 0.4797480147697498 0
44 1 0 0 0 0 0 0 1 0 1 0 -0.1099871974076411 0
45 1 0 0 0 0 0 1 0 0 0 0 -3.431798275933005 0
46 1 0 0 0 0 0 1 0 0 0 0 -2.4761365234933113 0
47 1 0 0 0 0 0 1 0 0 0 0 0.23174985439869203 0
48 1 0 0 0 0 0 1 0 0 0 0 -4.230622673923862 0
49 0 0 0 0 1 0 1 0 0 0 0 4.2576785748691846 0
50 0 0 0 0 1 0 1 0 0 0 0 4.505149978319906 0
51 0 0 0 0 1 0 1 0 0 0 0 4.3979400086720375 0
52 0 0 0 0 1 0 1 0 0 0 0 4.698970004336019 0
53 0 0 0 0 1 0 1 0 0 0 0 1.884512159190394 0
54 0 0 0 0 1 0 1 0 0 0 0 3.531478917042255 0
55 1 0 0 0 0 0 0 0 0 1 0 -1.461237811218652 0
56 0 0 0 0 1 0 1 0 0 0 0 1.3494717992143856 0
57 0 0 0 0 1 0 1 0 0 0 0 1.5267268673146357 0
58 0 0 0 0 1 0 1 0 0 0 0 2.3354579006893843 0
59 0 0 0 0 1 0 1 0 0 0 0 0.4297522800024079 0
60 0 0 0 0 1 0 1 0 0 0 0 3.3010299956639813 0
61 0 0 0 0 1 0 1 0 0 0 0 3.176641017292667 0
62 1 0 0 0 0 0 0 0 0 1 0 0.17289469775217622 0
63 1 0 0 0 0 0 1 0 0 0 0 -1.8129589599576714 0
64 1 0 0 0 0 0 0 1 0 0 1 -0.7421534984088446 0
65 1 0 0 0 0 0 0 0 0 0 1 -0.5640919591408894 0
66 1 0 0 0 0 0 0 0 0 0 1 -0.8290638913909207 0
67 0 0 0 0 0 1 0 0 0 0 1 3.603111880545758 0
68 0 0 0 0 1 0 1 0 0 0 0 4.004321373782642 0
69 0 0 0 0 1 0 1 0 0 0 0 2.9804578922761 0
70 0 0 0 0 0 1 1 0 0 0 0 5.238046103128795 0
71 0 0 0 0 1 0 1 0 0 0 0 2.1235576580039495 0
72 0 0 0 0 0 1 1 0 0 0 1 3.4097133857172994 0
73 0 0 0 0 0 1 1 0 0 0 1 3.6324977839550114 0
74 0 0 0 0 1 0 1 0 0 0 0 3.3042319421856736 0
75 0 0 0 0 1 0 1 0 0 0 0 4.670245853074124 0
76 0 0 0 0 1 0 1 0 0 0 0 3.9030899869919438 0
77 0 0 0 0 1 0 1 0 0 0 0 4.3080305542661055 0
78 0 0 0 0 1 0 1 0 0 0 0 1.7672894745994328 0
79 1 0 0 0 0 0 1 0 0 0 0 -2.130627450840593 0
80 0 0 0 0 1 0 1 0 0 0 0 2.1178345185437473 0
81 0 0 0 0 1 0 1 0 0 0 0 3.6532125137753435 0
82 0 0 0 0 1 0 1 0 0 0 0 0.5932860670204572 0
83 0 0 0 0 1 0 1 0 0 0 0 3.6384892569546374 0
84 0 0 0 0 1 0 1 0 0 0 0 3.0 0
85 0 0 0 0 1 0 1 0 0 0 0 3.1335389083702174 0
86 0 0 0 0 1 0 1 0 0 0 0 2.540929812840949 0
87 1 0 0 0 0 0 1 0 0 0 0 -2.209982393088632 0
88 1 0 0 0 0 0 1 0 0 0 0 -2.911013881052087 0
89 0 0 0 0 1 0 1 0 0 0 0 3.8194781283621224 0
90 0 0 0 0 0 1 1 0 0 0 0 4.004321373782642 0
91 1 0 0 0 0 0 0 1 0 1 0 -0.662800394626419 0
92 1 0 0 0 0 0 0 0 0 0 1 -0.2729551307262504 0
93 1 0 0 0 0 0 0 0 0 0 1 -1.2238292986827979 0
94 0 0 0 0 0 1 0 0 0 0 1 2.995244592645209 0
95 0 0 0 0 0 1 1 0 0 0 1 3.374198257929083 0
96 0 0 0 0 0 1 1 0 0 0 1 3.3010299956639813 0
97 1 0 0 0 0 0 0 0 0 1 0 -0.19691178157891281 0
98 1 0 0 0 0 0 0 0 0 0 1 -2.622202166888774 0
99 1 0 0 0 0 0 1 0 0 0 0 -2.9290759685238497 0
100 1 0 0 0 0 0 0 0 0 0 1 -0.10998719740764104 0
101 1 0 0 0 0 0 1 0 0 0 0 -2.7627831109919985 0
102 1 0 0 0 0 0 1 0 0 0 0 -2.057629772353201 0
103 1 0 0 0 0 0 1 0 0 0 0 -2.5004228792715124 0
104 1 0 0 0 0 0 0 0 0 0 1 0.4352549303958978 0
105 0 0 0 0 1 0 1 0 0 0 0 2.7116301019716644 0
106 1 0 0 0 0 0 0 0 0 0 1 -0.19691178157891281 0
107 0 0 0 0 1 0 1 0 0 0 0 2.371455781913017 0
108 1 0 0 0 0 0 1 0 0 0 0 -2.057629772353201 0
109 1 0 0 0 0 0 1 0 0 0 0 -2.825707544897292 0
110 1 0 0 0 0 0 1 0 0 0 0 -2.7627831109919985 0
111 0 0 0 0 1 0 1 0 0 0 0 3.6020599913279625 0
112 0 0 0 0 1 0 1 0 0 0 0 1.4360035356698966 0
113 1 0 0 0 0 0 0 0 0 0 1 -0.19691178157891281 0
114 0 0 0 0 1 0 1 0 0 0 0 1.1696744340588068 0
115 0 0 0 0 1 0 1 0 0 0 0 1.6734816970733473 0
116 0 0 0 0 1 0 1 0 0 0 0 3.294972974720408 0
117 1 0 0 0 0 0 0 0 0 0 1 -0.030630688266472594 0
118 0 0 0 0 1 0 1 0 0 0 0 1.8462752424122133 0
119 0 0 0 0 1 0 1 0 0 0 0 1.8929289823552058 0
120 0 0 0 0 1 0 1 0 0 0 0 1.3628593029586802 0
121 1 0 0 0 0 0 0 0 0 0 1 -0.1524150031217212 0
122 1 0 0 0 0 0 0 0 0 0 1 -0.6477209827255022 0
123 0 0 0 0 1 0 1 0 0 0 0 1.3304137733491908 0
124 1 0 0 0 0 0 0 0 0 0 1 -0.19691178157891295 0
125 1 0 0 0 0 0 1 0 0 0 0 0.4797480147697499 0
126 0 0 0 0 1 0 1 0 0 0 0 3.469822015978163 0
127 1 0 0 0 0 0 0 0 0 0 1 0.47974801476975004 0
128 0 0 0 0 1 0 1 0 0 0 0 2.381349771059741 0
129 0 0 0 0 1 0 1 0 0 0 0 1.372175286115064 0
130 0 0 0 0 0 1 0 0 0 0 1 2.027512692448811 0
131 1 0 0 0 0 0 1 0 0 0 0 -0.03063068826647249 0
132 0 0 0 0 1 0 1 0 0 0 0 4.08246222116863 0
133 0 1 0 0 0 0 0 0 0 1 0 2.5722673501348168 0
134 1 0 0 0 0 0 0 0 0 0 1 -0.8290638913909207 0
135 1 0 0 0 0 0 1 0 0 0 0 -0.548643467837311 0
136 1 0 0 0 0 0 0 0 0 0 1 -0.1969117815789127 0
137 0 0 0 0 1 0 1 0 0 0 0 0.7315887651867387 0
138 1 0 0 0 0 0 0 1 0 0 1 -1.6647427435654683 0
139 1 0 0 0 0 0 1 0 0 0 0 -2.523516178085536 0
140 1 0 0 0 0 0 1 0 0 0 0 -2.4668509871939754 0
141 1 0 0 0 0 0 0 0 0 0 1 -1.2949577781537749 0
142 0 0 0 0 1 0 1 0 0 0 0 2.3998467127129226 0
143 1 0 0 0 0 0 0 1 0 0 1 -1.2949577781537747 0
144 1 0 0 0 0 0 0 0 0 0 1 -0.5730172890027532 0
145 1 0 0 0 0 0 0 0 0 1 0 0.17289469775217617 0
146 0 1 0 0 0 0 0 0 0 1 0 -0.5503519274144819 0
147 1 0 0 0 0 0 0 0 0 0 1 1.2709349128748582 0
148 1 0 0 0 0 0 0 0 0 0 1 -1.9271254031890113 0
149 0 0 0 1 0 0 1 0 0 0 0 -20.167491087293765 0
150 1 0 0 0 0 0 0 0 0 1 0 -1.2650482339131128 0
151 1 0 0 0 0 0 0 0 0 1 0 -1.4984614973500248 0
152 1 0 0 0 0 0 0 0 0 1 0 1.2709349128748582 0
153 1 0 0 0 0 0 0 0 0 1 0 -0.8290638913909207 0
154 1 0 0 0 0 0 1 0 0 0 0 -4.600326278518962 0
155 1 0 0 0 0 0 0 0 0 1 0 -2.559279782683096 0
156 1 0 0 0 0 0 0 0 0 1 0 0.6387687128978482 0
157 1 0 0 0 0 0 0 0 0 1 0 0.8050452557227555 0
158 1 0 0 0 0 0 0 0 0 1 0 0.2870399275172423 0
159 1 0 0 0 0 0 0 0 0 1 0 0.8050452557227555 0
160 1 0 0 0 0 0 0 0 0 1 0 0.8050452557227555 0
161 1 0 0 0 0 0 0 0 0 1 0 -2.9290759685238497 0
162 1 0 0 0 0 0 0 0 0 1 0 -2.296906464424819 0
163 1 0 0 0 0 0 0 0 0 1 0 -1.2949577781537749 0
164 1 0 0 0 0 0 0 1 0 0 1 -2.392995589939716 0
165 1 0 0 0 0 0 0 1 0 0 1 -1.9271254031890113 0
166 1 0 0 0 0 0 0 1 0 0 1 -1.9900394685294025 0
167 1 0 0 0 0 0 0 0 0 1 0 1.2709349128748582 0
168 1 0 0 0 0 0 0 0 0 1 0 1.406284637924727 0
169 1 0 0 0 0 0 0 0 0 1 0 1.2709349128748582 0
170 1 0 0 0 0 0 0 0 0 1 0 1.4372113226245817 0
171 1 0 0 0 0 0 0 0 0 1 0 -0.19691178157891281 0
172 1 0 0 0 0 0 0 1 0 1 0 0.04237859813987616 0
173 1 0 0 0 0 0 0 0 0 1 0 -1.927125403189011 0
174 1 0 0 0 0 0 0 0 0 1 0 -0.030630688266472438 0
175 1 0 0 0 0 0 0 0 0 1 0 0.2870399275172423 0
176 1 0 0 0 0 0 0 0 0 1 0 0.17289469775217622 0
177 1 0 0 0 0 0 0 0 0 1 0 -0.8290638913909207 0
178 1 0 0 0 0 0 1 0 0 0 0 -3.6778220686150243 0
179 1 0 0 0 0 0 1 0 0 0 0 -4.230622673923862 0
180 1 0 0 0 0 0 1 0 0 0 0 -4.309803919971486 0
181 1 0 0 0 0 0 1 0 0 0 0 -4.089909454405932 0
182 0 1 0 0 0 0 0 0 0 1 0 -0.29662263148765045 0
183 1 0 0 0 0 0 0 0 0 1 0 -0.19691178157891281 0
184 1 0 0 0 0 0 1 0 0 0 0 -3.860845341593096 0
185 1 0 0 0 0 0 1 0 0 0 0 -3.720241827197527 0
186 0 0 0 0 1 0 1 0 0 0 0 4.205420915676343 0
187 0 0 0 0 1 0 1 0 0 0 0 2.811621917864178 0
188 1 0 0 0 0 0 0 0 0 1 0 -1.620241384157299 0
189 1 0 0 0 0 0 0 0 0 1 0 -2.392995589939716 0
190 1 0 0 0 0 0 0 0 0 1 0 -2.1007268126823964 0
191 1 0 0 0 0 0 0 0 0 1 0 -2.0031644789472245 0
192 1 0 0 0 0 0 0 0 0 1 0 -2.0934010132368845 0
193 1 0 0 0 0 0 0 0 0 1 0 -2.947498436586219 0
194 0 0 0 0 1 0 1 0 0 0 0 1.673481697073347 0
195 1 0 0 0 0 0 1 0 0 0 0 -2.057629772353201 0
196 1 0 0 0 0 0 0 0 0 0 1 -0.9666164588268809 0
197 1 0 0 0 0 0 1 0 0 0 0 -0.423508918890499 0
198 1 0 0 0 0 0 1 0 0 0 0 -0.19691178157891281 0
199 1 0 0 0 0 0 0 0 0 1 0 -2.130627450840593 0
200 1 0 0 0 0 0 1 0 0 0 0 -3.9682684600541736 0
201 0 1 0 0 0 0 0 0 0 1 0 -1.4852398004811773 0
202 0 1 0 0 0 0 0 0 0 1 0 -0.29662263148765045 0
203 1 0 0 0 0 0 0 1 0 1 0 -1.2949577781537747 0
204 1 0 0 0 0 0 0 0 0 0 1 -1.6647427435654683 0
205 1 0 0 0 0 0 0 0 0 0 1 -1.0938320266647146 0
206 0 1 0 0 0 0 0 0 0 1 0 -0.5503519274144819 0
207 1 0 0 0 0 0 1 0 0 0 0 -4.396855627379818 0
208 0 1 0 0 0 0 0 0 0 1 0 -1.2177352562707104 0
209 1 0 0 0 0 0 0 0 0 1 0 -2.108111457671681 0
210 1 0 0 0 0 0 0 1 0 1 0 -1.9900394685294025 0
211 1 0 0 0 0 0 0 0 0 1 0 -1.9271254031890113 0
212 0 0 0 0 1 0 1 0 0 0 0 1.0831441431430522 0
213 1 0 0 0 0 0 0 0 0 1 0 -0.030630688266472594 0
214 0 1 0 0 0 0 0 0 0 1 0 -1.6912435576293672 0
215 0 1 0 0 0 0 0 0 0 1 0 -0.9876690444198533 0
216 0 1 0 0 0 0 0 0 0 1 0 -2.358634972584554 0
217 0 1 0 0 0 0 0 0 0 1 0 -2.05853826065267 0
218 0 1 0 0 0 0 0 0 0 1 0 -0.07682854259513364 0
219 0 1 0 0 0 0 0 0 0 1 0 -0.205149611551385 0
220 1 0 0 0 0 0 1 0 0 0 0 -1.7608256958219215 0
221 1 0 0 0 0 0 1 0 0 0 0 -2.8421505195470984 0
222 1 0 0 0 0 0 1 0 0 0 0 -3.0251614429361915 0
223 1 0 0 0 0 0 0 0 0 1 0 -1.9271254031890113 0
224 1 0 0 0 0 0 1 0 0 0 0 -1.9271254031890113 0
225 1 0 0 0 0 0 1 0 0 0 0 -1.4612378112186517 0
226 0 0 0 0 1 0 1 0 0 0 0 1.7175872968554604 0
227 1 0 0 0 0 0 0 0 0 1 0 -1.6030339021552336 0
228 1 0 0 0 0 0 0 0 0 1 0 -1.6739100357364398 0
229 1 0 0 0 0 0 0 0 0 1 0 -1.461237811218652 0
230 0 0 1 0 0 0 0 0 1 0 0 -20.167491087293765 1
231 1 0 0 0 0 0 0 0 0 1 0 -1.7608256958219215 0
232 1 0 0 0 0 0 0 0 0 1 0 -0.5897965829105465 0
233 1 0 0 0 0 0 0 0 0 1 0 -2.130627450840593 0
234 1 0 0 0 0 0 0 0 0 1 0 -1.3578818663054184 0
235 1 0 0 0 0 0 0 0 0 1 0 -1.2650482339131126 0
236 1 0 0 0 0 0 1 0 0 0 0 0.17289469775217617 0
237 1 0 0 0 0 0 1 0 0 0 0 -0.5221988830118511 0
238 1 0 0 0 0 0 0 0 0 1 0 -1.6647427435654683 0
239 1 0 0 0 0 0 1 0 0 0 0 -0.5897965829105466 0
240 1 0 0 0 0 0 1 0 0 0 0 -2.2969064644248194 0
241 1 0 0 0 0 0 0 1 0 1 0 -1.2949577781537749 0
242 1 0 0 0 0 0 0 0 0 1 0 0.4352549303958978 0
243 1 0 0 0 0 0 0 0 0 1 0 -3.6372725497248006 0
244 1 0 0 0 0 0 1 0 0 0 0 -2.622202166888774 0
245 1 0 0 0 0 0 1 0 0 0 0 -2.6353177043503284 0
246 1 0 0 0 0 0 0 0 0 1 0 0.6387687128978482 0
247 1 0 0 0 0 0 0 0 0 0 1 -0.8290638913909207 0
248 1 0 0 0 0 0 1 0 0 0 0 -3.13258554998372 0
249 1 0 0 0 0 0 1 0 0 0 0 -3.13258554998372 0
250 1 0 0 0 0 0 1 0 0 0 0 -2.9290759685238497 0
251 1 0 0 0 0 0 1 0 0 0 0 -2.622202166888774 0
252 1 0 0 0 0 0 1 0 0 0 0 -2.130627450840593 0
253 1 0 0 0 0 0 1 0 0 0 0 -3.860845341593096 0
254 1 0 0 0 0 0 0 0 0 0 1 0.8050452557227554 0
255 1 0 0 0 0 0 1 0 0 0 0 -2.2969064644248194 0
256 1 0 0 0 0 0 0 0 0 0 1 -1.8682530548991212 0
257 1 0 0 0 0 0 0 0 0 1 0 -1.7608256958219215 0
258 1 0 0 0 0 0 1 0 0 0 0 -3.15567196384435 0
259 1 0 0 0 0 0 0 1 0 1 0 -0.5897965829105466 0
260 1 0 0 0 0 0 1 0 0 0 0 -3.0251614429361915 0
261 1 0 0 0 0 0 1 0 0 0 0 -3.1100655293164676 0
262 1 0 0 0 0 0 0 0 0 0 1 -1.1543687256848738 0
263 1 0 0 0 0 0 0 0 0 0 1 -1.9900394685294025 0
264 1 0 0 0 0 0 1 0 0 0 0 -1.461237811218652 0
265 1 0 0 0 0 0 0 0 0 1 0 -0.19691178157891281 0
266 1 0 0 0 0 0 0 0 0 1 0 -1.2650482339131126 0
267 1 0 0 0 0 0 0 0 0 1 0 -2.0299880409140596 0
268 1 0 0 0 0 0 0 0 0 1 0 -1.620241384157299 0
269 1 0 0 0 0 0 0 0 0 1 0 -2.9855214646737935 0
270 1 0 0 0 0 0 0 0 0 1 0 -2.947498436586219 0
271 1 0 0 0 0 0 0 1 0 1 0 -2.296906464424819 0
272 1 0 0 0 0 0 1 0 0 0 0 -2.209982393088632 0
273 1 0 0 0 0 0 0 0 0 1 0 -2.2969064644248194 0
274 0 1 0 0 0 0 1 0 0 0 0 -16.744727494896694 0
275 1 0 0 0 0 0 1 0 0 0 0 -4.157390760389438 0
276 1 0 0 0 0 0 0 0 0 1 0 -4.493494967595128 0
277 1 0 0 0 0 0 1 0 0 0 0 -3.025161442936191 0
278 1 0 0 0 0 0 0 0 0 1 0 -0.8290638913909207 0
279 1 0 0 0 0 0 0 0 0 1 0 -0.5221988830118512 0
280 1 0 0 0 0 0 1 0 0 0 0 -4.089909454405932 0
281 1 0 0 0 0 0 1 0 0 0 0 -1.461237811218652 0
282 1 0 0 0 0 0 1 0 0 0 0 -4.027334407733889 0
283 0 1 0 0 0 0 0 0 0 1 0 -0.5503519274144819 0
284 0 1 0 0 0 0 0 0 0 1 0 -1.6912435576293672 0
285 0 1 0 0 0 0 0 0 0 1 0 -0.5503519274144819 0
286 1 0 0 0 0 0 1 0 0 0 0 -1.6647427435654683 0
287 1 0 0 0 0 0 0 0 0 1 0 -1.9271254031890113 0
288 1 0 0 0 0 0 1 0 0 0 0 -1.032583080681808 0
289 0 1 0 0 0 0 0 0 0 1 0 0.0034605321095063936 0
290 0 1 0 0 0 0 0 0 0 1 0 -0.5503519274144819 0
291 0 1 0 0 0 0 0 0 0 1 0 -0.4963727186435876 0
292 0 1 0 0 0 0 0 0 0 1 0 -1.6912435576293672 0
293 0 0 0 0 1 0 1 0 0 0 0 -3.6382721639824074 0
294 1 0 0 0 0 0 1 0 0 0 0 -1.0325830806818082 0
295 0 1 0 0 0 0 0 0 0 1 0 1.4313637641589874 0
296 0 1 0 0 0 0 0 0 0 1 0 1.4313637641589874 0
297 1 0 0 0 0 0 1 0 0 0 0 -2.130627450840593 0
298 0 0 0 0 1 0 1 0 0 0 0 1.3010299956639813 0
299 0 1 0 0 0 0 0 0 0 1 0 -9.271646217978772 0
300 1 0 0 0 0 0 1 0 0 0 0 -2.3630910522011765 0
301 1 0 0 0 0 0 1 0 0 0 0 -2.54720190144084 0
302 1 0 0 0 0 0 1 0 0 0 0 -2.59651914676266 0
303 1 0 0 0 0 0 1 0 0 0 0 -1.9090721474183923 0
304 1 0 0 0 0 0 0 1 0 0 1 -1.2949577781537747 0
305 0 1 0 0 0 0 0 0 0 1 0 -1.6912435576293672 0
306 1 0 0 0 0 0 0 0 0 0 1 -2.130627450840593 0
307 0 1 0 0 0 0 0 0 0 1 0 -4.6401645176601125 0
308 0 1 0 0 0 0 0 0 0 1 0 -1.9267950435114045 0
309 1 0 0 0 0 0 1 0 0 0 0 -0.9251470041187527 0
310 1 0 0 0 0 0 1 0 0 0 0 -4.493494967595128 0
311 1 0 0 0 0 0 1 0 0 0 0 -3.4258760926640153 0
312 0 1 0 0 0 0 0 1 0 0 0 -16.297569463554474 0
313 1 0 0 0 0 0 0 1 0 1 0 -1.2949577781537747 0
314 1 0 0 0 0 0 1 0 0 0 0 -1.461237811218652 0
315 1 0 0 0 0 0 1 0 0 0 0 -3.0880863648290107 0
316 1 0 0 0 0 0 0 0 0 0 1 -1.5778206852588696 0
317 0 1 0 0 0 0 0 1 0 0 0 -16.010550182333308 0
318 1 0 0 0 0 0 1 0 0 0 0 -4.396855627379818 0
319 1 0 0 0 0 0 0 0 0 0 1 -0.10998719740764104 0
320 1 0 0 0 0 0 1 0 0 0 0 -2.5004228792715124 0
321 1 0 0 0 0 0 1 0 0 0 0 -2.9290759685238497 0
322 0 0 1 0 0 0 0 0 1 0 0 -20.167491087293765 1
323 1 0 0 0 0 0 0 0 0 1 0 -0.19691178157891281 0
324 1 0 0 0 0 0 1 0 0 0 0 -2.9290759685238497 0
325 1 0 0 0 0 0 1 0 0 0 0 -2.8421505195470984 0
326 1 0 0 0 0 0 1 0 0 0 0 -2.9290759685238497 0
327 1 0 0 0 0 0 1 0 0 0 0 -2.0934010132368845 0
328 1 0 0 0 0 0 1 0 0 0 0 -3.457871994932685 0
329 1 0 0 0 0 0 0 1 0 1 0 -1.4612378112186517 0
330 1 0 0 0 0 0 0 1 0 1 0 -1.0325830806818082 0
331 1 0 0 0 0 0 0 0 0 1 0 -2.5004228792715124 0
332 0 1 0 0 0 0 1 0 0 0 0 -18.359518563029578 0
333 0 1 0 0 0 0 0 0 0 1 0 -1.2177352562707104 0
334 0 1 0 0 0 0 0 1 0 0 0 -15.236572006437063 0
335 0 1 0 0 0 0 0 0 0 1 0 -1.302160631781637 0
336 0 1 0 0 0 0 0 0 0 1 0 -1.6912435576293672 0
337 0 0 0 0 1 0 1 0 0 0 0 1.966216847450493 0
338 0 0 0 0 0 1 0 0 0 0 1 3.123459619443338 0
339 0 1 0 0 0 0 0 1 0 0 0 -19.500312917381596 0
340 0 0 0 0 0 1 0 0 0 0 1 1.3970009180076959 0
341 0 1 0 0 0 0 0 0 0 1 0 -1.6912435576293672 0
342 0 1 0 0 0 0 0 0 0 1 0 -1.1374273917178235 0
343 0 1 0 0 0 0 0 1 0 0 0 -17.518557371497696 0
344 0 0 0 0 1 0 1 0 0 0 0 2.140539466972342 0
345 0 1 0 0 0 0 0 0 0 1 0 -0.5503519274144819 0
