25 13
16 4
14 4
24 10
14 7
15 9
15 10
15 13
26 13
18 7
0 1
14 6
14 12
25 12
9 8
16 11
21 1
15 5
15 1
18 12
19 2
15 2
22 24
8 17
14 11
18 10
12 10
25 2
24 13
24 4
25 5
26 7
8 6
0 9
1 10
8 11
7 8
11 2
19 11
7 11
15 11
24 9
21 5
14 1
19 12
21 4
26 3
18 1
25 6
0 7
0 5
21 10
16 10
21 8
18 4
15 4
19 3
0 13
16 5
25 4
16 9
15 12
9 11
16 12
25 8
6 9
14 3
21 11
12 17
18 11
24 3
16 6
26 5
22 10
25 9
24 20
15 8
7 10
14 13
25 3
9 6
18 13
8 9
5 10
19 8
0 10
21 12
26 12
16 3
22 6
24 6
19 13
18 2
18 6
14 8
4 10
0 12
14 9
17 10
12 6
0 2
6 11
21 2
0 3
14 5
15 6
0 11
24 1
25 7
22 20
6 10
14 10
22 23
22 7
18 5
10 2
25 10
26 11
19 5
16 7
12 11
19 4
20 10
14 2
19 9
6 17
9 10
6 8
21 6
26 4
0 6
24 23
26 9
21 3
24 11
7 6
26 1
21 9
25 1
10 11
12 9
19 7
24 5
9 17
16 1
26 10
8 10
16 2
0 4
26 2
21 7
24 17
26 8
12 8
16 13
15 7
21 13
16 8
7 9
19 1
18 9
15 3
18 3
19 10
19 6
26 6
25 11
0 8
18 8
