21 14
15 16
10 15
5 6
24 16
19 17
22 8
24 3
21 18
24 7
10 14
16 14
21 3
27 8
19 7
22 16
24 17
2 3
24 13
10 13
19 4
6 3
27 2
6 9
25 18
20 16
24 6
25 12
28 14
25 13
20 6
25 7
30 16
24 14
23 11
20 14
26 8
1 3
16 3
23 13
21 17
15 14
22 3
26 2
22 14
3 4
25 17
30 17
24 0
21 6
20 17
23 18
19 3
25 16
30 14
23 0
19 12
22 0
20 4
10 4
30 0
16 4
19 11
21 13
19 18
20 11
23 15
15 1
21 11
24 8
20 15
22 7
24 12
19 15
28 16
25 4
22 12
20 7
20 3
10 6
10 7
15 3
23 6
23 4
20 8
10 12
0 1
23 8
22 11
19 6
19 14
21 0
21 16
10 18
23 17
21 4
21 8
23 12
7 9
30 13
10 8
20 0
19 16
25 3
21 12
8 16
23 14
27 16
25 6
25 14
20 18
25 15
27 3
23 16
25 0
27 18
30 7
25 8
21 7
23 7
22 15
22 4
6 16
19 8
25 11
30 8
8 9
27 15
22 18
23 3
19 0
27 9
10 0
30 18
30 12
30 11
1 4
7 8
24 18
19 13
10 16
27 14
26 27
24 11
24 15
20 12
30 4
10 17
21 15
30 6
28 3
26 5
22 17
30 3
20 13
30 15
10 3
24 4
16 1
18 1
28 1
27 1
27 28
27 6
22 13
10 11
28 29
