26 2
22 2
34 16
27 16
38 7
20 2
38 19
37 6
8 4
8 9
38 4
12 7
29 4
9 4
22 1
22 14
29 5
22 18
35 31
38 18
26 5
16 4
38 12
22 12
8 2
27 4
34 21
8 13
27 13
26 14
12 3
25 18
25 11
38 0
37 9
8 6
23 3
8 5
6 7
27 12
22 7
22 19
26 9
0 1
15 4
10 3
22 16
37 19
27 20
26 7
10 2
38 15
8 21
35 12
25 15
14 2
26 21
27 19
8 15
18 28
8 1
33 1
30 13
11 1
25 16
8 0
27 3
37 5
26 4
26 17
37 0
4 28
26 12
6 4
37 18
26 1
37 10
23 24
31 2
5 28
38 6
25 2
38 10
37 1
7 3
22 5
38 14
8 11
29 6
7 1
37 2
8 14
22 11
22 20
12 5
26 16
25 1
4 3
35 23
8 17
0 4
25 20
25 5
16 7
21 4
22 17
10 28
34 23
34 35
8 10
31 1
25 21
38 9
12 4
26 11
6 3
11 2
31 5
8 16
11 3
25 13
27 15
34 31
19 1
11 4
29 7
37 17
17 4
19 3
35 7
3 4
22 15
8 7
20 1
19 7
22 10
37 7
37 21
31 32
25 10
29 2
38 1
37 14
22 9
22 4
10 1
8 18
6 1
13 5
33 28
8 19
38 17
22 3
26 13
35 11
31 4
37 4
20 7
37 13
27 17
12 29
23 4
22 0
29 16
25 7
25 17
8 20
25 14
27 11
25 12
15 3
22 6
27 5
11 7
27 9
20 3
38 20
9 3
29 36
19 4
35 16
38 5
7 2
27 14
0 3
13 1
35 2
25 3
38 21
27 18
30 0
19 2
27 6
37 3
25 6
38 3
27 2
26 15
35 33
22 21
35 29
27 7
38 13
0 2
25 19
29 1
12 11
26 20
38 16
27 1
31 24
14 4
26 3
35 4
16 3
13 4
37 12
13 3
38 2
4 5
38 11
26 6
27 10
29 3
37 20
32 4
27 21
26 10
37 16
13 2
22 13
35 3
37 15
3 28
0 5
6 2
25 4
37 11
26 18
8 3
25 9
27 0
10 5
20 4
29 24
7 28
26 0
26 19
25 0
12 2
10 4
8 12
