12 4
17 3
7 12
14 2
16 3
10 3
14 3
0 2
20 8
17 4
0 3
8 4
23 13
29 10
7 16
2 4
21 13
15 1
19 10
5 1
10 2
13 4
27 8
26 8
20 10
3 1
20 11
14 4
18 0
17 2
6 4
15 2
1 3
20 12
24 11
26 11
6 2
18 9
28 10
7 11
19 8
7 5
22 8
29 8
2 1
18 10
3 2
12 1
11 4
11 1
18 12
16 2
7 14
7 6
12 2
21 12
19 13
26 10
22 12
1 2
9 4
7 17
28 13
27 13
7 0
28 12
27 12
18 5
7 9
18 11
7 15
25 1
11 3
28 11
18 15
24 8
11 2
7 8
10 1
20 13
19 12
5 4
16 4
1 4
26 13
4 32
5 2
18 6
30 5
18 17
14 1
25 3
6 1
27 11
12 3
24 12
18 13
17 1
7 10
18 16
5 3
15 4
15 3
18 14
23 12
6 3
29 11
26 12
21 10
27 10
19 11
0 4
31 4
18 8
21 11
0 1
3 4
22 13
22 11
2 3
25 2
10 4
24 13
22 10
23 8
21 8
28 8
24 10
7 13
23 10
29 13
16 1
29 12
23 11
