16 8
30 35
22 12
16 10
28 9
4 18
0 2
42 9
40 10
19 5
41 9
41 11
27 1
22 10
1 3
14 5
7 11
26 11
42 10
19 12
6 18
27 10
30 33
29 12
29 5
35 11
30 24
36 9
35 44
28 12
16 9
0 3
23 5
29 9
23 9
35 33
21 8
26 1
30 9
27 9
36 5
1 0
42 5
36 12
20 12
40 9
20 9
18 6
19 10
13 1
29 8
17 8
7 10
28 8
14 1
21 11
23 8
26 8
13 9
17 10
26 9
23 1
1 2
37 1
15 1
14 11
17 11
37 9
37 8
15 11
26 10
24 10
35 43
17 1
21 1
35 38
20 8
35 8
0 1
37 11
13 8
27 5
41 5
27 8
7 1
14 9
16 12
15 12
42 11
28 5
15 5
41 1
38 18
37 12
41 10
13 5
35 25
30 31
35 9
22 9
21 10
20 5
23 10
40 12
30 32
37 5
20 1
36 11
40 8
42 8
27 12
22 5
36 8
36 10
15 9
42 12
19 11
21 12
23 12
20 11
19 1
16 11
26 12
21 9
42 1
22 11
17 5
2 4
14 12
13 10
27 11
17 12
38 1
20 10
40 1
5 6
41 12
16 5
7 12
19 9
13 12
40 5
16 1
29 10
15 10
7 8
7 5
7 9
22 1
29 1
41 8
37 10
28 10
28 1
40 11
39 18
12 3
25 4
28 11
17 9
14 8
13 11
29 11
15 8
21 5
23 11
14 10
36 1
30 34
19 8
30 25
26 5
22 8
38 39
