11 3
1 9
0 8
17 3
23 17
7 4
24 12
39 18
15 32
29 4
30 13
26 16
33 16
15 13
25 18
31 5
24 7
25 3
37 4
15 9
36 7
11 19
28 14
26 13
36 6
24 15
37 7
7 5
14 9
4 13
38 8
29 15
30 8
6 4
24 10
37 18
30 3
31 9
33 11
6 5
31 1
7 9
37 12
28 2
25 16
38 13
33 5
12 11
38 9
32 20
23 15
33 1
28 5
8 11
30 11
29 11
24 17
35 10
38 2
26 6
1 16
30 7
30 16
24 3
33 13
12 4
36 15
25 6
33 15
39 12
0 16
39 3
28 9
17 19
32 9
25 4
32 27
36 32
24 13
34 19
37 6
38 16
30 15
31 8
37 13
28 10
31 17
30 5
17 20
0 2
6 15
26 12
31 2
33 6
25 15
23 3
17 11
12 3
24 16
0 17
30 12
29 8
39 13
12 19
30 4
25 12
37 15
20 27
36 8
39 5
31 16
37 9
37 5
26 15
23 6
36 27
31 15
29 9
3 4
28 8
9 4
30 18
29 5
39 9
6 27
31 4
8 16
22 16
39 16
24 4
31 11
23 5
25 14
29 6
26 9
32 4
24 5
7 13
22 15
0 18
36 1
14 3
22 7
29 7
22 8
30 17
22 11
34 36
12 20
11 16
37 8
37 3
0 1
1 4
1 21
29 3
17 9
33 7
11 4
23 1
25 17
38 11
22 3
38 17
36 10
36 12
38 1
3 13
26 18
25 8
1 20
24 2
38 14
5 13
31 7
10 21
39 4
6 9
30 14
15 5
15 14
0 9
0 14
25 10
36 11
36 17
39 17
15 4
35 13
22 9
32 5
22 1
26 17
39 15
29 16
29 17
31 12
33 8
23 11
28 13
12 1
14 15
39 10
15 1
29 10
30 2
32 13
31 10
22 4
36 3
8 9
34 35
25 5
36 4
33 9
24 1
23 4
8 19
33 4
38 3
26 5
1 3
11 12
28 6
38 6
25 13
24 11
28 3
11 20
36 19
31 6
26 3
1 12
22 17
12 8
38 7
0 4
14 19
28 12
0 6
8 4
8 20
23 16
26 4
33 12
29 12
28 11
31 3
22 10
29 14
0 10
4 3
0 13
29 18
39 8
19 3
39 6
28 7
17 1
36 20
31 18
24 6
33 18
24 18
12 15
28 1
34 14
28 17
39 2
13 9
24 9
23 7
0 11
37 1
11 21
22 5
33 17
26 1
26 8
4 9
28 18
38 10
25 11
8 3
8 12
13 3
33 10
37 17
30 1
33 3
26 11
0 3
23 13
28 16
25 7
26 2
29 13
25 2
11 9
30 6
22 2
17 12
37 10
24 8
39 1
29 2
25 9
1 11
22 13
39 11
0 15
6 20
22 18
23 18
37 11
7 27
28 4
22 14
15 3
6 13
31 13
22 12
25 1
23 12
0 7
26 10
7 15
26 7
38 4
39 7
38 15
0 12
10 3
24 14
38 18
5 9
34 15
34 8
33 2
29 1
31 14
8 15
1 19
37 16
38 12
30 10
22 6
38 5
8 1
23 9
28 15
37 14
23 2
12 9
26 14
23 10
23 8
11 1
0 5
37 2
36 9
39 14
7 20
30 9
17 21
33 14
23 14
