15 1
15 19
9 10
32 9
3 5
15 7
29 3
23 1
0 6
13 1
19 10
13 3
31 10
19 8
36 2
15 4
13 4
14 1
9 6
38 3
28 4
11 12
34 4
32 5
29 2
16 6
35 1
22 4
34 1
17 8
21 7
2 6
31 8
0 5
37 1
39 4
0 1
19 9
38 5
20 5
2 9
3 9
15 2
33 1
37 3
28 6
16 5
33 2
5 12
17 10
25 1
39 2
26 8
22 2
26 9
31 5
35 2
18 8
15 18
18 6
18 10
21 2
40 6
22 1
14 4
38 1
3 6
7 10
35 3
31 9
36 1
26 6
37 2
21 19
2 5
29 1
30 2
1 6
27 1
24 3
33 4
15 17
38 6
7 8
30 4
0 2
27 4
26 10
30 1
7 5
10 5
23 2
23 4
21 16
1 5
10 6
10 9
14 2
9 5
19 5
30 3
13 5
20 6
7 6
26 5
34 3
33 3
21 20
25 4
39 1
3 10
13 6
29 4
17 5
36 3
21 18
2 10
20 10
28 1
15 3
21 4
15 16
21 3
15 20
20 8
19 6
38 2
24 2
24 4
31 6
27 2
27 3
14 3
23 3
4 6
17 6
0 4
37 4
0 3
8 5
28 5
20 9
38 4
7 9
18 9
32 6
17 9
25 2
4 5
21 17
13 2
34 2
6 12
18 5
25 3
35 4
28 3
28 2
21 1
36 4
32 8
24 1
32 10
22 3
39 3
8 6
