26 11
45 9
32 3
35 5
46 9
12 8
50 10
13 9
6 11
36 1
0 4
40 6
50 9
46 8
19 20
40 4
7 10
12 4
21 9
0 1
41 4
33 5
50 8
10 16
31 2
41 7
34 10
33 2
4 8
40 5
14 2
10 8
20 21
43 6
44 1
6 10
29 2
7 20
5 11
34 5
7 9
50 6
40 3
46 3
46 2
0 3
38 10
11 15
45 3
20 8
3 9
12 2
14 6
47 2
9 8
46 4
33 9
19 10
39 6
10 15
34 4
38 6
50 11
7 11
37 5
21 20
28 11
35 6
35 3
47 9
36 11
30 2
41 2
49 8
3 10
10 11
42 7
37 1
0 7
40 8
29 1
47 5
40 7
32 6
29 4
47 6
3 18
41 8
7 8
38 3
39 7
50 7
12 6
21 10
13 2
6 9
11 8
16 8
35 9
43 3
44 3
37 8
0 9
43 9
0 8
43 4
38 4
34 7
30 9
44 7
5 8
30 10
45 5
13 4
13 3
20 15
5 10
12 5
12 10
38 8
9 11
8 11
14 8
46 10
11 20
35 1
31 3
3 20
30 8
22 11
45 6
12 11
39 2
37 10
48 15
6 17
46 11
31 5
6 22
46 5
11 16
47 3
21 8
47 11
8 15
13 5
22 10
20 9
20 10
25 11
37 6
36 8
47 4
27 11
13 10
45 8
35 10
31 9
8 10
14 10
16 10
37 7
4 15
33 7
3 19
50 5
5 9
3 21
44 6
13 1
36 9
33 4
43 1
43 5
43 2
34 9
47 10
22 17
31 10
33 10
3 17
30 1
47 8
40 1
16 9
14 3
1 8
14 5
30 7
44 2
41 5
50 3
31 7
30 3
12 3
0 10
29 5
31 8
12 9
5 22
38 11
9 10
45 2
40 11
33 8
39 1
14 9
39 9
32 10
32 7
33 1
32 5
41 6
3 8
0 5
32 4
11 10
41 1
36 7
50 1
3 16
34 8
31 4
24 11
0 6
38 1
5 16
29 7
13 7
45 4
37 4
45 10
38 2
36 6
38 5
31 6
36 2
39 11
9 15
14 1
43 11
11 17
13 11
32 1
41 10
7 17
40 9
46 6
10 9
40 2
50 4
12 1
41 3
37 3
40 10
7 22
14 7
37 9
34 2
14 4
46 7
3 11
7 21
44 4
30 5
38 7
35 2
35 8
22 9
36 4
44 8
33 3
11 9
7 15
39 10
44 9
44 5
41 11
37 2
29 10
30 6
0 11
32 9
8 9
36 3
35 4
0 2
39 8
6 8
45 7
43 8
29 8
16 15
36 5
44 10
10 21
1 15
37 11
5 17
12 7
10 20
32 8
6 20
30 4
29 9
39 4
29 3
38 9
47 1
32 2
34 6
31 1
33 6
39 3
29 6
39 5
13 8
36 10
5 15
50 2
34 1
6 15
11 49
45 11
34 3
47 7
43 10
3 15
13 6
41 9
3 2
14 11
23 11
3 22
45 1
44 11
29 11
46 1
35 7
6 16
