0 8
3 10
16 1
20 1
2 13
29 1
20 6
27 8
29 2
7 15
9 10
16 3
12 2
11 10
6 10
27 11
16 2
29 8
16 7
20 9
25 17
16 8
19 12
0 1
24 4
16 4
25 26
0 2
28 6
20 3
4 2
17 18
0 3
27 17
20 2
28 22
25 27
0 5
23 2
16 5
8 2
2 15
5 12
27 28
20 8
0 7
24 2
22 10
13 10
18 10
24 6
2 14
8 18
29 5
4 6
24 8
17 7
0 6
29 4
16 9
27 30
1 10
5 10
15 10
20 5
21 5
27 19
20 4
29 7
28 2
18 3
0 4
24 3
27 18
14 10
11 12
27 4
29 3
29 6
14 2
28 7
24 7
4 18
20 7
8 6
16 6
24 1
18 15
0 9
13 2
12 10
28 18
24 9
8 3
4 3
7 10
29 9
24 5
2 10
