44 16
45 32
111 45
71 34
105 45
76 34
32 46
37 47
11 1
116 61
114 49
17 20
49 2
9 8
36 32
45 29
114 23
95 24
14 11
77 3
92 39
38 21
117 50
107 103
86 37
95 40
91 4
30 25
16 8
37 2
103 34
49 6
47 1
17 1
76 27
3 6
31 46
81 30
28 37
109 110
31 22
41 31
111 28
116 108
109 83
45 27
34 20
17 22
33 14
24 31
59 25
81 43
39 19
93 41
54 2
3 4
74 3
21 19
103 62
52 19
14 12
59 35
12 4
88 31
25 2
16 14
111 36
28 26
39 1
103 65
93 4
27 46
27 21
39 12
103 98
73 70
32 21
113 84
11 10
8 2
69 43
98 41
17 15
110 111
68 37
67 29
12 2
78 24
68 3
29 46
23 35
54 1
71 44
25 3
26 29
112 91
4 7
29 39
31 39
104 106
92 3
16 13
111 25
24 39
17 21
58 64
59 4
27 14
98 44
25 11
24 20
60 38
46 4
26 44
26 39
71 40
47 18
98 40
109 98
78 41
74 24
31 3
58 65
116 29
88 37
85 18
99 103
98 37
92 19
35 9
87 2
37 10
38 39
65 37
35 20
105 98
12 7
67 45
23 34
78 38
109 77
19 15
24 37
88 18
31 11
111 59
41 2
67 38
113 72
91 7
18 15
99 98
29 2
115 98
55 47
106 75
7 12
25 10
4 1
26 19
98 28
28 34
74 34
75 36
72 26
73 33
107 75
34 32
68 38
98 95
6 7
106 101
41 39
72 36
37 3
72 73
99 72
117 98
38 47
41 35
36 43
29 15
65 31
32 47
86 18
63 3
28 39
7 15
35 8
52 22
21 18
43 41
5 3
78 37
92 34
116 62
38 19
73 35
33 20
45 30
70 35
85 3
110 81
111 66
4 9
52 20
94 44
8 11
55 35
98 45
110 102
42 26
20 8
22 16
4 14
74 25
65 8
97 79
18 14
30 22
11 6
92 21
71 30
39 21
47 2
18 22
10 13
32 35
32 22
30 41
33 22
112 86
60 18
25 16
24 26
59 32
111 30
59 16
69 70
59 8
107 72
110 88
38 16
27 47
55 19
70 43
37 39
21 6
42 45
80 21
46 3
74 44
109 18
105 62
111 34
97 98
105 25
110 86
93 37
71 41
73 45
96 3
76 38
22 6
105 29
104 72
29 6
29 18
10 7
36 37
112 101
14 2
69 31
67 41
14 8
42 25
103 42
3 16
69 45
29 12
105 71
71 43
44 22
116 42
75 40
81 34
44 46
72 28
35 46
51 3
113 85
110 87
27 25
95 25
106 103
111 61
42 35
47 16
76 30
3 11
52 11
26 21
32 6
70 30
103 37
67 33
76 3
67 37
117 18
68 40
36 19
58 14
54 13
35 21
61 6
24 29
17 16
88 19
17 14
15 1
40 25
74 27
24 46
8 6
113 111
113 62
116 95
37 11
88 44
73 37
70 24
113 63
31 12
36 38
81 33
78 26
78 32
19 2
98 26
110 51
40 35
40 38
24 44
110 62
48 3
78 25
46 6
72 34
26 43
40 26
88 35
35 4
44 2
26 30
9 13
114 98
45 38
46 11
32 20
69 28
81 40
28 33
78 35
41 47
27 35
89 1
103 30
42 40
70 38
117 113
71 33
98 13
33 19
32 2
76 24
110 79
2 15
106 56
62 3
38 9
106 58
88 38
111 44
29 31
64 26
87 7
94 27
117 23
57 13
85 44
111 27
99 75
47 11
7 13
39 15
14 4
105 30
1 13
71 39
105 61
20 12
70 29
110 64
93 38
111 76
98 93
42 30
40 21
24 35
32 16
53 10
75 25
95 30
28 25
21 11
45 46
36 20
17 13
72 42
35 2
55 21
24 25
43 46
38 7
67 25
109 48
73 30
54 12
41 14
1 7
27 20
0 3
8 13
22 1
86 28
41 20
60 8
103 71
69 38
88 3
88 34
44 18
86 27
115 104
71 27
82 4
38 3
2 1
25 44
45 41
16 7
81 28
35 22
113 18
25 31
10 6
91 1
15 7
37 6
23 26
60 46
104 88
19 11
46 10
113 98
66 3
44 20
69 27
112 68
104 75
46 9
115 113
116 34
116 27
81 45
14 13
93 3
17 9
29 7
58 18
1 6
103 29
110 58
32 12
94 37
71 24
25 21
5 12
64 27
111 103
34 21
28 24
34 33
69 71
43 3
103 59
70 42
60 9
113 87
74 42
116 28
53 3
104 107
67 26
116 66
55 38
116 60
31 16
73 71
43 39
50 2
41 9
42 44
38 46
64 28
103 93
116 78
40 34
94 25
74 30
55 9
27 16
17 4
111 78
38 14
28 36
73 28
19 13
74 31
29 16
98 92
44 1
19 16
49 13
72 24
94 40
27 18
67 44
113 108
3 20
29 21
23 44
76 36
11 4
31 15
22 2
27 41
1 15
105 65
114 53
36 47
14 7
58 59
28 35
72 32
65 22
39 2
94 42
19 8
2 6
107 101
59 46
84 2
59 29
52 16
43 22
30 43
83 7
55 14
6 10
32 9
30 29
42 38
110 83
68 31
69 29
110 84
23 45
43 21
41 44
24 43
44 9
103 95
26 38
103 44
47 14
87 1
92 37
22 4
4 6
105 43
34 39
112 0
3 21
38 4
112 23
27 19
68 33
110 63
95 26
85 46
5 6
3 46
60 4
40 39
111 108
28 38
29 20
97 18
81 42
33 35
37 22
17 7
68 24
57 14
94 24
24 3
32 7
111 40
40 46
50 7
45 24
98 108
36 21
98 36
29 9
65 25
28 27
31 4
45 31
30 21
55 10
74 33
105 27
19 3
52 8
73 41
3 22
33 31
32 14
29 47
59 18
54 7
45 34
111 93
20 18
45 35
67 43
34 47
26 3
109 57
25 12
16 12
31 20
105 28
73 25
92 20
110 100
58 46
103 36
71 28
37 21
35 6
35 15
5 8
2 12
83 4
70 37
59 37
105 13
38 8
74 26
26 47
67 42
53 9
15 13
70 36
43 27
109 102
52 13
116 24
96 2
36 30
111 13
83 3
70 41
75 37
92 44
55 11
23 33
17 19
52 2
106 102
97 48
92 46
53 4
44 21
49 1
65 18
46 18
53 8
44 19
39 10
82 6
59 9
37 46
89 4
21 16
75 43
28 3
25 29
105 40
37 4
23 30
111 70
103 66
67 27
93 20
95 46
103 13
68 30
3 10
103 94
55 8
39 13
109 64
8 4
3 47
25 46
75 31
110 56
58 63
65 2
105 64
34 18
105 70
98 66
52 9
37 29
20 19
76 25
0 2
69 34
34 29
37 9
88 47
35 44
110 18
25 20
37 19
116 40
116 36
55 44
91 15
113 48
32 1
50 3
107 102
38 20
103 76
58 60
41 46
93 33
72 27
70 34
103 64
35 16
40 33
53 2
42 27
111 95
20 3
83 2
5 7
113 83
89 7
67 39
19 10
68 27
35 1
20 2
3 19
103 27
104 85
35 39
55 37
32 31
111 60
54 6
21 9
110 75
39 22
32 8
78 30
23 37
33 18
38 31
26 34
98 30
113 51
87 3
45 37
69 41
67 34
116 13
38 35
44 15
18 2
29 1
54 10
74 32
24 41
69 25
3 1
76 46
47 7
46 8
19 7
98 61
52 10
47 12
33 47
16 15
5 15
115 58
65 39
35 29
33 27
104 81
15 4
52 7
3 8
97 88
41 32
94 3
0 1
8 7
1 11
32 39
36 29
20 21
43 38
107 98
60 2
89 6
82 3
3 7
110 50
29 8
47 19
25 6
17 8
28 43
67 40
116 25
36 33
60 3
114 18
41 29
81 41
30 33
23 40
45 3
46 19
92 32
103 25
23 31
75 33
18 7
109 87
34 35
46 21
73 36
58 66
106 98
81 73
109 104
60 44
88 20
72 33
73 40
88 21
72 40
37 31
55 6
117 17
40 3
38 15
33 3
65 35
91 13
30 27
13 6
116 43
111 71
5 14
73 44
75 3
50 4
5 11
6 12
111 43
46 13
23 43
32 29
80 22
104 58
39 20
117 53
20 15
37 7
53 13
37 1
111 94
5 16
111 73
80 18
111 42
75 24
72 25
53 11
24 33
60 11
103 92
74 29
115 50
116 41
25 7
65 16
43 32
98 34
47 15
68 36
60 31
41 4
34 25
27 22
103 61
76 31
9 15
4 11
109 82
39 47
20 22
55 7
28 29
70 71
92 25
116 26
38 1
68 42
34 27
110 91
30 46
98 65
17 6
46 12
109 79
93 21
37 38
31 13
4 8
18 11
43 31
49 15
9 7
88 43
37 8
78 27
61 4
35 7
116 98
21 13
65 19
83 1
116 44
8 15
97 50
105 22
116 70
116 92
93 47
3 13
117 55
92 47
25 19
110 108
67 28
5 9
94 28
88 25
22 11
35 12
41 21
92 36
55 1
88 29
111 98
73 43
35 11
107 100
32 11
61 1
29 11
78 28
74 35
27 29
32 44
99 58
35 18
112 74
103 40
9 10
37 20
110 82
52 3
30 20
70 39
8 1
1 12
86 43
110 72
20 11
9 1
84 7
116 33
16 4
45 44
105 94
78 44
112 56
113 64
46 22
53 6
25 37
71 38
60 22
106 81
98 73
70 25
69 36
31 18
17 12
19 6
91 2
60 37
72 43
43 44
75 38
31 1
112 85
98 94
98 64
59 38
19 14
117 88
14 3
78 43
94 45
55 29
73 29
39 14
64 73
95 36
59 14
52 15
36 41
15 2
86 26
78 42
103 22
26 35
105 63
59 19
23 38
65 9
25 4
23 3
45 40
23 32
23 25
33 37
44 39
27 32
29 22
70 44
23 39
36 31
111 37
33 16
116 45
21 12
68 29
105 41
38 29
95 43
93 31
71 32
53 1
111 29
65 20
99 100
98 25
103 108
16 9
3 39
14 1
65 29
12 15
34 36
54 15
59 22
60 47
18 3
47 20
73 34
44 29
110 48
32 3
116 59
40 41
42 28
106 72
18 6
25 39
116 22
32 19
23 29
71 42
112 67
37 35
105 59
25 1
64 33
95 37
27 38
46 20
9 12
23 36
69 44
105 34
36 46
91 10
52 18
25 47
71 45
105 37
76 26
18 1
92 27
18 8
23 28
99 101
74 41
67 24
71 3
82 1
85 25
10 2
75 47
75 26
86 30
114 57
2 9
81 71
42 3
35 14
68 41
113 75
42 32
94 29
69 26
52 6
19 12
42 34
3 18
16 11
67 36
97 58
28 30
25 38
28 45
46 14
76 35
29 10
55 16
74 45
72 70
112 69
18 10
5 2
6 15
32 38
75 39
10 4
75 27
40 44
44 6
105 26
30 19
38 11
11 13
96 6
46 1
103 33
113 89
35 10
67 35
3 12
31 21
80 13
86 36
25 14
78 45
67 31
3 2
86 42
22 12
27 39
52 4
55 4
56 13
116 76
84 13
49 7
68 43
3 9
93 25
103 70
33 44
59 31
81 25
104 98
113 88
41 25
88 32
75 41
49 10
69 40
55 39
2 11
81 24
2 10
110 57
12 6
70 31
93 19
92 29
27 31
111 33
14 10
20 6
84 4
34 30
25 8
73 32
10 15
53 7
25 9
68 44
98 27
112 100
92 38
98 43
40 37
75 29
36 18
45 25
103 41
43 35
85 21
74 37
35 47
91 6
88 41
44 3
68 34
64 34
9 2
69 32
95 34
38 6
64 24
30 32
76 33
53 12
70 27
60 19
109 96
110 61
111 92
87 6
45 47
55 46
76 37
34 19
21 8
95 41
41 18
53 15
17 11
95 27
71 36
20 9
105 24
28 46
78 36
96 1
49 4
69 37
27 4
78 34
46 16
67 30
36 44
78 29
23 41
37 12
55 22
43 47
18 12
72 30
44 12
41 3
12 10
31 9
111 65
61 2
78 71
60 29
36 35
38 2
112 80
104 99
21 22
67 32
16 10
11 2
75 34
31 47
52 12
26 37
20 10
105 92
43 20
31 19
47 22
93 29
74 28
29 4
55 2
105 44
64 45
71 31
76 40
82 2
88 39
105 103
111 62
28 32
42 31
47 6
75 44
46 2
41 38
37 44
30 35
33 46
105 36
54 4
116 71
2 13
103 63
72 41
110 101
105 60
59 3
70 28
31 2
18 16
35 3
44 11
76 47
87 4
76 39
24 36
20 7
24 38
59 44
114 88
75 35
42 33
105 73
47 4
86 41
19 18
30 37
40 32
46 47
5 13
85 29
34 3
76 43
26 31
60 35
92 30
95 35
43 33
45 39
45 36
94 34
45 26
34 41
38 12
70 3
97 23
26 46
36 27
33 39
64 43
29 19
24 32
47 21
68 32
5 10
1 10
78 40
105 33
80 20
36 39
26 25
65 3
60 32
59 39
33 25
65 4
60 16
76 32
44 10
20 16
61 7
28 40
44 8
20 1
86 45
28 44
27 3
43 25
29 3
34 44
41 16
75 32
96 7
98 33
115 88
107 56
47 13
113 66
94 35
65 14
40 36
85 20
81 26
38 22
30 31
73 26
20 14
103 28
37 18
117 54
103 78
55 20
69 33
8 3
42 29
21 7
42 41
116 63
30 3
113 86
47 10
98 63
70 33
30 38
18 13
21 14
14 6
9 4
44 47
113 91
92 35
74 38
33 29
95 44
105 78
72 37
15 6
50 6
104 105
21 15
11 7
104 84
17 3
22 9
75 30
99 102
39 46
105 93
92 18
30 47
105 95
64 70
30 39
112 75
78 70
59 20
46 15
98 78
40 30
19 9
55 3
74 36
99 56
94 30
110 77
104 86
70 45
110 66
33 4
73 38
72 45
19 1
41 37
74 39
55 31
24 30
89 3
52 21
116 93
73 42
30 44
81 32
39 4
43 19
86 40
92 33
35 19
95 29
26 27
4 2
82 7
31 8
21 4
92 41
116 103
38 18
4 16
111 24
111 26
33 32
93 32
16 6
69 30
42 36
1 9
109 58
34 38
43 37
44 31
65 21
39 16
95 33
0 4
59 47
26 33
33 21
27 44
103 45
81 70
69 42
75 46
25 35
94 36
22 3
105 66
39 11
28 41
74 43
35 31
44 14
43 29
55 18
59 21
52 1
36 25
24 40
93 46
105 42
113 58
4 13
34 31
116 94
33 38
98 22
65 32
94 43
17 10
89 2
94 33
21 3
25 22
86 34
86 24
4 10
93 18
13 7
39 9
44 4
9 3
30 18
103 60
88 30
72 71
98 24
25 32
14 9
22 14
86 33
67 3
42 43
20 13
55 12
113 61
9 11
47 8
113 50
26 20
43 18
95 3
40 47
113 81
19 22
5 4
97 57
109 88
81 36
60 20
70 40
76 41
34 46
44 7
109 90
116 65
110 98
27 37
24 34
16 1
92 43
113 82
70 32
65 47
88 46
111 64
107 58
18 9
38 10
26 32
4 12
93 27
110 89
14 15
71 35
113 77
9 6
33 41
16 3
94 26
50 1
34 37
116 73
37 16
32 18
60 21
49 12
98 42
112 84
36 3
58 35
85 35
107 81
31 10
103 26
117 49
65 44
46 7
114 50
4 15
41 22
71 26
80 14
22 13
47 3
71 29
90 3
42 37
105 76
111 41
98 62
32 4
60 25
99 81
73 27
65 46
26 41
42 39
96 4
117 116
106 100
68 26
116 64
45 43
52 14
98 70
117 5
64 41
65 11
104 91
69 35
68 28
17 18
25 18
98 71
98 103
34 43
31 6
31 7
92 31
70 26
26 36
23 42
115 116
16 2
39 18
40 20
76 29
93 44
12 1
98 29
103 43
58 62
98 76
84 1
10 1
24 21
22 10
3 14
84 6
11 15
74 40
40 27
6 13
24 47
116 30
21 1
24 27
11 12
68 35
116 37
38 44
40 29
59 2
29 14
57 11
71 37
93 35
37 14
68 25
73 24
110 85
79 3
78 33
88 27
5 1
84 15
83 6
23 24
39 7
21 10
22 7
22 15
39 3
98 59
22 8
41 19
80 11
40 31
103 73
8 10
18 4
113 79
111 22
69 24
93 39
39 6
94 41
2 7
88 33
28 31
39 8
98 60
61 3
105 108
40 43
12 13
68 39
45 33
81 27
60 39
20 4
111 63
23 27
58 61
47 9
8 12
68 45
76 44
21 2
55 32
93 22
103 24
71 25
60 14
3 15
7 10
65 38
88 36
42 24
32 10
19 4
31 14
17 2
