21 15
38 0
33 8
30 9
16 4
18 1
8 2
13 17
27 9
24 7
25 6
38 19
28 7
8 1
38 6
13 7
21 10
18 4
5 9
31 9
13 19
30 8
23 6
22 9
21 19
26 9
19 2
27 8
27 7
20 2
30 7
29 9
31 8
21 6
11 6
25 4
33 4
17 2
35 4
1 2
13 8
31 7
8 4
21 7
32 9
33 7
3 4
16 2
21 18
0 1
38 12
10 3
36 4
32 7
20 3
21 14
4 37
0 3
17 4
26 7
21 16
12 4
13 0
22 6
0 4
22 7
13 10
20 1
28 9
38 10
9 4
32 6
21 8
11 9
38 20
5 8
9 1
14 4
16 1
5 7
38 18
34 4
7 4
13 20
2 1
15 1
2 4
18 2
19 1
12 2
32 8
29 8
1 4
11 7
13 6
13 12
26 8
21 20
11 4
17 1
13 16
21 0
10 4
21 12
38 17
26 6
15 2
38 15
13 18
19 4
27 6
12 1
13 14
11 8
21 9
28 8
24 6
7 2
30 6
33 9
5 6
9 2
20 4
0 2
38 14
29 7
25 8
21 17
38 16
15 4
6 4
23 7
22 8
7 1
35 10
28 6
13 15
25 9
24 9
31 6
29 6
25 7
33 6
24 8
23 8
13 9
10 1
23 9
10 2
