85 30
61 1
62 12
92 88
35 7
16 4
31 5
16 3
34 8
78 23
55 16
92 51
61 28
13 1
99 64
16 5
111 72
10 4
7 3
28 5
100 66
61 33
69 12
78 18
75 23
43 35
20 12
15 50
87 33
4 3
45 13
34 7
44 34
60 2
93 92
55 19
105 40
100 72
17 33
79 52
89 23
33 1
85 12
54 23
89 12
67 15
33 2
106 89
88 20
74 3
52 50
6 8
101 88
13 32
22 34
30 2
50 9
69 4
105 106
114 58
105 47
106 49
79 32
13 2
19 18
111 77
41 47
23 28
111 71
105 97
53 4
92 99
22 28
54 16
40 13
18 35
29 4
42 13
41 42
90 15
42 16
25 17
31 7
72 23
73 1
21 22
32 9
17 30
113 41
104 11
114 68
106 64
31 9
20 35
102 92
106 99
87 29
49 5
101 58
11 12
61 34
115 6
41 46
24 12
90 13
106 47
60 1
41 44
114 45
76 12
107 0
101 45
55 20
32 29
92 58
72 20
12 33
48 23
54 19
66 22
56 4
31 8
44 4
92 48
66 17
41 45
88 15
25 22
53 13
16 35
5 7
36 8
72 24
101 99
29 3
99 48
14 12
66 34
78 35
18 33
90 24
93 96
114 20
87 4
85 33
39 5
66 18
59 13
113 114
42 32
87 7
114 92
101 49
22 52
100 53
21 17
24 18
111 11
31 28
14 20
114 90
4 2
30 29
88 50
101 68
63 17
81 15
89 34
29 2
19 17
63 18
79 34
86 3
65 13
81 17
25 19
14 16
92 44
114 99
52 35
43 30
4 5
0 3
100 93
99 92
104 92
32 28
42 33
31 2
93 95
50 2
24 17
111 76
83 13
9 7
99 89
102 72
51 13
86 9
13 7
107 54
13 5
99 15
114 88
53 3
24 22
101 21
88 13
111 46
3 1
5 8
100 101
65 3
91 80
54 12
12 50
104 84
55 12
20 13
107 62
52 30
107 85
31 35
23 18
5 4
34 28
80 20
78 20
85 50
2 7
27 13
66 24
111 70
105 38
0 5
102 98
101 20
53 12
88 33
24 50
114 44
107 38
86 5
102 99
20 22
20 32
71 13
106 21
49 30
112 39
103 66
56 5
102 14
2 1
114 23
92 24
90 50
99 40
100 81
60 3
88 22
21 15
21 13
57 2
82 13
43 34
9 3
87 3
2 8
52 29
78 17
33 29
86 34
104 82
15 20
49 34
114 19
62 52
53 2
40 12
3 5
6 3
72 21
15 16
56 34
74 1
63 50
24 23
91 92
49 33
111 60
73 2
92 43
24 52
17 5
102 66
74 2
16 32
92 89
25 18
17 28
66 15
70 4
112 92
89 4
90 17
106 15
9 4
79 12
111 51
103 96
102 63
2 5
104 78
21 12
111 92
61 35
16 9
86 33
103 72
78 22
12 5
38 15
43 19
64 24
35 3
42 28
63 19
23 4
114 15
50 30
22 13
43 52
5 9
85 4
17 13
24 20
85 28
80 22
106 43
85 32
1 7
43 50
25 15
114 43
105 77
18 5
22 35
106 58
115 79
19 12
41 43
105 72
63 20
46 13
104 48
80 17
16 29
61 32
106 88
52 9
63 15
28 9
19 13
43 13
33 5
4 1
29 5
106 51
12 52
113 92
21 16
15 13
85 52
31 30
19 33
8 2
23 50
16 12
80 24
61 8
4 9
111 106
104 105
42 3
101 22
86 32
101 59
52 33
14 19
82 12
23 33
113 100
85 29
115 78
52 3
17 32
6 4
41 33
104 100
5 1
89 22
99 19
43 18
66 20
32 3
99 24
64 16
114 21
34 29
25 20
32 2
106 40
49 50
105 68
43 23
58 12
54 24
99 42
105 45
61 18
80 16
16 34
102 25
15 34
107 60
93 14
50 8
115 61
61 52
19 3
32 35
106 20
35 2
55 23
104 39
43 12
67 24
23 17
99 21
91 55
68 12
16 1
114 89
105 71
81 24
9 8
66 52
105 79
111 78
111 27
66 32
99 51
114 48
38 24
18 3
35 30
75 15
80 15
63 22
7 1
6 2
6 1
20 16
19 35
18 9
112 55
34 35
20 19
105 25
13 52
93 25
86 4
99 23
30 4
92 45
37 8
15 19
13 12
107 108
14 21
99 22
37 4
62 23
13 3
25 16
99 17
3 8
62 15
111 69
41 29
50 29
43 3
57 1
107 56
83 12
65 12
42 18
31 34
107 110
22 23
42 50
112 80
35 29
49 29
29 7
56 50
34 33
52 34
31 33
68 13
13 30
78 50
28 4
13 9
33 4
61 7
114 42
45 12
23 34
114 17
65 1
29 9
41 48
79 9
69 13
42 5
32 7
42 12
19 50
22 18
103 92
34 3
87 5
112 74
43 4
103 95
23 32
4 29
81 20
106 17
86 12
111 40
78 33
50 34
24 13
12 34
88 23
50 35
64 12
11 13
36 2
10 1
111 87
18 1
86 8
17 52
115 74
75 17
99 46
10 8
102 95
4 7
86 2
101 48
101 46
22 30
37 3
18 7
19 32
91 79
107 63
81 19
62 22
87 28
1 8
13 28
55 17
19 52
100 60
43 29
21 23
99 49
10 5
44 32
23 19
78 34
13 35
72 22
33 3
17 4
107 75
30 5
105 26
104 76
33 30
41 50
92 59
92 68
115 37
88 17
80 21
101 19
28 1
16 18
99 59
92 15
67 19
90 22
79 50
66 23
38 22
102 96
8 4
20 17
24 15
30 9
88 34
34 4
69 2
85 3
78 32
111 73
105 70
64 15
67 22
28 30
78 19
70 13
111 45
17 34
115 111
69 3
104 94
72 12
64 17
18 12
15 23
17 50
15 18
15 12
4 30
12 29
101 92
80 19
100 41
111 26
22 12
72 16
93 72
16 33
31 4
111 59
107 80
106 90
36 1
15 52
18 8
64 22
74 4
111 14
18 30
10 3
47 12
64 50
12 30
115 80
100 0
18 34
105 67
107 55
35 8
105 96
26 13
17 35
20 18
56 3
103 25
29 8
105 66
35 4
106 23
12 4
8 1
93 99
23 35
15 33
19 4
79 3
44 50
20 52
36 7
75 19
92 40
38 19
54 15
50 33
35 5
22 17
106 46
25 23
105 81
20 50
90 20
14 18
99 90
16 2
100 86
25 21
103 97
48 21
6 7
63 12
22 4
86 50
13 4
66 12
55 24
0 2
106 44
105 48
114 64
100 103
14 15
17 16
41 49
79 33
43 33
65 2
42 35
101 24
62 19
93 94
107 87
54 20
100 102
7 2
28 7
18 52
72 19
78 12
104 73
92 17
48 15
52 32
14 24
56 2
17 29
22 19
13 50
25 12
48 12
92 21
73 12
71 12
86 29
106 68
44 33
42 34
87 1
100 38
3 2
4 8
101 90
22 50
5 2
54 21
107 57
43 17
114 49
88 12
18 29
100 92
85 35
105 63
101 64
106 19
73 4
92 64
52 28
48 22
44 35
88 19
33 35
100 70
104 65
59 12
105 92
27 12
63 23
44 52
73 13
92 19
32 30
93 66
103 41
111 86
112 37
50 5
111 81
85 1
23 13
56 29
22 33
13 29
86 28
77 12
52 5
15 22
16 52
19 16
100 14
93 63
30 3
43 28
92 47
113 111
39 29
49 16
20 34
58 13
18 28
93 98
103 14
105 60
12 2
35 9
99 58
114 40
5 3
79 4
17 18
93 41
101 44
31 29
73 3
105 53
114 59
3 7
36 3
50 32
105 98
70 12
105 27
114 46
34 1
60 4
42 52
111 79
92 46
115 55
52 4
111 47
49 28
80 23
13 8
22 29
61 5
115 114
113 78
92 42
30 7
100 87
16 50
86 35
9 2
104 95
112 36
14 17
55 21
63 52
111 68
37 7
54 22
99 20
101 89
105 87
114 24
47 13
61 12
31 1
105 39
91 39
34 2
61 30
66 16
81 23
13 33
107 67
107 66
8 7
10 2
105 73
32 33
101 42
63 16
102 94
101 23
99 44
81 22
44 29
99 88
103 63
34 9
100 63
111 48
61 2
78 52
107 109
85 18
28 29
111 53
32 1
19 30
67 23
101 40
44 18
85 9
79 29
102 41
56 12
8 3
90 12
49 13
112 79
42 4
62 24
25 24
85 5
87 30
54 17
32 4
105 51
33 28
104 77
106 22
21 24
22 32
86 1
13 34
36 4
93 97
106 45
99 68
44 13
72 15
18 50
3 9
106 24
79 1
105 46
114 47
105 76
19 28
106 59
91 69
62 18
101 43
106 48
61 3
0 4
72 17
49 32
42 29
12 35
34 5
52 7
23 3
100 79
85 2
86 30
63 24
65 4
35 28
91 78
49 18
103 99
12 3
14 22
114 51
100 75
49 4
86 18
79 18
67 17
38 20
105 41
105 59
115 92
75 24
31 32
50 4
100 78
103 94
44 28
55 22
28 2
41 51
89 50
92 90
16 30
111 41
23 52
23 29
21 18
107 81
105 78
0 1
80 12
105 11
99 43
12 18
106 42
79 35
107 86
92 49
19 29
10 7
50 28
111 38
44 3
18 2
33 9
23 16
84 12
101 17
7 4
20 23
74 8
104 41
6 9
49 9
105 94
43 16
79 30
99 47
105 0
100 67
24 19
16 28
92 20
31 3
52 2
89 33
111 75
104 97
105 95
87 35
49 52
86 7
64 19
61 50
21 19
42 30
50 1
105 69
37 1
18 32
43 32
102 97
111 63
55 15
38 17
90 19
34 32
111 25
23 12
32 8
75 20
56 33
92 23
30 8
30 1
105 14
28 8
101 47
24 32
87 2
101 51
111 66
111 58
115 10
22 16
105 58
64 52
79 28
52 8
19 34
87 8
78 16
57 3
44 16
44 5
87 9
32 5
100 25
46 12
23 30
114 22
21 20
12 28
56 1
61 4
104 98
104 79
28 3
105 86
26 12
103 98
34 30
67 20
106 92
61 9
105 75
75 22
64 18
24 16
15 17
62 17
104 83
33 7
10 9
18 4
92 22
99 45
90 23
29 1
113 79
52 1
89 19
66 19
51 12
101 15
15 32
20 33
9 1
35 1
50 7
61 29
89 13
89 17
50 3
64 23
104 96
115 36
112 78
54 18
74 7
44 30
111 67
62 20
37 2
66 50
79 5
44 9
79 2
57 4
62 16
48 19
14 23
38 23
111 0
49 35
91 41
33 8
85 34
24 34
86 52
64 20
104 69
