49 9
30 3
27 9
28 20
55 14
2 14
37 3
19 4
27 4
39 8
52 13
25 13
25 12
30 5
39 6
44 12
32 5
32 10
24 3
52 6
31 3
50 5
53 12
26 7
55 3
31 14
10 20
35 22
19 13
29 3
44 13
19 10
29 13
24 5
13 20
30 7
24 0
29 8
52 10
37 11
27 0
37 4
50 14
55 0
52 5
52 7
27 13
56 0
0 1
26 6
33 4
38 0
23 3
24 11
50 9
2 12
6 20
50 10
27 5
32 9
55 12
37 8
53 13
53 0
14 16
27 7
36 12
13 12
36 3
25 9
19 11
30 0
2 5
33 14
39 11
53 5
30 6
2 8
33 12
43 12
38 7
36 6
25 5
47 57
56 4
47 0
44 4
19 0
37 13
31 10
43 9
47 4
26 3
43 4
27 11
23 12
37 0
38 3
24 6
29 0
56 14
20 18
2 3
25 0
23 4
32 7
26 12
50 7
36 13
7 20
24 4
44 6
33 11
29 14
53 14
47 41
52 3
25 7
56 8
2 13
27 14
19 3
29 7
10 22
30 4
50 0
19 8
25 3
36 4
32 8
29 11
53 9
51 22
44 10
24 7
38 14
52 14
44 0
50 4
23 7
30 12
47 14
31 5
2 7
48 20
26 13
47 48
26 10
55 10
53 7
26 9
12 1
43 6
43 7
2 0
38 10
24 12
47 28
31 4
23 10
33 7
29 12
47 9
31 7
29 6
36 0
31 0
2 4
53 8
56 10
8 1
52 11
37 12
23 9
18 20
38 8
39 14
24 10
39 0
32 6
50 11
55 5
25 4
45 46
53 10
19 9
18 22
25 6
53 3
33 5
43 0
43 8
29 9
27 3
31 11
50 12
27 6
33 9
36 7
43 3
36 8
38 6
55 6
31 8
31 6
31 13
56 9
53 4
52 8
39 7
38 13
27 12
52 0
44 3
2 10
23 5
32 11
43 5
3 15
26 4
56 5
56 3
43 14
11 1
26 8
29 5
55 7
55 9
44 5
30 14
36 11
23 6
25 11
15 18
54 20
2 11
2 6
26 5
32 0
25 14
43 11
3 16
45 47
25 10
47 11
23 8
32 13
38 11
36 10
38 5
38 12
37 6
27 8
26 11
36 9
25 8
47 13
39 10
34 35
37 10
19 12
38 9
55 11
28 22
56 12
23 14
41 15
24 13
30 9
2 9
41 20
49 22
20 17
37 14
43 13
23 0
38 4
44 7
53 11
56 13
33 6
44 9
27 10
39 13
52 4
19 6
29 10
53 6
32 12
47 49
32 3
19 14
39 9
55 4
43 10
23 11
44 14
24 9
32 14
47 46
15 17
44 8
14 42
31 9
47 16
40 20
24 8
21 22
44 11
32 4
33 13
39 3
55 13
36 5
30 8
39 4
50 3
33 3
55 8
30 13
36 14
30 10
35 20
26 0
41 11
39 5
56 7
29 4
47 54
33 0
49 11
13 22
22 1
37 9
26 14
19 7
39 12
50 13
52 9
33 10
50 6
37 5
19 5
52 12
42 40
23 13
56 11
33 8
24 14
31 12
37 7
45 16
49 3
30 11
56 6
50 8
