99 46
124 41
132 39
41 3
95 80
22 43
128 24
23 7
121 49
29 2
46 45
129 54
130 32
43 25
136 106
9 26
97 23
148 72
73 10
33 47
111 87
110 1
10 30
38 21
8 38
83 43
89 53
124 43
112 5
26 37
39 45
88 71
129 79
121 38
86 38
52 26
9 43
112 1
121 10
6 40
86 41
35 4
126 38
49 3
2 11
90 84
124 44
91 43
85 26
126 54
39 17
31 36
35 19
90 39
84 38
143 134
88 84
68 1
48 33
124 2
54 2
129 29
80 8
3 27
23 8
116 81
145 67
84 6
8 28
56 44
148 119
11 19
24 23
96 3
129 34
54 25
79 54
79 32
97 3
145 117
98 52
52 54
124 4
146 81
22 21
84 2
130 46
56 25
12 9
113 4
9 32
139 86
26 19
121 45
46 42
85 29
52 11
47 13
79 49
80 88
79 25
47 18
53 49
127 43
147 101
24 3
87 1
130 8
126 48
133 52
28 27
130 24
54 49
63 1
81 38
128 80
140 70
132 37
12 10
122 3
132 5
1 5
68 19
145 76
39 32
90 8
110 8
34 25
44 26
9 29
49 34
47 32
71 2
38 34
17 7
4 20
127 10
114 3
127 24
93 3
4 27
34 23
40 17
98 71
52 32
69 20
81 46
144 57
38 18
31 40
33 17
85 39
72 6
81 39
33 5
125 52
43 36
98 87
92 11
36 6
125 49
97 11
142 138
99 85
8 35
1 17
139 128
24 28
25 4
97 29
86 54
87 29
126 26
131 1
78 83
106 88
101 10
114 10
100 10
2 42
85 45
123 10
1 40
7 13
94 83
151 74
48 42
140 101
35 8
113 10
71 1
101 81
85 5
97 35
133 9
11 40
99 53
96 7
0 2
129 31
25 32
148 61
130 6
70 24
54 28
38 24
67 6
124 29
124 5
146 85
71 3
151 81
8 4
86 43
139 75
9 10
29 28
97 5
89 43
146 83
7 19
141 49
3 40
131 2
8 1
77 3
10 32
66 2
56 32
89 79
80 85
146 76
101 41
54 34
22 29
71 30
70 45
28 3
43 23
53 46
147 16
97 45
68 14
67 4
41 29
46 4
121 35
132 49
141 88
99 9
3 1
34 7
67 5
17 19
39 1
48 6
134 43
80 82
112 14
24 40
85 23
95 9
100 49
103 8
50 32
111 84
145 119
23 11
151 136
130 13
137 101
113 7
121 54
149 121
49 36
121 37
26 40
45 21
71 7
89 90
47 6
104 82
121 17
103 34
84 28
89 39
31 29
44 21
67 11
47 20
22 7
48 28
41 36
88 38
44 45
145 77
144 61
109 3
96 6
114 11
82 87
22 24
17 11
54 3
121 48
101 80
84 53
94 81
141 81
81 2
78 2
41 44
124 21
79 1
125 81
100 88
105 9
103 81
84 79
124 30
114 2
122 7
131 40
82 53
39 42
33 32
41 21
32 45
10 29
49 46
8 21
38 42
85 7
18 21
128 31
80 24
56 34
99 39
115 11
90 10
24 29
38 14
36 14
151 71
22 5
31 1
31 34
59 3
43 29
13 14
60 1
34 6
78 85
105 1
33 25
49 17
151 72
24 37
0 4
49 48
128 81
89 85
146 30
111 54
136 133
136 104
146 80
146 39
91 10
134 88
129 39
142 134
125 44
87 4
71 26
2 38
50 24
4 21
8 32
151 73
145 138
81 10
104 31
44 13
54 7
22 3
148 67
22 47
37 5
56 36
127 31
128 41
34 36
6 20
103 46
141 80
37 28
78 82
130 2
28 19
54 35
139 30
145 105
102 48
99 80
145 65
127 34
30 11
139 82
35 6
104 87
13 27
121 24
145 62
140 137
14 17
31 28
3 11
27 5
12 4
25 7
134 85
98 86
50 2
131 25
52 48
67 8
128 84
39 3
32 21
26 47
126 30
95 84
12 8
44 36
9 54
41 20
8 18
12 1
47 23
126 39
130 7
123 8
37 21
89 8
36 8
15 11
126 37
2 28
86 35
77 9
32 17
151 133
31 46
38 47
101 2
79 38
26 28
126 71
39 35
8 26
141 53
97 7
103 80
56 21
130 48
70 75
129 48
63 7
9 44
111 86
53 14
151 102
124 40
23 4
133 79
41 1
51 6
30 45
75 84
128 39
100 84
24 5
55 5
141 73
101 8
88 79
100 53
29 33
53 5
103 38
132 1
141 103
136 132
56 37
45 19
53 18
106 31
6 11
88 34
12 5
121 11
104 29
55 18
148 105
144 65
41 14
39 40
86 53
150 70
10 47
22 18
90 79
79 47
2 27
80 2
86 46
82 54
37 6
124 25
127 4
51 3
87 37
79 2
28 5
8 24
48 3
146 106
21 14
37 45
147 12
24 11
89 86
94 82
29 14
139 49
94 84
137 134
9 25
49 39
24 26
88 48
121 7
22 32
56 20
136 72
147 15
48 21
66 10
22 42
23 42
86 79
87 36
100 71
2 49
90 52
142 61
29 45
129 43
86 9
39 11
133 71
44 20
140 130
99 31
3 45
46 27
111 52
31 18
142 111
82 34
32 40
4 19
145 52
71 25
122 4
6 19
60 2
121 30
24 4
133 10
31 33
64 20
8 13
104 9
46 6
30 5
126 52
80 35
68 11
145 114
60 8
43 3
151 83
65 23
106 90
128 85
11 18
31 8
10 1
148 118
40 21
86 49
102 49
145 130
113 9
86 34
56 8
71 43
112 7
131 13
117 86
90 87
69 7
2 36
87 41
103 48
3 47
145 112
115 14
145 118
135 121
97 32
94 71
38 48
40 6
44 19
52 41
9 47
1 20
140 51
31 21
49 38
18 11
22 25
127 84
49 30
127 36
52 18
67 13
145 72
128 87
7 21
84 3
71 32
140 105
102 43
54 43
104 52
121 27
126 53
89 10
5 20
141 86
101 31
91 84
67 9
59 4
111 83
22 46
6 1
18 6
49 8
129 26
103 53
124 23
148 101
83 79
34 13
106 79
63 19
10 13
146 74
0 1
79 6
25 5
3 37
46 13
41 45
81 34
27 4
53 29
38 1
32 42
111 82
14 18
29 42
139 89
95 79
126 36
85 40
89 87
104 8
127 29
145 113
134 10
65 45
141 133
88 54
146 133
43 14
148 114
74 10
62 9
85 49
84 52
122 10
29 11
127 46
152 64
74 8
137 138
77 10
124 13
48 7
92 3
127 3
71 54
87 31
29 6
48 1
10 54
64 42
11 17
36 5
124 7
128 49
130 31
36 25
62 8
41 27
12 3
131 5
126 4
101 9
141 126
75 10
121 44
49 23
9 37
102 53
28 45
130 45
53 1
101 82
26 14
2 7
133 7
126 44
121 47
22 14
116 90
144 70
63 13
114 7
127 8
79 30
2 8
49 33
49 1
52 49
91 85
46 20
95 90
124 35
133 85
130 18
102 10
146 139
98 80
130 20
145 66
92 14
64 17
25 40
129 85
43 35
52 7
102 9
97 36
10 52
90 88
69 21
31 23
145 121
95 87
38 2
29 37
124 45
30 7
46 11
13 40
47 11
88 81
55 6
145 136
148 93
30 4
129 9
34 40
92 7
116 85
80 38
98 54
48 32
85 3
117 71
25 21
31 7
101 71
101 34
130 30
87 35
26 3
125 43
54 36
124 37
54 46
49 42
45 20
148 77
53 7
105 13
35 1
81 43
50 20
30 2
56 6
43 38
89 82
81 4
56 19
47 42
85 47
48 13
44 28
99 54
131 4
53 13
10 38
114 4
148 111
50 14
148 95
121 40
151 80
48 47
90 81
136 126
39 44
131 30
88 53
151 104
121 2
134 87
110 7
2 37
45 13
105 5
52 53
86 48
121 43
53 11
73 8
95 71
102 38
51 1
71 48
124 47
140 142
24 18
56 40
49 9
106 44
0 6
129 2
2 23
43 33
34 21
22 38
100 2
71 39
99 88
88 10
125 31
3 13
71 28
85 13
90 9
131 14
34 28
22 44
26 42
127 35
28 4
81 33
25 45
148 24
129 4
38 25
152 24
47 17
94 10
54 8
80 49
81 8
139 84
91 52
34 35
27 6
28 6
125 24
4 1
10 2
96 5
10 41
92 6
41 13
35 18
34 42
48 5
12 13
48 36
129 41
33 14
102 84
17 20
83 49
151 75
135 59
52 5
2 40
88 52
55 20
41 4
104 84
127 71
124 26
33 2
122 2
31 27
97 38
54 41
89 88
37 11
86 52
43 30
35 42
124 8
81 54
88 4
150 136
85 46
85 35
109 10
75 81
71 44
41 23
52 17
141 30
140 136
18 13
31 24
145 95
94 52
80 53
9 45
53 2
92 2
40 14
145 122
87 24
130 34
9 34
31 5
12 11
134 82
143 94
103 87
102 54
69 6
147 124
30 28
144 77
35 14
132 23
30 1
29 3
103 88
113 5
56 14
151 66
52 8
34 1
111 79
124 42
59 8
42 11
49 31
136 90
97 49
106 84
116 82
79 23
85 53
48 30
41 35
104 85
97 40
43 20
97 8
20 6
41 30
141 104
133 4
84 10
149 58
148 130
148 97
147 116
106 10
126 46
64 18
7 18
146 49
151 37
84 49
46 34
33 3
43 8
107 32
91 49
125 53
36 13
136 84
130 27
31 6
83 54
27 21
105 7
39 6
10 24
9 35
50 38
8 25
130 5
67 10
43 26
46 33
78 89
42 7
38 8
125 82
147 91
136 75
26 6
38 23
66 9
77 5
39 21
101 52
49 6
65 32
103 10
3 5
71 6
144 119
31 32
90 86
98 39
141 75
25 17
32 13
97 2
54 40
132 53
82 8
33 40
97 10
132 7
127 48
42 18
80 29
147 96
131 23
121 29
126 28
94 86
85 37
42 17
147 99
127 39
48 23
84 46
50 40
139 133
122 13
36 28
104 41
128 86
43 24
81 31
127 33
8 47
104 54
139 39
134 41
22 40
146 66
83 53
34 27
144 140
1 21
56 41
72 7
26 2
49 18
136 139
39 41
97 14
152 69
79 37
8 5
60 4
84 4
149 136
151 89
8 41
39 4
33 7
53 54
133 8
103 52
50 23
90 49
21 11
56 13
94 87
152 56
134 29
4 45
31 17
100 38
99 81
111 80
40 20
139 88
2 18
48 2
84 24
150 148
89 9
141 72
95 89
2 41
46 35
52 30
29 1
132 2
77 11
6 27
43 44
10 28
38 3
106 85
130 35
26 30
6 47
72 9
99 8
61 8
41 48
148 76
2 21
80 54
28 11
109 8
98 79
33 21
85 30
24 42
31 42
43 6
71 34
132 29
29 26
3 14
106 54
85 54
145 75
140 50
46 47
142 101
116 71
100 9
81 36
90 29
104 24
135 77
28 20
87 54
52 36
24 17
73 9
24 30
113 1
91 54
86 10
20 5
18 7
132 8
128 54
92 10
126 41
48 17
146 103
25 27
24 1
87 47
127 53
87 33
125 34
50 35
36 45
88 35
22 33
132 32
9 30
117 80
46 18
143 61
146 84
130 9
79 71
49 20
56 29
95 86
52 29
148 108
126 35
38 20
52 1
50 11
33 4
100 81
121 28
37 32
7 23
77 7
2 25
32 6
41 42
56 23
121 8
94 80
52 44
31 25
49 27
38 40
49 29
129 24
44 1
3 28
146 88
52 31
86 71
148 50
49 7
21 3
17 18
11 21
9 38
89 24
9 4
100 80
33 8
79 52
143 136
80 46
148 66
79 43
61 4
39 48
53 41
99 49
56 47
50 13
149 32
48 37
6 42
131 18
24 13
79 36
51 5
82 36
104 10
44 5
34 20
100 87
10 53
117 87
114 5
10 23
28 23
94 2
41 37
29 35
119 8
85 2
85 31
29 48
49 37
69 11
113 14
151 82
137 139
41 17
75 9
38 19
7 47
88 85
139 72
87 8
9 33
52 2
94 85
39 34
33 11
88 87
71 8
1 13
10 44
139 81
110 2
137 94
31 44
85 6
131 28
64 6
45 17
44 33
13 17
115 1
117 89
132 24
14 19
50 10
100 82
18 4
45 8
22 37
124 36
121 39
64 19
128 38
107 40
79 39
151 79
125 48
148 70
2 31
102 29
106 9
125 8
21 1
79 45
3 23
98 2
40 7
101 85
49 4
127 87
75 86
141 102
146 89
149 65
145 74
78 90
19 14
148 112
22 10
148 22
99 79
43 31
20 19
30 27
81 53
151 85
39 37
139 87
103 82
2 47
124 49
21 6
131 19
100 46
20 14
128 88
84 47
44 8
8 20
125 39
33 1
150 60
131 27
135 57
77 8
8 34
75 79
111 90
82 43
43 17
49 25
3 6
39 5
22 30
79 5
27 42
87 46
41 11
86 82
101 43
43 10
35 36
125 38
91 87
0 7
22 39
87 6
44 25
95 85
134 31
90 2
100 43
111 71
18 19
95 2
97 1
29 13
103 71
124 20
88 29
106 80
147 138
134 52
48 11
127 54
64 1
101 54
52 45
120 6
136 102
31 4
46 26
17 14
3 21
80 44
117 84
33 6
141 129
47 7
35 47
79 48
38 44
144 136
26 7
59 11
43 2
104 88
2 30
0 3
26 27
12 7
24 47
90 31
8 31
87 38
148 136
37 40
72 3
85 8
10 34
78 43
99 82
130 47
146 75
55 21
144 118
35 26
63 5
5 11
134 48
129 44
128 8
82 24
10 5
5 27
83 87
94 9
71 17
76 8
22 49
134 84
113 8
122 14
38 7
108 2
148 51
53 17
102 44
44 32
81 87
49 47
33 42
124 31
88 41
69 4
102 24
86 88
85 25
151 53
43 46
54 27
18 5
50 8
38 11
24 45
81 30
112 8
128 29
125 29
7 11
105 6
18 14
68 6
79 41
2 3
89 54
4 30
8 40
151 90
46 29
133 38
105 3
12 6
127 2
152 55
124 27
47 5
87 5
140 95
81 9
118 9
128 52
88 24
1 19
84 34
52 37
55 3
85 33
51 7
131 37
83 84
87 39
40 27
90 38
56 48
26 4
54 45
75 89
129 84
78 8
71 5
136 86
130 28
32 18
89 38
139 76
64 5
85 36
27 13
26 13
146 79
106 82
44 40
71 53
115 6
150 140
25 6
44 27
152 151
24 27
81 35
1 11
79 7
152 68
29 19
126 87
37 19
44 2
130 21
144 121
36 26
109 9
51 4
26 17
39 46
124 46
32 27
101 87
121 25
136 93
84 43
46 21
89 52
77 6
37 20
104 80
46 14
134 80
127 52
151 106
113 6
125 2
103 24
125 41
136 66
42 3
56 7
106 48
133 39
128 48
85 14
98 90
136 37
56 3
147 131
101 38
5 21
78 31
132 45
41 6
49 26
141 79
45 5
90 43
99 43
147 130
35 23
77 4
122 11
97 9
24 36
146 127
38 30
26 23
80 79
82 48
87 34
103 85
133 84
25 28
7 5
145 93
91 88
41 28
93 2
125 35
34 32
53 26
39 18
22 1
4 11
132 10
131 6
75 87
97 13
72 1
145 101
139 108
128 2
11 14
40 19
69 13
5 23
121 9
54 42
134 71
131 11
136 53
73 2
45 23
134 24
56 26
119 9
45 42
83 9
89 29
42 21
98 53
9 36
39 24
106 39
101 88
90 54
1 27
43 40
79 35
145 61
85 52
28 1
64 7
87 23
101 79
23 20
126 10
71 23
115 5
7 17
90 80
124 9
103 86
54 21
72 2
136 74
55 13
147 100
24 35
130 23
131 47
145 120
63 14
17 6
27 20
84 8
141 37
78 84
71 36
83 71
78 52
53 43
9 53
44 14
31 10
55 14
104 81
117 81
144 114
52 24
104 79
33 45
148 60
95 52
81 71
141 87
34 45
31 47
23 6
61 10
47 21
84 54
77 13
117 24
54 4
10 36
108 9
41 5
35 37
60 6
112 6
111 2
39 38
95 53
82 4
23 40
52 34
144 138
24 8
71 31
87 85
30 8
106 41
39 8
97 24
94 90
52 27
139 53
84 26
146 104
63 6
48 19
91 86
17 1
98 9
49 41
54 44
71 49
77 14
22 8
113 2
9 24
45 4
93 8
106 49
56 18
36 42
117 39
37 4
1 14
136 80
116 79
72 10
84 87
101 24
147 50
8 44
25 20
89 34
114 13
50 21
99 38
90 46
79 31
26 11
85 43
111 81
0 5
107 11
46 23
54 31
34 5
64 4
22 4
7 20
141 39
134 8
79 4
25 8
41 18
110 11
9 48
39 14
91 8
72 11
112 4
52 33
100 90
48 14
146 90
36 21
23 21
121 34
128 79
53 31
129 8
132 4
79 3
121 46
116 84
2 32
53 40
122 9
6 17
127 49
140 109
47 3
24 6
83 86
141 132
92 1
49 28
50 45
59 7
17 5
44 37
105 2
8 23
51 40
103 54
27 18
38 4
148 134
9 28
4 32
115 10
85 28
69 3
117 85
134 9
83 10
54 23
87 30
84 29
87 3
83 85
78 80
128 10
89 2
147 97
35 5
98 82
35 17
97 37
51 14
80 52
136 128
36 27
113 3
43 21
149 68
46 40
86 29
122 5
40 13
140 94
3 7
45 3
41 2
102 82
59 10
67 7
36 7
131 33
49 11
5 19
32 4
103 44
136 103
2 14
134 44
39 47
34 33
110 10
91 2
88 39
31 38
39 20
7 27
53 25
136 73
42 14
143 138
83 52
41 34
81 26
69 5
151 127
139 71
82 31
9 46
7 40
122 8
25 13
98 24
130 1
140 97
131 42
88 26
71 33
148 62
149 60
49 24
125 54
147 125
85 38
121 23
99 90
41 8
121 13
32 11
31 13
102 87
37 27
37 47
111 9
28 8
95 83
120 4
2 5
34 37
42 5
98 84
110 6
114 9
39 36
29 21
136 108
104 2
99 24
110 5
14 21
35 45
5 40
8 14
29 23
23 13
43 27
149 24
111 89
9 7
146 132
10 3
8 37
145 134
44 35
30 19
8 46
3 19
82 29
54 18
79 29
59 14
40 4
139 93
28 14
38 32
8 33
109 7
45 6
52 43
134 54
94 54
84 33
101 44
84 71
140 117
82 10
91 71
148 117
77 1
112 2
84 39
71 29
127 9
86 24
152 60
34 48
44 30
20 7
121 14
133 30
46 48
136 85
47 27
121 6
147 110
97 4
30 37
145 97
101 39
125 84
53 10
136 89
95 54
91 79
37 18
115 8
38 5
24 21
34 26
22 26
102 46
146 53
27 7
80 39
38 45
10 35
55 7
141 128
47 4
136 39
107 45
142 94
45 14
18 20
34 3
136 88
118 2
28 17
145 92
102 71
35 7
29 5
41 7
140 134
9 49
81 79
2 17
87 43
121 21
32 3
139 104
56 4
31 11
44 6
36 30
22 31
34 19
34 29
2 1
100 39
96 19
104 71
47 19
126 85
146 37
147 0
132 71
48 45
100 41
79 28
130 37
38 36
100 31
90 44
2 34
96 20
122 1
123 9
82 49
49 35
149 63
71 46
130 33
32 20
2 26
82 84
13 18
6 45
133 49
10 33
108 10
9 41
71 40
45 1
148 116
136 81
36 47
117 82
85 1
43 5
79 46
51 20
31 26
70 29
0 8
81 84
80 71
126 7
98 38
82 33
40 3
112 9
58 14
8 7
82 35
140 131
53 39
39 29
70 72
82 38
104 49
85 41
11 27
0 9
91 9
98 8
30 18
83 80
49 14
26 1
84 45
134 46
3 42
36 40
34 47
29 17
129 46
64 11
50 7
36 19
84 48
132 6
103 31
90 71
71 42
25 47
47 40
91 89
125 87
10 48
36 2
101 29
79 24
39 7
100 86
85 24
148 146
76 9
38 13
42 20
44 48
92 9
17 13
52 3
137 70
119 10
141 90
25 42
121 33
51 11
75 90
87 53
31 48
145 94
102 2
99 87
22 23
135 60
2 13
136 23
135 70
54 14
69 1
46 3
45 7
44 23
62 2
121 32
143 139
81 52
112 13
130 17
38 41
145 73
131 21
141 106
106 46
88 31
148 92
10 31
71 52
4 37
125 79
136 82
142 70
100 52
50 3
27 17
8 45
148 59
128 71
144 75
106 52
125 36
52 4
131 20
23 18
130 4
81 41
25 11
139 129
82 39
25 23
128 43
34 18
127 41
96 1
90 82
33 27
100 79
80 81
139 23
132 36
101 46
147 51
116 86
128 82
21 13
131 17
151 30
78 79
56 35
104 90
55 11
6 23
2 29
52 46
98 85
37 13
79 44
28 32
43 1
139 83
144 112
49 44
8 27
51 13
86 39
6 13
35 2
43 18
31 35
26 8
71 41
151 23
22 28
5 17
56 1
37 42
8 42
132 30
86 31
38 27
48 40
128 46
131 7
91 31
54 29
43 9
125 88
80 10
1 23
126 24
60 9
53 32
133 24
49 32
145 59
2 43
101 48
34 30
141 93
91 81
54 1
4 18
124 38
139 90
81 48
29 27
110 4
79 34
131 45
99 52
116 87
48 27
98 43
17 21
116 88
43 7
20 1
68 7
40 11
17 4
53 36
87 71
55 1
32 14
141 76
145 70
106 43
94 89
43 11
9 3
2 6
114 1
124 39
78 71
53 47
141 85
43 28
78 10
56 2
147 107
83 39
86 87
54 13
146 126
53 45
22 6
5 13
28 40
143 111
4 28
78 88
64 21
47 14
34 14
83 82
106 24
137 61
35 27
136 129
21 5
71 45
26 20
148 120
100 54
146 128
35 11
37 7
136 79
29 36
124 48
48 4
127 79
22 41
117 79
38 46
116 80
53 35
84 37
41 32
18 1
136 87
99 84
71 38
10 40
130 10
8 11
52 6
22 36
43 37
7 45
84 7
129 35
143 95
141 82
39 13
100 24
125 71
83 81
50 6
82 41
41 33
102 41
124 3
53 42
102 79
51 19
8 36
66 8
23 14
69 19
81 44
106 71
112 11
1 42
100 8
82 9
28 7
148 73
42 6
79 85
129 82
44 11
38 35
70 38
99 10
3 32
139 127
43 34
3 20
88 44
85 71
106 34
94 79
13 20
139 85
130 26
22 48
57 2
27 3
38 6
128 34
4 23
87 10
54 9
101 86
130 40
115 7
152 148
61 9
137 136
82 46
103 43
141 84
82 44
76 10
46 32
22 9
86 44
84 30
103 84
36 18
44 4
80 31
41 40
49 5
9 52
59 9
117 90
132 38
67 3
22 35
135 136
111 10
23 27
151 132
22 17
117 88
134 49
8 6
90 24
85 48
124 11
132 3
147 117
139 79
103 49
38 29
121 3
42 1
46 7
100 85
34 44
139 73
3 17
44 47
102 80
90 85
9 2
126 43
27 1
54 26
42 4
84 31
151 139
96 11
151 126
35 30
120 7
46 2
78 49
54 30
54 33
51 21
95 81
30 21
56 45
39 23
30 33
124 34
46 5
49 10
24 32
24 7
152 23
125 10
139 80
99 71
82 52
102 88
129 52
81 24
145 131
95 88
43 32
43 47
89 84
31 41
126 33
57 9
10 46
35 3
48 26
6 32
144 115
20 11
103 2
91 90
107 23
29 8
129 53
87 7
126 49
101 84
37 23
92 5
105 11
125 26
87 25
105 8
130 41
98 81
111 88
134 86
7 42
67 2
71 13
90 48
141 74
35 20
99 89
22 2
139 102
52 23
92 4
2 48
128 44
29 47
135 65
68 5
146 86
18 3
141 71
80 43
34 2
60 3
84 32
133 87
10 4
31 20
141 108
46 1
104 39
36 20
32 19
4 14
129 49
27 14
84 25
106 38
130 11
137 111
148 113
101 53
29 44
52 10
38 17
64 27
38 28
136 83
53 9
151 103
71 27
46 25
97 30
44 17
145 60
30 23
96 4
104 38
136 71
36 17
72 5
87 26
53 4
90 41
4 13
145 111
151 76
30 40
97 21
24 14
69 18
35 25
6 21
2 44
2 33
32 7
127 26
98 88
52 25
106 87
87 28
151 84
80 41
115 9
104 86
124 17
136 49
33 37
129 87
126 79
130 3
89 80
26 18
20 13
129 36
98 41
54 38
37 1
124 1
28 47
4 25
5 42
83 2
52 35
146 102
134 53
78 9
146 72
53 3
148 96
114 8
139 136
98 46
125 9
39 28
29 25
28 18
60 7
133 3
151 87
125 46
136 127
52 40
86 84
24 19
92 8
75 80
22 27
7 6
79 33
22 45
52 14
48 8
64 14
35 21
78 53
85 4
124 28
28 21
102 8
147 78
72 4
88 46
126 3
37 14
53 33
26 32
11 20
148 94
49 13
36 33
134 34
47 8
7 32
12 14
102 39
121 36
140 96
83 31
96 13
67 14
148 131
48 35
54 24
142 136
141 23
85 44
70 74
131 32
41 25
70 76
36 3
91 82
104 43
13 21
88 43
26 25
5 14
82 30
129 71
41 26
110 9
10 49
57 8
134 38
126 84
28 13
23 19
93 4
26 5
70 73
50 37
22 13
71 37
53 8
43 48
87 52
39 27
144 123
10 45
43 45
50 5
124 33
46 36
89 46
31 37
74 9
55 19
53 44
145 108
41 47
139 106
46 41
54 11
106 86
124 32
52 38
82 85
80 48
44 18
93 9
17 3
87 48
130 25
30 32
146 82
91 80
56 27
59 13
26 21
27 11
134 39
46 19
31 14
82 26
127 30
34 17
46 8
124 18
144 145
54 37
104 34
14 20
56 5
78 54
7 1
104 48
148 57
60 10
142 139
32 23
123 2
38 26
29 7
50 36
95 82
145 57
125 85
42 19
25 1
92 13
44 7
89 49
0 10
107 37
85 27
151 93
89 71
4 42
37 8
6 5
121 41
88 9
127 44
83 88
102 34
56 28
4 47
24 25
145 96
24 33
145 109
38 33
113 13
24 41
32 5
59 2
71 4
145 51
72 14
74 2
81 29
118 10
102 31
94 53
82 3
37 17
110 3
71 35
146 71
70 71
86 81
143 70
35 13
52 47
54 17
33 28
10 43
30 20
115 3
48 25
121 5
97 6
43 49
129 38
115 2
50 30
133 29
113 11
7 14
130 44
142 95
109 2
139 37
31 45
102 81
146 108
124 14
105 10
91 83
95 10
25 18
29 40
52 13
78 87
36 1
101 49
112 10
53 23
94 88
88 82
90 34
33 20
115 4
24 2
8 30
103 39
96 14
53 34
84 41
43 4
53 6
139 132
53 37
39 25
134 2
130 29
126 2
39 30
52 28
24 20
29 20
88 8
148 122
25 19
16 11
50 4
30 25
121 18
88 49
124 10
140 111
81 85
126 25
65 40
100 89
97 20
47 45
46 28
12 2
53 30
151 88
31 3
120 3
134 81
145 24
63 11
83 90
10 8
65 11
33 19
130 42
83 89
84 44
152 63
145 22
0 11
27 19
38 37
8 17
78 81
40 42
130 36
99 41
28 42
126 8
50 29
126 29
3 18
34 4
59 5
87 79
46 30
53 28
81 3
56 33
126 34
144 113
14 27
56 30
103 41
103 79
31 2
130 38
37 25
133 53
121 1
133 37
9 31
36 32
68 13
82 71
87 45
79 8
124 6
128 90
53 38
120 10
45 40
104 44
111 85
80 87
48 18
120 8
43 41
39 33
49 2
130 14
141 127
116 89
82 79
33 23
54 32
49 40
72 13
80 84
89 41
127 38
33 13
45 18
129 10
139 74
146 87
84 35
84 85
64 13
40 18
54 10
4 3
26 45
61 2
135 24
67 1
4 5
148 109
4 7
32 8
96 21
9 6
146 136
87 32
64 3
151 108
141 136
71 47
72 8
147 98
137 95
87 44
26 33
4 17
89 81
140 141
139 103
104 53
109 4
106 81
84 36
106 29
33 18
140 143
128 9
49 45
42 13
30 3
121 42
131 3
105 4
46 37
141 89
53 27
145 50
9 8
90 53
79 26
146 129
40 1
102 85
98 31
141 66
146 93
56 42
132 40
86 8
119 2
136 30
10 37
35 32
30 47
36 37
10 25
106 8
115 13
141 83
62 10
146 23
99 2
120 2
53 24
86 80
41 19
8 29
48 20
49 21
98 89
143 101
88 2
39 26
148 74
44 42
102 52
45 11
58 19
23 5
29 18
54 47
21 19
86 85
69 14
54 6
54 48
134 79
21 7
78 86
59 1
122 6
120 9
150 151
85 34
77 2
140 116
151 129
23 17
79 53
103 29
132 52
131 8
151 128
83 8
133 36
43 13
55 4
46 17
87 2
129 81
43 42
36 11
86 2
2 24
98 49
8 3
30 14
56 11
50 1
30 42
98 10
85 32
91 53
121 31
37 3
22 20
47 1
106 53
124 24
52 39
76 2
36 4
10 7
127 85
10 11
133 35
150 121
36 23
6 14
13 19
2 46
4 6
29 30
30 6
52 42
103 9
151 49
126 31
148 121
144 24
148 75
32 1
35 33
133 2
23 1
11 13
21 20
121 4
34 11
140 121
52 9
106 2
114 6
145 146
102 86
146 73
80 34
132 35
29 32
151 39
35 40
111 53
71 24
116 24
30 13
151 86
25 14
112 3
22 34
82 2
81 49
23 3
139 66
136 76
34 8
44 3
108 8
128 53
104 46
53 48
59 6
145 116
126 9
30 17
89 31
141 139
35 28
139 126
93 10
80 9
88 36
152 121
57 10
121 26
99 86
2 45
25 3
152 136
31 30
22 11
87 49
81 82
54 5
40 5
2 35
10 6
45 27
4 40
56 17
29 4
2 4
116 39
