25 1
23 26
24 11
16 8
14 9
18 9
1 10
11 4
0 2
25 8
6 4
18 8
14 7
19 22
0 9
1 4
19 21
23 11
15 10
8 9
18 13
0 6
7 1
23 5
15 3
14 5
25 9
12 13
16 2
23 21
10 4
0 4
25 3
17 7
0 1
14 1
25 7
25 11
16 6
0 7
14 11
25 10
16 7
11 10
11 6
14 10
17 3
15 11
19 9
17 4
23 9
11 9
19 6
16 3
9 8
14 4
23 18
6 10
15 4
17 10
0 8
9 10
16 11
14 6
24 8
23 12
25 4
11 7
17 9
18 6
14 8
14 3
6 1
1 7
24 1
15 7
16 5
24 9
16 4
24 3
15 9
11 1
24 2
23 10
9 1
17 5
7 10
23 2
25 5
19 12
10 1
25 6
0 3
24 10
15 2
17 6
16 10
15 5
14 2
23 6
15 8
7 6
17 8
16 9
18 10
24 6
18 1
23 1
19 23
19 8
17 1
6 7
2 9
0 10
1 9
0 11
24 7
1 6
0 5
17 11
25 2
6 9
23 22
7 9
23 4
15 6
15 1
16 1
19 20
24 4
17 2
24 5
