29 23
11 13
15 1
29 1
29 25
31 18
0 2
27 1
2 4
40 12
11 2
2 6
39 34
47 17
47 15
47 0
29 21
13 2
11 19
10 4
27 12
44 36
34 18
46 1
34 38
24 4
14 2
32 12
9 3
42 33
8 9
28 15
29 24
31 15
9 6
26 9
28 24
42 10
29 0
9 1
11 4
46 24
46 0
13 3
31 21
27 26
4 6
44 10
11 23
27 23
29 7
25 6
16 3
28 19
46 9
11 21
11 18
11 8
31 23
46 14
28 4
47 3
31 14
32 17
12 3
11 15
32 24
16 1
29 12
26 4
28 2
31 19
44 41
46 15
44 39
2 3
39 1
30 2
19 4
32 9
27 8
47 12
42 12
46 7
25 4
14 4
46 23
0 3
0 4
27 17
46 26
29 13
3 6
39 37
32 0
32 21
30 3
31 26
12 9
29 18
32 8
47 4
13 4
12 33
31 12
17 2
29 3
32 26
46 8
42 43
46 22
46 19
46 17
27 2
32 20
47 2
44 34
28 20
26 3
46 21
47 18
27 20
47 26
29 20
47 23
42 39
11 17
13 1
42 36
7 4
25 1
47 9
29 26
14 3
27 5
29 19
3 2
31 0
28 17
31 22
29 17
31 25
36 4
32 4
27 18
46 2
47 16
15 4
27 25
32 2
14 33
20 4
44 40
46 20
30 9
46 16
32 14
11 5
34 20
34 2
28 22
29 9
44 14
28 14
47 25
32 5
28 25
16 4
40 41
11 3
47 13
35 16
46 13
25 18
11 7
34 45
28 7
11 16
28 18
12 4
34 3
47 22
13 18
9 2
29 8
31 16
28 13
27 14
11 12
31 4
46 12
11 24
32 16
13 6
36 2
11 9
29 4
28 21
44 20
47 19
27 9
42 44
36 37
32 15
28 8
31 3
47 7
29 14
11 1
28 16
28 9
44 9
28 12
31 13
47 1
32 3
29 16
47 24
5 6
30 4
47 5
0 1
15 3
4 3
31 24
14 9
46 25
15 2
34 8
31 2
31 7
46 18
32 23
28 1
28 5
27 4
32 22
28 23
25 33
11 22
11 26
8 4
32 18
27 15
29 22
27 0
44 33
31 1
47 14
10 3
31 5
44 4
29 2
36 38
29 5
35 0
46 5
47 20
42 20
47 21
34 9
31 9
31 17
25 9
27 24
29 15
44 12
37 4
27 22
31 8
39 2
27 16
27 7
3 4
32 25
32 1
20 9
39 38
28 26
16 2
32 7
20 3
28 0
25 3
7 3
27 19
39 4
11 25
32 13
46 3
27 3
14 34
35 15
17 4
31 20
11 14
10 2
44 3
8 3
44 26
32 19
11 0
11 20
34 4
27 21
46 4
47 8
28 3
27 13
24 3
