34 4
79 68
54 26
61 10
31 1
112 106
112 47
101 48
21 3
41 23
8 2
10 25
26 5
18 6
16 11
34 11
110 103
48 30
12 28
100 46
83 9
48 22
97 26
108 86
30 28
120 41
77 23
46 27
55 22
22 32
62 34
1 11
54 66
25 15
75 62
120 83
42 15
35 27
79 60
69 9
60 7
58 66
22 8
21 28
15 10
20 23
1 4
50 8
62 24
25 28
101 51
96 16
30 4
39 18
15 7
6 4
102 103
40 8
20 6
90 24
113 69
54 34
63 22
114 63
82 59
115 58
58 62
97 25
51 59
97 22
25 5
34 15
67 32
62 39
14 10
42 25
75 59
66 25
43 0
29 27
98 16
39 2
111 103
95 17
122 101
7 4
22 18
114 51
112 46
107 49
109 97
54 29
66 24
121 46
62 32
19 29
112 113
19 10
6 7
63 23
17 27
102 106
31 5
77 11
34 31
59 39
65 14
65 11
25 11
91 23
92 8
49 19
108 79
31 28
22 16
27 1
61 23
75 23
39 11
49 25
61 39
27 12
115 79
79 65
79 22
11 18
2 8
108 109
97 61
96 2
85 22
85 9
32 9
107 63
90 19
90 65
50 32
22 12
65 6
78 10
114 101
34 6
79 34
55 24
26 31
68 60
92 9
27 11
66 30
95 21
109 48
120 52
22 19
42 4
29 12
34 7
23 26
49 17
55 66
38 22
68 25
32 5
113 52
15 3
113 89
95 34
72 62
95 24
47 55
31 13
95 7
1 12
21 27
39 20
57 9
95 19
108 111
22 33
109 56
68 8
62 10
27 16
11 4
35 13
51 20
67 61
15 16
28 3
26 16
14 19
25 22
51 32
63 60
108 95
65 21
60 25
50 9
39 16
14 2
62 23
23 8
30 10
94 62
60 21
24 15
31 2
60 17
23 24
20 26
99 22
52 10
12 6
24 11
78 6
19 27
26 22
12 2
51 68
34 24
45 4
54 60
64 60
81 23
45 25
98 27
39 10
64 23
120 57
120 39
100 38
110 101
14 15
110 105
95 14
123 55
49 10
12 16
8 13
55 30
83 12
123 63
5 13
50 29
66 6
31 16
24 13
2 11
54 23
17 8
113 104
5 7
29 16
120 92
23 29
51 60
28 9
82 72
25 10
49 29
50 65
70 7
66 20
60 29
101 107
35 8
14 11
108 101
68 20
24 21
85 11
32 19
1 5
48 60
23 33
29 15
48 26
30 2
61 24
8 1
45 33
120 96
68 34
47 39
18 7
57 6
48 12
78 16
109 54
32 31
85 7
31 9
50 25
23 14
17 19
30 33
20 11
25 31
50 15
61 8
101 98
6 5
64 67
24 33
31 8
20 7
115 0
60 28
72 66
46 15
29 2
34 20
109 50
18 11
115 44
45 18
72 61
49 26
30 15
111 101
95 30
25 7
82 22
48 14
113 53
111 71
60 15
90 15
82 61
45 24
30 7
40 10
94 64
73 62
81 22
60 27
79 61
56 22
51 22
53 64
2 10
66 12
114 54
31 21
75 22
120 74
39 26
58 67
115 86
28 6
69 8
102 105
101 66
28 13
39 4
29 18
95 10
50 33
91 59
10 5
26 33
113 42
78 8
75 39
77 10
8 9
73 66
42 16
39 23
96 11
17 26
66 23
22 39
28 2
92 6
115 119
17 18
45 2
39 12
14 18
33 6
68 39
86 59
91 61
32 22
92 12
108 78
92 7
109 99
30 31
20 12
34 28
66 31
115 104
57 12
95 23
65 17
29 13
96 13
123 98
22 26
65 29
90 21
120 80
31 18
85 8
9 21
115 76
76 67
9 3
115 117
65 39
10 18
98 6
69 10
60 16
61 25
120 71
121 39
68 66
25 33
35 11
8 12
10 31
18 5
47 56
94 67
17 15
63 64
27 3
95 27
16 2
60 34
70 8
66 27
50 31
91 63
32 2
98 10
112 108
54 39
12 11
20 28
120 73
60 8
108 47
65 8
16 1
17 29
107 80
65 15
39 28
98 9
68 32
98 12
25 24
20 31
96 28
25 29
39 14
64 66
109 62
30 6
11 3
97 10
7 5
123 101
114 61
109 67
14 30
61 60
19 12
24 12
123 37
109 52
2 12
24 29
52 23
23 16
30 21
123 80
90 39
66 39
60 32
30 1
55 25
17 10
18 8
26 15
112 38
26 2
35 5
25 18
90 9
17 32
70 39
101 61
14 20
96 15
111 105
42 6
60 19
16 7
49 14
58 63
82 63
15 13
10 11
70 27
58 61
51 14
29 8
9 11
12 27
21 9
17 7
12 33
15 18
114 50
54 17
91 62
114 48
74 6
61 17
21 5
8 11
108 87
64 22
20 13
73 63
98 14
108 102
9 6
4 11
14 12
68 31
45 13
34 22
73 64
55 32
50 30
4 7
90 8
12 5
98 22
20 4
50 14
91 65
22 11
96 5
82 64
78 11
82 68
39 33
61 32
50 16
24 5
23 34
34 1
99 25
29 22
115 91
87 62
68 23
28 7
62 26
37 22
92 22
60 26
113 78
19 31
19 4
59 26
28 12
48 25
96 1
76 23
27 4
10 33
73 23
115 70
45 26
2 5
120 40
59 23
26 6
90 7
67 22
30 20
79 30
55 34
2 13
19 21
32 4
49 22
113 73
65 16
113 38
71 63
74 8
65 25
76 60
50 2
59 8
95 31
55 60
20 27
120 114
69 7
95 6
95 22
101 67
70 16
67 25
15 9
123 51
48 19
49 12
21 11
98 8
99 26
6 3
82 66
27 7
23 7
35 18
14 34
23 9
28 10
77 7
79 23
19 7
96 12
70 22
30 5
14 1
107 98
24 9
39 22
23 2
90 25
79 10
65 28
76 17
24 28
85 10
90 6
15 4
113 92
14 32
14 16
79 32
8 6
114 62
112 93
28 4
95 25
50 21
84 12
95 60
59 10
73 22
78 7
123 49
24 4
45 1
47 50
0 1
107 56
34 33
27 10
78 3
29 11
60 12
78 12
76 59
121 91
26 11
114 80
19 9
51 65
47 14
8 3
10 4
26 21
54 20
66 17
23 27
111 47
60 23
80 22
4 3
67 20
51 39
22 28
47 31
96 33
79 14
29 31
35 28
30 9
33 11
74 1
122 120
48 20
96 6
87 59
53 72
72 65
27 13
45 19
101 97
68 29
74 13
79 20
113 56
33 28
115 95
48 34
39 1
32 33
55 65
23 25
49 68
66 14
23 6
70 15
90 14
71 22
90 26
25 23
16 6
66 19
21 4
59 24
76 14
76 65
54 32
60 31
14 17
95 18
57 22
22 17
76 62
15 28
33 31
114 98
30 32
91 68
20 21
34 27
65 32
53 68
30 13
112 84
55 29
113 103
66 10
27 18
101 55
101 56
32 7
30 25
23 18
68 10
113 82
113 105
48 6
99 10
60 24
18 12
28 11
90 34
32 28
50 39
60 9
124 35
51 61
79 59
62 20
96 7
34 10
71 72
58 22
16 12
102 101
17 6
35 3
27 6
98 39
22 10
10 8
123 97
8 33
31 12
27 28
120 78
28 8
23 17
50 34
123 59
8 7
76 66
72 67
65 27
31 11
14 31
115 43
45 29
102 47
96 4
83 8
61 14
107 101
115 42
45 23
59 19
59 32
109 61
113 47
67 34
6 16
22 6
25 6
90 27
17 22
61 34
95 9
123 62
49 66
17 23
64 65
30 8
15 2
18 10
45 11
2 6
66 29
91 64
29 33
26 8
120 82
36 8
82 67
6 18
72 59
53 67
10 7
112 104
24 8
78 27
113 95
49 30
49 8
55 26
31 10
56 23
50 24
22 60
48 31
72 23
74 10
68 12
26 18
60 14
22 7
115 116
60 2
63 59
25 4
96 10
28 5
45 5
17 30
61 68
31 6
24 18
95 15
32 18
12 7
16 13
62 14
102 73
90 12
23 21
95 28
90 10
60 20
120 53
123 66
9 5
115 87
65 18
86 68
50 20
120 37
20 2
15 8
73 59
27 5
32 15
15 12
62 19
48 39
10 15
109 51
26 1
78 4
114 66
114 49
1 8
37 23
90 29
54 65
113 106
114 68
109 49
62 30
101 99
68 33
79 39
76 61
69 22
27 9
111 107
32 21
78 13
51 67
122 90
110 73
10 24
100 101
32 12
74 3
96 27
101 49
50 6
23 11
25 26
36 10
109 63
114 59
10 28
31 15
107 59
71 68
96 22
107 51
36 23
68 22
112 77
63 62
107 64
17 24
71 59
101 52
15 5
90 2
94 66
55 19
120 47
67 66
10 20
26 12
58 65
10 16
30 18
61 30
21 18
67 59
113 71
102 107
8 15
62 25
54 31
30 22
48 32
115 94
107 62
123 99
10 13
59 29
90 30
20 9
34 12
14 22
98 23
23 20
17 28
113 101
46 31
47 48
66 26
60 10
31 4
65 24
66 33
55 17
110 106
18 9
61 66
64 61
113 88
54 30
13 7
9 15
70 23
67 14
45 7
2 9
121 15
114 56
51 66
110 107
23 10
111 106
113 81
32 20
58 60
95 29
61 22
18 13
1 13
59 66
60 33
34 13
109 64
113 37
25 2
86 61
39 7
76 39
121 118
42 23
74 7
120 81
84 11
120 85
113 36
51 23
8 28
60 39
33 5
86 67
51 17
45 6
84 23
113 41
9 28
63 68
64 68
17 12
29 9
123 50
67 62
25 21
20 33
29 6
124 101
45 15
66 22
110 79
62 68
23 15
58 64
123 68
99 12
22 20
22 31
123 72
59 30
61 20
113 43
4 5
23 60
101 59
112 39
96 9
79 67
113 85
34 18
110 71
70 14
48 29
90 23
49 65
32 1
34 23
13 3
20 22
111 104
63 67
54 8
100 47
101 54
30 26
124 123
45 12
100 39
4 6
25 1
72 22
45 8
120 89
108 110
32 6
107 72
90 16
84 22
18 4
12 1
90 11
70 31
120 90
42 8
26 29
19 22
96 31
26 7
9 18
79 17
31 3
112 88
115 105
68 24
114 53
114 64
16 8
96 29
90 60
82 62
78 1
58 59
39 9
108 42
70 10
24 6
114 37
71 67
95 26
124 39
2 7
49 23
45 16
120 95
18 3
114 99
101 50
61 29
24 7
10 1
89 23
98 26
77 12
12 31
107 67
70 26
120 84
16 5
26 9
60 1
48 23
51 34
48 24
20 1
123 52
90 33
96 24
30 23
16 10
65 2
34 26
120 101
11 5
66 34
11 1
90 22
111 79
97 68
95 39
19 5
123 53
17 21
84 10
68 9
65 30
121 101
12 13
61 59
98 15
6 2
42 7
92 23
47 54
110 82
23 22
66 60
47 49
35 12
42 22
97 23
112 83
94 59
108 90
14 28
59 20
10 29
17 2
9 27
124 90
61 65
98 31
75 68
59 68
113 40
68 26
10 26
65 23
107 48
55 8
16 18
65 12
33 13
24 31
25 13
55 10
120 86
50 10
45 21
50 19
99 14
54 22
49 31
29 7
113 84
22 29
114 72
62 17
83 10
108 82
50 17
101 37
1 6
53 61
35 7
90 31
42 1
9 16
9 7
35 4
19 33
59 14
45 28
102 82
21 6
34 19
59 22
49 33
33 16
48 17
39 15
14 8
86 66
33 15
62 60
111 73
4 13
2 4
108 73
15 6
33 10
53 62
90 17
115 118
11 2
22 34
78 9
66 15
21 1
113 96
23 28
42 9
48 66
2 1
94 60
14 6
60 18
10 2
83 6
91 22
88 23
29 3
54 33
33 4
48 9
26 24
107 68
27 2
45 27
87 67
110 104
32 11
62 65
109 59
67 68
23 32
107 50
16 9
90 1
84 8
42 12
50 26
77 6
65 9
66 8
33 2
67 17
14 26
70 6
10 6
54 68
69 6
23 19
15 21
19 11
91 66
21 2
2 3
74 4
26 19
112 36
73 72
113 74
109 53
73 61
62 61
31 7
112 90
65 1
123 56
51 62
112 105
59 65
10 21
26 27
70 9
114 97
30 12
65 33
8 16
109 37
14 9
19 2
25 12
95 32
99 39
8 31
40 23
23 12
21 16
16 28
107 54
12 21
86 62
42 11
77 22
113 80
20 25
92 11
120 42
48 65
30 19
107 99
6 28
14 21
10 12
43 44
66 32
8 21
20 29
67 23
100 91
102 79
99 66
66 9
26 28
19 16
95 11
94 61
90 20
22 27
31 27
108 71
115 78
65 26
112 85
17 20
55 14
14 29
102 104
114 67
67 65
58 23
39 8
75 65
38 23
108 96
71 66
65 20
109 98
88 22
109 66
71 23
21 10
21 8
24 2
108 74
99 23
11 7
8 5
11 13
95 16
1 9
33 12
48 15
95 2
69 23
20 15
34 16
65 34
67 30
113 57
94 22
107 61
8 27
15 11
62 59
39 31
86 39
22 65
77 8
84 9
22 25
20 18
94 65
109 101
35 16
35 1
40 22
18 1
20 10
19 18
57 23
39 17
17 11
14 24
25 9
34 8
15 1
89 22
123 61
113 46
62 29
34 32
71 64
107 37
115 75
12 15
14 7
95 12
6 11
101 72
39 25
79 66
97 39
60 11
12 18
32 8
32 26
61 19
30 29
113 86
87 68
107 97
48 8
109 107
120 56
34 5
69 12
102 71
28 18
62 22
101 63
63 65
33 18
22 21
29 4
1 3
100 90
92 10
76 68
7 1
25 8
60 6
24 27
39 6
101 53
99 68
109 80
21 7
42 10
75 67
113 79
33 27
99 8
17 25
22 15
113 39
42 13
29 10
71 62
33 1
29 21
24 10
36 22
59 25
120 69
49 34
35 9
19 13
47 51
94 68
17 9
85 23
12 9
23 65
48 33
47 52
112 53
107 55
69 11
124 120
123 67
114 55
54 10
33 21
20 16
46 1
109 72
123 107
65 22
83 11
30 16
97 66
49 20
60 30
12 4
10 27
113 87
120 36
20 5
65 7
33 8
68 19
49 24
120 38
67 60
90 28
87 66
71 61
95 1
72 68
95 33
30 34
35 21
49 60
30 11
9 1
19 8
6 13
25 16
17 16
34 21
50 60
65 60
32 13
23 39
68 17
24 16
68 30
75 14
45 9
121 90
25 19
55 39
79 62
10 9
50 18
32 16
73 67
35 10
35 15
22 30
39 19
115 74
111 82
66 21
113 83
73 68
18 2
22 9
20 19
35 2
50 28
96 18
42 31
84 6
85 12
64 62
16 3
120 87
41 22
123 54
97 14
45 10
61 26
112 101
80 23
45 22
22 2
20 8
26 10
21 13
101 68
14 25
45 31
114 107
124 91
32 27
49 39
17 33
65 10
90 18
11 16
120 88
30 27
19 28
33 3
19 1
1 7
32 24
122 123
55 68
26 13
59 34
54 19
34 2
54 25
39 27
83 22
59 17
90 32
74 16
70 1
19 24
51 30
74 12
96 8
50 27
26 4
47 53
22 14
54 14
55 23
14 23
14 27
123 48
9 13
20 24
120 79
114 52
32 25
22 1
87 39
72 64
42 27
39 21
83 23
17 4
123 64
10 19
91 67
74 11
68 14
54 24
54 12
93 23
35 6
17 1
85 6
52 22
98 25
70 11
59 60
19 15
63 61
65 19
109 55
68 65
24 22
14 4
95 20
34 29
65 31
112 89
53 59
14 33
60 22
112 57
23 31
21 12
77 9
63 66
70 25
87 61
66 11
75 61
16 4
66 65
94 23
42 26
27 8
76 22
75 66
34 9
32 29
48 27
96 21
19 6
8 18
25 27
57 10
122 47
9 4
8 4
49 32
29 1
50 12
122 108
28 1
23 30
24 1
33 7
67 39
82 23
110 47
30 24
95 8
6 1
107 66
48 21
113 114
107 53
55 20
113 90
74 9
115 96
93 22
107 52
7 3
29 28
7 13
22 24
62 66
101 80
67 10
48 10
97 59
17 34
57 8
101 62
72 63
64 59
101 64
75 60
32 10
15 27
34 25
70 12
33 9
109 68
5 3
29 5
32 23
58 68
17 31
112 103
75 17
12 3
