id met_invertebrate met_primary_producer met_heterotrophic_bacteria met_dead_organic_material met_heterotrophic_fungi mov_walking mov_sessile mov_other mov_other_nonliving log_mass mass_missing
0 1 0 0 0 0 1 0 0 0 -2.0342887372470733 0
1 1 0 0 0 0 1 0 0 0 -1.717541508991926 0
2 1 0 0 0 0 1 0 0 0 -1.9183594083992683 0
3 1 0 0 0 0 1 0 0 0 -0.7160086198236506 0
4 1 0 0 0 0 1 0 0 0 -1.1806464258583222 0
5 1 0 0 0 0 1 0 0 0 -1.0621838360812237 0
6 1 0 0 0 0 1 0 0 0 -2.1759224164714857 0
7 1 0 0 0 0 1 0 0 0 -1.9023908148246684 0
8 1 0 0 0 0 1 0 0 0 -2.6572700658415185 0
9 1 0 0 0 0 1 0 0 0 -2.3315745699014996 0
10 1 0 0 0 0 1 0 0 0 -2.913335202351533 0
11 1 0 0 0 0 1 0 0 0 -2.1530501114173894 0
12 1 0 0 0 0 1 0 0 0 -2.4444896022018225 0
13 1 0 0 0 0 1 0 0 0 -0.9551638289685428 0
14 1 0 0 0 0 1 0 0 0 -3.1287201953869928 0
15 1 0 0 0 0 1 0 0 0 -2.3147999000753234 0
16 1 0 0 0 0 1 0 0 0 -2.084806490477311 0
17 1 0 0 0 0 1 0 0 0 -3.0913043189736684 0
18 1 0 0 0 0 1 0 0 0 -2.0030303711944484 0
19 1 0 0 0 0 1 0 0 0 -2.7924520693142263 0
20 1 0 0 0 0 1 0 0 0 -2.878591512309745 0
21 1 0 0 0 0 1 0 0 0 -2.304265613143428 0
22 1 0 0 0 0 1 0 0 0 -3.6390054185493352 0
23 1 0 0 0 0 1 0 0 0 -3.8040146036420306 0
24 1 0 0 0 0 1 0 0 0 -2.729734231071674 0
25 1 0 0 0 0 1 0 0 0 -2.8098955953783515 0
26 1 0 0 0 0 1 0 0 0 -2.794924264748693 0
27 1 0 0 0 0 1 0 0 0 -2.224247674090414 0
28 1 0 0 0 0 1 0 0 0 -2.075893638925886 0
29 1 0 0 0 0 1 0 0 0 -2.689459620216993 0
30 1 0 0 0 0 1 0 0 0 -2.9369873190377906 0
31 1 0 0 0 0 1 0 0 0 -2.3975497533263126 0
32 1 0 0 0 0 1 0 0 0 -2.9341447842582076 0
33 1 0 0 0 0 1 0 0 0 -2.416622442366439 0
34 1 0 0 0 0 1 0 0 0 -2.9351307489774587 0
35 1 0 0 0 0 1 0 0 0 -2.392291122760822 0
36 1 0 0 0 0 1 0 0 0 -4.603800652904264 0
37 1 0 0 0 0 1 0 0 0 -5.308034897232639 0
38 1 0 0 0 0 1 0 0 0 -5.148130399270234 0
39 1 0 0 0 0 1 0 0 0 -3.1442785841060914 0
40 1 0 0 0 0 1 0 0 0 -4.447331783887806 0
41 1 0 0 0 0 1 0 0 0 -4.931814138253839 0
42 1 0 0 0 0 1 0 0 0 -2.9133352023515333 0
43 1 0 0 0 0 1 0 0 0 -0.6954682743692796 0
44 1 0 0 0 0 1 0 0 0 -1.5814254874887168 0
45 1 0 0 0 0 1 0 0 0 -2.813708321529019 0
46 1 0 0 0 0 1 0 0 0 -2.398241296378829 0
47 1 0 0 0 0 1 0 0 0 -1.0328495331999075 1
48 1 0 0 0 0 1 0 0 0 -4.11690664142431 0
49 1 0 0 0 0 1 0 0 0 -4.354577730650908 0
50 1 0 0 0 0 1 0 0 0 -3.7518623707880274 0
51 1 0 0 0 0 1 0 0 0 -4.809668301829708 0
52 1 0 0 0 0 1 0 0 0 -4.818156412055227 0
53 1 0 0 0 0 1 0 0 0 -6.133122185662501 0
54 1 0 0 0 0 1 0 0 0 -4.3851027839668655 0
55 1 0 0 0 0 1 0 0 0 -4.484126156288321 0
56 1 0 0 0 0 1 0 0 0 -5.209714835966758 0
57 1 0 0 0 0 1 0 0 0 -4.154901959985743 0
58 1 0 0 0 0 1 0 0 0 -5.266802734893431 0
59 1 0 0 0 0 1 0 0 0 -4.505845405981558 0
60 1 0 0 0 0 1 0 0 0 -3.2840843592981983 0
61 1 0 0 0 0 1 0 0 0 -4.634512015109101 0
62 1 0 0 0 0 1 0 0 0 -4.673664139071248 0
63 1 0 0 0 0 1 0 0 0 -5.189767482004916 0
64 1 0 0 0 0 1 0 0 0 -5.152427340857888 0
65 1 0 0 0 0 1 0 0 0 -3.4306495031174813 0
66 1 0 0 0 0 1 0 0 0 -4.095284454721319 0
67 1 0 0 0 0 1 0 0 0 -4.798602875679548 0
68 1 0 0 0 0 1 0 0 0 -4.316052869248488 0
69 1 0 0 0 0 1 0 0 0 -3.665172433970192 0
70 1 0 0 0 0 1 0 0 0 -3.5688550466925912 0
71 1 0 0 0 0 1 0 0 0 -5.485452247339714 0
72 1 0 0 0 0 1 0 0 0 -5.318758762624413 0
73 1 0 0 0 0 1 0 0 0 -5.485452247339714 0
74 1 0 0 0 0 1 0 0 0 -2.2097148359667584 0
75 1 0 0 0 0 1 0 0 0 -5.046240308266771 0
76 1 0 0 0 0 1 0 0 0 -5.046240308266771 0
77 1 0 0 0 0 1 0 0 0 -3.6085444046223287 0
78 1 0 0 0 0 1 0 0 0 -2.2455593100716977 0
79 1 0 0 0 0 1 0 0 0 -4.818156412055227 0
80 1 0 0 0 0 1 0 0 0 -5.175223537524454 0
81 1 0 0 0 0 1 0 0 0 -4.913640169325252 0
82 1 0 0 0 0 1 0 0 0 -5.617982957425132 0
83 1 0 0 0 0 1 0 0 0 -3.9070584054529816 0
84 1 0 0 0 0 1 0 0 0 -3.9695865019820866 0
85 1 0 0 0 0 1 0 0 0 -3.8112711408050375 0
86 1 0 0 0 0 1 0 0 0 -5.0589857562944305 0
87 1 0 0 0 0 1 0 0 0 -5.0589857562944305 0
88 1 0 0 0 0 1 0 0 0 -5.568636235841013 0
89 1 0 0 0 0 1 0 0 0 -5.321481620959886 0
90 1 0 0 0 0 1 0 0 0 -3.696957377183811 0
91 1 0 0 0 0 1 0 0 0 -5.292429823902063 0
92 1 0 0 0 0 1 0 0 0 -3.5600975698313997 0
93 1 0 0 0 0 1 0 0 0 -4.931814138253839 0
94 1 0 0 0 0 1 0 0 0 -5.170696227168975 0
95 1 0 0 0 0 1 0 0 0 -3.393412286541245 0
96 1 0 0 0 0 1 0 0 0 -2.7587494584242336 0
97 1 0 0 0 0 1 0 0 0 -4.663540266151471 0
98 1 0 0 0 0 1 0 0 0 -4.068542129310995 0
99 1 0 0 0 0 1 0 0 0 -4.403402904373539 0
100 0 1 0 0 0 0 1 0 0 -15.022276394711152 1
101 1 0 0 0 0 1 0 0 0 -4.220403508742176 0
102 1 0 0 0 0 0 0 1 0 -7.552841968657781 0
103 1 0 0 0 0 1 0 0 0 -0.41357345566601567 0
104 1 0 0 0 0 1 0 0 0 0.7821032799395621 0
105 1 0 0 0 0 1 0 0 0 0.3609223408756893 0
106 1 0 0 0 0 1 0 0 0 -0.42219554946870064 0
107 1 0 0 0 0 1 0 0 0 -5.448550002027125 0
108 0 0 1 0 0 0 0 1 0 -15.022276394711152 0
109 1 0 0 0 0 1 0 0 0 -6.069560405233299 0
110 1 0 0 0 0 0 0 1 0 -8.580044251510243 0
111 1 0 0 0 0 0 0 1 0 -6.440093374963888 0
112 0 0 0 1 0 0 0 0 1 -15.022276394711152 1
113 0 0 0 0 1 0 0 1 0 -15.022276394711152 1
114 1 0 0 0 0 1 0 0 0 -6.2716462179787715 0
115 0 0 0 1 0 0 0 0 1 -15.022276394711152 1
116 1 0 0 0 0 1 0 0 0 -0.7319890681970479 0
117 1 0 0 0 0 1 0 0 0 -1.1334805142806297 0
118 1 0 0 0 0 1 0 0 0 -0.8738977502408571 0
119 1 0 0 0 0 1 0 0 0 -1.6977179809107674 0
120 0 0 0 0 1 0 0 1 0 -15.022276394711152 1
121 0 1 0 0 0 0 1 0 0 -15.022276394711152 1
122 0 1 0 0 0 0 1 0 0 -15.022276394711152 1
123 1 0 0 0 0 1 0 0 0 -6.628932137728263 0
124 0 1 0 0 0 0 1 0 0 -15.022276394711152 1
