78 14
6 10
129 17
66 11
103 63
79 71
112 74
91 51
82 55
44 45
89 35
27 5
114 62
18 22
97 31
120 56
55 21
62 11
106 41
1 2
95 31
127 14
75 34
50 73
75 11
106 34
92 8
26 21
47 19
91 22
13 23
75 49
48 46
97 73
49 64
113 68
80 46
89 50
121 38
3 33
44 48
59 33
52 5
44 49
37 9
84 11
70 63
127 33
97 70
98 42
95 74
52 13
48 10
26 24
91 19
24 10
68 4
5 8
69 71
59 51
14 62
121 7
52 31
97 72
87 48
56 45
127 37
85 16
124 39
35 9
3 53
45 38
123 74
5 10
18 21
44 14
61 17
16 5
128 29
114 71
27 25
52 16
48 20
32 70
85 22
84 61
103 30
32 30
20 11
47 22
123 65
75 37
4 11
56 37
108 57
57 46
42 43
43 19
82 45
99 30
6 8
68 50
116 72
52 21
39 11
86 33
67 14
80 33
122 37
114 74
110 32
47 15
103 36
45 39
99 58
80 48
100 34
56 38
111 38
104 7
114 8
120 45
66 22
124 72
8 73
126 25
122 39
14 66
36 11
94 71
25 11
121 63
21 5
76 22
48 49
124 38
91 66
114 30
99 51
52 38
24 5
121 74
99 71
54 17
92 73
45 53
93 20
84 36
85 66
15 29
15 61
81 74
14 22
75 30
90 2
127 35
123 63
115 25
127 46
22 34
15 11
121 36
52 36
108 36
48 50
111 50
113 62
104 11
114 35
57 73
123 22
79 50
65 63
76 24
18 27
75 4
25 61
87 46
0 5
119 2
112 8
108 74
3 19
128 10
75 58
54 19
96 62
64 62
95 50
99 33
113 65
78 46
91 5
99 38
55 5
85 14
2 51
39 38
88 5
123 72
57 65
74 65
57 11
105 17
57 49
79 30
38 70
54 20
27 11
39 35
52 27
84 22
75 7
124 50
129 5
94 63
87 38
96 37
67 16
99 37
52 42
101 74
93 21
80 51
118 19
76 27
26 5
120 58
78 49
78 11
69 11
19 22
103 37
36 9
100 74
76 71
61 27
98 16
111 8
84 35
116 22
43 47
123 5
68 5
17 25
126 68
64 63
56 8
94 32
49 11
75 31
98 8
79 31
81 34
96 32
114 32
51 49
98 55
13 15
94 30
17 66
124 30
80 8
86 39
3 20
113 29
47 27
111 64
69 50
64 73
45 35
3 72
85 18
44 20
122 48
67 17
87 50
114 37
121 8
20 22
44 27
103 65
3 64
3 25
85 19
52 53
14 24
44 17
17 18
99 35
18 5
3 30
43 42
21 29
33 11
105 43
23 10
100 11
61 11
102 38
78 58
75 32
3 22
75 77
6 11
103 74
98 19
124 32
69 72
31 30
17 16
5 61
97 39
100 30
23 61
81 7
112 36
52 19
81 8
47 26
48 47
85 11
97 63
76 58
108 38
102 33
14 16
42 16
1 3
100 38
111 31
102 32
97 32
78 39
14 15
95 39
3 17
42 27
26 11
79 37
45 49
129 25
25 63
113 7
68 8
14 25
77 12
82 54
3 51
1 4
91 18
59 45
94 50
75 53
43 27
21 22
87 33
79 33
42 20
92 70
16 24
104 10
27 21
129 27
91 27
110 8
98 50
79 63
91 64
96 65
96 30
101 7
21 11
91 25
81 63
14 19
98 51
106 104
118 23
19 11
120 46
75 76
110 72
88 61
114 31
48 11
81 4
75 33
86 11
112 39
86 72
74 73
76 11
52 45
66 5
80 39
51 27
26 63
13 21
79 39
68 22
79 57
55 17
95 62
114 50
18 4
44 19
28 11
121 33
91 21
87 30
111 65
90 1
112 70
39 37
26 19
88 21
115 7
75 48
102 71
46 64
66 4
27 22
30 11
121 37
101 73
88 11
112 32
85 25
5 34
32 7
48 58
121 70
72 63
52 50
54 16
100 37
59 39
118 15
82 43
95 33
100 36
85 74
51 13
91 26
83 22
74 11
75 45
56 57
95 36
82 5
81 72
101 32
117 63
83 29
18 43
44 4
91 14
112 72
3 36
104 76
5 29
126 22
3 74
114 72
122 53
56 36
61 19
107 68
65 74
76 74
51 16
102 50
38 9
76 17
28 29
94 72
94 36
27 23
91 4
59 56
105 20
103 71
44 47
80 53
78 51
80 38
107 7
16 61
101 63
120 51
101 33
87 35
116 73
61 21
114 39
114 65
58 11
67 51
25 10
28 36
13 16
54 43
20 15
124 73
97 33
3 58
39 36
117 68
127 38
103 33
116 74
57 4
99 36
84 5
111 33
111 71
127 30
108 30
97 30
21 10
88 22
56 51
3 11
18 11
80 49
8 12
17 22
115 34
76 4
47 20
46 51
23 11
43 5
126 11
116 21
101 36
124 74
103 38
89 8
105 19
112 38
44 16
75 29
111 32
92 34
82 13
76 66
80 31
76 25
67 27
98 21
13 27
104 29
101 70
35 11
13 26
124 70
87 39
69 62
121 30
128 22
94 31
122 33
89 31
98 48
60 20
76 5
117 34
75 10
61 10
89 29
60 16
111 39
108 71
99 32
25 29
50 8
122 14
76 16
70 7
51 5
56 31
108 32
47 23
59 46
103 11
2 21
107 63
118 5
81 73
112 33
73 11
97 37
83 50
8 7
87 51
111 37
50 7
122 49
97 36
14 20
95 30
127 51
91 16
118 18
67 47
20 5
113 61
95 71
44 42
80 36
105 27
95 32
55 20
18 29
24 11
76 15
17 15
78 32
69 8
83 10
97 35
76 18
63 74
98 5
67 5
103 31
6 9
110 64
60 19
102 37
17 11
87 36
108 33
86 37
124 37
51 4
92 31
18 61
18 13
99 72
111 72
94 62
80 58
114 33
92 30
13 24
112 63
101 34
84 33
15 10
118 61
93 19
83 5
94 33
60 5
55 16
86 31
75 67
14 17
94 35
129 21
63 11
27 19
51 43
13 22
42 19
17 19
97 62
39 7
14 64
46 14
22 10
98 11
122 46
2 5
42 22
76 26
127 39
62 7
51 17
111 36
105 5
13 5
44 11
122 71
67 19
110 30
110 31
115 11
75 35
43 17
96 8
89 4
79 36
56 50
80 30
91 50
5 21
109 40
107 25
3 35
121 35
96 39
112 31
78 37
3 38
27 24
3 21
99 39
50 10
101 30
100 39
8 10
127 58
121 73
79 62
89 11
100 70
101 39
91 15
14 21
43 21
89 36
116 65
104 67
32 11
62 63
76 19
116 70
49 51
108 49
112 50
47 11
124 34
64 11
84 38
81 70
82 21
86 32
108 14
113 41
93 5
80 37
102 74
103 72
122 38
52 8
100 72
94 74
48 8
114 64
47 4
96 71
59 37
20 24
97 38
16 19
82 20
6 7
83 34
3 39
82 8
15 22
14 65
78 33
98 43
37 70
26 22
48 19
4 73
78 35
81 22
111 62
44 21
5 11
24 22
22 11
43 20
3 71
98 17
59 30
48 16
79 64
0 3
69 63
103 62
108 37
122 8
14 5
101 38
16 22
85 21
92 39
92 32
51 19
48 5
27 66
113 104
77 41
82 46
44 13
67 42
96 74
111 35
2 55
102 39
15 5
55 19
126 7
48 21
113 21
86 30
87 8
17 21
92 72
13 14
84 10
89 30
3 31
61 29
94 57
75 8
2 43
68 10
97 71
31 11
75 36
44 5
121 39
129 63
96 35
128 34
87 49
80 71
122 45
29 40
43 13
106 10
20 19
118 21
97 74
107 34
96 31
96 63
102 62
86 36
3 15
31 7
13 4
85 50
112 62
57 63
113 22
83 8
52 46
43 51
125 1
47 5
121 34
82 27
103 39
83 11
110 71
103 35
48 51
45 32
82 17
2 17
102 34
39 33
5 50
42 5
87 37
116 71
95 35
85 26
86 38
45 31
2 42
66 21
52 4
33 9
34 12
28 22
20 18
61 16
86 70
96 57
65 7
128 11
101 11
47 66
89 10
72 7
52 55
65 11
52 54
63 73
54 5
80 32
82 4
74 62
105 16
119 91
102 8
112 71
116 11
110 35
69 70
93 43
101 72
57 14
18 20
30 9
92 38
44 46
86 74
25 5
52 33
99 64
102 63
42 17
108 39
111 63
82 16
83 4
73 74
85 57
96 64
39 30
45 14
111 74
87 58
68 29
14 57
85 5
2 16
3 16
23 29
10 40
4 8
56 53
45 36
5 22
31 70
52 35
61 34
116 4
91 17
79 72
45 71
24 61
42 21
110 74
54 27
108 58
2 19
44 51
59 36
95 63
52 48
89 38
110 62
27 61
34 41
86 63
102 72
92 37
14 23
92 7
110 57
51 20
64 74
3 37
114 36
7 11
26 4
75 39
28 32
17 24
56 32
103 32
67 11
111 30
45 37
121 50
57 74
5 4
118 22
80 50
96 36
116 61
102 73
124 31
96 72
82 42
52 43
113 12
118 11
127 32
102 70
82 48
108 11
73 63
13 25
60 21
110 38
117 25
87 71
79 35
126 5
47 16
21 61
78 38
52 56
76 72
89 33
49 74
48 42
17 5
91 23
49 57
56 35
44 3
52 39
123 73
20 66
115 63
67 13
120 53
97 65
124 33
76 20
85 15
89 39
116 5
19 61
96 33
90 91
28 10
86 73
59 32
87 31
112 30
69 73
96 50
27 15
116 63
52 58
79 38
109 41
13 11
26 61
93 16
106 29
106 68
104 77
94 8
3 32
100 31
127 53
52 57
99 57
52 51
1 5
74 63
123 71
68 11
48 14
84 29
16 66
55 27
114 38
3 26
117 22
86 7
123 70
49 4
108 53
46 11
27 20
3 23
80 35
93 17
99 31
56 39
114 63
45 50
4 7
28 30
92 63
108 51
78 30
82 47
82 51
38 7
50 63
67 22
52 32
108 31
102 30
16 21
85 4
89 32
75 38
102 36
0 2
94 37
10 41
122 36
52 17
124 63
14 63
66 19
71 63
100 63
78 36
47 18
115 68
48 66
94 64
57 62
3 57
91 57
20 23
101 35
67 20
16 23
44 8
27 18
122 32
28 39
86 35
52 20
47 24
82 50
84 32
13 19
91 11
85 64
13 17
106 12
91 8
124 35
123 62
14 61
84 37
96 38
66 24
85 17
112 37
92 74
45 51
116 62
27 17
89 37
79 8
129 19
51 46
6 12
93 27
84 31
57 51
28 33
82 19
54 21
17 23
8 11
127 49
125 91
103 73
45 46
92 36
3 18
80 14
110 36
78 31
108 35
17 20
0 1
2 54
85 8
127 31
122 58
29 41
18 16
45 58
97 11
51 21
119 1
100 73
28 34
117 11
110 65
19 5
89 34
19 24
59 31
52 30
98 27
123 4
56 48
85 49
3 24
122 30
53 46
124 36
127 71
60 43
118 16
61 5
89 12
61 4
100 35
59 38
95 72
111 57
14 18
82 57
126 34
78 71
14 27
121 32
122 31
49 62
17 61
129 20
118 66
109 12
85 51
113 5
18 17
92 33
28 37
106 22
47 17
65 73
52 37
56 30
122 50
28 38
106 63
76 23
67 21
61 22
121 31
56 33
99 11
0 4
122 51
13 18
102 35
123 11
27 16
98 54
79 74
84 30
95 8
43 16
92 35
118 24
94 38
2 20
48 17
50 74
108 64
84 39
95 37
81 50
50 11
76 57
85 27
81 11
102 31
20 16
19 21
87 32
117 7
110 37
101 37
99 74
110 33
112 65
60 27
127 36
110 50
120 57
22 29
47 21
69 74
75 63
59 53
52 3
50 34
87 14
75 50
79 32
60 17
24 29
28 31
80 45
95 65
121 72
61 43
46 49
110 63
3 5
68 34
23 22
48 22
2 27
76 64
50 12
76 51
46 57
87 53
77 34
85 20
59 57
20 61
112 35
113 63
44 50
107 11
28 35
78 53
25 22
129 16
103 70
66 61
47 25
95 38
39 70
23 5
100 32
64 65
91 74
59 35
37 7
45 33
112 73
98 20
56 58
75 51
61 20
73 7
38 11
126 63
113 34
18 19
20 21
124 7
124 8
18 10
94 39
100 33
104 8
51 47
3 27
76 21
115 22
56 46
110 39
37 11
102 65
113 10
122 35
101 31
48 27
45 30
91 20
48 26
13 20
75 46
