21 23
57 23
119 26
35 9
119 42
44 21
123 38
125 33
48 58
128 17
80 11
1 2
93 30
112 27
122 88
113 84
22 21
118 42
50 47
127 20
87 68
17 24
63 72
53 25
95 2
79 38
100 63
105 72
22 28
67 28
63 12
1 5
99 58
3 50
18 20
89 24
76 7
93 35
0 3
125 32
96 25
84 22
44 20
70 58
122 30
67 22
110 31
4 55
98 35
27 15
98 36
100 34
85 25
17 68
102 5
125 41
19 25
124 72
54 41
89 25
89 21
68 28
121 88
100 72
106 31
14 23
102 39
77 7
48 54
87 15
29 33
56 7
6 57
72 11
81 13
101 71
46 22
18 57
14 19
94 68
125 42
128 7
70 31
121 58
103 11
91 5
98 19
82 60
12 72
45 5
2 59
52 25
52 17
70 34
51 38
112 43
122 40
7 17
78 19
111 71
128 23
127 11
107 10
126 28
91 61
57 11
85 52
44 25
99 38
129 23
69 68
47 24
54 58
127 17
104 84
100 36
54 42
73 11
118 58
51 35
74 20
85 19
110 63
121 63
111 31
23 7
18 47
102 61
16 15
106 32
101 38
0 4
130 47
76 23
27 20
73 12
109 19
23 18
56 17
93 58
2 23
48 57
91 25
0 7
94 11
37 10
110 32
7 22
60 41
112 13
125 30
2 47
78 25
30 11
67 15
52 11
41 11
127 22
119 71
94 17
1 4
100 64
73 61
51 30
46 23
115 7
69 20
85 26
102 25
29 31
54 88
16 63
115 47
19 15
106 71
25 41
22 20
122 36
16 24
82 26
74 7
112 14
111 36
7 21
62 22
41 73
110 26
25 52
100 88
103 21
78 7
44 11
66 28
106 12
130 7
47 23
103 7
54 25
16 60
91 23
117 60
124 21
83 80
80 15
0 2
97 7
122 31
53 42
18 68
18 5
74 22
90 73
96 42
105 63
2 55
88 63
104 11
86 11
69 11
40 19
102 24
71 63
27 11
57 47
95 1
25 42
48 61
105 11
97 14
6 46
123 33
112 15
124 12
86 20
48 26
90 33
32 30
101 33
110 35
56 16
14 22
93 41
60 25
101 72
110 88
37 11
19 60
103 19
97 17
104 21
89 5
91 41
16 7
129 17
73 72
106 88
118 36
113 11
19 23
101 26
112 80
79 30
22 15
90 71
119 34
47 19
93 52
127 7
110 71
3 59
89 15
86 7
112 28
82 31
2 56
75 11
16 22
113 14
123 31
1 6
58 12
70 73
82 36
73 58
61 17
48 32
48 55
3 56
22 68
3 15
62 7
108 43
91 24
89 45
16 17
2 46
99 73
48 46
91 18
2 18
112 12
118 47
85 21
116 7
58 63
79 35
78 21
129 7
94 24
94 15
76 47
99 71
89 47
118 52
2 77
91 15
48 15
101 30
110 61
114 6
33 11
78 17
109 33
42 41
100 71
58 72
57 17
93 88
89 50
91 22
70 38
105 32
108 13
98 39
4 6
118 19
60 19
91 65
106 26
70 35
60 63
98 60
3 57
119 61
48 7
87 21
118 46
20 11
109 71
4 46
40 39
52 60
98 42
91 21
14 16
126 10
128 14
101 58
99 34
79 71
48 16
82 42
109 88
61 63
123 12
106 33
119 40
45 18
53 92
7 24
6 47
94 19
80 10
47 16
114 4
3 17
125 34
93 19
91 40
7 5
55 23
118 54
118 31
48 56
120 6
119 31
60 11
48 22
86 16
78 24
91 20
69 10
21 7
36 11
14 24
17 22
119 25
111 12
3 23
5 12
2 57
29 15
93 40
82 52
60 5
68 10
25 17
119 19
52 40
102 40
51 32
29 26
123 35
110 39
100 31
58 52
50 23
4 17
74 19
45 11
57 25
103 28
125 88
105 38
67 11
86 45
122 92
90 88
19 42
125 71
48 36
7 68
91 42
48 17
105 35
126 20
48 31
109 30
6 55
5 72
7 20
109 60
125 58
97 11
70 36
48 49
55 22
111 11
48 50
106 58
48 25
123 34
26 11
121 24
129 14
75 21
4 56
54 19
80 20
78 22
7 19
53 88
4 18
109 35
48 19
90 35
57 45
102 19
4 62
63 58
107 28
44 7
51 34
107 12
54 26
69 5
89 55
91 39
69 21
117 25
74 42
125 31
94 7
109 63
79 73
54 35
99 63
44 15
118 41
48 35
41 17
102 20
78 23
51 12
34 11
19 21
50 7
70 30
121 21
122 52
86 24
60 58
54 65
128 22
31 11
90 39
29 30
103 50
91 17
121 5
15 41
23 15
87 17
35 11
48 42
25 24
94 20
18 56
85 30
104 20
29 11
114 2
79 26
93 42
113 27
109 64
23 19
85 10
117 52
17 21
105 31
58 60
87 39
68 11
82 34
2 50
47 15
118 56
3 55
119 30
78 15
82 25
82 53
37 9
62 23
106 34
95 4
104 12
87 60
45 22
100 65
70 26
18 28
105 58
100 32
74 18
69 28
107 86
39 63
6 50
87 5
26 9
23 21
85 54
37 30
127 19
101 12
14 15
99 12
111 63
103 17
87 73
14 21
80 68
125 25
63 11
53 52
103 20
87 10
106 35
104 27
90 30
113 80
4 59
87 22
25 40
17 11
19 18
4 47
104 14
59 47
15 42
99 35
82 32
89 54
2 24
118 21
111 38
120 1
81 11
100 11
68 4
95 3
3 21
54 92
112 81
107 11
51 11
103 23
104 63
90 19
48 5
46 7
29 34
3 47
87 26
3 25
23 17
86 23
8 9
32 11
100 73
87 71
111 32
117 58
110 30
48 52
40 63
91 73
98 31
25 5
20 10
122 71
85 34
87 88
122 35
7 15
91 88
56 23
51 36
32 38
85 63
122 33
16 23
93 25
8 13
39 11
102 42
118 32
118 23
102 23
77 47
69 24
90 61
18 7
97 23
20 28
118 35
104 80
112 21
102 18
6 78
101 31
59 7
118 26
87 32
82 35
91 11
84 11
115 17
16 19
117 54
12 11
121 64
89 52
2 76
66 10
84 68
86 19
102 15
105 30
118 15
17 63
17 42
105 71
98 26
111 33
92 11
91 49
106 38
119 16
28 43
40 11
48 41
121 15
19 7
44 17
37 26
100 12
4 78
93 65
41 5
6 15
19 11
109 26
67 68
101 36
106 65
122 16
45 23
41 60
75 28
29 10
81 10
80 28
112 63
118 7
119 41
90 65
87 36
54 52
84 28
0 1
118 78
2 78
85 36
60 52
104 15
122 41
53 19
70 12
74 25
61 5
6 24
3 62
29 28
121 73
87 33
55 47
45 20
74 21
117 53
58 11
40 17
3 7
101 35
125 35
57 7
14 18
98 71
126 11
1 7
16 21
82 33
44 16
3 78
119 65
125 65
85 42
18 22
4 77
3 24
4 57
112 107
47 22
109 61
48 30
122 19
106 30
25 15
87 20
36 9
17 15
118 57
19 17
17 19
8 12
72 58
23 22
53 65
47 45
52 41
122 42
2 17
61 39
31 30
109 36
18 17
24 41
54 40
87 28
93 49
85 40
109 42
66 11
105 12
12 58
19 22
100 30
45 17
101 63
44 24
49 52
103 47
93 92
104 13
90 63
99 30
103 62
84 15
16 39
48 47
110 33
6 23
123 36
37 34
78 45
93 33
98 34
19 16
100 58
109 34
84 20
121 20
98 32
81 28
105 33
58 17
21 22
31 36
122 25
40 61
40 73
99 26
125 49
112 84
119 88
4 24
87 42
121 22
111 30
48 40
25 45
123 32
100 26
18 10
54 34
102 73
102 21
118 25
75 5
90 34
25 22
91 19
98 33
110 64
69 15
20 21
87 31
102 41
96 5
102 22
110 65
60 16
116 23
111 26
87 65
98 88
98 30
12 63
97 63
100 38
79 63
126 5
121 68
57 5
62 20
112 10
122 58
99 72
17 20
125 40
4 50
37 12
128 47
48 60
89 62
117 49
125 16
31 38
60 40
6 7
91 7
74 17
25 19
118 62
39 61
85 58
45 7
103 10
111 34
58 73
85 41
118 24
48 59
85 35
1 3
56 45
118 59
118 49
119 33
87 53
83 81
66 5
40 5
52 19
130 14
53 49
127 5
121 11
87 24
97 22
25 7
85 65
51 33
70 72
130 23
78 5
48 62
61 11
98 61
86 22
78 47
59 23
119 92
90 32
66 21
55 7
103 15
119 32
5 11
41 39
119 52
105 26
33 30
118 65
103 45
29 20
90 26
100 35
70 32
54 32
125 19
77 23
64 11
114 1
89 42
44 22
19 24
48 24
98 73
27 28
2 25
86 15
101 32
31 35
31 26
129 22
114 3
16 18
89 19
42 96
89 58
115 19
87 30
94 22
18 23
118 40
54 53
122 65
67 10
14 11
122 49
122 32
69 22
118 53
90 60
53 58
60 73
106 73
7 11
110 36
52 42
109 31
110 42
8 10
82 54
98 65
46 47
122 34
14 25
89 60
75 10
93 36
4 7
87 86
103 22
86 21
41 19
84 21
6 17
73 63
0 5
54 49
48 11
82 49
39 58
79 58
84 24
15 19
115 5
121 38
51 26
91 71
87 61
102 7
128 63
14 7
85 86
110 19
67 5
48 34
113 63
123 30
79 34
14 17
85 31
10 43
106 64
74 23
57 19
16 64
103 24
29 32
118 34
74 24
6 62
19 5
82 30
85 49
95 6
117 19
79 72
120 4
111 58
96 17
115 45
27 21
102 17
89 17
19 73
105 34
61 60
0 6
109 73
86 25
2 6
48 45
25 21
60 17
89 46
124 11
79 33
87 19
4 23
47 17
79 12
24 42
109 32
124 58
70 33
83 27
4 76
118 30
123 26
34 9
54 36
106 36
118 17
8 11
85 11
118 86
103 25
48 51
86 62
23 11
39 72
87 11
23 24
56 5
47 21
115 23
104 68
80 24
105 36
119 58
115 22
124 10
87 34
124 13
20 15
125 52
90 36
99 11
2 62
47 62
44 23
104 28
79 31
44 19
6 56
57 22
56 22
91 60
30 9
74 15
119 36
85 28
125 92
87 63
98 63
86 17
91 92
72 12
33 38
54 31
6 59
70 63
119 49
93 31
67 20
102 60
25 58
89 7
110 73
109 39
89 23
90 31
125 26
22 10
102 16
57 16
25 47
79 36
79 32
51 72
122 26
52 39
85 33
15 39
40 25
93 53
67 21
6 25
106 63
93 32
115 25
47 25
90 42
65 63
40 60
80 21
121 71
99 36
15 40
115 11
19 39
110 60
113 20
130 17
4 25
70 71
16 20
67 24
111 35
110 34
29 21
41 61
129 47
19 61
48 21
106 72
91 16
118 55
51 31
83 84
84 10
103 5
98 64
87 35
3 46
60 61
118 50
85 32
102 11
19 20
85 12
16 42
94 21
25 23
115 62
44 45
83 11
85 5
72 63
39 73
52 16
37 38
116 47
47 7
121 72
58 5
74 11
118 33
66 13
109 65
18 11
82 58
39 19
27 10
54 30
111 72
48 53
101 34
37 36
103 46
29 35
117 42
119 35
100 33
63 73
23 20
48 20
93 34
2 7
41 25
60 72
50 22
54 33
61 73
80 22
29 36
48 23
48 33
22 11
125 36
6 21
38 63
56 11
14 20
121 12
37 35
93 26
21 47
