20 10
36 2
3 5
46 12
26 11
28 8
47 8
24 10
43 18
33 2
47 15
43 6
47 5
3 8
19 10
25 8
35 6
44 4
24 8
46 16
0 1
34 2
26 7
35 13
25 6
27 6
26 10
26 8
21 8
46 18
27 9
42 2
19 12
43 13
12 2
47 13
16 17
35 11
44 14
24 16
3 14
28 14
44 12
43 5
43 9
35 12
26 12
43 7
29 9
40 13
37 40
10 32
25 9
26 15
27 18
40 33
27 16
40 36
19 14
44 15
21 14
20 11
43 12
29 11
21 13
40 16
38 7
25 7
40 34
28 11
46 17
3 11
39 7
20 9
44 18
43 4
25 17
28 15
3 16
23 16
29 6
24 4
29 17
44 16
26 9
35 16
44 9
24 5
25 15
47 9
47 17
40 5
20 13
2 1
23 18
28 5
20 7
19 8
3 13
28 18
28 10
19 18
24 15
27 17
24 7
21 9
34 22
3 4
29 14
3 9
29 15
26 6
27 14
35 4
21 7
28 16
44 7
29 12
35 7
47 11
47 6
24 18
35 10
26 13
34 17
19 4
27 5
46 6
23 4
24 11
29 5
23 9
47 14
21 12
23 12
44 6
39 31
26 16
23 10
3 6
3 10
20 17
46 13
44 10
30 31
29 16
37 5
21 18
16 2
44 5
35 15
24 9
23 6
33 22
21 10
46 11
27 10
26 18
19 11
26 14
20 15
27 12
23 14
21 6
28 7
24 13
21 15
36 22
44 17
20 6
47 7
29 4
23 8
37 39
42 22
26 17
43 14
20 12
24 17
40 41
23 5
10 17
47 18
23 15
19 13
25 10
43 8
40 8
24 12
44 13
46 5
19 17
29 13
44 8
7 22
26 4
46 8
29 18
44 11
27 13
21 16
36 17
46 7
19 15
47 4
40 45
19 9
40 12
28 4
46 10
21 17
23 7
43 17
37 30
25 5
25 11
20 14
3 12
45 17
23 13
26 5
35 8
17 2
20 8
3 7
40 42
46 9
23 11
12 17
25 14
47 12
43 10
29 10
3 18
28 9
19 16
19 7
38 31
25 12
28 13
25 18
35 18
35 17
45 2
43 11
3 17
41 2
21 5
46 15
46 14
20 5
46 4
20 4
29 8
35 14
19 5
37 38
43 16
28 17
10 2
21 11
47 10
27 4
11 2
43 15
40 48
25 4
3 15
24 14
21 4
20 18
27 15
40 0
25 13
19 6
29 7
25 16
30 7
27 7
20 16
40 11
35 9
27 11
42 17
27 8
23 17
24 6
47 16
35 5
28 6
28 12
