21 5
16 3
6 5
21 17
35 11
42 15
10 3
28 5
17 1
10 7
42 1
27 6
33 29
29 7
2 17
22 28
0 5
47 0
26 7
22 30
42 2
23 3
30 6
16 1
33 27
17 4
45 11
46 11
1 17
32 2
17 7
33 30
22 16
21 1
46 9
4 20
15 20
33 16
0 7
27 3
36 11
6 2
6 17
23 5
14 15
48 5
37 1
41 7
22 26
37 17
15 19
48 7
11 17
27 2
33 25
23 4
45 9
11 7
33 26
30 5
24 6
0 3
13 11
26 4
40 10
0 2
29 6
10 4
13 10
7 4
29 3
30 1
17 2
31 1
22 11
34 9
24 17
38 11
22 10
31 6
42 17
37 7
34 11
21 7
33 11
18 19
40 11
49 7
26 3
22 31
44 9
1 7
29 1
6 3
27 5
22 21
33 10
22 32
30 4
29 2
1 3
48 18
11 4
28 6
16 7
44 10
30 7
40 9
16 17
2 6
14 10
2 7
1 4
6 4
30 17
21 3
48 0
19 20
28 17
33 31
9 5
37 15
25 6
37 2
25 2
45 15
32 17
31 3
30 2
0 6
36 9
26 6
28 1
11 5
26 5
9 4
12 10
33 23
22 24
26 2
23 17
38 10
32 3
16 5
34 10
33 9
47 9
47 7
42 7
7 19
25 4
47 10
8 9
43 9
29 17
43 10
14 11
32 7
25 17
8 11
6 7
30 3
24 1
45 7
14 7
11 3
10 6
17 5
36 10
6 1
13 9
16 2
23 7
32 4
12 9
18 20
24 4
14 0
9 3
0 1
14 9
29 4
33 32
25 3
31 7
38 9
21 4
48 15
28 7
21 2
31 5
25 7
25 5
22 29
24 2
8 10
16 6
1 5
46 10
2 5
41 15
2 1
37 6
41 2
4 19
5 19
5 20
21 6
1 6
33 21
17 6
17 3
22 25
33 24
0 4
10 5
43 11
28 2
41 6
10 2
39 11
25 1
28 4
22 23
44 11
47 15
16 4
47 11
31 4
7 20
31 17
27 4
24 5
39 9
24 3
33 28
1 2
3 20
26 1
41 1
42 6
39 10
3 19
12 11
27 17
22 27
9 7
29 5
2 4
27 1
26 17
32 6
28 3
32 5
35 10
31 2
32 1
27 7
22 9
10 1
35 9
45 10
20 19
9 17
41 17
2 3
24 7
