25 10
5 4
40 7
40 3
18 3
37 15
40 8
15 1
3 1
25 19
34 4
34 6
26 8
21 1
21 8
34 20
34 10
0 1
41 3
11 29
37 13
25 12
23 8
34 15
23 19
40 17
2 3
34 8
31 0
23 9
41 1
26 15
24 1
27 12
26 9
35 32
23 6
35 36
5 15
21 10
26 11
39 13
24 14
24 10
26 7
5 11
27 4
27 14
1 28
4 3
37 32
41 11
40 13
13 3
10 28
40 14
41 13
41 19
26 10
27 7
23 12
7 3
39 20
27 6
41 14
37 42
30 19
35 15
11 1
30 16
5 14
24 17
30 6
22 0
35 9
30 9
16 1
39 9
30 14
24 16
29 38
29 4
34 14
5 1
25 20
39 7
22 16
22 20
37 9
25 17
41 20
24 11
5 10
27 10
23 17
34 0
24 15
29 3
26 19
39 8
24 3
40 9
30 17
30 1
22 9
39 15
26 20
39 10
35 33
30 8
34 17
27 20
22 6
34 13
22 11
23 10
22 19
23 1
40 15
34 9
25 1
41 15
40 0
22 7
39 4
12 8
25 9
27 1
29 1
25 18
5 17
41 4
4 1
34 19
26 0
23 14
29 15
5 7
40 12
26 17
22 12
2 1
5 13
30 20
21 12
22 10
25 13
37 29
19 3
41 17
37 3
34 12
39 17
40 16
26 1
21 3
37 11
39 18
34 7
23 16
23 3
21 20
6 1
5 6
7 1
23 18
41 10
34 3
40 6
15 3
21 9
24 8
37 1
24 6
40 18
41 18
40 10
23 0
26 4
21 0
34 18
41 0
25 4
30 12
21 4
22 17
22 4
24 12
27 18
40 20
39 0
30 3
5 8
25 14
30 15
23 11
5 9
25 0
21 11
26 16
9 3
21 18
39 3
33 29
13 1
34 1
37 43
22 3
34 11
5 3
21 19
26 14
25 8
33 8
26 6
21 6
27 15
21 13
39 16
8 28
5 20
9 1
17 1
31 12
22 14
35 20
27 3
30 7
41 16
22 15
35 13
39 12
10 8
30 13
30 18
24 19
5 19
25 15
5 0
5 18
27 17
23 15
24 0
21 16
39 6
21 15
24 20
40 11
41 8
23 20
41 6
5 12
25 6
19 1
25 16
22 13
23 4
39 14
23 13
27 16
5 16
41 7
21 14
35 37
11 3
39 19
22 8
32 8
21 17
24 13
37 33
26 3
25 7
12 1
14 1
27 19
25 11
26 18
26 13
24 9
41 12
41 9
39 11
27 8
24 7
27 0
34 16
39 1
27 11
22 1
29 7
21 7
24 18
25 3
24 4
23 7
27 13
18 1
3 28
30 11
40 19
30 10
30 0
27 9
26 12
22 18
30 4
40 1
40 4
