106 26
35 32
125 54
94 13
11 4
53 3
134 87
27 25
91 23
50 2
94 17
15 2
16 17
146 31
86 7
106 32
76 5
101 1
27 3
91 31
93 7
140 95
113 29
84 2
23 8
72 36
50 7
108 2
35 20
6 25
67 11
4 21
118 57
139 113
145 133
75 5
29 66
47 37
56 11
116 5
25 43
99 8
29 57
101 30
124 17
42 36
133 72
124 20
112 6
54 15
53 17
119 32
49 15
138 71
99 27
138 72
62 15
62 44
55 46
125 66
102 26
132 23
42 25
58 49
54 5
43 20
59 53
82 18
16 2
72 25
45 20
99 28
0 5
124 8
119 54
28 32
56 55
55 47
24 65
139 127
134 80
1 37
88 6
78 21
71 7
17 14
13 18
44 16
28 34
143 116
3 14
84 3
132 85
53 11
35 43
138 139
91 6
61 12
35 1
76 37
27 50
7 24
119 50
49 16
58 20
35 6
59 63
87 6
47 16
50 15
30 53
25 44
123 25
100 1
34 1
44 20
75 63
24 10
47 13
139 120
41 26
35 65
47 10
21 19
119 27
84 65
101 16
107 24
83 85
9 10
101 45
140 97
108 8
112 2
140 0
7 45
6 55
4 37
129 107
129 28
138 73
24 15
18 14
6 7
33 27
125 11
58 65
68 19
57 17
23 34
50 20
63 44
117 44
8 16
34 45
52 14
82 54
28 8
125 49
68 5
134 32
113 8
130 132
2 47
61 13
106 7
72 33
56 10
136 83
101 66
60 16
46 44
51 5
33 48
64 3
75 4
118 28
46 18
28 30
64 1
62 63
1 12
24 48
27 47
8 52
34 4
118 25
119 1
8 15
44 18
145 143
119 4
6 24
13 15
133 121
120 33
68 21
45 2
57 37
50 5
94 5
50 61
102 28
139 132
92 29
68 37
63 4
44 15
63 2
8 47
145 129
67 47
55 49
18 17
48 63
88 59
2 61
102 51
64 48
5 63
104 28
126 3
8 62
113 60
132 107
55 58
134 25
88 48
25 54
100 37
66 15
67 58
46 49
62 21
35 14
56 58
134 127
28 7
4 20
98 6
138 111
116 20
42 31
132 84
56 46
139 85
28 49
122 17
110 10
25 7
117 21
139 87
102 34
60 1
56 18
91 30
46 15
7 48
48 11
58 21
32 16
30 44
9 14
106 60
34 48
124 7
48 37
103 5
8 50
8 35
99 24
138 105
60 59
123 59
129 35
101 63
62 20
27 57
137 77
145 83
29 63
144 81
45 54
138 43
21 37
56 17
49 13
34 29
29 64
68 20
138 121
82 32
102 30
23 29
119 51
125 10
68 4
7 56
58 18
113 64
106 29
61 5
98 28
44 2
84 47
30 16
46 53
35 18
67 52
85 7
51 16
81 11
7 25
24 57
129 23
84 32
61 21
25 15
60 13
8 54
52 21
55 16
55 61
4 19
37 17
133 118
45 57
128 79
60 47
107 64
134 28
124 64
6 66
63 37
10 4
97 2
138 79
49 20
49 21
132 99
124 62
129 87
3 61
63 16
48 10
6 60
133 106
2 11
91 34
58 47
146 107
9 2
103 4
44 52
81 19
65 66
63 52
84 63
110 49
4 14
62 3
34 7
48 1
8 58
15 21
1 13
50 13
66 52
60 17
84 58
31 24
75 47
127 3
64 62
124 29
122 5
57 1
92 32
119 3
67 9
133 122
146 35
116 2
123 30
27 62
104 6
16 5
35 16
51 14
126 14
128 90
56 53
15 1
101 4
30 54
133 83
60 49
59 58
139 84
8 2
30 15
118 62
124 13
65 46
90 1
42 29
101 9
118 2
7 21
95 18
138 83
29 4
139 88
14 18
97 20
124 48
112 8
135 39
51 3
76 17
8 59
143 126
11 19
85 6
118 32
48 5
75 15
120 26
127 5
122 19
129 70
106 25
0 2
29 2
100 17
55 1
45 3
49 11
3 37
127 25
83 18
93 44
124 45
3 4
140 104
31 29
56 61
55 13
36 29
88 55
35 44
92 33
8 64
7 60
134 111
47 5
57 46
95 43
24 2
25 63
45 61
146 87
120 7
147 41
51 65
68 9
100 2
139 123
68 16
129 31
60 61
11 17
26 34
67 56
140 105
41 23
134 26
116 13
82 56
50 3
93 18
16 4
24 14
2 66
17 10
147 104
120 42
100 4
140 106
65 1
63 1
57 3
137 40
32 45
75 3
106 27
35 21
1 20
88 45
67 65
55 44
24 54
18 1
8 43
88 66
15 5
125 61
65 17
147 143
87 26
136 132
138 22
25 2
60 53
136 106
99 25
143 122
47 15
53 10
125 13
25 30
138 98
35 49
56 4
147 129
50 58
67 3
40 12
10 13
63 13
24 43
82 8
113 6
133 134
102 6
82 52
26 28
22 19
101 52
30 65
104 33
101 58
117 20
27 54
35 2
60 37
45 9
7 27
146 89
67 14
51 48
59 11
54 59
33 62
118 54
34 54
7 58
30 37
98 42
53 5
132 42
57 16
119 60
35 59
138 118
55 20
99 6
135 72
29 58
129 24
143 72
132 129
67 37
51 60
143 129
33 65
99 36
132 58
10 15
88 29
82 53
56 7
51 44
65 4
64 11
44 12
106 8
51 15
55 2
55 4
92 28
97 14
42 35
44 14
82 7
23 35
8 51
82 45
103 1
43 63
51 46
76 18
121 21
75 44
17 19
58 15
28 45
42 7
101 29
66 17
116 4
119 43
124 50
147 82
140 78
30 11
82 64
130 40
144 79
32 49
43 21
28 63
114 33
3 16
52 18
25 4
75 16
90 7
43 46
90 6
53 1
92 30
114 23
9 11
7 47
21 12
115 1
53 4
110 61
52 3
138 131
102 64
68 12
128 71
130 72
82 30
133 22
103 6
53 18
75 1
59 2
46 4
145 146
51 64
59 44
51 55
29 61
118 48
45 52
124 32
54 20
132 123
144 129
57 52
88 25
133 136
30 1
24 30
3 17
48 9
31 27
53 13
47 14
15 13
65 14
128 119
115 61
113 25
75 7
92 24
123 50
118 51
110 45
147 119
76 3
29 7
32 10
8 9
37 11
117 13
33 35
67 10
137 71
124 58
124 51
24 56
12 19
37 10
82 51
77 3
52 17
60 45
32 53
146 36
6 43
66 49
3 15
95 44
110 16
37 2
2 18
32 20
7 52
56 52
26 8
101 3
51 56
28 2
70 6
123 28
129 85
81 3
137 133
75 56
45 11
7 46
56 3
38 19
62 11
54 13
27 6
81 4
79 61
66 63
46 17
48 66
16 14
101 64
36 62
32 59
147 118
58 46
53 44
34 24
114 34
66 47
1 4
123 55
104 51
24 55
123 2
3 53
46 21
42 24
63 17
51 57
119 65
90 21
2 15
47 2
51 59
61 14
53 20
137 116
68 2
59 3
5 16
5 14
95 58
110 9
133 124
22 20
65 47
59 65
24 32
119 55
84 29
9 4
100 3
35 15
58 63
43 2
0 4
62 14
51 17
147 25
34 65
107 26
32 7
125 65
110 1
88 51
30 13
124 37
8 66
27 30
32 1
35 46
138 112
49 2
35 62
87 42
129 25
139 23
136 78
35 4
124 21
147 101
93 6
60 14
50 52
129 36
77 20
118 29
8 17
28 51
139 111
34 43
140 102
55 57
66 2
99 42
107 28
125 44
81 21
54 52
49 3
130 98
56 9
55 11
16 1
11 21
57 8
37 4
72 29
87 99
60 20
1 21
65 16
24 47
140 125
26 54
53 9
65 20
137 90
28 25
50 66
27 5
32 55
132 89
57 53
129 86
17 9
110 18
32 2
39 19
18 12
95 56
64 55
47 52
100 20
11 20
33 8
2 52
101 46
28 47
45 1
116 7
68 1
52 13
62 5
31 36
119 21
146 132
7 37
44 37
54 37
77 4
35 52
1 53
144 142
107 25
10 2
124 25
82 35
125 20
57 9
81 1
87 36
112 3
25 16
91 36
56 63
31 33
36 6
46 14
1 14
68 15
32 44
139 25
95 5
75 9
65 10
62 18
107 50
28 5
75 57
110 63
45 46
113 28
138 108
14 21
84 5
91 29
118 8
143 111
82 17
41 24
104 34
26 25
34 62
64 10
84 59
14 15
82 6
23 25
77 6
128 83
122 1
18 3
119 62
5 18
102 7
118 64
116 14
65 15
49 14
99 35
10 14
146 80
75 48
46 10
120 24
54 11
84 61
54 63
43 13
143 76
27 10
95 7
33 55
45 47
7 49
55 15
100 18
82 3
95 14
138 39
101 20
9 16
79 21
50 55
46 63
47 11
133 130
32 37
30 61
65 43
93 1
122 21
84 45
35 51
143 71
23 26
81 5
43 17
91 35
132 70
99 23
8 21
54 16
111 7
60 62
90 14
119 58
101 51
51 11
54 10
75 49
61 16
129 113
56 8
91 27
134 123
124 5
24 59
45 15
65 3
56 20
28 55
93 61
77 14
143 103
119 53
51 54
101 62
138 129
49 10
75 17
77 2
54 4
32 13
60 56
133 100
6 57
18 4
63 20
112 7
110 56
47 18
36 7
146 120
61 37
138 103
25 62
119 8
13 21
29 17
23 32
48 18
110 5
110 46
101 53
102 32
64 61
9 12
127 28
27 21
9 1
25 5
66 46
146 127
147 68
124 49
134 107
42 28
124 47
24 62
118 30
20 12
143 77
91 24
48 58
35 3
119 63
29 59
7 2
134 109
30 4
92 36
9 13
147 43
110 14
68 3
143 87
28 27
129 132
65 61
50 21
36 27
7 64
54 47
5 4
31 6
31 28
18 21
27 43
27 9
120 36
66 4
50 8
53 15
64 66
64 21
68 10
66 18
34 3
57 49
17 13
84 17
8 29
127 6
25 10
115 37
11 12
26 6
1 16
116 21
75 53
138 87
66 44
58 4
25 61
44 11
93 21
4 17
61 10
45 49
26 2
37 16
67 7
29 50
143 106
62 47
26 7
34 63
138 90
125 58
25 53
74 7
31 30
36 26
50 54
125 45
101 57
130 83
57 2
88 54
143 86
27 7
29 20
147 146
51 52
50 10
117 12
95 2
4 12
7 57
29 18
31 26
146 84
26 62
125 47
106 64
28 54
3 5
52 16
22 13
28 24
60 18
82 50
28 64
115 44
74 6
66 21
60 5
27 35
30 14
82 21
83 89
83 84
64 46
51 13
143 85
20 14
63 61
64 45
94 1
24 5
127 24
54 65
2 1
113 62
27 17
110 57
146 113
29 16
28 43
101 5
129 111
139 26
76 20
104 24
7 13
54 44
17 18
29 37
62 53
42 34
124 10
139 86
45 5
64 20
76 44
58 43
116 8
124 57
119 24
29 47
128 41
138 100
136 40
32 11
37 21
41 42
29 46
88 35
140 76
101 13
101 61
84 46
129 58
113 30
52 1
11 13
138 124
16 19
60 57
68 14
110 15
138 141
125 53
51 18
127 32
7 51
132 127
57 18
60 54
45 10
76 14
2 43
146 86
54 17
125 37
88 7
59 66
34 8
143 100
27 1
26 64
80 8
84 43
8 63
25 21
64 37
72 32
119 30
82 20
54 58
101 49
15 11
55 17
29 52
33 56
48 16
24 29
138 109
28 60
38 12
115 3
24 52
59 47
134 70
65 37
87 23
23 31
34 5
27 37
26 29
42 26
62 13
47 9
101 15
82 4
64 57
101 11
134 132
32 62
6 59
30 62
114 6
42 30
56 16
24 53
82 9
114 27
66 1
10 12
75 2
140 93
34 51
75 14
62 58
82 47
2 21
100 13
41 34
31 8
36 28
100 5
93 32
26 58
36 24
135 105
27 4
95 1
2 4
54 46
51 43
121 19
82 60
122 4
51 1
67 15
124 59
10 17
27 56
125 17
127 58
32 50
25 51
135 78
139 89
140 124
36 35
16 18
24 6
6 61
133 125
16 13
147 67
98 36
6 51
35 10
7 54
132 86
111 6
60 46
32 66
57 20
83 43
32 51
55 8
6 2
56 21
135 131
42 32
59 49
118 55
124 9
23 7
118 34
33 45
91 25
126 20
49 5
2 46
17 21
93 2
101 14
77 21
82 58
44 5
55 10
132 80
56 14
84 16
23 33
138 115
54 43
97 21
14 19
18 11
77 17
134 23
99 34
123 48
132 109
3 1
128 118
86 6
62 49
5 53
143 117
139 70
129 99
27 15
98 24
93 14
35 63
75 58
72 35
118 43
75 65
5 1
92 7
20 17
61 52
25 29
67 60
26 51
26 56
32 48
98 33
57 13
29 56
137 110
58 53
11 14
45 43
82 48
34 47
54 21
48 61
32 57
25 52
51 61
32 64
82 49
67 43
64 18
24 66
7 14
3 21
127 56
132 25
82 44
113 7
136 105
52 20
22 14
124 56
98 31
37 15
27 52
123 45
23 28
50 56
78 12
69 2
45 59
87 28
24 64
64 54
82 59
6 48
62 43
55 37
115 20
37 1
25 17
33 24
143 108
118 35
75 13
6 45
99 26
17 12
7 8
97 1
51 21
45 8
22 5
9 5
30 21
46 2
137 118
82 29
33 58
68 11
134 31
126 5
143 70
44 21
42 27
27 48
110 37
25 48
72 31
16 12
143 115
72 8
146 129
32 61
64 7
26 57
94 21
30 43
60 4
57 5
67 63
63 15
93 35
132 33
130 105
62 66
95 32
66 37
60 66
13 12
129 88
27 46
110 55
79 37
18 20
134 42
28 65
110 20
69 6
62 17
30 57
84 60
26 60
25 47
27 66
46 5
139 42
88 56
132 64
110 43
122 12
67 5
66 16
29 1
6 63
21 11
101 8
10 1
60 10
100 14
103 7
83 87
97 13
43 16
47 44
25 37
49 63
25 60
50 59
27 61
132 28
60 11
83 70
4 15
50 47
134 88
60 55
143 73
52 4
30 7
144 119
67 18
8 1
24 25
97 3
14 9
79 18
5 9
48 59
101 44
8 3
16 3
140 115
45 66
37 18
125 1
46 13
110 8
68 18
123 43
4 13
58 17
44 4
8 60
34 59
82 43
6 64
32 43
21 15
32 63
116 1
1 17
21 18
97 5
44 13
24 45
30 51
48 44
27 8
28 58
30 20
73 6
78 19
82 10
76 4
138 89
88 57
62 45
51 62
36 51
67 49
16 15
146 88
93 13
26 50
7 44
24 3
2 17
53 52
66 13
32 56
55 54
35 11
102 8
137 83
104 30
15 12
2 59
29 21
25 65
109 8
66 14
62 10
24 20
117 17
29 14
7 55
32 8
66 10
139 129
60 43
146 23
48 20
96 2
81 17
76 1
29 54
127 2
136 114
41 6
2 10
24 60
133 135
119 44
35 13
33 43
29 51
104 29
7 10
147 81
4 11
137 119
45 58
67 59
66 20
67 50
123 35
62 59
59 5
49 1
26 27
146 25
132 120
137 108
41 27
61 44
46 11
64 52
65 2
5 44
24 1
93 56
41 32
93 43
45 44
134 58
7 50
124 61
115 13
34 30
60 3
48 14
106 51
27 20
127 34
110 11
18 5
35 58
4 9
42 23
65 63
51 9
95 35
37 20
63 10
61 4
107 6
25 3
64 2
43 4
126 2
123 7
90 3
17 15
138 106
10 11
135 106
139 99
119 29
132 32
123 64
8 53
56 48
58 13
107 29
75 55
104 32
24 9
124 2
115 17
139 35
135 83
57 66
113 50
134 36
125 55
8 14
16 10
43 15
50 57
27 24
49 61
14 37
130 131
47 53
125 15
122 18
143 112
125 43
115 14
143 69
48 46
75 21
101 17
35 8
53 16
17 37
15 4
8 44
82 25
55 53
124 66
117 5
86 8
93 4
62 7
52 15
133 115
25 13
43 5
22 1
64 56
113 32
29 55
59 15
106 24
140 92
63 5
13 11
88 27
72 24
25 50
123 65
57 43
13 9
120 8
35 54
118 45
124 60
93 17
36 8
60 8
42 6
91 26
54 53
115 2
81 14
134 64
54 66
30 17
81 12
53 37
117 37
130 106
45 53
120 34
57 44
7 35
57 14
124 44
28 56
70 7
59 21
34 60
31 25
50 18
125 5
53 14
30 3
117 18
110 17
27 51
143 114
134 113
90 8
109 7
114 42
31 32
50 4
30 47
51 49
107 34
25 9
72 23
75 8
46 20
52 19
5 21
134 99
34 46
25 46
5 20
88 65
50 44
135 132
41 7
143 125
90 5
66 9
97 4
123 58
30 66
22 17
45 4
36 34
95 64
27 65
64 63
75 52
95 21
45 16
5 52
104 36
27 16
62 4
97 18
74 8
125 21
57 65
33 7
132 24
89 8
7 63
59 17
146 99
2 20
27 32
43 11
116 17
113 27
10 19
49 17
50 11
75 18
82 1
91 28
49 9
95 17
32 30
44 1
44 17
93 64
67 57
48 17
103 2
96 13
81 13
60 21
58 14
83 61
16 11
50 17
24 8
101 7
8 20
56 37
132 113
92 27
64 13
64 49
16 21
88 62
6 49
32 18
130 38
33 64
48 47
25 57
107 60
29 3
98 26
144 118
32 54
0 6
90 17
24 49
45 21
122 14
34 58
2 44
8 4
25 56
104 27
56 5
82 65
60 58
49 37
48 65
87 31
67 45
59 4
102 25
99 32
117 4
62 37
143 80
146 111
107 8
107 35
10 3
23 24
137 39
32 60
34 53
62 2
7 62
27 49
48 4
84 49
130 39
1 15
33 28
43 10
13 16
31 34
88 24
54 2
77 8
52 2
60 9
2 49
119 64
11 5
26 45
20 13
30 63
84 35
48 54
54 8
63 3
36 60
135 40
127 8
144 43
119 61
36 64
76 13
63 21
30 58
133 117
65 13
101 55
93 37
84 57
2 45
120 31
30 49
10 18
27 58
67 55
2 55
143 118
139 58
34 61
32 14
41 31
134 120
31 7
84 37
56 66
27 59
129 32
64 9
145 119
84 66
94 4
97 17
129 33
45 17
30 10
33 29
62 8
50 9
49 18
35 48
20 18
110 54
126 1
43 52
8 56
71 6
146 70
124 15
32 58
87 34
80 7
102 35
62 61
24 50
35 45
67 48
7 16
45 14
135 38
135 129
47 20
51 8
48 55
101 10
132 31
110 58
138 80
134 33
101 43
58 10
35 5
57 58
48 43
3 63
58 52
68 13
143 74
33 2
98 7
117 2
110 13
114 8
115 18
138 116
50 65
140 96
82 13
75 37
124 53
82 62
6 50
67 46
25 49
32 4
132 88
124 16
57 4
67 2
15 19
64 16
140 91
9 3
61 11
56 45
53 21
60 63
98 23
106 28
84 9
132 111
125 57
109 6
35 57
83 86
54 61
122 13
101 54
42 8
24 7
37 19
118 50
113 51
138 78
33 59
65 53
61 18
14 13
66 3
8 10
36 30
23 6
95 3
146 34
51 66
58 61
6 35
76 2
119 25
3 44
127 43
110 7
136 129
35 55
61 15
32 17
34 32
65 21
25 1
24 46
137 43
125 18
93 58
43 37
72 28
123 32
46 37
51 10
124 11
28 62
63 53
101 18
102 33
30 2
30 48
54 1
52 9
5 13
39 12
40 19
45 65
146 26
26 55
32 46
75 20
100 21
137 87
30 5
123 51
120 99
95 61
84 53
101 47
138 74
104 7
96 14
50 53
20 15
67 44
50 37
80 6
25 8
129 42
41 8
44 19
96 21
25 64
2 53
84 62
51 20
8 13
30 9
88 58
88 30
139 107
101 48
35 29
25 45
108 7
81 20
123 54
32 15
37 5
24 63
64 47
58 1
26 33
27 63
20 19
106 62
25 55
127 35
123 24
63 18
50 1
124 52
110 4
82 57
102 36
28 61
43 9
101 21
23 30
120 28
110 47
9 19
8 57
98 27
18 19
54 9
85 8
145 118
124 63
95 13
118 24
112 5
6 8
110 44
34 64
119 17
33 30
96 1
105 12
137 138
124 3
58 11
146 109
140 41
143 139
62 57
51 53
56 65
29 15
15 14
9 18
132 34
58 2
62 55
138 119
34 66
138 122
72 27
62 52
10 21
92 8
7 9
124 54
7 30
27 55
101 2
20 9
7 61
27 44
138 70
60 52
93 8
32 47
51 47
24 16
32 52
143 90
2 16
4 44
32 25
9 21
140 121
121 13
48 52
82 66
43 1
143 109
101 60
126 4
24 17
95 8
48 49
43 53
123 6
8 61
72 30
93 25
123 34
99 33
15 3
3 10
123 27
25 14
41 33
61 3
47 1
114 26
35 25
7 66
136 72
121 12
15 20
24 13
106 30
46 9
65 11
8 32
6 3
32 21
76 21
34 56
146 64
89 6
6 32
63 9
25 11
25 58
138 76
117 1
143 98
140 100
25 18
118 59
34 35
107 51
62 56
64 59
53 2
36 25
34 55
54 18
138 125
29 5
24 37
33 57
72 6
104 25
41 28
129 64
118 58
140 117
30 60
7 3
7 4
1 52
0 3
84 56
134 34
1 11
7 43
64 58
107 27
55 63
137 103
52 11
53 19
90 2
132 36
65 52
2 13
115 4
41 36
110 2
82 5
126 6
9 17
92 6
45 63
14 12
61 17
75 10
108 3
93 3
29 65
91 33
37 13
104 8
61 1
115 21
68 17
146 24
29 48
25 66
138 110
96 17
29 49
47 17
118 33
28 66
134 84
88 28
67 20
17 11
125 46
124 14
67 66
134 86
35 53
44 9
27 53
59 13
55 65
65 44
59 52
75 66
35 61
61 9
51 45
106 34
63 11
122 2
127 64
64 53
124 43
47 4
36 32
106 33
76 61
35 30
88 50
118 7
82 14
67 61
48 53
122 20
134 35
33 6
6 5
122 3
46 61
126 7
84 52
65 9
64 14
127 7
118 27
64 8
139 36
107 62
95 4
8 55
4 16
62 9
45 55
136 131
84 64
126 13
22 12
64 5
107 30
96 4
50 63
30 64
30 8
101 59
56 15
2 3
27 14
62 16
33 34
110 21
132 87
27 13
26 24
55 66
29 44
37 14
55 21
140 141
75 43
48 45
54 14
88 60
46 52
24 58
6 30
137 69
27 45
46 3
48 13
24 61
52 37
101 50
15 18
83 88
59 37
5 11
125 9
13 10
55 14
56 54
102 24
28 29
51 7
77 1
138 86
56 13
139 31
43 66
6 65
113 26
138 40
57 63
34 57
41 35
82 55
51 4
6 29
60 44
138 69
92 35
61 2
35 47
71 8
114 24
70 8
8 49
31 35
123 57
3 11
7 20
1 9
62 46
88 32
130 78
4 18
8 30
92 31
64 50
51 63
45 37
119 49
35 64
129 84
58 44
96 5
90 4
118 60
84 4
92 25
133 76
33 32
143 83
13 37
55 3
32 29
101 56
124 55
125 4
57 47
84 25
67 1
119 2
113 35
84 13
94 2
128 43
107 32
125 8
46 1
59 9
125 14
6 27
96 20
116 6
16 20
60 48
56 43
5 10
54 49
49 47
77 13
88 8
23 27
29 62
92 34
117 3
62 65
55 5
129 26
138 117
7 29
106 35
62 1
94 20
124 30
119 45
132 26
51 2
41 25
134 89
136 98
58 16
33 54
50 49
99 7
110 3
95 20
24 21
20 11
114 28
125 59
29 53
133 114
33 51
69 8
146 33
60 2
67 8
108 6
51 50
95 25
56 57
82 37
7 15
137 79
105 19
57 15
104 64
67 53
102 29
98 99
2 63
5 17
77 7
48 21
50 16
14 11
6 54
52 5
30 55
65 18
84 15
10 20
135 98
57 61
29 11
130 129
8 48
84 30
65 5
143 43
93 20
45 18
65 49
6 58
126 21
59 46
118 6
114 7
47 63
67 21
56 49
36 50
125 3
118 56
146 58
139 109
47 61
7 32
20 21
88 2
64 44
75 46
123 56
60 7
92 23
146 123
60 65
43 18
129 123
5 61
67 13
63 14
1 44
52 10
24 35
67 54
94 3
93 5
120 6
0 7
56 47
55 9
123 8
66 5
59 1
139 28
91 42
84 54
120 23
119 5
9 20
138 126
32 5
35 56
49 52
143 89
67 62
129 34
140 142
24 44
59 14
123 62
130 114
119 13
82 46
144 44
30 59
30 46
56 2
61 20
103 8
50 43
25 59
64 60
29 9
33 25
137 129
125 63
49 4
20 16
33 50
58 37
139 64
134 24
47 21
32 3
124 1
133 129
26 32
120 27
6 62
37 9
95 37
3 52
28 35
119 47
30 45
107 33
72 34
116 3
35 66
138 114
37 12
58 66
48 8
139 33
67 4
48 3
26 48
57 11
119 56
84 44
8 45
125 2
124 18
37 3
77 5
20 37
119 20
82 61
0 8
113 33
51 58
59 16
129 109
75 54
3 9
101 37
7 53
34 27
139 24
64 4
50 45
139 32
59 10
43 49
9 15
124 6
123 29
92 26
114 36
43 14
7 59
79 44
26 30
133 112
88 34
124 65
143 124
27 2
24 51
82 15
103 3
96 3
50 14
143 119
28 50
29 30
62 54
123 60
48 15
2 14
26 59
138 38
143 22
133 98
22 4
32 65
48 2
27 29
35 17
75 59
84 50
23 36
33 60
90 20
29 60
56 59
56 1
135 114
119 35
29 45
119 6
110 53
10 5
84 10
82 16
113 24
67 17
75 45
28 57
26 35
134 85
58 3
91 7
104 26
91 32
30 18
57 21
89 7
61 53
124 46
104 35
144 104
49 44
42 33
129 127
98 8
107 7
32 9
126 17
57 10
35 37
69 7
90 13
146 85
46 16
13 19
133 119
144 41
110 66
28 6
119 66
136 39
114 99
66 61
106 50
51 37
128 104
58 5
66 11
35 50
2 57
102 27
103 20
64 15
7 5
6 46
64 17
66 53
136 38
18 13
3 18
29 43
8 25
30 52
146 42
143 110
119 57
132 35
62 48
60 15
101 65
140 122
8 46
45 13
28 48
2 9
84 48
137 131
140 94
52 12
35 9
84 8
119 14
7 1
99 31
115 5
34 2
84 51
88 43
59 20
2 37
22 3
75 11
35 60
129 120
53 12
124 4
36 33
119 48
92 42
29 10
98 34
8 37
5 37
29 8
88 64
29 13
138 85
44 3
1 18
2 58
44 10
119 59
3 20
113 34
119 52
100 12
119 46
146 28
110 65
50 46
146 32
24 4
82 63
34 25
59 61
91 8
114 31
143 121
0 1
43 61
134 129
106 6
126 8
128 129
7 17
64 43
58 9
5 15
110 59
28 46
43 47
75 61
55 43
6 56
125 16
2 5
3 13
34 49
84 55
15 17
117 14
43 3
28 59
56 44
111 8
139 80
119 7
30 56
43 44
110 52
104 50
4 52
72 26
67 16
21 9
49 53
55 52
129 89
95 6
72 7
100 19
73 7
25 20
54 3
59 18
137 38
140 22
94 18
59 43
82 2
118 65
47 3
11 1
64 65
30 50
59 8
139 34
129 80
125 52
8 5
55 18
35 7
22 21
27 64
94 14
110 48
34 50
138 77
73 8
