id met_invertebrate met_primary_producer met_heterotrophic_bacteria met_dead_organic_material met_heterotrophic_fungi mov_walking mov_sessile mov_other mov_other_nonliving log_mass mass_missing
0 1 0 0 0 0 1 0 0 0 -4.301029995663981 0
1 1 0 0 0 0 1 0 0 0 -2.3712032290698377 0
2 1 0 0 0 0 1 0 0 0 -2.748441103322807 0
3 1 0 0 0 0 1 0 0 0 -2.4751695410084738 0
4 1 0 0 0 0 1 0 0 0 -2.3315745699014996 0
5 1 0 0 0 0 1 0 0 0 -2.4444896022018225 0
6 1 0 0 0 0 1 0 0 0 -4.386158178123931 0
7 1 0 0 0 0 1 0 0 0 -3.8040146036420306 0
8 1 0 0 0 0 1 0 0 0 -3.690248502536241 0
9 1 0 0 0 0 1 0 0 0 -2.038907432731589 0
10 1 0 0 0 0 1 0 0 0 -1.9183594083992683 0
11 1 0 0 0 0 1 0 0 0 -1.4468419279107108 0
12 1 0 0 0 0 1 0 0 0 -0.40699812433158156 0
13 1 0 0 0 0 1 0 0 0 -2.1759224164714857 0
14 1 0 0 0 0 1 0 0 0 -2.228671556381563 0
15 1 0 0 0 0 1 0 0 0 -1.8328695998238638 0
16 1 0 0 0 0 1 0 0 0 -2.0100053867134378 0
17 1 0 0 0 0 1 0 0 0 -2.243758130132396 0
18 1 0 0 0 0 1 0 0 0 -1.5863127800193255 0
19 1 0 0 0 0 1 0 0 0 -0.3701467011885258 0
20 1 0 0 0 0 1 0 0 0 -2.291458092196252 0
21 1 0 0 0 0 1 0 0 0 -2.1550654716143005 0
22 1 0 0 0 0 1 0 0 0 -1.495873746515867 0
23 1 0 0 0 0 1 0 0 0 -5.2247537402597635 0
24 1 0 0 0 0 1 0 0 0 -3.7563890606223205 0
25 1 0 0 0 0 1 0 0 0 -3.3269772487370917 0
26 1 0 0 0 0 1 0 0 0 -4.657577319177793 0
27 1 0 0 0 0 1 0 0 0 -3.75907402741743 0
28 1 0 0 0 0 1 0 0 0 -4.345823458122039 0
29 1 0 0 0 0 1 0 0 0 -3.2840843592981983 0
30 1 0 0 0 0 1 0 0 0 -3.2673529755909128 0
31 1 0 0 0 0 1 0 0 0 -5.213248577854439 0
32 1 0 0 0 0 1 0 0 0 -3.3540356922289045 0
33 1 0 0 0 0 1 0 0 0 -4.621602099051862 0
34 1 0 0 0 0 1 0 0 0 -4.316052869248488 0
35 1 0 0 0 0 1 0 0 0 -3.4064071546946013 0
36 1 0 0 0 0 1 0 0 0 -4.913640169325252 0
37 1 0 0 0 0 1 0 0 0 -2.0866671566985926 0
38 1 0 0 0 0 1 0 0 0 -0.5726156569199612 0
39 1 0 0 0 0 1 0 0 0 -1.066454865751787 0
40 1 0 0 0 0 1 0 0 0 -0.6582829158492705 0
41 1 0 0 0 0 1 0 0 0 -5.292429823902063 0
42 1 0 0 0 0 1 0 0 0 -5.250263684430939 0
43 1 0 0 0 0 1 0 0 0 -2.639712820871053 0
44 1 0 0 0 0 1 0 0 0 -2.314799900075324 0
45 1 0 0 0 0 1 0 0 0 -2.7408580893623347 0
46 1 0 0 0 0 1 0 0 0 -2.5053039890760505 0
47 1 0 0 0 0 1 0 0 0 -2.460281094145663 0
48 1 0 0 0 0 1 0 0 0 -2.7924520693142263 0
49 1 0 0 0 0 1 0 0 0 -2.504042377514516 0
50 1 0 0 0 0 1 0 0 0 -2.9908232806905906 0
51 1 0 0 0 0 1 0 0 0 -3.205602586043845 0
52 1 0 0 0 0 1 0 0 0 -2.3042656131434276 0
53 1 0 0 0 0 1 0 0 0 -2.3413373637942554 0
54 1 0 0 0 0 1 0 0 0 -2.707403938275585 0
55 1 0 0 0 0 1 0 0 0 -2.729734231071674 0
56 1 0 0 0 0 1 0 0 0 -2.809895595378352 0
57 1 0 0 0 0 1 0 0 0 -2.7256850939003687 0
58 1 0 0 0 0 1 0 0 0 -2.6801362010524596 0
59 1 0 0 0 0 1 0 0 0 -2.6933774937896575 0
60 1 0 0 0 0 1 0 0 0 -2.9369873190377906 0
61 1 0 0 0 0 1 0 0 0 -2.3975497533263126 0
62 1 0 0 0 0 1 0 0 0 -2.9341447842582076 0
63 1 0 0 0 0 1 0 0 0 -2.416622442366439 0
64 1 0 0 0 0 1 0 0 0 -3.158087063032794 0
65 1 0 0 0 0 1 0 0 0 -2.6546139172227328 0
66 1 0 0 0 0 1 0 0 0 -2.5226589031596682 0
67 1 0 0 0 0 1 0 0 0 -3.0576600246982197 0
68 1 0 0 0 0 1 0 0 0 -2.1306611870648426 0
69 1 0 0 0 0 1 0 0 0 -4.603800652904264 0
70 1 0 0 0 0 1 0 0 0 -5.036212172654444 0
71 1 0 0 0 0 1 0 0 0 -5.148130399270234 0
72 1 0 0 0 0 1 0 0 0 -5.2247537402597635 0
73 1 0 0 0 0 1 0 0 0 -4.809668301829708 0
74 1 0 0 0 0 1 0 0 0 -4.931814138253839 0
75 1 0 0 0 0 1 0 0 0 -2.813708321529019 0
76 1 0 0 0 0 1 0 0 0 -2.5010830982559042 0
77 1 0 0 0 0 1 0 0 0 -3.6636823857539413 0
78 1 0 0 0 0 1 0 0 0 -1.3010299956639813 0
79 1 0 0 0 0 1 0 0 0 -2.398241296378829 0
80 1 0 0 0 0 1 0 0 0 -4.931814138253839 0
81 1 0 0 0 0 1 0 0 0 -1.529034572502839 0
82 1 0 0 0 0 1 0 0 0 -3.547183529363173 0
83 1 0 0 0 0 1 0 0 0 -1.6684869739693575 1
84 1 0 0 0 0 1 0 0 0 -3.7518623707880274 0
85 1 0 0 0 0 1 0 0 0 -5.046240308266771 0
86 1 0 0 0 0 1 0 0 0 -4.818156412055227 0
87 1 0 0 0 0 1 0 0 0 -6.133122185662502 0
88 1 0 0 0 0 1 0 0 0 -4.505845405981558 0
89 1 0 0 0 0 1 0 0 0 -5.209714835966758 0
90 1 0 0 0 0 1 0 0 0 -4.060480747381382 0
91 1 0 0 0 0 1 0 0 0 -5.266802734893431 0
92 1 0 0 0 0 1 0 0 0 -5.266802734893431 0
93 1 0 0 0 0 1 0 0 0 -3.418042381339925 0
94 1 0 0 0 0 1 0 0 0 -1.7429604518900284 0
95 1 0 0 0 0 1 0 0 0 -3.5688550466925912 0
96 1 0 0 0 0 1 0 0 0 -0.9282454105657707 0
97 1 0 0 0 0 1 0 0 0 -1.7536424400847548 0
98 1 0 0 0 0 1 0 0 0 -5.485452247339714 0
99 1 0 0 0 0 1 0 0 0 -5.318758762624412 0
100 1 0 0 0 0 1 0 0 0 -2.2097148359667584 0
101 1 0 0 0 0 1 0 0 0 -3.2892118169285327 0
102 1 0 0 0 0 1 0 0 0 -5.046240308266771 0
103 1 0 0 0 0 1 0 0 0 -4.268411234813262 0
104 1 0 0 0 0 1 0 0 0 -4.954677021213342 0
105 1 0 0 0 0 1 0 0 0 -0.8696662315049939 0
106 1 0 0 0 0 1 0 0 0 -4.818156412055227 0
107 1 0 0 0 0 1 0 0 0 -4.835647144215563 0
108 1 0 0 0 0 1 0 0 0 -4.452225294612178 0
109 1 0 0 0 0 1 0 0 0 -5.416801226031377 0
110 1 0 0 0 0 1 0 0 0 -2.8583799914458514 0
111 1 0 0 0 0 1 0 0 0 -5.175223537524454 0
112 1 0 0 0 0 1 0 0 0 -4.440093374963888 0
113 1 0 0 0 0 1 0 0 0 -4.835647144215563 0
114 1 0 0 0 0 1 0 0 0 -5.617982957425132 0
115 1 0 0 0 0 1 0 0 0 -2.494182806704345 0
116 1 0 0 0 0 1 0 0 0 -3.907058405452982 0
117 1 0 0 0 0 1 0 0 0 -2.395232712608126 0
118 1 0 0 0 0 1 0 0 0 -4.632644078973981 0
119 1 0 0 0 0 1 0 0 0 -4.145693958198919 0
120 1 0 0 0 0 1 0 0 0 -5.507239610973162 0
121 1 0 0 0 0 1 0 0 0 -1.1950295903751296 0
122 1 0 0 0 0 1 0 0 0 -1.9843889630807305 0
123 1 0 0 0 0 1 0 0 0 -4.616184634019569 0
124 1 0 0 0 0 1 0 0 0 -3.3934122865412446 0
125 1 0 0 0 0 1 0 0 0 -2.7587494584242336 0
126 1 0 0 0 0 1 0 0 0 -3.868419827266354 0
127 1 0 0 0 0 1 0 0 0 -4.403402904373539 0
128 0 1 0 0 0 0 1 0 0 -15.022276394711152 1
129 1 0 0 0 0 1 0 0 0 -4.220403508742176 0
130 1 0 0 0 0 0 0 1 0 -7.552841968657781 0
131 1 0 0 0 0 1 0 0 0 -0.3053948010664313 0
132 1 0 0 0 0 1 0 0 0 -5.448550002027125 0
133 0 0 1 0 0 0 0 1 0 -15.022276394711152 0
134 1 0 0 0 0 1 0 0 0 -6.0695604052333 0
135 1 0 0 0 0 0 0 1 0 -8.580044251510243 0
136 1 0 0 0 0 0 0 1 0 -6.440093374963888 0
137 0 0 0 1 0 0 0 0 1 -15.022276394711152 1
138 0 0 0 0 1 0 0 1 0 -15.022276394711152 1
139 1 0 0 0 0 1 0 0 0 -6.2716462179787715 0
140 0 0 0 1 0 0 0 0 1 -15.022276394711152 1
141 1 0 0 0 0 1 0 0 0 -0.6954682743692796 0
142 1 0 0 0 0 1 0 0 0 -1.144516025427293 0
143 0 0 0 0 1 0 0 1 0 -15.022276394711152 1
144 0 1 0 0 0 0 1 0 0 -15.022276394711152 1
145 0 1 0 0 0 0 1 0 0 -15.022276394711152 1
146 1 0 0 0 0 1 0 0 0 -6.628932137728264 0
147 0 1 0 0 0 0 1 0 0 -15.022276394711152 1
