40 16
42 34
37 16
31 1
18 4
25 5
19 2
49 3
18 6
53 33
56 3
19 6
41 3
8 15
15 2
9 2
16 2
35 36
43 26
56 2
57 3
24 1
8 11
36 15
51 3
35 19
53 1
58 6
36 11
39 5
7 1
13 28
12 28
4 34
35 38
41 1
16 1
26 2
55 1
47 2
26 5
55 2
58 19
3 2
19 1
25 1
53 54
41 7
49 26
32 1
42 2
53 23
46 17
7 2
9 19
49 2
41 4
10 19
58 2
19 7
47 1
10 7
25 6
18 2
45 2
48 17
58 17
58 16
28 1
37 1
5 1
24 25
30 1
13 1
32 2
36 18
32 27
56 1
8 10
29 1
36 14
53 56
35 33
5 34
50 26
38 1
35 12
53 20
53 55
28 27
45 27
33 2
53 32
53 15
17 1
5 19
31 3
30 27
35 32
10 1
29 2
16 17
8 14
19 3
14 1
0 2
36 10
54 2
37 17
53 29
24 2
53 21
46 16
39 7
47 3
0 6
30 2
52 1
53 51
19 4
45 1
53 30
51 34
15 1
50 3
55 3
10 4
50 2
37 2
36 12
31 2
0 5
9 17
36 9
39 6
53 45
7 3
53 43
7 4
40 1
39 1
19 5
14 2
39 19
48 2
7 19
29 25
26 4
35 9
41 6
29 3
5 2
58 5
26 3
53 49
36 0
50 25
40 2
24 26
8 13
23 21
58 4
53 24
51 1
44 1
42 1
27 3
53 52
21 7
52 3
10 5
27 2
5 6
54 3
0 1
58 7
9 1
43 25
39 4
20 2
56 34
15 7
58 1
9 6
35 10
33 34
35 11
18 1
33 1
3 1
53 42
12 2
41 5
15 6
53 50
44 45
51 2
46 1
20 1
35 37
53 44
5 4
43 1
35 42
44 2
11 2
35 40
9 5
23 1
43 3
46 2
50 1
10 2
25 3
11 1
10 17
21 22
35 39
48 1
10 6
14 28
12 1
18 5
35 13
9 7
23 3
0 7
15 34
15 22
7 5
36 13
39 2
7 34
4 6
47 34
35 41
35 21
0 4
19 34
25 4
35 14
52 2
38 2
49 25
17 16
26 6
24 3
41 2
43 2
8 9
18 7
57 1
27 1
0 3
54 1
53 57
28 2
13 2
23 2
57 2
25 2
26 1
26 7
25 7
53 47
11 28
49 1
9 4
17 2
8 12
18 3
53 31
40 17
29 26
48 16
7 6
