20 12
3 5
34 7
48 10
50 10
21 1
21 11
28 10
21 4
48 0
23 9
44 11
39 40
46 12
34 1
36 1
3 8
16 5
39 44
16 1
49 6
23 7
28 5
28 0
22 1
46 10
13 14
49 4
44 43
4 12
22 0
36 4
8 12
34 9
36 8
21 6
16 9
20 7
15 11
22 7
15 5
1 12
39 2
34 12
29 26
49 7
45 27
3 9
44 40
21 10
3 4
44 33
49 5
15 9
36 11
11 27
21 7
16 7
30 1
22 8
20 10
30 7
21 8
23 11
15 1
28 7
16 4
11 1
24 8
16 6
30 11
47 1
3 6
41 26
34 8
34 4
45 9
28 8
35 1
50 0
24 10
20 6
19 27
2 1
36 6
23 6
24 6
49 11
34 0
0 1
39 42
15 4
30 9
44 37
15 12
49 1
28 11
35 4
35 9
50 9
36 0
20 11
24 7
25 26
23 12
27 12
46 7
46 8
45 18
21 0
39 25
35 7
16 8
23 5
44 51
35 0
35 12
22 12
7 13
7 32
35 6
20 5
39 41
22 4
50 12
23 0
23 1
30 10
21 9
48 7
15 0
11 32
48 5
50 1
23 4
35 8
15 10
23 8
3 10
34 5
3 12
50 6
3 0
39 37
49 8
7 1
50 4
50 7
44 1
44 9
46 11
37 14
22 5
47 18
50 8
30 4
5 12
30 6
34 10
22 9
46 9
36 7
34 11
36 9
24 4
28 9
24 0
30 8
16 11
48 4
36 10
17 18
20 8
28 4
11 13
24 11
35 10
49 0
28 12
16 0
44 47
50 5
33 18
45 12
24 5
34 6
7 31
18 27
44 32
48 12
36 12
46 5
44 2
15 7
16 10
35 11
22 6
46 4
22 11
33 13
48 9
50 11
15 6
30 12
42 26
6 12
44 45
48 8
49 12
24 1
39 32
23 10
30 5
21 12
30 0
20 9
48 1
11 4
49 9
49 10
24 12
48 6
48 11
38 18
46 0
20 1
17 19
44 38
20 4
15 8
28 6
22 10
44 17
24 9
28 1
39 17
39 43
47 12
46 6
20 0
3 11
36 5
21 5
43 14
16 12
3 1
3 7
39 29
35 5
46 1
33 1
