35 22
29 9
52 25
29 28
35 12
49 45
51 21
52 24
26 1
38 27
29 14
36 2
35 0
17 5
4 6
20 4
40 6
4 34
51 28
38 12
12 4
51 7
23 33
51 15
5 34
5 33
39 19
30 12
30 27
46 10
30 9
39 6
16 2
18 2
7 2
30 23
37 21
37 1
51 22
13 16
35 15
29 21
13 14
52 12
52 1
26 4
30 28
13 17
49 5
29 20
13 7
37 3
49 3
31 25
7 9
14 4
30 6
35 9
30 4
51 0
32 10
51 3
32 5
39 23
52 0
51 27
37 6
51 19
35 21
36 4
29 19
36 26
39 18
46 49
29 6
38 7
52 17
31 3
52 27
13 22
51 24
46 47
35 5
16 34
37 14
13 20
52 19
29 12
46 20
30 21
13 26
52 16
23 6
16 9
16 5
37 17
36 27
46 48
49 20
20 9
17 1
46 32
32 9
37 20
52 21
17 2
17 4
35 8
3 5
13 21
2 33
26 2
25 9
30 15
31 12
0 2
22 4
35 28
37 15
36 18
38 23
22 2
36 22
13 25
13 5
25 8
37 23
36 0
38 4
31 8
38 17
38 5
19 2
14 3
18 3
29 23
45 14
31 18
36 16
13 23
3 2
39 28
28 6
40 50
36 20
17 6
16 3
49 48
49 40
46 43
13 0
30 19
39 5
16 1
13 15
35 27
26 10
37 4
18 10
42 4
30 18
13 27
25 10
37 18
9 1
49 44
44 8
36 19
25 4
29 22
36 25
13 24
25 28
30 8
52 28
16 4
37 27
13 18
29 15
51 17
38 14
30 20
40 2
40 3
49 10
51 18
39 9
36 3
24 4
37 8
39 12
49 42
14 10
6 33
0 4
38 25
4 2
31 21
29 25
39 20
30 17
46 14
31 14
30 14
30 22
3 4
13 19
35 24
35 17
20 3
36 17
15 6
14 1
43 4
13 6
8 11
31 16
51 8
12 5
7 3
30 16
42 6
37 28
39 17
35 6
31 7
40 5
36 12
42 1
37 25
29 1
30 0
51 1
31 27
13 9
40 28
51 12
15 33
2 6
29 16
31 26
35 2
36 23
51 6
40 20
36 8
3 34
37 9
13 4
51 16
37 19
35 26
39 1
24 5
40 4
52 22
37 22
52 18
43 33
29 7
52 15
29 24
29 4
31 24
36 5
26 9
31 2
39 15
38 2
14 5
36 14
30 26
51 2
8 2
31 20
4 5
52 23
16 6
44 1
52 9
52 8
49 53
31 28
29 26
29 18
30 24
22 33
2 4
35 20
25 1
29 5
51 9
35 19
38 20
13 28
51 20
38 0
32 3
0 3
52 4
43 6
38 22
26 3
9 8
32 8
38 8
17 3
39 7
39 16
35 18
7 10
31 17
49 32
35 1
35 7
40 9
39 22
39 3
35 25
38 1
9 33
19 3
31 6
39 2
38 28
52 7
36 7
51 25
37 7
25 5
29 0
4 33
52 2
13 3
13 2
37 2
26 8
52 6
29 2
27 4
51 26
35 14
39 24
40 7
36 21
22 6
35 16
16 10
52 3
13 12
14 8
29 8
15 4
7 4
30 7
30 1
30 2
36 6
39 26
19 4
30 3
37 24
22 1
25 2
45 8
31 1
37 16
39 4
13 8
15 1
37 12
24 3
18 5
31 23
31 15
31 5
40 44
16 40
35 4
7 8
29 3
49 8
51 5
25 3
44 10
36 9
49 9
38 24
26 5
31 4
51 14
39 14
35 3
37 26
18 4
38 18
49 14
29 17
19 5
38 6
0 5
36 24
45 44
29 27
51 23
38 26
36 28
41 17
37 0
31 19
13 1
14 9
40 8
52 5
30 5
46 27
39 0
52 20
0 6
52 14
35 23
52 26
36 15
43 1
38 21
51 4
0 1
31 0
38 15
36 1
38 16
12 3
38 9
39 27
18 1
38 19
38 3
39 8
31 22
46 42
2 34
31 9
14 2
49 16
18 9
7 5
39 21
30 25
34 33
37 5
41 0
39 25
