32 10
26 34
71 29
16 14
106 47
99 18
108 35
51 33
31 15
5 10
13 28
51 23
16 11
18 11
40 0
19 26
90 13
10 13
106 17
86 46
9 11
50 51
5 15
101 28
36 7
17 19
37 10
118 77
17 34
34 11
97 26
99 23
103 100
56 3
81 14
63 51
80 10
112 85
112 87
13 15
87 21
41 35
47 31
22 32
29 8
119 74
64 12
3 1
41 23
63 50
117 103
112 77
14 1
61 23
109 103
26 8
98 31
49 27
71 24
6 10
48 17
45 17
30 26
114 64
6 15
34 14
84 50
20 9
18 8
115 66
71 23
86 6
97 10
5 7
33 32
102 87
81 15
103 72
41 5
37 15
101 23
19 9
45 23
6 8
118 17
115 113
34 1
79 45
104 79
112 97
24 14
40 7
91 25
33 31
69 22
17 10
17 12
57 60
114 96
50 24
86 9
82 23
16 34
111 18
6 7
28 9
35 21
22 20
68 49
98 26
92 30
70 17
17 5
86 25
118 58
98 13
46 9
46 3
46 36
51 25
16 28
90 11
24 32
41 14
63 47
34 9
49 23
100 11
58 24
26 12
24 46
16 18
106 48
12 15
56 15
68 46
115 83
36 23
27 28
86 27
27 34
108 95
75 28
103 106
118 93
22 31
106 51
92 22
19 34
10 5
89 13
57 35
79 50
17 27
106 50
35 23
83 47
34 12
62 25
35 12
72 23
41 32
119 115
119 17
113 48
22 21
24 31
10 11
87 46
37 8
62 45
41 11
28 8
61 11
94 29
92 36
111 43
97 32
86 24
41 26
46 28
93 27
82 11
29 5
113 93
16 26
33 8
97 28
109 44
93 24
75 21
47 29
108 50
114 88
27 19
11 15
86 3
113 17
45 34
50 23
100 25
75 12
9 15
48 10
66 51
20 34
25 35
46 35
87 6
45 19
113 36
106 71
70 30
33 9
29 14
15 0
67 0
78 7
113 103
100 3
32 9
37 14
27 18
17 26
25 17
69 24
93 35
11 5
68 22
16 9
18 20
86 17
115 103
68 51
107 87
34 5
45 36
28 3
87 10
115 18
98 20
35 11
118 60
78 3
27 8
98 3
37 11
119 88
61 13
107 98
112 86
94 25
10 32
61 12
32 1
20 23
25 27
113 71
13 3
27 14
64 23
17 14
29 12
103 51
46 14
88 45
41 28
41 33
72 30
111 112
97 14
93 18
6 13
12 3
113 95
28 12
23 21
32 3
108 51
102 88
19 5
98 10
78 1
16 36
70 22
95 51
29 19
75 26
24 36
16 17
5 0
19 32
80 25
115 67
51 24
50 35
36 19
100 28
19 14
118 47
76 13
92 25
28 10
75 3
45 29
31 32
72 47
18 23
34 10
45 24
75 36
51 47
56 0
21 8
29 9
112 103
46 27
79 46
17 28
50 25
107 97
45 26
97 34
70 48
75 18
108 99
29 23
30 18
25 10
6 9
113 94
115 90
26 14
23 3
18 0
108 58
31 9
86 13
5 12
50 36
8 6
95 23
97 3
24 29
75 14
102 54
48 45
31 13
26 3
41 10
86 28
111 107
46 20
17 36
66 47
98 15
114 67
109 106
9 13
118 100
50 47
30 14
53 23
36 28
47 45
20 1
10 31
107 81
13 1
90 3
30 11
107 82
16 24
49 31
30 8
97 30
48 35
98 8
13 9
32 0
112 39
107 103
31 14
23 6
15 1
95 49
10 27
22 36
94 19
3 5
78 8
10 12
118 35
23 11
119 87
112 42
25 12
35 19
107 86
108 59
12 0
65 23
55 3
88 47
70 35
71 48
83 48
64 13
103 101
103 60
36 9
31 12
51 10
80 24
93 45
112 38
112 84
40 1
97 23
87 36
112 98
20 3
97 9
69 49
70 29
46 11
29 21
14 13
114 70
90 25
111 87
88 50
51 48
107 67
20 32
103 48
106 101
62 22
92 46
47 30
36 11
19 21
98 11
114 37
106 93
106 65
16 27
28 5
61 8
23 32
7 15
103 59
112 89
31 5
53 5
27 26
106 60
71 17
56 1
25 23
47 21
116 18
106 95
45 32
20 28
45 22
55 14
18 7
93 46
40 15
89 23
100 23
41 30
2 3
118 72
106 58
114 97
75 31
49 17
116 78
47 19
6 11
10 7
54 32
10 14
16 35
51 35
16 6
92 35
116 73
109 70
22 5
82 14
70 23
112 43
50 22
108 65
47 13
83 51
97 36
41 20
57 59
87 3
41 3
4 3
27 10
62 17
118 95
82 15
94 31
16 19
118 59
79 24
24 34
103 35
94 23
112 37
35 10
112 70
109 57
117 86
71 49
53 21
17 23
13 0
14 32
62 46
20 12
26 7
118 101
75 6
30 10
72 49
27 5
10 20
116 55
97 12
115 61
98 33
10 9
3 0
86 19
86 26
100 13
49 36
22 34
21 5
95 17
49 48
87 19
50 17
45 46
88 29
119 86
88 46
108 100
9 8
47 26
19 20
63 29
118 106
72 51
32 21
19 33
42 24
14 11
112 81
95 46
53 3
72 48
112 16
109 66
53 8
21 1
107 37
111 105
110 57
71 51
81 23
89 10
35 3
97 27
16 12
34 3
95 22
115 82
92 23
5 13
68 23
44 24
78 12
22 8
110 79
68 29
117 87
11 6
79 51
25 31
87 14
86 14
94 30
111 61
95 24
53 19
31 23
65 10
32 12
108 71
87 17
114 98
37 3
71 25
86 5
5 8
94 24
97 31
31 20
53 7
40 12
115 44
10 18
108 17
114 62
12 1
47 36
114 68
76 10
30 21
24 33
47 22
30 3
89 14
41 34
70 49
20 14
108 60
112 82
104 39
49 33
33 28
114 83
99 27
52 25
24 18
11 28
108 36
115 60
36 21
19 23
89 12
112 54
36 12
108 72
92 29
45 12
16 5
75 9
87 12
37 1
33 18
13 21
30 12
36 32
118 94
25 30
100 8
39 1
112 57
54 3
22 30
72 29
99 47
62 51
116 54
112 66
71 22
109 79
110 105
24 17
28 1
29 13
36 3
8 7
97 6
98 7
108 94
63 49
56 7
14 9
40 13
16 8
67 14
75 19
56 6
25 26
100 35
14 7
40 6
82 3
35 27
16 10
16 25
91 24
87 26
73 74
47 25
103 49
111 103
29 6
29 30
87 9
21 3
53 12
25 29
110 38
70 46
55 11
81 28
43 24
119 18
48 36
118 65
94 20
95 30
65 24
12 8
47 23
10 19
20 11
86 23
46 10
108 77
101 35
106 77
103 36
21 7
87 23
30 19
87 32
81 3
75 13
48 47
12 6
59 48
102 43
90 23
68 47
86 11
23 34
111 57
22 18
118 50
47 17
113 35
47 27
53 26
88 24
80 8
42 23
45 35
93 33
31 18
104 70
48 26
106 72
26 18
11 9
75 30
114 84
33 5
30 33
94 47
29 27
115 58
94 45
35 36
36 18
69 45
102 103
106 35
29 26
64 14
83 50
31 6
30 35
27 32
21 9
44 29
10 6
34 7
33 15
86 33
108 47
62 47
34 8
17 9
30 9
97 5
97 18
115 70
99 14
95 47
33 7
79 49
93 29
18 5
82 8
112 59
23 10
97 22
81 13
51 46
66 50
45 20
33 26
87 29
107 66
33 13
110 39
66 46
19 8
53 20
87 27
41 12
36 5
53 6
5 14
12 7
114 105
24 10
98 32
78 11
48 23
13 12
112 113
19 11
118 36
31 3
100 36
75 32
86 18
62 49
23 36
41 19
107 70
111 91
53 18
115 85
8 5
67 3
87 24
9 10
117 115
17 18
110 70
78 13
76 12
24 30
48 33
6 14
106 100
102 61
25 46
10 34
31 8
11 0
17 3
94 18
46 6
11 8
50 48
94 14
101 45
9 0
51 36
85 25
115 52
33 10
9 14
51 49
88 48
44 45
67 11
34 13
97 19
82 10
23 12
116 87
6 3
86 22
36 14
27 15
19 15
18 14
51 29
87 20
23 19
46 26
117 118
49 45
45 8
98 9
117 57
25 14
119 103
33 11
89 24
24 35
44 25
14 8
113 99
106 59
86 21
33 21
94 46
89 25
53 32
30 23
49 35
101 14
104 38
32 8
29 34
3 9
118 99
31 34
80 11
30 5
18 13
9 12
69 23
7 1
119 56
64 3
104 103
41 21
71 47
17 20
36 27
17 25
54 28
48 27
92 45
35 5
30 34
98 12
38 0
20 10
17 8
44 23
115 89
14 12
53 10
10 8
97 24
72 46
28 15
21 15
38 1
103 71
97 20
53 15
81 12
47 10
109 39
56 14
67 10
97 11
56 12
56 13
14 5
101 27
107 44
100 17
93 19
118 48
116 86
86 20
21 23
66 24
20 21
36 33
29 35
36 34
80 23
17 31
38 15
32 28
103 50
36 15
101 18
104 106
115 57
68 45
76 8
85 24
88 25
46 23
70 47
68 17
24 20
93 36
28 14
95 29
90 12
92 48
19 7
45 27
5 6
31 7
22 12
11 12
87 13
19 28
26 20
53 11
34 6
69 50
75 5
65 25
27 11
3 7
99 35
110 103
97 21
75 11
19 18
17 11
56 9
45 30
22 27
19 10
94 27
104 66
86 34
114 69
55 1
35 15
41 31
20 13
44 46
29 28
76 25
53 36
8 15
87 28
86 8
40 14
62 29
34 23
112 18
99 45
17 22
92 51
16 32
30 15
78 14
14 0
48 31
110 106
59 25
32 14
87 18
26 15
22 14
27 3
113 49
46 22
33 3
108 106
79 48
27 6
46 8
53 31
98 28
112 44
46 32
93 31
75 20
87 25
14 21
34 32
45 28
69 17
26 6
47 46
87 5
36 10
25 20
19 12
68 25
66 45
97 25
21 28
71 45
115 59
103 99
41 7
22 6
41 6
67 1
59 24
35 7
112 65
81 11
45 18
51 22
16 13
58 23
100 45
40 10
48 46
84 49
35 26
9 1
36 26
87 30
12 9
24 19
22 23
77 23
69 48
24 23
21 12
37 12
100 18
72 17
57 45
35 34
13 8
98 5
25 13
67 13
94 36
26 23
45 14
97 35
22 28
41 9
17 35
87 31
26 21
83 49
45 11
25 18
101 10
9 3
43 25
44 49
111 38
50 29
28 6
78 15
70 24
106 49
13 7
9 7
100 14
94 10
112 52
16 29
66 25
66 48
50 49
82 12
53 34
28 7
18 6
27 33
29 11
52 23
80 14
20 7
70 45
113 50
46 33
50 30
100 32
87 8
21 14
16 31
47 33
86 29
113 72
32 7
97 17
26 10
25 45
114 92
46 34
26 9
60 25
44 22
46 29
118 49
53 27
55 13
45 5
26 13
97 13
115 80
17 6
46 18
25 33
92 17
117 107
32 13
80 13
82 13
86 30
18 28
111 42
76 23
111 76
104 44
56 11
45 33
87 22
86 10
28 11
32 15
34 0
49 25
41 27
112 61
84 47
79 25
44 47
51 19
66 49
113 58
12 5
115 87
76 11
49 47
88 51
90 8
61 3
75 33
99 10
22 9
86 35
116 74
20 6
93 23
76 24
45 3
115 86
45 6
49 46
22 13
49 29
69 46
61 14
17 21
29 17
81 0
24 26
40 9
14 34
88 49
18 21
55 8
25 32
115 98
10 15
53 9
60 23
14 28
35 33
24 22
35 13
53 28
5 3
58 25
53 14
24 45
109 105
35 14
32 11
23 31
114 2
75 35
27 13
46 25
37 28
8 9
21 0
30 36
17 33
16 21
56 8
63 45
35 9
115 79
25 22
83 18
89 3
25 28
28 0
115 37
90 14
101 17
107 104
96 3
98 34
77 25
18 10
46 21
16 30
46 24
101 25
114 82
41 8
104 105
92 27
32 6
75 23
87 11
93 10
37 13
115 43
56 10
61 25
76 3
92 10
18 12
115 77
111 59
57 58
29 22
106 94
50 45
22 25
14 15
29 10
86 36
33 6
51 45
111 39
68 48
76 14
93 22
113 100
30 27
111 85
103 94
108 103
27 7
23 18
101 8
11 3
10 26
30 31
17 13
31 10
29 32
0 1
90 10
45 31
29 20
87 35
31 26
102 86
47 18
21 13
46 13
63 22
67 15
115 42
49 24
29 31
63 46
6 1
98 18
64 11
103 17
118 103
84 51
94 26
8 0
23 26
103 65
35 32
35 6
92 47
99 36
82 1
99 17
19 3
57 18
111 54
47 34
35 28
45 25
5 1
99 24
112 67
103 47
107 79
47 14
23 28
94 22
63 17
67 8
114 63
115 81
23 14
46 5
87 34
12 28
11 1
104 57
29 33
53 13
23 27
47 32
98 23
24 25
46 19
80 12
103 93
79 47
69 47
14 6
34 28
101 3
26 32
27 9
93 47
82 28
112 90
71 46
28 13
114 81
61 24
48 25
98 14
112 83
48 24
78 0
48 22
10 33
70 50
11 21
30 6
113 101
118 51
30 32
84 48
107 109
72 25
108 49
41 18
35 8
22 10
113 51
93 25
93 26
18 3
33 20
57 32
71 30
113 106
69 51
32 5
33 23
59 50
11 13
23 5
23 13
94 33
70 51
48 19
44 50
3 15
34 21
44 17
72 50
19 31
33 14
17 32
27 21
47 35
99 25
22 11
49 30
108 93
30 7
72 24
36 13
59 47
93 17
97 8
48 29
5 9
107 108
32 23
101 32
11 7
19 13
17 30
119 55
10 3
98 6
109 38
115 84
72 22
6 0
49 22
30 20
113 65
26 11
22 26
45 9
29 18
46 12
27 31
53 33
112 60
13 5
26 5
27 20
31 28
119 41
68 24
42 10
40 8
36 8
77 24
115 16
35 31
22 33
112 58
42 25
5 11
41 36
63 48
24 27
23 33
36 31
62 48
64 8
62 24
6 12
47 20
46 17
86 32
49 26
33 12
19 6
40 11
70 25
92 24
81 1
113 47
18 34
22 3
68 50
92 49
41 13
69 29
106 36
119 118
23 20
64 10
35 20
93 30
48 30
51 27
102 57
18 32
33 34
116 88
51 17
75 8
51 30
46 31
44 48
87 33
18 15
96 74
108 48
95 50
95 45
94 35
20 8
89 11
88 17
103 95
37 0
94 17
52 24
49 19
71 50
80 3
55 7
86 12
16 23
60 24
69 25
40 3
27 23
112 74
18 9
81 8
107 84
52 10
10 21
82 0
26 28
81 10
75 34
115 65
103 58
113 59
21 6
92 19
36 6
8 3
75 27
95 48
89 8
43 23
35 18
97 33
107 110
27 12
8 1
111 86
107 57
10 28
118 71
84 18
100 27
20 0
30 28
103 77
29 3
23 9
113 77
29 25
46 30
16 20
22 19
75 10
114 73
95 25
61 10
16 3
114 4
110 66
63 25
101 36
45 10
116 75
108 101
98 21
45 21
29 24
29 36
31 11
25 34
23 35
16 22
113 60
86 31
36 20
107 83
22 35
71 35
20 15
14 3
16 33
72 45
25 11
7 0
25 36
119 78
119 40
21 10
37 23
102 18
21 11
106 103
72 35
110 44
45 13
25 21
34 15
62 50
55 12
112 80
100 10
67 12
63 24
50 46
31 21
112 79
116 103
55 15
55 0
106 99
44 51
23 8
115 97
30 13
20 5
112 105
