id met_invertebrate met_primary_producer met_heterotrophic_bacteria met_dead_organic_material met_heterotrophic_fungi mov_walking mov_sessile mov_other mov_other_nonliving log_mass mass_missing
0 1 0 0 0 0 1 0 0 0 -0.7160086198236505 0
1 1 0 0 0 0 1 0 0 0 -0.622948364935057 0
2 1 0 0 0 0 1 0 0 0 -2.0342887372470733 0
3 1 0 0 0 0 1 0 0 0 -2.155065471614301 0
4 1 0 0 0 0 1 0 0 0 -1.5814254874887168 0
5 1 0 0 0 0 1 0 0 0 -2.038907432731589 0
6 1 0 0 0 0 1 0 0 0 -1.9183594083992683 0
7 1 0 0 0 0 1 0 0 0 -1.0621838360812237 0
8 1 0 0 0 0 1 0 0 0 -2.1759224164714857 0
9 1 0 0 0 0 1 0 0 0 -1.832869599823864 0
10 1 0 0 0 0 1 0 0 0 -2.8041227544446006 0
11 1 0 0 0 0 1 0 0 0 -2.3491210804339073 0
12 1 0 0 0 0 1 0 0 0 -2.243758130132396 0
13 1 0 0 0 0 1 0 0 0 -2.3315745699014996 0
14 1 0 0 0 0 1 0 0 0 -2.4444896022018225 0
15 1 0 0 0 0 1 0 0 0 -0.9551638289685429 0
16 1 0 0 0 0 1 0 0 0 -3.4559480868872057 0
17 1 0 0 0 0 1 0 0 0 -3.3269772487370917 0
18 1 0 0 0 0 1 0 0 0 -2.6397128208710527 0
19 1 0 0 0 0 1 0 0 0 -2.7924520693142263 0
20 1 0 0 0 0 1 0 0 0 -2.504042377514516 0
21 1 0 0 0 0 1 0 0 0 -2.304265613143428 0
22 1 0 0 0 0 1 0 0 0 -3.2840843592981983 0
23 1 0 0 0 0 1 0 0 0 -3.2601469183630347 0
24 1 0 0 0 0 1 0 0 0 -4.386158178123931 0
25 1 0 0 0 0 1 0 0 0 -4.180456064458132 0
26 1 0 0 0 0 1 0 0 0 -2.729734231071674 0
27 1 0 0 0 0 1 0 0 0 -2.794924264748693 0
28 1 0 0 0 0 1 0 0 0 -2.224247674090414 0
29 1 0 0 0 0 1 0 0 0 -3.4306495031174813 0
30 1 0 0 0 0 1 0 0 0 -2.9369873190377906 0
31 1 0 0 0 0 1 0 0 0 -2.7397527822103913 0
32 1 0 0 0 0 1 0 0 0 -2.3975497533263126 0
33 1 0 0 0 0 1 0 0 0 -2.7503942086554027 0
34 1 0 0 0 0 1 0 0 0 -2.416622442366439 0
35 1 0 0 0 0 1 0 0 0 -2.839792664340997 0
36 1 0 0 0 0 1 0 0 0 -2.8090050384799254 0
37 1 0 0 0 0 1 0 0 0 -2.3289521854189488 0
38 1 0 0 0 0 1 0 0 0 -1.066454865751787 0
39 1 0 0 0 0 1 0 0 0 -0.6582829158492705 0
40 1 0 0 0 0 1 0 0 0 -1.9355040491042572 0
41 1 0 0 0 0 1 0 0 0 -3.0576600246982197 0
42 1 0 0 0 0 1 0 0 0 -4.603800652904264 0
43 1 0 0 0 0 1 0 0 0 -5.148130399270234 0
44 1 0 0 0 0 1 0 0 0 -5.2247537402597635 0
45 1 0 0 0 0 1 0 0 0 -3.7043625390366333 0
46 1 0 0 0 0 1 0 0 0 -3.6570426765624067 0
47 1 0 0 0 0 1 0 0 0 -4.283162276700476 0
48 1 0 0 0 0 1 0 0 0 -4.673664139071248 0
49 1 0 0 0 0 1 0 0 0 -4.728158393463501 0
50 1 0 0 0 0 1 0 0 0 -4.798602875679548 0
51 1 0 0 0 0 1 0 0 0 -4.747146969020107 0
52 1 0 0 0 0 1 0 0 0 -4.447331783887806 0
53 1 0 0 0 0 1 0 0 0 -2.813708321529019 0
54 1 0 0 0 0 1 0 0 0 -2.398241296378829 0
55 1 0 0 0 0 1 0 0 0 -1.529034572502839 0
56 1 0 0 0 0 1 0 0 0 -1.961657668750236 0
57 1 0 0 0 0 1 0 0 0 -0.9879050639159153 1
58 1 0 0 0 0 1 0 0 0 -4.818156412055227 0
59 1 0 0 0 0 1 0 0 0 -6.133122185662502 0
60 1 0 0 0 0 1 0 0 0 -5.209714835966758 0
61 1 0 0 0 0 1 0 0 0 -4.060480747381382 0
62 1 0 0 0 0 1 0 0 0 -5.266802734893431 0
63 1 0 0 0 0 1 0 0 0 -5.266802734893431 0
64 1 0 0 0 0 1 0 0 0 -0.5965706044710362 0
65 1 0 0 0 0 1 0 0 0 -4.600326278518962 0
66 1 0 0 0 0 1 0 0 0 -5.485452247339714 0
67 1 0 0 0 0 1 0 0 0 -2.2097148359667584 0
68 1 0 0 0 0 1 0 0 0 -5.046240308266771 0
69 1 0 0 0 0 1 0 0 0 -5.046240308266771 0
70 1 0 0 0 0 1 0 0 0 -4.818156412055227 0
71 1 0 0 0 0 1 0 0 0 -4.835647144215563 0
72 1 0 0 0 0 1 0 0 0 -4.835647144215563 0
73 1 0 0 0 0 1 0 0 0 -0.8738977502408571 0
74 1 0 0 0 0 1 0 0 0 0.5212816257008909 0
75 1 0 0 0 0 1 0 0 0 -3.0824425042558654 0
76 1 0 0 0 0 1 0 0 0 -3.7264616930744143 0
77 1 0 0 0 0 1 0 0 0 -5.175223537524454 0
78 1 0 0 0 0 1 0 0 0 -1.776813782740086 0
79 1 0 0 0 0 1 0 0 0 -5.617982957425132 0
80 1 0 0 0 0 1 0 0 0 -3.7353568740333154 0
81 1 0 0 0 0 1 0 0 0 -2.3852911947912356 0
82 1 0 0 0 0 1 0 0 0 -2.395232712608126 0
83 1 0 0 0 0 1 0 0 0 -5.0589857562944305 0
84 1 0 0 0 0 1 0 0 0 -5.0589857562944305 0
85 1 0 0 0 0 1 0 0 0 -5.568636235841013 0
86 1 0 0 0 0 1 0 0 0 -3.696957377183811 0
87 1 0 0 0 0 1 0 0 0 -3.6909620688756934 0
88 1 0 0 0 0 1 0 0 0 -5.292429823902063 0
89 1 0 0 0 0 1 0 0 0 -3.5600975698313997 0
90 1 0 0 0 0 1 0 0 0 -3.3340439705460434 0
91 1 0 0 0 0 1 0 0 0 -5.278189384787454 0
92 1 0 0 0 0 1 0 0 0 -4.782516055786093 0
93 1 0 0 0 0 1 0 0 0 -4.616184634019569 0
94 1 0 0 0 0 1 0 0 0 -4.431798275933005 0
95 1 0 0 0 0 1 0 0 0 -4.935542010773082 0
96 1 0 0 0 0 1 0 0 0 -1.2115445518402033 0
97 1 0 0 0 0 1 0 0 0 -3.3934122865412446 0
98 1 0 0 0 0 1 0 0 0 -2.7587494584242336 0
99 1 0 0 0 0 1 0 0 0 -4.403402904373539 0
100 1 0 0 0 0 1 0 0 0 -4.068542129310995 0
101 1 0 0 0 0 1 0 0 0 -4.11690664142431 0
102 0 1 0 0 0 0 1 0 0 -15.022276394711152 1
103 1 0 0 0 0 1 0 0 0 -4.220403508742176 0
104 1 0 0 0 0 0 0 1 0 -7.552841968657781 0
105 1 0 0 0 0 1 0 0 0 0.7821032799395621 0
106 1 0 0 0 0 1 0 0 0 -5.448550002027125 0
107 0 0 1 0 0 0 0 1 0 -15.022276394711152 0
108 1 0 0 0 0 1 0 0 0 -6.0695604052333 0
109 1 0 0 0 0 0 0 1 0 -8.580044251510243 0
110 1 0 0 0 0 0 0 1 0 -6.440093374963888 0
111 0 0 0 1 0 0 0 0 1 -15.022276394711152 1
112 0 0 0 0 1 0 0 1 0 -15.022276394711152 1
113 1 0 0 0 0 1 0 0 0 -6.2716462179787715 0
114 0 0 0 1 0 0 0 0 1 -15.022276394711152 1
115 0 0 0 0 1 0 0 1 0 -15.022276394711152 1
116 0 1 0 0 0 0 1 0 0 -15.022276394711152 1
117 0 1 0 0 0 0 1 0 0 -15.022276394711152 1
118 1 0 0 0 0 1 0 0 0 -6.628932137728263 0
119 0 1 0 0 0 0 1 0 0 -15.022276394711152 1
