7 3
21 18
19 13
3 4
13 1
10 2
26 9
5 1
7 0
19 17
17 8
10 15
2 3
26 2
26 1
24 2
19 15
5 3
14 2
25 5
26 5
25 13
25 18
23 2
6 1
21 25
2 1
23 1
10 8
19 10
0 1
7 11
26 14
1 2
17 5
25 1
14 1
8 1
23 5
7 8
26 3
7 17
26 4
5 4
10 3
17 1
6 2
23 4
25 8
21 6
7 10
26 17
25 22
26 13
19 8
4 1
23 12
3 2
21 22
7 1
25 17
7 15
4 2
18 1
7 2
26 11
25 6
13 2
19 9
21 2
21 23
26 15
7 9
7 5
11 4
7 13
8 2
19 1
16 2
19 11
17 2
10 4
19 16
25 3
7 14
2 5
20 2
20 1
13 3
13 4
23 3
15 1
25 20
17 3
3 5
19 14
19 2
26 16
13 12
26 12
17 4
15 2
21 24
25 24
10 5
18 2
7 12
7 4
26 10
19 12
26 0
11 1
3 1
19 0
19 5
8 3
16 1
20 12
5 2
19 3
19 4
10 1
21 15
2 4
26 8
21 10
13 5
21 8
25 2
24 1
8 5
20 8
15 4
8 4
25 4
7 16
0 2
