1 14
33 25
39 2
6 8
31 14
29 10
6 11
48 3
27 8
9 12
37 17
27 12
7 12
35 3
0 1
40 14
24 29
23 1
30 14
45 1
31 12
25 14
21 10
32 14
22 3
0 2
29 13
28 8
27 7
18 17
36 13
5 2
13 8
7 14
3 9
31 8
45 3
6 10
24 31
0 3
33 30
24 27
25 11
40 3
42 3
47 1
5 3
15 1
2 8
48 1
22 2
30 9
6 9
35 2
52 3
26 14
20 11
3 8
13 11
1 9
33 27
49 1
54 16
28 7
10 9
34 3
31 10
26 8
44 9
24 20
7 11
32 12
9 8
6 7
36 14
29 7
29 8
32 10
28 12
1 11
28 10
20 13
14 8
8 18
19 3
30 7
13 9
40 2
27 10
10 11
11 18
22 14
24 1
21 7
28 9
30 13
5 1
9 13
33 20
39 1
21 8
28 14
42 2
3 12
42 1
16 17
13 12
23 2
43 2
54 8
28 11
29 14
44 7
32 8
31 11
21 9
46 1
20 9
1 12
12 18
8 17
53 2
21 14
13 14
19 2
29 11
26 11
33 3
14 18
9 14
51 2
33 32
33 28
49 2
20 10
45 2
51 1
24 30
24 6
38 3
44 14
24 32
26 10
34 2
41 3
20 12
36 10
26 12
52 1
24 26
24 28
33 31
4 1
26 9
4 3
49 3
20 8
25 8
30 8
9 10
1 8
27 14
22 1
32 13
3 11
31 9
12 17
33 6
50 2
33 1
7 8
17 18
33 2
30 12
2 13
36 7
43 3
15 3
44 12
43 1
32 11
35 1
54 37
10 14
40 12
6 14
26 7
10 12
16 18
48 2
53 3
2 11
14 17
3 14
30 11
53 1
27 13
38 2
2 14
19 1
9 11
36 9
27 11
39 3
32 7
23 3
24 2
25 12
24 25
25 9
36 12
10 13
41 2
50 3
32 9
33 21
40 1
20 7
2 12
34 1
15 2
31 7
46 3
50 1
27 9
37 18
6 13
13 10
29 12
26 13
24 3
21 12
21 11
22 12
47 2
51 12
33 29
24 21
55 8
41 1
28 13
11 17
51 14
10 8
33 26
21 13
20 14
44 13
4 2
44 10
29 9
46 2
54 12
51 3
52 2
30 10
31 13
55 14
2 10
47 3
38 1
6 12
