30 10
20 3
30 5
27 13
22 8
22 11
16 10
24 3
22 13
24 13
26 3
33 35
19 12
42 10
20 12
44 13
21 3
22 3
44 3
21 8
23 9
26 8
20 13
24 10
22 10
0 1
31 13
40 41
6 11
45 9
16 14
24 8
42 5
43 5
26 7
6 14
31 3
16 3
30 11
42 3
0 2
22 9
43 9
15 12
40 34
15 8
27 10
15 11
24 12
16 13
43 8
20 7
40 12
33 37
24 9
19 14
21 13
3 4
29 28
42 7
11 1
45 8
19 9
32 18
26 10
24 5
21 7
23 5
28 25
41 18
31 11
43 3
31 5
21 11
40 2
33 17
23 10
44 9
23 11
42 8
45 7
23 8
45 12
19 11
41 25
18 25
26 14
24 14
44 12
40 38
19 7
15 13
43 12
19 3
15 3
19 5
30 7
45 10
6 10
31 10
44 11
43 10
24 7
31 14
15 10
33 39
27 7
15 9
43 11
45 3
31 8
43 13
40 32
26 5
42 11
6 7
30 12
15 7
6 13
31 9
19 8
23 12
15 5
42 9
40 37
30 8
27 9
20 8
16 8
24 11
41 1
19 13
19 10
9 2
44 7
21 5
31 7
43 7
40 8
44 8
30 9
33 36
27 14
16 5
6 12
40 7
20 5
16 9
16 7
16 12
21 14
26 12
45 14
26 11
23 14
20 14
40 17
27 12
40 11
5 4
42 13
44 14
33 8
21 12
6 3
20 10
31 12
23 3
30 14
6 9
6 8
20 9
44 5
33 38
27 8
44 10
26 13
25 4
45 11
26 9
22 7
33 2
22 14
22 12
33 40
21 9
45 13
42 12
9 1
23 7
20 11
33 34
16 11
22 5
15 14
27 5
42 14
30 3
30 13
6 5
32 1
27 3
17 18
41 12
21 10
27 11
10 4
14 25
40 46
23 13
40 9
45 5
43 14
