0 13
22 2
28 10
29 8
35 6
22 1
0 10
3 17
13 20
29 2
34 2
23 26
28 13
28 9
31 20
35 12
16 12
29 4
27 13
6 20
31 6
0 11
35 3
29 13
29 6
33 8
33 5
8 19
0 7
16 13
31 7
32 6
36 11
30 4
34 7
2 17
34 10
34 12
36 10
29 14
9 21
15 7
4 14
22 6
30 2
4 25
6 17
28 2
13 24
35 2
18 21
29 7
27 2
33 7
14 26
0 8
29 5
32 3
36 14
22 9
36 7
9 17
34 11
15 9
35 1
1 17
30 7
32 11
13 23
33 12
22 8
32 13
13 21
2 20
9 23
32 2
15 6
31 9
4 18
5 14
28 3
0 4
22 3
19 21
28 7
36 12
34 9
36 8
4 17
28 6
16 2
27 14
34 13
16 10
15 12
12 17
24 14
16 14
27 10
16 6
27 11
16 9
8 21
0 9
27 1
30 1
35 5
16 11
9 20
8 26
29 9
35 9
15 1
8 18
36 4
16 7
16 1
31 2
32 12
11 17
34 6
32 1
30 14
10 17
31 8
33 9
6 21
33 11
28 1
28 4
35 7
13 17
22 10
31 3
31 10
29 3
0 5
2 18
33 10
27 4
15 13
35 11
32 8
27 5
30 12
28 8
35 13
22 20
34 3
15 4
29 12
13 26
18 17
28 5
4 24
15 3
4 21
32 5
32 9
34 14
8 17
13 19
0 3
31 14
34 1
0 6
28 14
32 7
9 18
28 12
34 4
31 25
22 4
36 1
36 2
16 3
8 20
21 26
19 17
30 5
23 17
9 26
31 13
33 2
33 4
15 14
27 12
30 6
34 8
16 4
21 20
27 9
36 9
0 12
30 8
22 14
0 1
30 3
4 19
14 17
30 11
33 1
30 13
30 9
33 13
29 1
36 3
25 17
31 4
15 8
15 5
4 13
33 14
34 5
15 2
18 26
2 21
29 10
35 14
35 4
31 11
27 8
33 3
29 11
36 5
9 19
20 19
21 19
20 17
16 5
5 17
4 20
32 14
16 8
27 7
2 19
12 19
15 11
22 11
35 8
36 6
32 10
0 14
30 10
35 10
28 11
36 13
0 2
31 1
27 6
22 13
32 4
8 23
4 23
33 6
15 10
27 3
