21 3
27 15
13 4
6 4
23 18
40 17
12 17
14 2
0 5
34 8
41 3
0 4
26 15
23 5
34 13
38 34
9 5
32 2
19 3
3 7
26 9
27 0
15 1
13 7
4 3
40 0
25 5
12 15
27 3
15 24
25 4
13 8
40 5
41 8
26 18
29 8
26 14
12 21
25 19
27 1
12 10
38 39
27 19
23 10
22 10
16 5
17 3
12 3
27 2
26 1
41 14
41 9
21 10
41 19
10 5
21 7
40 21
38 37
24 7
30 7
27 20
26 17
35 37
12 5
25 14
15 10
34 29
23 22
35 31
23 13
28 8
26 11
14 1
29 3
38 15
38 9
28 6
32 5
26 22
38 28
28 1
40 18
30 1
23 19
12 1
30 4
13 3
38 30
25 1
28 5
40 19
13 1
26 19
0 2
10 8
32 4
28 10
31 1
4 7
41 17
23 0
23 15
26 10
15 3
21 4
40 6
12 0
16 1
41 2
27 13
41 10
41 6
26 16
25 0
41 5
38 4
22 4
10 2
32 7
38 10
30 5
25 20
12 16
26 6
35 36
22 9
12 4
19 5
26 2
38 31
27 10
27 21
25 21
23 2
23 14
12 13
33 8
26 13
23 4
0 3
19 4
23 9
13 5
12 11
26 20
40 16
5 7
29 7
41 15
22 3
38 13
32 1
4 5
25 6
11 4
27 18
9 10
25 10
40 8
23 1
27 11
23 21
25 8
27 4
18 4
38 33
12 22
27 6
41 16
19 1
27 17
26 0
31 5
41 22
10 7
23 8
3 5
41 1
40 3
4 24
12 14
12 6
23 6
26 21
40 1
12 9
9 7
23 3
16 4
40 2
22 7
41 11
27 14
29 9
40 20
40 4
3 24
25 2
23 16
40 10
12 19
9 2
29 10
28 3
41 4
28 9
33 1
40 15
41 0
25 9
25 15
14 7
25 11
38 42
41 13
25 3
29 1
21 9
21 8
16 3
6 8
23 11
35 38
27 8
0 1
40 13
25 18
26 3
29 4
14 5
23 20
17 4
13 10
25 17
27 9
26 5
26 4
6 3
9 1
15 4
12 18
30 2
41 20
6 10
6 9
21 1
20 4
38 32
23 17
38 8
40 22
41 18
25 16
12 2
6 7
10 1
27 16
38 22
41 21
27 22
39 3
12 20
40 14
35 13
40 11
25 22
13 9
38 3
26 8
6 1
25 13
9 8
15 28
27 5
15 9
28 4
34 33
31 4
3 4
12 8
14 4
40 9
