17 6
12 8
21 6
21 3
14 15
7 14
10 9
15 14
16 3
21 8
10 1
20 1
23 1
16 2
22 5
16 6
26 14
22 8
10 2
16 1
11 9
21 5
16 8
16 4
17 5
10 4
21 4
0 5
20 24
20 25
23 8
23 6
11 3
13 14
10 5
22 2
12 2
11 5
0 8
22 7
22 1
2 15
11 4
13 7
11 7
10 3
10 7
7 15
11 1
17 4
17 8
10 8
23 4
20 2
12 4
22 9
23 3
13 15
15 7
23 5
0 9
16 9
23 9
23 7
22 3
0 3
17 3
0 1
17 1
22 4
0 2
18 2
18 7
17 2
18 20
21 1
0 6
0 7
23 2
21 2
17 7
22 6
11 2
16 7
16 5
12 7
11 8
20 19
17 9
21 7
21 9
12 5
2 14
11 6
20 13
18 19
18 13
10 6
12 9
18 8
0 4
