0 38
74 22
23 8
152 53
141 94
147 124
149 119
64 54
128 58
38 36
131 36
102 61
32 9
22 19
24 9
33 29
60 17
75 12
59 17
61 27
98 53
71 17
77 29
55 68
137 97
120 5
82 86
52 38
23 16
11 20
141 86
133 25
108 35
77 5
92 10
146 50
3 37
153 65
71 63
137 84
10 34
4 28
53 33
11 23
0 1
3 11
64 20
31 9
22 32
21 37
10 1
14 20
3 33
0 23
35 9
122 19
115 21
12 14
144 82
122 12
134 22
58 12
142 98
66 21
146 80
60 7
18 10
139 89
1 20
0 17
33 17
70 59
10 35
124 62
139 88
4 1
126 17
75 38
145 67
98 54
83 16
108 38
91 59
77 30
19 20
149 132
137 58
152 89
80 22
125 9
63 55
128 54
76 18
43 23
22 52
22 18
15 14
111 22
152 50
123 62
15 35
77 54
4 33
3 14
33 23
65 13
124 55
17 9
6 9
65 22
34 35
50 16
134 29
133 37
63 5
149 80
141 56
135 60
149 89
150 148
111 68
55 16
117 62
51 68
4 2
131 7
76 23
105 64
66 15
123 52
85 17
131 14
105 5
118 55
57 22
28 12
55 30
23 18
75 25
17 38
27 35
3 12
136 79
75 1
77 33
20 35
133 9
106 52
34 1
8 22
99 20
30 22
144 46
16 28
24 33
150 31
139 85
52 22
68 14
124 54
128 18
33 25
68 5
20 38
106 23
56 28
59 8
112 62
56 52
146 134
139 95
28 29
123 63
85 64
128 23
145 95
24 1
29 1
145 108
56 64
141 139
7 1
66 35
153 115
55 33
11 9
33 22
102 62
152 135
75 26
102 58
90 5
53 54
134 68
107 22
122 29
89 22
61 59
63 3
14 19
8 26
64 4
64 33
84 4
60 33
63 50
24 59
53 3
50 8
59 4
23 34
100 55
28 14
5 32
3 26
7 13
131 11
128 17
31 37
149 107
139 128
4 6
92 21
105 52
129 31
66 9
106 17
139 50
5 29
62 22
145 76
133 6
22 33
19 10
132 58
57 56
17 29
68 1
56 24
58 11
111 59
143 98
100 63
26 20
17 32
55 27
139 63
152 62
3 10
50 62
141 107
64 3
35 6
100 24
140 143
105 17
136 70
9 1
103 24
60 3
84 22
32 18
52 16
19 36
139 55
84 30
28 20
67 23
30 34
97 53
33 32
5 24
84 68
131 1
83 26
62 27
3 27
123 61
97 63
131 27
112 64
63 29
149 87
27 13
7 10
16 31
54 4
43 27
124 64
31 10
25 2
29 14
147 104
65 34
4 3
131 32
77 8
83 30
108 31
4 9
36 12
50 11
108 32
54 17
77 62
84 13
10 32
91 23
110 42
17 3
131 21
29 27
137 53
139 84
153 49
59 38
146 135
81 37
7 32
0 5
105 3
141 85
5 27
113 19
18 21
63 8
138 82
146 107
64 23
8 15
133 32
131 37
49 17
3 29
32 6
95 59
16 14
26 32
135 55
149 116
75 22
50 54
105 24
152 86
147 91
102 23
133 2
28 6
130 37
128 5
43 7
133 13
62 61
132 4
149 117
144 108
147 101
41 31
33 36
12 6
58 23
38 25
51 54
139 111
144 73
84 19
98 64
127 22
16 32
152 87
151 137
50 29
61 19
88 61
55 17
141 51
139 80
26 37
83 32
126 20
55 11
83 8
98 62
22 1
59 13
75 5
76 37
3 23
145 86
106 53
62 18
57 61
64 38
75 8
149 108
102 60
83 15
22 34
137 54
60 4
53 11
57 24
145 132
145 121
118 60
144 110
27 23
87 23
128 59
49 5
56 53
60 11
25 9
50 58
68 10
84 58
103 3
24 29
0 37
143 71
0 16
60 27
65 12
84 5
102 50
23 11
106 63
52 26
64 22
6 37
99 18
123 50
56 7
102 55
2 34
88 50
132 11
57 52
127 24
120 55
113 17
26 2
59 15
28 36
57 5
38 19
102 5
83 5
54 33
43 14
131 15
41 25
138 104
53 62
57 23
85 38
66 32
63 54
146 56
12 34
38 9
43 37
97 59
3 35
22 36
58 32
141 106
25 36
117 50
146 35
135 59
56 8
6 31
36 31
128 28
117 60
5 13
119 50
97 50
74 68
7 18
33 14
57 60
63 52
43 10
145 133
0 28
50 17
30 17
24 35
106 58
84 25
52 29
63 68
19 9
101 53
23 4
63 30
43 21
150 124
147 99
144 45
120 24
136 48
84 38
102 3
120 64
54 18
30 10
22 10
19 21
120 61
11 2
101 52
68 29
24 28
75 4
139 83
43 20
132 13
0 2
101 22
113 21
125 10
138 71
20 2
96 50
88 97
45 42
144 109
145 69
140 137
135 54
122 35
32 42
11 29
54 27
61 64
109 42
106 61
61 16
61 4
33 37
140 132
53 16
55 7
7 38
142 47
17 10
13 20
59 21
30 31
81 6
80 23
24 34
120 50
101 56
132 8
46 42
24 12
56 30
62 13
146 61
49 52
28 25
152 57
120 62
66 14
81 14
73 23
69 68
131 3
56 33
140 118
75 17
82 36
22 16
139 35
25 1
32 10
114 37
127 62
141 62
139 134
17 24
145 119
1 15
113 22
65 30
85 22
96 22
98 17
51 17
51 5
137 55
147 119
124 23
100 16
109 37
100 4
62 28
122 21
112 22
108 1
135 58
121 68
54 16
10 37
14 9
18 34
14 21
5 6
55 61
99 31
17 28
123 56
119 56
43 36
32 35
131 17
63 22
58 4
52 35
124 51
137 134
62 68
56 62
1 9
138 109
7 25
27 25
76 10
141 64
114 10
122 23
6 42
120 11
83 37
122 32
105 63
145 116
64 68
136 49
100 23
68 32
27 2
36 34
75 13
27 21
55 23
120 63
140 119
144 145
133 1
51 62
19 25
2 10
145 48
77 16
61 7
76 20
0 14
138 98
146 63
147 48
13 1
12 35
27 32
90 24
36 19
12 15
18 6
24 11
24 15
16 9
81 31
32 2
93 37
12 19
131 8
62 64
75 23
124 4
0 33
50 4
55 29
18 20
4 36
53 59
75 34
114 34
53 52
57 50
3 13
94 59
83 19
115 9
112 50
55 4
35 14
16 30
84 36
66 31
135 17
59 2
50 60
4 35
56 3
149 99
82 87
0 22
11 32
84 24
64 8
38 15
16 10
0 31
90 53
54 12
152 85
96 56
149 131
33 21
1 2
9 2
142 82
96 64
37 9
90 59
0 25
141 54
18 38
37 14
105 28
83 18
16 13
133 15
136 123
85 33
30 9
13 12
60 54
22 25
61 33
113 18
137 64
2 37
65 35
131 28
12 18
50 64
103 64
100 54
127 59
152 60
30 36
19 2
35 34
129 37
124 50
6 34
25 6
13 18
134 50
16 29
139 56
68 37
29 17
76 9
43 22
29 34
149 0
105 61
138 44
135 61
55 28
100 3
150 123
59 29
101 64
91 61
81 21
0 24
75 9
100 58
91 53
24 18
24 3
4 14
68 12
84 8
51 61
15 37
121 17
24 2
2 14
24 22
132 29
88 57
101 61
59 30
60 68
43 8
8 9
5 18
52 58
52 9
61 3
52 3
123 4
7 31
76 19
4 32
65 38
78 31
125 37
82 88
122 7
37 35
69 17
56 61
17 1
43 29
11 14
106 56
59 10
26 15
15 2
121 22
116 10
132 20
23 20
96 54
139 106
28 13
98 22
62 24
71 16
58 30
61 30
63 62
23 28
91 52
108 8
52 12
71 22
63 28
25 20
20 21
152 35
68 31
139 135
82 69
124 52
151 140
0 21
103 5
145 110
146 84
54 58
106 55
26 34
14 37
24 13
145 112
142 137
59 23
117 53
5 22
43 15
53 30
22 4
40 37
122 26
7 26
68 15
152 137
102 59
17 36
68 30
118 62
4 20
22 27
150 49
19 37
101 23
153 75
117 54
28 17
128 33
146 106
69 59
103 4
123 17
90 4
60 30
123 5
70 22
22 13
32 34
29 25
85 36
65 20
54 38
105 50
107 17
84 33
134 4
91 22
18 13
60 24
137 85
18 14
5 28
20 25
120 59
150 25
25 26
56 58
4 22
17 11
20 31
15 19
97 54
78 36
102 4
29 35
91 58
58 9
83 13
142 104
140 82
83 38
142 45
33 38
22 11
108 17
9 35
4 5
144 88
80 59
145 89
16 27
106 3
60 5
149 96
144 137
85 8
76 17
50 3
123 57
68 8
137 89
27 36
127 5
89 59
67 59
29 32
30 29
111 17
35 37
78 35
85 7
61 11
145 126
91 17
30 15
50 30
16 25
118 56
49 64
24 10
68 19
18 36
87 59
116 9
63 11
141 57
3 19
77 18
6 10
118 54
64 10
30 26
61 18
16 21
39 31
60 64
149 71
64 19
96 61
142 73
147 90
0 34
66 2
15 9
51 57
77 22
60 58
68 38
100 50
133 23
71 55
51 23
126 23
143 110
72 23
137 139
31 34
65 9
58 8
59 20
11 36
103 59
104 42
108 12
152 128
92 37
90 17
57 64
75 3
137 56
30 1
144 48
66 10
61 25
137 35
8 1
98 60
15 34
146 55
146 69
131 30
96 62
43 34
15 31
139 61
25 19
108 6
68 33
56 29
33 9
63 24
103 60
61 54
24 31
35 2
72 18
111 23
8 35
108 20
26 12
3 38
75 20
124 56
100 33
65 10
58 18
18 32
146 60
68 9
0 19
135 29
119 61
126 21
36 14
132 23
62 17
113 37
135 3
120 52
61 36
22 9
28 8
97 68
71 60
76 34
141 128
59 27
122 20
91 50
83 35
23 13
3 9
39 37
21 14
123 58
101 17
105 55
145 88
108 14
11 21
53 29
29 37
56 5
7 12
28 23
84 28
131 25
106 50
62 33
80 68
62 52
59 26
152 58
86 22
82 89
131 33
145 87
131 34
137 4
152 64
7 27
8 17
122 18
125 34
52 32
128 61
3 21
13 19
11 12
138 96
64 58
22 30
105 56
60 62
7 17
43 35
23 14
139 51
24 19
29 31
89 17
145 125
16 1
84 18
147 92
85 5
4 21
144 114
11 25
127 11
59 31
127 8
3 15
53 8
49 63
5 35
117 63
141 127
35 10
90 63
145 0
151 82
28 31
91 60
11 31
124 17
66 1
53 22
61 13
59 37
51 60
125 20
51 52
152 139
16 22
90 16
102 17
122 10
83 12
102 64
153 43
149 70
84 34
5 3
146 128
138 46
54 11
51 16
128 68
137 61
5 12
142 112
120 28
147 120
51 58
77 17
122 15
28 38
101 50
90 57
30 13
66 26
6 21
108 10
84 21
58 19
63 33
100 62
71 57
68 13
118 64
125 59
98 23
124 63
141 89
69 23
124 58
14 34
61 38
85 16
35 31
90 55
52 25
116 35
137 127
55 54
57 17
145 99
153 66
10 12
5 15
52 15
143 46
4 18
28 21
8 36
91 63
61 28
83 23
100 60
33 8
28 22
43 12
103 17
90 54
128 4
64 24
65 28
30 27
4 24
59 25
152 97
106 5
152 63
17 19
68 16
24 20
22 21
68 25
83 4
108 19
122 31
122 6
88 51
76 21
137 57
51 63
123 53
83 22
64 29
81 34
146 51
128 7
65 15
21 25
105 8
131 13
127 64
54 8
10 6
126 22
50 23
1 34
49 61
100 17
134 24
22 38
59 1
145 78
30 32
117 56
4 29
100 5
65 27
28 1
144 104
57 54
63 53
118 61
121 59
15 10
65 33
141 135
98 56
91 54
134 61
17 16
127 3
2 21
38 18
99 35
31 42
13 10
146 58
145 80
131 2
141 61
90 62
7 34
140 112
102 63
85 10
36 15
29 2
58 37
58 2
84 52
72 17
95 18
12 9
83 1
23 5
75 36
52 8
54 13
77 24
16 17
8 20
0 20
35 20
112 57
22 24
18 26
108 37
84 23
52 11
65 21
152 61
114 20
60 23
147 49
147 148
149 133
105 54
85 68
112 53
139 54
106 4
16 20
43 18
133 21
27 14
71 64
75 30
20 10
18 25
22 3
8 12
7 21
151 152
56 50
43 2
59 3
103 16
19 12
128 19
1 21
98 57
134 60
11 37
97 52
120 60
64 7
120 54
23 36
38 6
150 93
124 61
0 13
122 27
16 7
85 28
103 50
120 4
23 27
16 18
132 28
113 59
131 19
23 15
135 23
137 62
36 1
43 13
85 52
137 95
143 96
3 34
39 35
23 21
14 6
58 25
97 58
146 57
5 20
143 82
23 9
106 33
49 58
8 34
52 34
135 22
3 31
141 111
3 18
103 56
11 1
142 71
74 17
59 9
14 18
4 15
145 96
29 20
98 58
5 14
149 137
128 13
19 31
131 35
149 98
58 24
0 30
4 17
97 64
57 58
18 31
8 6
90 61
138 112
23 32
143 73
144 47
134 56
29 6
13 21
23 1
71 59
13 36
61 22
38 2
68 26
77 3
103 22
87 17
55 62
118 53
131 29
97 23
96 23
133 18
126 19
137 63
128 64
30 23
52 27
56 22
102 53
55 58
119 63
143 45
52 17
106 30
105 59
30 14
83 33
16 34
152 84
123 22
126 10
134 58
22 26
1 18
145 74
66 12
33 10
27 10
11 10
29 12
2 31
13 34
59 12
24 37
53 61
150 122
53 23
137 51
0 11
16 36
149 105
13 15
120 22
32 20
49 53
56 68
127 17
89 23
53 55
149 114
11 35
24 26
25 35
101 59
90 58
96 63
26 6
122 17
140 116
24 25
58 36
16 12
56 17
11 19
25 34
14 42
103 55
131 10
75 16
52 14
116 18
55 8
102 54
127 16
23 30
145 94
153 149
0 7
1 19
85 21
83 24
114 17
31 21
137 86
55 64
21 6
132 33
53 27
3 28
146 85
96 52
5 26
100 11
41 35
70 23
134 3
28 30
36 35
11 8
37 1
33 6
27 15
147 118
12 37
122 36
152 95
122 38
128 3
134 55
64 18
0 10
119 53
132 16
28 32
89 68
22 23
81 42
151 149
63 23
0 18
108 29
100 53
106 11
3 1
0 12
153 124
63 61
101 16
13 14
4 27
85 58
58 7
20 6
33 2
128 29
140 131
68 35
24 30
68 22
62 30
13 31
132 5
5 25
128 30
12 1
141 80
65 18
139 62
136 124
91 62
139 53
54 23
153 4
22 7
25 37
25 14
0 27
49 62
17 26
134 59
29 23
65 29
75 28
58 3
26 9
33 15
50 55
64 11
52 18
30 18
127 18
52 2
0 3
29 10
133 35
54 59
90 52
4 34
27 38
128 21
128 22
33 7
19 34
88 53
29 9
59 22
146 64
108 21
19 32
57 63
147 77
134 64
63 64
127 61
145 113
21 34
147 105
122 37
58 38
149 113
83 25
19 35
30 20
28 7
28 19
124 60
17 35
55 18
0 29
90 23
145 104
140 133
49 54
43 6
17 7
146 127
75 24
147 103
51 53
62 29
152 51
141 95
4 19
137 50
57 16
145 137
146 139
3 20
2 42
22 28
81 20
18 35
33 30
152 106
138 73
3 7
75 27
105 16
16 3
64 28
6 20
21 31
58 13
52 10
65 8
119 54
126 18
3 32
38 26
25 15
54 24
67 68
85 29
50 33
96 17
65 11
138 137
71 54
56 60
149 69
145 45
33 34
62 4
123 51
141 97
20 12
128 52
127 28
29 15
62 11
59 19
17 25
23 29
142 105
125 22
131 4
113 9
5 30
26 35
62 5
62 3
141 55
108 18
105 60
11 18
54 5
17 20
65 37
83 34
116 31
81 18
5 17
37 31
149 125
5 11
52 23
131 26
140 99
23 12
149 82
68 23
34 9
5 31
36 9
11 26
84 3
43 19
141 88
50 7
34 14
13 37
11 17
124 5
146 95
28 9
17 12
116 34
49 59
140 141
11 15
137 69
28 33
92 18
145 105
139 87
66 37
64 5
53 68
11 13
23 3
11 6
72 59
0 26
112 23
96 97
112 56
33 26
7 35
139 107
60 28
84 16
65 32
17 37
36 18
77 23
141 83
149 95
17 27
96 53
0 36
35 19
98 50
33 20
8 31
19 26
125 21
63 7
92 19
139 64
101 58
95 17
153 137
29 22
8 13
7 2
101 5
131 5
77 27
133 34
64 25
5 38
85 24
65 1
137 128
23 7
50 22
14 31
133 12
140 105
33 27
108 36
53 17
150 78
132 3
63 16
100 59
24 14
49 60
144 44
52 13
112 63
54 7
4 7
152 111
146 94
56 11
90 50
132 19
3 17
12 2
83 7
114 21
83 58
68 17
86 68
113 20
65 36
137 80
38 12
122 8
22 15
98 55
61 29
59 7
27 37
57 59
55 24
8 2
21 2
96 60
134 62
72 20
35 21
30 12
145 73
116 19
51 22
68 3
56 55
115 34
29 13
75 19
152 56
71 62
5 9
77 7
67 17
28 27
50 28
137 87
8 27
8 29
71 5
58 20
75 29
149 126
64 27
62 7
131 24
145 109
141 84
79 35
132 52
145 72
116 20
142 110
36 21
68 18
3 30
71 52
125 18
85 27
117 61
13 32
68 4
114 68
85 13
16 15
47 42
20 15
114 19
62 8
30 21
17 21
144 113
103 63
1 6
96 51
150 137
100 61
60 59
86 23
60 52
145 98
52 28
4 23
152 83
3 6
133 10
49 57
132 24
149 73
14 10
75 15
112 60
13 35
52 1
50 52
29 26
124 22
34 32
20 1
75 37
50 5
71 50
22 29
120 3
21 15
53 60
52 4
137 88
142 96
23 33
139 4
22 8
54 25
91 57
36 10
16 35
102 24
44 42
112 58
49 55
22 17
97 60
143 109
3 8
65 7
125 17
153 81
13 26
143 44
145 114
85 30
52 24
8 19
8 7
86 59
84 7
149 76
87 68
61 24
16 38
108 15
61 8
58 15
140 142
84 10
36 2
5 36
71 23
85 19
98 97
140 117
145 70
103 62
85 54
52 37
71 53
30 2
122 13
27 20
65 19
145 118
2 9
127 7
16 33
49 23
128 16
38 35
122 14
92 20
101 24
53 28
106 24
113 68
83 59
84 59
26 31
103 52
106 62
144 76
26 19
75 14
146 97
141 63
152 4
16 24
146 137
114 59
68 21
65 6
106 16
91 51
82 83
135 68
17 33
17 2
97 55
144 67
27 6
27 9
17 5
133 17
16 23
137 111
12 32
18 15
145 44
29 18
29 19
33 13
38 1
52 36
115 42
27 34
142 44
75 32
144 79
139 69
32 19
113 10
67 22
9 31
83 28
11 28
5 19
122 9
136 82
150 24
147 130
131 22
112 54
141 53
125 19
152 80
26 1
112 51
52 30
152 127
48 42
101 3
91 4
5 37
18 2
85 25
1 14
56 59
54 36
146 89
59 28
103 58
91 16
81 9
75 35
57 53
145 46
83 21
97 57
68 2
21 1
85 18
53 4
100 56
12 31
147 131
10 15
30 6
24 21
121 23
23 26
144 78
114 18
36 26
25 12
43 38
61 5
132 17
131 6
145 107
71 58
7 36
23 35
112 52
131 23
8 38
84 12
3 36
150 115
61 21
64 13
90 60
60 22
100 22
21 26
105 11
59 36
32 15
17 18
58 27
21 9
8 25
65 17
101 63
15 21
135 24
147 132
15 20
143 112
100 28
146 88
7 19
4 8
72 68
71 61
115 10
0 4
73 17
28 35
57 55
60 8
27 18
139 137
10 14
20 37
101 55
8 21
55 59
120 56
143 137
122 25
56 4
24 8
17 15
4 11
75 7
38 31
53 64
146 54
35 42
54 28
119 60
141 58
33 31
128 24
65 25
101 62
25 21
149 74
56 27
122 34
22 2
19 14
134 54
145 117
30 35
24 27
96 57
105 30
54 30
66 34
58 34
56 23
1 42
10 31
65 31
53 50
70 17
58 26
6 19
28 37
75 58
119 64
112 61
98 61
83 11
68 11
38 10
145 131
5 10
4 10
7 15
120 53
128 11
4 26
5 23
3 22
127 23
108 2
79 37
123 60
1 35
149 94
146 86
17 13
24 38
144 121
51 56
76 22
4 38
18 19
131 20
49 50
131 18
16 8
75 10
61 52
68 27
85 26
96 55
82 3
137 106
68 20
49 51
69 22
146 83
103 53
112 17
77 4
141 4
108 26
150 48
58 6
5 8
61 58
127 4
53 58
105 58
43 25
149 72
118 63
8 18
0 15
24 6
143 104
54 26
29 21
99 34
131 9
63 56
3 25
108 13
59 33
88 55
133 31
30 37
50 24
54 52
50 68
103 54
78 37
105 62
91 56
16 11
18 9
139 58
149 111
127 68
50 59
18 37
52 7
23 10
134 23
32 21
127 30
145 71
125 23
27 19
59 35
5 21
51 50
54 68
83 27
62 54
95 68
13 9
55 52
77 64
141 35
83 52
133 19
84 17
59 34
41 36
107 23
85 3
133 27
131 38
78 25
58 22
145 79
38 20
125 68
105 23
50 61
143 105
132 30
4 30
102 16
58 17
153 122
28 34
32 31
139 60
64 21
64 16
8 32
98 52
60 61
64 17
6 18
5 1
149 146
133 26
112 97
108 34
68 6
20 34
123 59
58 35
58 21
82 85
90 56
36 6
43 9
20 36
25 31
10 9
92 34
56 16
33 18
54 21
147 129
55 5
51 4
62 23
64 26
96 58
134 17
75 21
128 27
24 36
26 10
128 8
12 21
94 22
113 34
16 19
12 20
85 59
81 10
22 37
144 140
0 8
72 22
147 117
99 21
59 16
17 34
116 21
88 64
5 34
19 38
27 31
122 22
145 146
131 16
73 22
25 18
66 19
135 50
97 51
149 118
16 26
32 37
58 16
147 41
54 22
71 56
8 14
34 31
52 5
23 19
149 88
108 27
13 25
152 55
81 19
91 55
146 4
77 11
8 37
49 22
141 137
83 10
142 139
43 31
102 52
13 6
58 14
21 10
19 6
135 4
26 14
141 69
23 6
108 7
137 107
97 56
95 22
0 32
108 9
124 59
21 35
24 7
138 105
124 57
38 34
23 24
75 11
144 70
97 62
21 36
140 138
152 69
20 26
75 18
77 28
141 60
16 37
2 18
58 10
99 19
53 24
106 59
22 5
63 59
20 14
77 52
58 33
15 18
25 10
24 23
149 67
127 33
31 19
83 36
8 10
26 18
67 18
133 38
4 31
146 111
1 31
99 9
58 28
63 60
53 5
114 23
147 116
23 38
133 14
66 6
81 2
135 62
52 21
57 68
140 96
136 137
27 12
9 14
127 27
22 14
18 12
120 23
105 33
23 25
100 52
122 1
145 47
90 22
84 27
28 26
147 100
8 23
43 1
139 57
70 68
138 110
147 133
30 8
77 59
66 18
33 1
50 27
106 28
21 32
61 23
114 9
61 17
108 23
7 23
32 1
123 54
147 40
73 59
74 59
152 54
91 5
7 37
17 8
31 20
143 47
97 22
90 64
51 64
2 20
22 35
94 68
7 9
84 26
134 53
28 15
29 7
133 36
13 2
138 47
18 1
68 24
140 98
27 26
142 46
72 19
79 31
17 14
145 111
60 16
94 23
61 68
93 35
4 37
84 11
64 36
66 20
33 35
99 10
124 53
152 134
83 68
91 64
65 23
105 53
73 68
138 139
60 18
85 11
23 37
138 45
2 19
147 39
119 62
75 2
20 9
30 19
4 13
126 37
135 64
77 58
139 86
64 30
149 112
38 37
152 107
49 4
34 37
153 123
127 52
27 1
4 25
65 26
127 54
106 22
16 2
102 22
112 55
119 55
98 63
146 53
43 32
113 23
134 63
7 20
147 123
123 23
33 12
97 61
68 34
21 38
64 59
55 3
120 16
63 17
43 17
59 14
0 9
131 12
75 33
133 20
139 127
152 94
11 38
84 29
59 11
146 87
106 64
59 32
139 97
126 34
22 58
34 6
74 23
64 52
118 50
13 38
28 18
117 64
24 32
101 54
86 17
106 60
92 9
62 58
23 2
120 58
63 4
103 61
105 22
52 20
59 18
141 87
49 56
139 94
153 152
116 37
60 29
21 12
35 18
105 4
7 6
59 24
32 14
0 35
137 94
25 32
54 3
127 58
52 19
19 15
33 19
11 27
59 6
132 27
106 54
137 83
115 37
36 32
149 121
108 25
136 78
127 29
58 29
137 135
26 21
82 84
141 50
137 60
97 17
5 2
101 4
34 15
117 55
87 22
53 7
29 38
149 86
28 2
100 64
123 55
103 23
85 4
99 37
4 16
1 10
71 4
36 20
24 17
22 12
23 17
51 55
19 1
62 59
68 28
17 4
77 61
68 7
146 62
150 79
0 6
108 22
97 4
142 109
38 32
141 134
131 31
85 23
28 10
55 22
43 26
122 2
83 29
58 5
140 71
132 7
12 10
30 38
57 4
98 51
3 2
120 17
132 22
11 34
101 60
126 9
56 54
40 31
65 2
63 58
68 36
114 22
57 62
30 25
38 21
36 37
1 37
29 36
38 14
94 17
143 139
55 60
65 14
83 3
102 56
16 6
152 88
41 37
59 5
145 82
4 12
15 42
22 20
11 22
132 18
80 17
62 16
7 14
93 31
95 23
54 29
27 17
123 64
17 30
58 1
147 102
