29 23
42 12
31 14
35 0
10 3
15 2
11 9
11 26
4 3
29 5
39 37
16 2
16 4
27 23
28 3
9 1
47 3
7 4
4 6
31 2
28 23
44 4
11 22
31 16
12 4
28 25
32 12
24 4
15 4
47 24
46 7
47 8
46 8
34 38
32 20
30 3
10 2
13 18
2 3
3 4
27 26
9 6
32 0
47 15
28 2
9 2
47 2
11 23
14 34
44 20
11 13
34 4
47 22
27 0
31 5
13 2
5 6
14 33
27 17
28 0
25 9
31 1
31 26
28 24
31 19
0 4
29 26
32 1
37 4
27 3
46 15
8 9
11 24
46 19
28 14
31 3
7 3
28 15
11 3
11 19
34 9
19 4
11 1
28 22
26 3
47 25
32 16
39 2
26 9
46 13
27 24
31 12
44 12
32 14
42 39
27 12
28 1
31 20
29 0
28 16
44 40
44 3
25 18
11 17
35 16
27 4
29 2
25 6
11 2
15 3
32 17
47 20
15 1
28 17
32 26
30 2
27 15
8 4
47 16
28 20
46 14
31 24
44 41
13 3
36 38
44 10
11 8
27 18
31 8
42 44
39 4
31 15
11 20
35 15
27 7
29 24
32 8
46 2
34 2
27 1
3 6
28 18
46 21
47 9
10 4
9 3
29 12
47 4
13 6
31 7
27 13
47 21
32 21
11 4
25 1
47 18
29 18
31 0
40 41
27 2
47 12
46 18
27 22
29 20
32 13
29 9
36 37
11 25
20 9
31 23
0 3
17 4
20 3
44 36
34 3
39 38
46 22
29 25
47 0
34 45
11 18
11 15
29 8
2 6
47 17
14 9
11 12
39 34
31 22
17 2
14 4
27 20
0 2
46 16
28 9
14 2
20 4
44 9
27 9
12 3
11 7
32 9
28 7
29 22
31 4
46 17
13 4
11 16
26 4
29 3
46 26
42 36
44 14
47 7
28 19
29 21
44 26
47 13
24 3
34 8
16 3
32 15
28 8
31 21
47 14
27 19
32 7
28 26
28 4
25 33
27 5
32 5
11 5
47 23
32 23
31 25
29 16
28 21
46 12
46 5
39 1
46 20
46 1
31 9
27 14
42 43
27 16
0 1
46 24
44 34
46 4
28 12
16 1
42 33
46 9
27 25
31 18
32 3
28 13
29 19
47 19
47 1
32 18
31 13
30 4
40 12
42 20
46 25
31 17
29 1
29 13
32 4
29 14
32 19
29 15
34 20
46 3
14 3
29 17
28 5
32 25
46 0
12 9
11 0
29 4
11 14
12 33
36 4
32 22
46 23
25 4
42 10
47 26
25 3
32 24
44 39
36 2
34 18
8 3
32 2
29 7
2 4
11 21
30 9
44 33
27 8
47 5
3 2
27 21
13 1
