165 9
172 16
166 5
14 3
175 21
32 12
100 36
53 47
81 11
87 12
162 42
156 58
29 16
131 39
68 70
102 21
166 52
102 5
104 31
105 34
128 31
173 55
120 12
118 54
132 56
75 5
48 5
128 49
87 55
151 48
99 4
171 16
87 69
113 49
120 36
95 5
115 48
171 14
78 10
176 72
87 22
161 49
148 46
33 5
16 23
174 5
100 28
94 46
113 22
129 87
161 48
113 47
9 5
95 63
115 4
46 51
123 52
87 70
132 145
176 30
158 3
38 12
165 5
68 16
126 15
87 72
93 22
15 31
83 15
162 67
125 4
76 50
99 52
101 33
16 22
14 16
109 14
159 31
53 54
56 28
158 129
74 52
120 44
90 30
157 34
121 10
131 49
37 10
80 8
2 70
108 5
67 23
114 31
122 15
154 46
40 13
163 10
21 32
66 8
90 3
107 52
155 8
20 5
170 26
28 6
118 56
57 22
127 27
2 88
120 51
79 5
176 16
53 50
7 11
156 5
154 48
126 50
101 46
123 50
125 57
40 11
48 6
7 10
100 52
160 52
74 22
53 4
125 28
132 136
101 31
110 19
128 36
130 97
78 11
148 9
43 8
92 10
125 48
85 60
159 56
79 22
119 5
26 10
164 31
24 3
163 8
175 63
89 21
84 5
170 16
176 3
132 142
64 39
101 49
130 22
156 61
128 48
56 52
171 3
64 34
115 47
74 39
160 46
86 1
21 13
101 44
87 54
56 59
122 3
154 8
110 14
66 11
125 55
92 5
118 61
154 31
2 16
64 4
41 42
150 15
117 108
92 23
0 3
57 34
164 5
114 28
100 5
128 4
120 5
175 5
62 26
20 21
131 52
67 26
150 65
151 56
84 51
123 31
132 146
8 98
38 10
107 31
132 140
92 15
83 26
57 45
87 19
62 63
17 10
74 48
77 8
67 10
24 22
167 98
176 22
105 49
7 13
106 50
159 52
162 46
169 48
15 12
66 67
120 21
153 6
14 18
150 55
154 44
158 32
173 20
103 13
2 69
84 31
117 63
41 5
76 55
43 39
126 48
158 11
82 31
130 54
89 14
87 14
47 6
119 10
74 50
169 44
170 21
24 16
24 15
154 4
122 21
156 65
94 45
11 42
156 15
108 9
15 3
45 6
89 10
176 14
53 45
62 7
102 22
159 28
101 28
164 3
67 52
163 9
149 16
128 8
127 26
105 50
10 12
105 22
114 39
78 44
110 16
106 48
96 53
57 15
125 34
83 34
121 13
14 20
154 39
125 59
43 50
151 49
126 61
85 4
132 67
164 21
48 44
107 44
101 50
172 3
74 4
173 15
80 10
130 34
167 42
82 59
119 63
87 61
116 22
108 67
118 96
100 33
125 61
77 49
49 44
122 19
126 56
148 11
115 39
128 51
94 4
105 59
85 55
84 52
100 44
101 5
64 56
102 20
67 5
43 4
132 137
123 34
169 45
151 15
151 60
92 21
115 59
148 39
114 59
168 5
166 10
15 26
149 14
43 47
173 34
56 49
83 17
64 55
153 42
77 45
43 52
15 13
75 67
94 51
90 14
131 59
56 51
16 21
92 22
96 45
17 21
68 69
68 12
118 53
126 4
96 50
109 16
96 57
89 16
164 26
158 117
50 5
17 13
29 30
67 17
123 47
38 39
12 3
165 3
94 5
32 5
94 48
53 39
159 34
16 13
118 97
161 47
77 46
63 5
82 45
36 31
126 45
118 4
10 11
16 25
157 15
118 48
94 49
38 23
162 39
132 50
63 32
123 49
132 143
92 54
38 3
126 39
118 49
118 22
64 60
106 45
132 39
169 36
2 30
128 50
81 12
175 26
67 59
168 10
56 22
15 33
106 5
53 59
125 50
102 13
174 22
76 57
5 6
29 3
118 50
130 53
132 147
83 18
107 28
94 8
173 10
78 8
154 28
123 48
103 12
83 52
117 31
172 21
122 16
103 39
121 17
175 7
156 55
2 14
74 5
120 13
151 59
77 50
105 48
78 52
121 25
124 55
76 47
32 13
30 10
175 31
107 33
159 50
80 5
164 7
76 45
75 12
96 54
100 47
119 8
103 46
77 39
14 12
158 125
169 46
99 46
150 22
56 36
76 28
17 32
102 23
78 12
148 13
83 10
88 14
105 5
81 32
176 13
121 22
130 57
115 34
85 48
38 22
85 15
92 12
101 59
17 22
33 52
76 54
103 5
91 30
151 54
132 138
105 47
121 16
101 51
35 5
170 3
170 14
126 47
74 47
43 5
16 12
109 3
123 39
106 52
53 48
92 59
30 17
17 11
120 32
79 34
105 52
67 16
43 46
85 49
32 10
68 3
159 4
99 48
168 21
7 8
75 56
125 49
124 97
110 21
173 16
12 5
53 28
92 14
114 50
114 22
38 27
74 45
96 60
152 87
96 39
66 39
169 49
113 31
63 13
26 32
163 32
121 15
168 32
131 48
24 5
173 58
131 4
174 13
105 56
174 3
107 47
115 60
87 60
82 49
92 60
53 34
83 3
95 16
62 5
148 5
15 27
89 3
127 16
158 15
56 44
7 5
47 44
108 11
63 21
76 53
171 30
24 26
106 4
106 34
158 107
151 45
94 44
3 21
131 28
118 65
90 16
11 98
115 28
43 36
150 61
56 4
151 50
68 73
123 28
75 39
109 30
127 25
82 22
53 60
95 10
161 4
85 45
148 8
15 17
166 32
80 7
158 76
82 47
119 26
53 56
76 48
68 13
24 23
3 22
113 33
114 34
96 56
18 16
118 45
104 5
93 5
115 56
150 5
8 42
85 28
172 10
38 34
14 5
151 55
92 19
169 4
131 44
7 9
159 45
127 5
103 21
127 17
20 31
161 28
126 60
67 21
153 5
77 44
64 47
95 3
114 45
100 45
37 21
38 26
113 56
165 22
64 57
4 5
169 5
67 20
81 13
92 55
132 139
160 31
123 45
106 47
3 13
119 7
40 5
166 13
26 21
148 67
87 58
101 36
94 50
85 56
95 21
121 20
44 5
128 52
78 13
74 59
151 57
56 47
43 48
64 53
155 11
113 48
15 34
115 61
37 32
68 22
128 47
80 26
64 61
148 31
131 5
16 5
96 47
96 28
155 46
124 65
33 31
56 39
99 36
162 11
2 89
64 45
16 17
64 58
120 33
38 13
107 49
88 30
92 56
102 56
154 59
126 54
3 12
96 55
118 60
82 34
83 12
102 16
130 56
15 22
83 39
122 10
124 61
160 33
78 39
96 34
173 5
161 50
155 51
151 34
165 23
99 28
151 65
161 5
115 52
83 61
87 65
132 30
115 54
64 22
0 2
165 21
96 61
154 5
102 10
85 39
88 3
43 45
115 45
7 12
125 58
56 34
1 2
85 34
154 49
83 16
150 58
117 46
82 48
16 27
94 36
30 12
15 21
75 32
149 21
28 5
94 31
151 58
85 57
125 39
85 61
100 50
173 21
128 46
20 3
103 44
118 28
118 47
112 42
176 12
96 97
151 22
106 59
123 22
107 51
166 21
158 60
114 49
159 59
77 5
154 52
118 55
17 12
158 159
102 25
101 4
166 51
175 3
151 47
30 32
106 36
122 23
102 34
159 48
121 26
117 17
120 10
81 5
83 21
129 1
103 36
82 5
64 49
101 8
173 23
164 63
14 22
85 58
30 5
24 21
86 87
106 49
64 28
93 52
119 31
103 33
81 39
152 1
24 13
30 23
103 52
0 1
15 16
67 3
161 44
102 12
165 32
85 22
10 8
125 53
161 39
92 39
76 4
15 5
107 48
173 12
92 3
160 5
131 50
126 52
92 20
83 20
40 8
121 21
43 49
163 11
88 16
92 58
57 56
155 5
102 39
50 6
83 23
82 52
159 47
26 5
92 13
149 5
107 50
82 28
175 10
82 39
16 32
125 15
94 28
173 19
117 98
149 10
101 39
165 17
76 39
100 46
130 60
173 13
39 5
67 13
132 45
174 10
21 5
43 51
67 25
43 11
64 48
24 10
18 21
3 39
107 36
18 10
131 36
57 48
78 5
159 49
14 19
131 47
82 4
132 28
132 12
32 8
76 56
83 13
82 50
126 34
76 61
15 25
57 61
100 49
76 58
103 51
77 31
20 27
157 58
30 22
174 32
154 50
39 42
20 32
95 26
92 61
115 49
92 16
161 45
117 11
14 13
132 4
131 8
113 39
15 32
92 18
126 22
162 5
87 18
103 32
103 59
24 12
3 32
176 21
17 5
39 6
114 56
108 39
117 32
107 34
76 22
21 12
108 46
3 10
132 53
45 5
87 21
132 16
125 45
91 16
29 21
87 34
46 5
130 65
122 5
117 12
105 45
105 4
53 55
74 56
2 90
47 5
120 59
16 10
117 7
99 50
169 47
113 45
15 23
24 25
127 10
114 52
118 57
106 44
112 98
100 48
158 18
32 11
50 44
174 12
125 47
76 59
20 17
44 31
118 34
87 16
57 55
148 12
17 8
107 4
57 54
119 11
68 72
96 65
63 12
111 5
128 44
100 4
66 12
130 96
166 33
154 45
120 52
151 4
113 4
127 20
128 28
56 31
115 22
30 27
9 42
121 12
114 33
154 47
151 53
132 135
127 23
151 61
81 10
56 45
173 3
166 12
18 3
117 42
107 45
26 31
66 46
125 65
163 17
159 39
101 45
122 17
123 4
40 9
10 5
63 10
106 22
74 49
21 8
110 5
10 13
15 10
87 30
106 51
151 28
16 3
107 39
165 27
57 28
99 51
101 48
123 59
80 11
115 50
99 47
166 39
36 5
166 11
76 15
159 36
105 28
106 28
14 15
68 30
158 54
74 28
30 21
51 46
106 33
102 3
12 10
76 65
85 65
99 45
96 48
113 34
114 48
107 5
131 51
78 51
99 49
85 54
77 28
121 23
57 4
33 46
131 31
154 51
110 15
102 52
2 3
131 45
24 20
107 22
101 47
12 14
173 61
166 31
46 31
66 31
12 21
64 50
68 14
83 5
67 27
24 17
43 31
14 21
14 17
120 22
67 22
56 50
21 10
77 51
53 57
75 10
132 48
78 46
49 6
99 5
96 22
132 133
132 57
40 39
96 49
56 33
75 31
165 10
174 21
20 10
100 59
113 50
130 61
14 23
116 5
38 25
51 5
38 20
122 14
53 22
125 54
117 9
155 12
114 4
84 46
43 28
102 61
101 52
94 47
38 17
38 5
164 10
57 60
81 8
4 6
2 73
38 16
114 47
113 59
160 51
85 47
79 15
100 51
49 5
96 4
162 9
29 14
85 50
132 14
106 31
66 5
74 34
43 44
107 59
128 45
158 108
53 61
102 17
76 49
3 5
77 4
78 31
57 49
83 56
92 57
75 21
117 8
132 49
56 48
76 34
121 5
95 31
68 71
53 58
169 28
66 9
130 55
113 28
174 27
21 11
66 13
9 8
62 11
174 17
99 44
67 12
78 36
80 63
128 59
116 52
83 25
120 31
2 91
126 59
77 47
80 31
77 48
74 31
87 13
30 3
125 22
53 15
37 5
159 33
91 3
102 18
166 8
85 59
92 34
10 9
132 134
57 50
169 31
122 20
121 27
132 47
99 31
126 28
103 31
76 60
33 51
166 46
158 74
120 34
113 52
176 19
57 59
91 14
2 71
83 22
127 3
169 51
14 10
57 39
149 3
12 16
38 21
169 50
67 34
102 15
124 5
173 17
117 13
77 36
125 56
171 21
85 53
64 54
132 144
127 21
110 3
132 141
102 26
170 31
94 11
51 31
77 11
24 27
125 60
121 3
131 46
64 65
163 5
126 49
151 39
1 3
53 49
57 47
173 22
100 31
40 12
154 36
94 39
158 56
30 13
75 13
87 3
128 39
159 22
165 25
103 10
82 56
155 42
