33 4
92 3
94 7
17 4
7 3
93 8
29 3
57 4
44 8
79 5
77 5
13 7
78 4
11 2
16 7
9 52
41 3
0 9
84 7
57 7
48 3
61 2
93 3
6 5
17 1
52 51
17 9
78 5
61 3
41 53
18 43
85 6
63 6
85 4
2 5
18 29
75 7
83 9
75 8
87 8
83 7
80 4
85 9
92 1
42 6
9 51
12 6
63 9
81 7
74 51
15 1
80 3
17 3
87 3
0 4
1 4
75 3
30 60
17 2
10 7
87 9
57 2
74 52
43 4
61 6
79 2
58 7
33 7
40 5
23 3
58 3
74 9
78 9
86 9
88 1
84 9
44 3
85 2
18 49
47 1
15 7
16 9
12 2
33 8
31 3
47 60
88 2
80 2
86 8
18 28
40 4
82 52
84 5
7 4
11 6
95 5
95 7
11 7
79 9
29 5
18 37
46 2
0 7
44 4
16 5
16 8
83 1
83 5
14 3
53 52
63 2
75 5
57 3
2 3
44 1
16 6
78 8
23 7
18 34
40 6
44 6
93 4
18 48
55 9
47 6
77 6
40 8
40 3
63 0
63 76
88 5
15 6
88 53
23 9
1 3
54 3
80 5
95 6
18 14
61 8
24 4
78 7
18 47
92 7
49 3
83 8
31 5
87 6
94 9
18 20
87 2
23 1
13 1
50 52
63 71
48 8
44 9
53 51
88 4
48 7
23 2
24 1
18 45
61 4
16 4
16 3
18 30
76 52
15 8
77 7
49 4
18 42
29 4
33 5
93 1
47 4
33 53
56 1
81 2
33 60
89 51
86 7
48 5
42 5
29 8
50 9
23 4
72 52
45 1
94 4
41 8
77 8
92 9
78 1
88 59
47 2
57 1
18 33
0 1
49 5
80 7
41 4
10 5
12 7
43 5
81 8
62 51
56 5
86 6
79 8
58 6
92 6
42 1
44 5
43 7
60 51
63 72
81 6
80 8
61 5
10 1
12 3
88 8
75 9
6 8
49 2
73 9
1 5
10 9
42 7
55 8
12 5
95 3
58 4
55 1
15 9
92 2
87 1
30 59
33 9
31 4
43 2
11 5
49 9
47 59
91 9
77 9
48 6
33 6
81 4
44 7
62 9
13 5
40 9
58 2
89 52
33 3
18 22
43 3
85 3
59 52
48 2
30 4
13 2
87 5
18 46
85 7
2 8
84 3
54 4
75 6
40 7
56 2
88 9
18 23
45 3
14 5
46 7
23 6
10 4
7 8
95 2
92 8
41 5
72 51
30 2
17 6
61 1
54 8
63 69
88 6
77 2
78 6
18 38
57 5
79 4
45 6
42 9
30 6
7 5
45 9
40 1
63 66
80 1
16 2
63 1
63 67
18 36
29 2
84 4
57 8
81 5
30 1
40 2
24 5
93 9
42 4
13 3
49 7
95 9
46 6
58 1
63 75
52 9
30 9
45 8
94 5
63 53
47 53
75 2
24 6
55 4
30 8
84 8
15 4
63 64
46 4
54 1
42 2
12 8
82 51
14 2
56 7
47 8
24 2
24 3
18 32
86 2
63 59
18 27
57 6
81 1
0 2
10 6
33 1
83 6
61 7
33 2
48 9
15 3
87 4
18 41
48 1
24 8
86 5
63 60
63 17
57 9
63 70
18 13
95 1
17 7
58 8
53 9
93 5
83 4
24 9
78 3
12 9
43 8
46 3
62 52
93 2
85 8
55 3
63 55
80 9
18 11
18 39
11 9
54 6
63 50
63 56
45 4
63 52
90 51
11 8
12 4
84 2
77 1
54 5
42 8
58 9
77 4
90 52
15 2
49 8
18 31
24 7
56 9
94 2
63 7
46 9
30 53
48 4
72 9
18 10
85 1
61 9
18 44
18 26
84 1
18 19
0 3
43 1
23 5
54 9
0 6
86 4
17 5
18 21
59 9
73 51
23 8
94 1
18 35
54 2
63 65
13 4
30 5
47 7
56 8
29 7
63 16
78 2
81 3
47 3
11 4
85 5
95 8
92 4
75 4
63 73
10 2
86 3
60 52
29 9
45 5
88 7
29 6
45 7
82 9
44 2
13 8
88 3
63 74
79 6
41 59
80 6
84 6
42 3
49 1
46 8
11 1
18 40
18 25
91 52
18 15
95 4
13 9
93 7
94 3
46 1
89 9
54 7
30 3
93 6
56 6
59 51
55 6
18 24
15 5
46 5
58 5
0 5
43 6
33 59
10 3
90 9
43 9
94 6
6 4
83 3
55 5
92 5
76 9
16 1
79 7
47 9
50 51
14 4
12 1
10 8
1 8
91 51
29 1
11 3
86 1
31 2
45 2
47 5
13 6
41 60
56 3
56 4
55 7
17 8
6 3
60 9
83 2
87 7
55 2
94 8
88 60
81 9
79 3
2 4
75 1
79 1
73 52
49 6
0 8
30 7
77 3
76 51
63 68
