25 4
13 1
2 15
8 18
21 24
19 8
20 8
16 18
19 13
24 17
24 14
21 22
25 15
20 16
19 10
13 18
8 13
11 14
25 3
24 5
2 1
19 9
21 7
25 5
2 12
8 14
16 14
25 14
24 18
21 5
25 10
17 1
23 16
21 1
2 17
24 1
19 3
7 14
24 0
16 5
21 8
21 23
23 18
17 14
19 4
19 5
2 5
2 11
12 1
25 8
17 5
2 10
2 3
25 16
2 4
19 15
20 10
21 0
25 13
11 18
5 1
8 16
20 15
2 16
25 12
19 12
19 6
2 14
20 14
2 6
20 5
16 1
9 14
19 16
2 13
25 9
24 11
1 18
8 5
5 16
25 11
24 22
25 17
1 14
23 1
20 7
20 4
20 9
24 16
20 12
13 14
20 11
0 1
17 16
20 17
19 7
25 7
20 6
25 1
5 14
23 14
10 18
2 8
19 17
8 1
21 13
2 9
19 14
5 18
25 6
19 1
20 3
20 13
17 18
1 16
19 11
20 1
23 10
2 7
