8 10
2 7
9 13
15 7
27 21
24 4
37 1
25 6
21 4
11 4
43 15
17 2
35 1
21 11
27 24
20 6
38 3
6 8
17 15
27 3
17 20
2 9
20 8
19 11
41 7
3 10
3 7
27 26
43 25
40 2
4 13
43 16
22 4
17 18
16 4
3 9
22 9
41 4
17 23
33 3
36 4
23 7
29 2
20 10
19 7
26 10
26 4
11 7
22 10
27 2
14 3
17 22
37 3
26 7
5 10
29 3
27 19
23 4
11 6
8 6
16 11
8 9
2 8
27 22
15 11
8 7
23 8
27 5
32 1
17 19
35 2
4 7
41 30
7 13
24 7
25 4
4 10
32 4
26 8
27 18
27 15
43 5
23 9
32 2
16 8
42 7
25 7
2 6
16 6
23 10
1 4
39 2
2 11
43 23
0 3
18 10
17 25
22 8
17 21
24 10
0 4
33 2
17 5
19 6
16 9
27 25
25 11
27 20
17 24
20 7
28 4
17 16
28 1
11 9
27 1
31 1
28 2
29 4
5 11
34 1
19 10
24 9
11 10
5 6
11 8
34 2
31 3
39 3
6 9
21 10
43 1
8 11
21 6
24 8
40 1
15 4
17 1
1 7
43 24
31 2
25 9
18 7
5 4
34 3
24 11
1 9
5 9
15 8
15 10
16 7
41 12
0 1
25 8
23 6
38 2
1 10
22 11
17 3
39 1
30 13
35 3
25 10
43 22
20 9
40 4
43 20
19 8
3 4
26 6
43 19
19 9
21 7
8 4
26 9
26 11
21 8
16 10
22 6
5 8
20 11
15 9
22 7
42 10
40 3
37 2
42 4
43 21
29 1
6 10
18 4
43 26
28 3
36 6
38 1
18 9
36 11
24 6
33 1
10 13
21 9
17 26
23 11
2 10
32 3
0 2
12 13
14 2
5 7
14 1
43 18
27 23
2 4
36 8
27 16
6 7
6 4
6 11
15 6
34 4
19 4
20 4
