99 19
64 21
5 32
47 37
76 61
39 42
34 43
103 44
63 70
118 30
77 38
77 37
59 14
9 14
109 27
4 18
48 37
72 22
111 72
13 11
32 19
86 38
105 25
95 11
114 30
56 14
78 12
20 61
80 8
96 14
43 56
34 22
6 13
24 31
116 28
39 43
34 40
118 13
33 12
110 56
48 39
94 40
63 73
35 51
4 31
87 42
72 12
22 52
48 36
109 28
30 7
76 9
86 52
120 14
112 1
5 39
58 41
89 51
78 50
114 29
73 12
58 38
102 56
22 12
43 41
124 61
62 30
61 50
112 86
111 73
69 70
88 13
0 3
3 32
31 35
86 22
31 12
106 61
13 7
99 37
114 28
97 55
2 33
122 13
124 12
21 72
106 53
97 50
49 14
4 37
60 8
126 33
89 27
78 27
75 7
39 12
23 50
78 51
24 23
106 22
26 10
52 12
66 40
47 48
99 18
16 27
32 33
9 12
117 40
109 29
75 10
34 41
99 38
86 20
21 12
8 11
118 26
85 31
77 63
116 22
105 54
23 72
92 25
91 28
71 27
100 102
94 56
104 15
59 15
43 12
94 8
41 40
62 25
91 54
60 30
86 72
51 50
68 33
94 54
113 11
77 39
122 29
78 25
114 25
84 85
40 38
71 72
80 20
81 8
52 50
99 40
61 51
78 29
25 7
99 36
106 29
116 8
62 8
115 64
77 32
24 52
32 38
95 32
113 41
32 22
124 55
77 20
85 33
77 23
87 35
91 61
123 44
95 12
22 72
122 27
118 28
60 25
2 35
4 21
110 9
44 46
32 21
77 58
21 52
42 12
1 5
85 22
96 11
19 20
114 50
34 52
115 19
69 26
105 13
53 35
110 51
89 28
62 64
94 13
21 22
63 31
5 37
34 51
23 54
32 48
119 2
33 37
122 8
63 30
24 54
105 53
80 12
49 44
97 13
85 48
62 28
20 51
93 54
100 98
109 70
14 12
85 68
5 35
82 37
83 33
4 68
25 10
13 14
80 35
126 51
99 39
81 70
88 33
5 48
24 35
6 14
95 8
71 31
42 22
89 30
85 38
77 33
67 22
94 9
3 83
92 9
31 54
97 26
64 13
23 35
77 47
69 51
98 44
80 40
36 38
29 12
89 17
89 13
58 33
107 51
110 40
116 34
94 38
82 38
105 52
68 43
25 12
65 14
111 22
89 61
77 24
16 24
31 34
98 12
91 17
79 41
16 31
94 32
72 61
91 25
27 28
102 14
2 38
115 63
123 14
57 44
94 50
19 32
117 56
39 37
36 22
111 17
85 42
105 27
68 39
93 27
88 37
117 61
79 44
93 28
39 35
101 11
81 25
116 13
115 23
22 34
69 13
28 10
94 35
67 47
43 40
2 58
66 42
121 11
63 20
85 19
88 31
84 2
71 26
4 36
27 30
99 20
60 26
97 54
122 12
117 55
67 40
65 9
48 33
79 12
9 7
117 41
23 12
3 37
35 12
78 61
75 12
35 50
52 61
93 51
16 26
124 50
69 17
124 17
118 8
5 41
97 70
119 85
56 12
94 43
77 8
22 42
68 34
52 54
24 72
66 47
61 35
2 32
57 41
95 61
56 11
118 25
54 50
0 4
111 8
22 35
85 32
89 9
60 9
60 17
109 22
32 42
86 54
64 28
93 17
100 44
107 40
85 35
66 38
84 86
65 51
9 10
115 32
89 55
111 9
43 35
40 33
33 40
81 17
34 54
6 7
110 54
116 73
78 54
35 54
91 51
114 61
111 28
80 49
30 12
115 18
55 51
4 33
91 26
77 22
122 17
110 61
100 103
24 53
20 52
81 26
18 50
5 42
52 35
95 13
20 12
92 26
124 29
85 58
72 50
124 27
3 38
107 103
4 39
74 12
21 32
92 29
95 54
75 14
110 14
33 38
31 72
79 11
5 38
100 50
2 83
64 24
93 9
90 26
16 23
52 51
27 17
106 51
124 28
35 56
44 45
54 53
34 49
85 47
35 40
62 19
107 98
83 48
106 27
116 26
62 9
4 38
92 61
78 17
37 38
63 26
70 51
71 24
64 30
81 54
23 24
36 12
81 52
88 36
32 40
91 27
37 40
88 32
95 27
106 17
23 34
111 30
5 22
78 26
82 48
21 54
88 9
49 56
48 32
38 41
91 12
62 29
97 30
106 70
96 40
68 36
80 18
62 32
3 47
74 7
88 43
28 12
99 22
81 27
64 29
103 41
16 21
94 72
53 50
107 101
62 63
66 58
101 40
58 48
51 12
94 42
63 29
33 36
17 7
4 32
79 14
110 12
83 38
117 70
92 30
86 8
22 36
124 26
59 7
48 35
21 61
71 29
32 68
68 41
111 31
64 23
100 15
49 41
80 54
99 68
96 12
16 9
68 12
11 45
103 14
83 67
52 22
85 18
120 51
110 55
86 35
90 28
20 53
59 11
30 10
2 82
85 37
66 48
39 36
94 34
0 5
121 7
19 22
76 50
23 22
69 50
79 56
109 21
92 13
17 12
88 8
90 52
120 12
109 73
3 82
80 61
14 15
22 37
31 24
24 32
76 51
51 61
76 14
91 30
20 54
118 61
22 43
99 70
114 51
91 70
95 30
6 12
0 2
99 31
42 51
17 10
19 35
116 70
116 27
95 22
69 23
65 8
22 40
66 33
8 15
123 12
36 40
69 29
71 21
23 31
94 37
60 29
81 61
77 21
49 35
62 26
29 7
116 25
109 18
64 18
64 31
63 24
35 14
111 18
109 17
56 2
110 22
90 50
104 46
80 42
95 14
106 23
95 70
111 32
109 32
118 29
106 30
93 50
114 17
94 12
77 31
65 13
34 50
5 68
69 8
7 51
106 9
113 14
16 8
0 1
86 41
86 23
38 40
90 61
90 53
42 54
103 11
97 22
115 31
1 3
111 27
72 52
89 8
11 46
77 9
60 55
124 25
93 55
60 51
19 12
97 28
109 24
97 9
88 35
23 19
71 8
125 51
120 101
116 18
99 33
9 15
90 51
32 24
86 43
54 51
87 33
79 13
108 101
71 20
102 40
105 22
95 26
111 34
80 72
32 37
123 11
78 28
38 35
106 25
95 53
63 17
36 41
126 38
109 20
97 12
62 23
63 27
95 17
79 40
109 31
91 55
80 32
20 32
117 14
95 51
8 12
62 31
35 41
69 52
95 52
95 25
66 32
16 25
32 35
111 13
48 40
125 37
99 24
33 34
86 13
86 37
57 40
33 22
88 19
65 11
111 52
113 56
97 61
88 34
26 12
102 12
121 12
63 22
122 25
43 22
120 103
4 24
71 17
75 15
69 54
41 56
126 42
88 54
105 30
57 11
86 32
94 55
87 12
37 42
105 17
88 39
111 23
53 51
64 17
22 23
80 43
87 41
112 85
107 44
81 53
89 29
80 34
108 14
122 30
105 23
2 48
28 7
80 73
38 42
92 17
22 41
107 15
85 20
38 43
86 9
19 52
108 12
77 40
34 37
67 39
121 14
105 51
29 10
86 31
67 35
2 47
80 38
72 23
16 22
86 34
110 8
124 54
80 53
33 39
53 54
16 32
85 24
4 40
14 44
37 43
85 39
16 28
60 61
32 39
76 13
48 68
93 70
97 53
40 37
5 47
4 35
63 19
114 12
90 8
94 23
110 41
23 32
37 35
6 15
2 37
111 26
16 18
98 13
36 42
113 44
95 44
98 14
58 37
92 55
32 20
93 26
88 72
94 49
90 22
71 28
3 48
97 29
27 12
13 12
71 18
33 43
122 26
88 20
81 30
64 25
19 34
64 26
99 41
90 29
81 28
99 35
5 33
101 12
94 20
86 42
24 12
27 7
94 14
116 24
121 15
67 33
90 9
71 32
80 37
42 40
99 21
64 9
118 17
88 22
47 38
4 73
23 51
5 40
87 38
69 30
105 26
80 70
40 41
75 11
100 51
23 61
122 28
68 35
118 55
39 49
82 33
64 19
97 25
69 9
111 70
56 44
104 45
67 68
109 19
71 34
81 13
20 22
90 70
64 8
121 40
105 70
22 61
63 8
93 8
19 54
8 7
84 1
41 11
31 19
110 50
87 37
119 86
109 25
93 29
6 11
16 17
115 21
106 8
49 12
2 67
3 33
105 29
65 12
34 23
72 35
23 21
114 55
1 2
63 32
124 30
69 22
95 28
67 48
83 37
122 9
71 13
116 30
85 23
121 61
100 14
93 13
4 41
62 18
90 13
88 41
111 25
101 44
115 22
116 19
40 12
69 61
37 41
99 32
88 42
87 51
80 22
93 61
69 53
125 33
24 22
68 38
3 35
47 33
80 52
81 23
125 38
72 54
77 48
33 35
69 28
63 28
48 22
67 32
108 51
71 22
16 30
124 70
33 42
71 25
109 26
62 13
4 70
76 8
66 35
53 12
103 12
59 12
92 27
20 35
96 44
114 27
34 35
72 51
67 37
111 29
116 29
22 31
89 26
91 50
92 8
85 21
118 51
116 9
60 27
78 70
42 41
77 13
47 41
31 21
85 40
107 11
117 54
88 40
106 26
77 42
107 46
16 13
100 46
90 30
99 73
105 28
63 25
66 68
116 32
81 73
21 31
117 12
36 35
63 9
86 12
62 27
32 31
103 40
37 22
126 37
95 9
22 49
109 30
69 25
36 37
106 28
32 41
110 13
21 20
3 67
116 72
95 73
108 103
21 23
98 9
22 38
31 20
94 51
114 26
71 73
54 61
81 18
34 38
67 42
50 12
118 9
81 29
94 70
124 51
6 9
80 13
97 27
80 41
41 44
88 73
27 25
100 101
105 8
21 35
86 40
67 58
97 17
102 11
6 10
66 37
49 11
42 50
95 40
80 31
64 63
81 22
41 12
71 70
94 36
120 41
37 49
76 12
16 20
9 11
88 70
13 15
92 28
77 35
24 34
67 38
72 53
125 41
89 25
105 61
116 31
20 23
111 61
95 23
60 28
60 13
90 25
66 67
86 49
71 30
97 51
37 12
74 15
98 11
81 9
110 35
119 1
48 41
88 24
16 29
43 42
98 8
88 38
90 54
88 18
100 40
2 42
74 10
64 32
116 20
114 70
48 42
126 41
106 52
62 17
63 13
93 30
103 56
42 56
93 25
8 10
101 14
16 19
108 102
116 17
95 29
94 52
79 9
36 49
63 18
120 102
41 14
23 20
78 55
106 13
97 8
57 14
94 41
3 42
19 72
105 50
126 35
90 23
68 37
77 19
64 22
110 70
57 12
22 32
64 27
80 23
26 7
39 38
94 61
86 61
117 51
111 53
33 32
61 54
4 19
61 12
4 20
88 12
90 17
79 8
63 21
80 36
3 58
91 29
27 29
76 40
92 51
27 26
81 32
117 50
77 68
111 54
78 30
39 41
33 41
90 27
116 21
106 50
112 2
71 19
80 9
54 35
100 11
4 22
105 9
50 51
38 22
94 22
118 27
125 35
106 54
57 56
69 27
65 40
74 11
65 44
6 8
19 23
38 12
86 36
21 34
48 38
14 11
90 55
107 14
102 44
71 9
94 31
54 22
34 14
125 42
34 53
113 12
107 102
82 67
24 61
42 53
54 12
