24 1
11 6
14 6
11 4
11 7
15 7
15 9
16 3
23 1
17 3
19 23
19 8
14 4
16 8
24 2
0 9
0 8
19 12
8 9
19 22
14 2
17 10
14 3
24 6
16 10
25 6
6 4
23 22
23 9
11 1
16 11
23 21
1 4
14 9
15 1
6 9
15 5
14 10
1 6
15 4
15 11
0 5
0 3
25 11
15 10
25 1
25 3
1 10
16 5
17 6
25 2
7 9
23 12
18 9
1 9
18 8
16 7
9 10
23 26
24 4
24 10
19 9
0 2
0 11
17 2
23 4
15 3
9 8
24 3
11 9
14 5
12 13
0 1
24 7
25 9
11 10
7 10
25 7
10 4
16 1
6 10
0 6
17 5
18 13
19 20
15 2
10 1
17 7
24 11
9 1
14 8
7 6
14 1
2 9
19 6
7 1
23 5
18 6
19 21
23 11
24 8
24 9
18 1
1 7
18 10
14 7
16 9
17 9
0 10
24 5
25 10
25 4
17 1
25 5
16 2
16 6
17 11
6 1
17 4
0 4
16 4
25 8
23 6
6 7
0 7
23 18
17 8
14 11
15 6
23 2
15 8
23 10
