34 3
14 15
13 3
6 9
30 9
14 16
28 9
23 11
32 7
4 3
14 17
7 3
17 4
27 7
14 9
22 9
21 7
15 5
13 2
14 7
15 3
2 4
14 13
29 2
21 8
18 4
28 7
14 18
31 7
25 8
31 9
14 0
30 7
25 5
31 8
12 9
17 5
10 11
19 13
0 5
6 8
0 1
26 8
8 2
20 9
16 2
14 8
18 3
17 2
33 5
32 8
20 7
8 4
12 8
25 9
34 5
18 1
9 5
16 3
22 8
0 2
27 9
13 4
2 3
17 1
22 7
5 3
30 8
29 5
4 2
16 1
21 9
13 5
33 23
9 3
19 8
26 9
25 7
0 4
19 9
3 11
4 5
19 18
27 8
0 3
7 5
18 2
13 1
5 11
24 8
16 5
33 10
19 16
17 3
1 5
32 9
16 4
24 9
1 3
26 7
12 7
19 0
8 5
24 7
6 7
8 3
19 17
20 8
18 5
28 8
29 4
19 7
19 15
29 1
2 5
