36 1
38 1
29 3
35 2
32 2
32 5
37 2
10 8
36 2
27 5
11 4
16 4
23 8
27 4
16 18
25 22
16 3
26 5
31 2
31 4
25 19
0 5
30 4
11 1
36 5
16 14
33 4
13 4
16 24
3 8
38 2
32 1
11 5
25 20
11 2
9 1
30 1
18 7
29 1
12 7
13 5
29 5
4 7
28 1
25 23
30 3
38 3
16 21
14 7
37 3
19 7
16 22
24 7
25 18
32 4
26 1
35 5
16 17
33 3
0 2
35 1
18 8
25 14
22 7
34 2
7 8
25 6
37 4
25 24
30 2
20 7
15 7
13 3
34 4
25 1
39 40
6 8
27 2
16 2
30 5
33 5
21 8
25 5
13 1
22 8
32 3
16 20
39 12
14 8
19 8
0 3
38 4
35 3
31 1
16 23
24 8
25 2
11 3
12 8
28 2
35 4
16 12
20 8
25 15
34 5
0 1
38 5
28 5
13 2
16 1
9 5
6 7
23 7
16 5
3 7
9 2
28 3
9 3
27 3
25 4
4 8
34 1
36 3
34 3
29 2
37 5
25 3
37 1
10 7
26 2
9 4
26 4
25 17
0 4
33 1
33 2
8 7
15 8
25 21
26 3
16 19
21 7
27 1
16 6
25 12
29 4
31 5
36 4
16 15
28 4
31 3
