36 3
22 24
46 3
41 4
5 10
7 8
28 7
26 10
2 9
24 6
39 10
16 12
18 7
41 3
2 6
33 11
6 9
33 10
22 28
50 1
22 4
39 8
27 10
25 9
29 8
27 11
29 7
49 4
44 2
32 6
38 2
38 10
20 1
45 3
21 4
25 8
22 17
5 11
0 1
0 3
28 6
49 2
34 17
26 11
48 1
32 8
4 10
33 6
32 12
30 8
37 2
34 32
11 12
20 3
29 11
3 9
34 24
34 30
31 9
34 2
27 12
2 12
17 9
34 23
39 12
29 12
41 1
34 1
49 10
16 8
1 8
42 4
49 39
51 12
21 1
10 14
4 8
36 2
22 18
34 25
25 10
30 10
43 4
34 5
18 9
48 3
46 4
34 4
34 31
9 12
19 2
17 10
38 12
5 7
51 13
16 9
41 39
25 12
47 1
25 11
41 2
52 12
3 11
17 12
3 6
5 12
16 6
31 6
13 14
30 6
18 8
11 8
22 16
26 12
15 2
29 9
24 7
20 4
32 11
31 8
34 18
29 6
2 10
9 11
33 7
1 10
34 16
7 10
1 12
45 4
17 7
22 3
15 1
15 3
44 3
48 2
27 8
42 1
2 11
16 7
35 2
28 10
27 9
22 1
26 6
50 3
38 1
6 8
38 4
19 3
24 10
17 6
23 12
22 25
20 2
33 8
21 3
16 11
23 10
11 6
32 7
51 10
49 1
19 1
49 12
5 8
17 11
36 1
34 29
31 12
32 10
44 1
37 1
22 31
0 4
28 8
37 3
3 10
5 9
24 12
22 26
22 27
27 7
9 8
35 1
26 9
18 12
44 4
43 3
12 14
46 2
35 3
31 10
7 12
34 28
31 11
3 12
40 1
19 4
45 1
6 10
24 9
41 10
26 7
18 10
47 2
17 8
34 33
22 2
42 2
34 26
42 3
3 8
38 8
51 8
21 2
31 7
0 2
9 10
46 1
38 3
18 6
18 11
22 23
40 3
45 2
26 8
16 10
30 12
30 11
9 6
28 12
35 4
22 32
34 27
15 4
32 9
22 29
30 9
47 4
25 6
48 4
5 6
11 10
33 12
50 2
30 7
24 8
25 7
36 4
29 10
4 12
41 12
43 1
8 14
50 4
24 11
6 11
51 39
22 30
22 33
28 9
40 4
49 3
43 2
2 8
40 2
33 9
27 6
11 9
6 12
22 5
28 11
23 8
34 3
47 3
37 4
