57 11
60 44
93 69
58 62
119 33
6 22
32 39
91 48
6 49
109 6
46 33
21 26
71 47
59 20
67 40
63 45
28 42
124 66
144 55
111 49
47 29
61 59
60 26
43 6
67 11
117 34
56 19
68 36
33 19
124 63
117 41
56 34
29 6
109 44
109 12
101 8
31 6
100 6
27 17
75 8
55 4
28 49
104 27
7 39
130 77
45 4
82 63
129 29
62 32
34 29
114 64
58 11
69 59
109 8
32 42
110 46
15 0
101 12
60 22
34 19
76 17
76 7
128 106
20 7
40 39
116 34
3 30
86 12
132 73
63 31
15 4
133 57
129 80
76 27
128 88
118 40
12 44
5 8
62 5
114 65
133 78
47 26
82 69
63 32
40 7
64 36
59 48
44 15
40 41
56 4
133 100
77 81
140 88
119 22
106 30
26 23
112 59
115 48
93 59
116 46
42 41
35 25
82 9
43 10
6 0
124 43
109 29
104 21
43 7
82 67
110 25
29 15
57 9
110 33
46 36
140 87
40 38
140 85
95 25
34 47
90 45
9 35
5 26
37 44
71 25
34 22
27 19
68 42
59 27
62 48
20 17
141 73
134 43
128 58
116 35
143 37
42 37
46 20
125 126
89 31
61 32
12 30
94 32
134 69
12 22
15 1
50 37
56 10
120 11
129 65
29 4
56 30
140 108
40 48
28 41
39 9
11 45
50 21
45 49
48 29
121 47
28 19
91 11
47 23
15 21
68 48
109 46
143 29
143 63
42 26
59 49
66 61
63 7
6 38
45 10
132 57
65 66
110 37
54 1
26 20
38 4
34 37
37 47
100 4
45 35
42 39
45 29
19 15
12 6
38 7
6 16
13 48
49 23
3 41
36 19
23 24
46 27
64 10
17 1
91 43
68 6
60 16
124 37
65 64
10 27
94 11
110 34
38 23
42 3
40 5
101 25
34 30
140 57
40 9
44 24
89 45
93 43
133 97
90 63
82 60
53 0
57 7
43 48
12 27
133 103
95 41
69 35
28 24
109 34
48 21
2 10
46 25
31 29
35 4
95 19
99 69
110 22
69 19
31 10
133 86
64 20
119 21
64 42
61 9
127 66
134 78
111 24
5 41
3 7
38 24
43 37
58 69
56 39
11 64
8 27
59 41
66 59
9 30
63 68
45 44
43 46
7 19
132 133
12 33
12 31
22 20
94 63
28 31
50 42
17 15
31 22
30 5
109 30
19 25
106 69
34 21
88 17
5 45
140 118
7 25
44 8
37 30
35 39
56 23
73 15
130 99
111 41
3 36
124 117
6 8
118 27
128 71
60 31
37 49
111 60
11 31
118 10
140 107
94 48
116 11
87 59
5 35
133 107
48 12
40 16
132 128
115 3
100 25
134 96
58 65
105 15
46 35
112 62
64 27
61 11
56 33
101 16
48 42
4 8
31 36
37 23
93 11
101 3
30 38
119 25
140 102
55 20
40 24
42 34
110 5
48 7
11 39
28 6
85 9
3 44
109 16
96 67
140 80
94 46
99 60
12 34
132 101
33 4
56 5
118 30
87 69
94 69
5 16
50 25
122 30
128 129
42 20
135 88
110 49
140 58
69 10
68 30
140 106
112 60
134 97
118 43
48 22
47 15
132 54
41 38
79 9
20 1
72 26
128 99
79 11
133 51
39 16
47 49
46 34
59 3
140 77
10 47
42 9
114 69
4 29
45 7
16 17
119 29
30 21
42 6
48 19
5 7
19 4
98 12
44 16
32 26
90 11
40 35
116 3
3 33
115 46
135 50
65 59
99 11
23 0
40 22
74 12
117 9
106 68
41 7
117 43
5 49
40 23
134 124
119 10
63 60
22 24
41 20
16 1
9 26
32 37
32 44
24 26
9 34
42 10
38 25
9 41
60 3
113 16
103 16
12 38
103 9
34 20
56 29
4 15
36 7
50 10
44 0
114 66
108 13
115 35
40 47
90 9
133 52
95 44
64 33
63 46
46 3
12 17
51 0
141 84
103 12
140 70
47 8
33 27
5 25
64 22
41 39
85 6
116 68
78 9
40 46
114 63
33 16
109 3
64 5
91 40
37 36
40 43
37 19
105 22
115 7
100 7
19 0
24 16
15 23
5 23
35 12
93 67
55 8
131 53
37 22
108 12
95 39
113 6
128 131
47 38
112 64
141 110
140 134
45 15
13 45
41 6
37 17
61 42
133 134
3 10
28 38
43 44
121 22
131 127
109 41
59 9
143 114
113 9
83 9
33 29
63 34
118 17
50 30
133 80
31 24
35 7
38 27
8 22
24 6
110 42
3 35
55 1
83 8
29 44
36 8
144 76
17 21
15 22
69 37
52 1
93 40
48 3
125 58
67 68
48 33
40 25
51 26
11 46
91 5
28 37
20 16
122 123
93 13
24 25
65 32
65 67
77 30
12 7
6 20
72 20
29 21
6 10
110 16
55 27
8 29
88 0
7 27
66 68
105 8
13 32
72 29
135 71
48 9
121 16
9 47
68 40
46 15
81 12
71 21
134 81
64 35
43 17
6 39
51 15
34 15
48 49
28 11
19 27
72 22
47 19
96 13
31 3
65 61
140 79
102 22
109 22
134 29
116 32
32 4
129 96
125 92
113 12
117 68
94 62
60 41
33 21
50 12
72 44
33 9
94 31
56 25
114 5
124 127
96 64
73 47
109 9
25 22
89 43
64 39
22 15
111 36
6 27
88 6
110 8
38 16
2 13
130 92
101 6
27 20
63 3
144 124
132 95
23 15
34 17
5 19
40 36
80 62
19 8
35 42
72 3
25 16
4 24
133 95
51 27
19 24
45 20
5 48
129 67
61 46
38 26
46 4
95 16
133 28
63 9
11 32
43 9
71 15
109 35
41 36
48 16
25 17
17 0
118 5
6 24
25 19
144 29
68 69
135 107
110 35
17 16
7 38
63 69
80 13
31 49
33 44
71 4
5 43
48 30
121 9
32 31
104 8
86 6
8 17
40 27
86 11
99 65
118 41
28 3
56 46
39 0
48 17
72 23
134 115
56 3
82 61
11 34
121 69
127 62
33 25
59 11
97 12
39 8
113 23
121 6
118 22
28 34
111 43
119 20
12 45
29 0
29 9
64 19
85 11
60 37
31 25
119 30
35 36
118 48
4 17
59 6
71 9
110 31
96 60
37 20
105 25
51 3
39 36
127 121
102 3
116 43
7 30
90 61
115 34
21 23
47 17
43 5
43 4
45 33
94 43
50 29
11 7
58 40
32 8
64 6
45 12
37 10
47 0
95 12
36 16
56 9
27 21
111 6
9 46
63 12
5 9
31 26
14 16
86 7
59 46
118 24
44 23
56 8
88 4
34 16
109 7
88 16
91 69
124 65
90 5
127 81
109 24
37 16
0 1
70 11
66 45
132 100
12 10
96 69
115 13
40 19
56 17
33 6
69 40
68 31
22 0
28 36
133 81
67 13
134 116
111 3
140 97
66 64
43 31
111 26
95 17
16 15
32 16
42 24
15 16
64 16
72 47
11 36
21 16
58 66
4 44
94 60
55 21
109 36
41 5
140 124
60 48
72 27
124 115
133 92
124 121
134 74
95 3
42 16
60 25
131 52
37 3
91 67
112 13
95 20
128 124
102 4
69 9
20 15
140 111
111 9
110 12
117 32
113 22
12 24
45 34
118 15
129 94
30 24
95 49
28 47
120 7
36 26
110 47
134 68
61 68
116 7
80 68
105 23
62 43
74 9
29 10
3 39
31 35
95 4
49 20
6 30
67 34
28 5
129 117
121 37
133 108
113 7
77 80
78 12
110 19
91 68
34 38
103 11
119 41
72 15
132 30
140 78
20 8
62 9
20 25
59 33
56 38
40 37
34 8
43 19
141 104
39 7
59 17
46 38
133 105
36 38
143 127
144 140
94 64
56 36
33 23
34 24
97 9
43 36
76 15
36 10
82 13
69 6
49 24
40 31
8 44
27 0
67 45
17 24
82 40
110 4
36 27
39 38
68 10
120 12
116 42
93 9
110 10
85 3
133 106
31 37
9 22
111 4
133 113
37 7
3 21
95 34
45 42
45 46
31 15
97 13
98 9
61 43
105 6
104 0
11 30
60 4
66 63
37 39
70 13
42 23
19 10
82 65
84 15
82 5
5 64
93 63
3 37
89 67
31 34
44 10
7 26
127 97
32 3
67 61
5 46
128 119
51 4
44 27
110 41
118 20
141 109
46 26
69 29
8 16
33 17
81 13
132 92
118 33
97 5
71 10
34 5
127 80
2 3
47 22
63 42
64 40
20 0
58 12
7 24
50 17
129 120
62 59
135 83
110 64
72 33
68 59
5 42
122 111
69 45
9 23
64 45
143 120
135 126
27 23
7 33
58 67
96 12
118 11
56 44
91 32
42 25
51 25
25 1
5 22
115 45
101 5
117 48
63 64
72 12
59 22
69 30
68 29
134 120
19 26
10 44
124 79
135 139
39 29
120 43
129 62
45 23
12 48
32 6
28 16
49 6
90 60
33 0
62 42
39 20
60 38
44 25
140 95
50 6
101 9
129 37
25 15
76 8
29 49
67 63
64 30
59 43
50 26
133 93
140 30
76 24
71 29
69 4
99 62
83 22
50 22
12 4
120 5
129 61
134 63
111 27
115 64
43 33
135 14
7 20
129 116
88 22
46 23
72 30
113 8
34 7
118 7
6 15
118 6
33 10
96 3
47 21
33 3
71 17
115 60
127 68
127 114
19 17
140 86
5 29
97 11
20 6
75 21
51 16
45 11
60 7
108 11
34 10
69 42
62 41
69 5
3 42
67 42
44 6
39 19
93 35
94 68
35 38
127 69
33 8
76 21
60 46
36 17
86 3
38 21
143 81
99 59
120 37
5 34
20 23
17 22
124 116
143 115
58 43
87 61
127 67
5 4
42 49
124 69
64 46
46 21
109 19
107 63
130 127
140 74
55 26
111 32
42 19
62 40
72 5
23 21
133 99
65 9
129 66
131 92
89 32
41 27
57 5
35 44
122 124
110 9
94 3
91 62
112 68
115 6
111 17
133 119
41 30
57 13
115 40
64 24
103 5
30 15
144 112
17 10
127 117
2 6
28 17
60 42
41 3
62 11
29 7
60 35
12 40
135 91
28 32
111 33
63 11
143 62
120 9
7 10
40 6
118 49
67 9
68 64
6 23
76 4
38 20
10 29
59 10
36 22
30 22
24 27
71 3
40 17
124 62
73 16
109 10
127 37
114 11
28 23
48 23
77 79
46 42
95 37
125 52
41 26
141 111
30 8
116 30
32 5
45 9
140 110
9 42
99 12
130 93
3 22
144 111
105 26
88 21
94 59
44 4
3 34
50 7
109 26
55 17
100 3
93 61
2 9
135 119
59 19
31 44
127 74
51 17
59 7
44 7
72 17
135 137
59 26
66 9
89 64
103 6
31 39
28 29
87 64
48 15
100 12
38 15
29 19
120 42
69 22
62 12
10 15
3 8
68 43
56 15
96 68
74 13
32 10
10 16
42 4
130 53
44 3
118 9
21 0
32 19
59 8
36 29
133 30
43 23
121 30
59 47
102 13
101 27
56 24
4 0
49 15
140 98
65 5
5 39
49 8
135 92
133 53
64 15
31 17
119 49
32 23
72 6
8 49
5 32
7 6
75 22
115 11
47 9
82 66
27 26
98 5
144 143
65 31
36 15
106 62
48 10
109 37
66 11
69 49
79 3
20 24
69 8
22 19
34 25
35 23
61 12
46 29
72 21
117 12
35 47
124 61
95 24
124 29
5 33
119 15
17 23
41 37
93 3
105 9
51 21
135 18
28 40
131 87
8 25
79 13
34 3
51 1
89 40
59 35
25 27
101 11
6 17
142 124
114 61
143 69
30 19
58 61
78 5
11 12
7 16
59 36
134 121
77 78
13 64
119 36
82 62
128 93
69 25
58 64
107 68
33 20
93 48
58 63
19 16
64 26
31 7
124 120
130 54
111 46
130 124
29 3
43 41
64 37
9 38
89 69
72 24
93 32
68 39
28 39
119 24
42 17
104 16
110 23
129 121
142 128
102 12
94 61
124 97
15 8
64 7
10 20
45 43
65 13
42 29
83 4
30 9
38 1
72 9
95 33
61 7
65 11
88 8
143 116
134 37
32 36
35 29
83 10
76 26
72 10
46 30
133 50
42 15
68 35
40 32
128 110
89 5
19 3
28 33
61 35
89 48
13 59
88 23
32 15
131 126
16 19
73 29
128 107
11 60
69 60
56 41
9 7
45 19
12 3
87 65
29 24
116 41
12 16
111 37
110 60
5 20
49 10
131 77
68 12
100 22
37 21
91 60
140 71
9 40
61 40
39 6
109 42
75 23
117 59
42 44
120 10
4 49
134 66
45 26
9 19
28 26
37 0
32 29
116 31
118 38
110 6
141 124
30 29
59 37
111 44
141 75
59 64
96 5
118 8
35 5
127 120
71 8
63 41
30 25
42 7
100 9
60 27
41 15
12 37
35 3
12 39
117 45
68 47
34 4
58 13
48 47
28 4
144 56
125 87
96 62
69 46
95 5
133 71
106 67
128 77
8 15
47 27
47 7
27 15
85 5
114 62
48 27
35 9
41 17
113 26
111 48
88 3
90 40
102 8
62 68
143 124
28 27
35 19
46 9
128 111
19 1
130 52
44 22
33 26
89 62
21 1
12 64
41 22
109 47
103 8
101 22
133 85
67 59
118 35
109 4
69 3
68 37
85 7
75 27
117 35
95 35
47 4
72 42
4 23
90 67
51 7
60 24
67 12
115 9
8 0
37 4
3 27
140 50
109 33
117 11
48 20
24 0
129 69
42 8
96 40
40 29
14 15
39 4
35 34
93 12
45 3
59 38
69 16
35 33
99 5
132 110
49 16
19 21
109 17
62 7
105 0
59 39
20 26
11 9
13 60
9 43
8 38
111 35
10 19
6 21
121 10
56 21
61 37
61 5
39 22
94 12
45 48
105 16
132 126
11 10
64 3
55 16
122 112
116 10
34 36
17 26
76 23
9 36
59 4
116 9
45 36
140 119
114 45
133 110
93 68
90 12
49 44
10 17
35 30
113 5
128 85
36 21
141 30
117 7
110 26
5 10
116 5
141 139
51 10
77 15
115 37
38 6
113 25
67 32
59 25
68 60
96 46
71 6
59 32
71 7
34 41
114 59
29 23
37 27
7 15
72 25
42 33
24 21
30 7
46 39
140 28
133 102
16 0
41 19
9 25
71 27
32 24
55 0
9 16
95 8
78 11
116 39
111 45
104 25
66 67
62 64
7 47
60 19
35 6
58 60
43 24
118 29
143 97
35 24
61 64
67 60
49 19
119 9
56 42
94 5
28 48
104 1
100 16
44 21
111 47
90 32
140 51
62 60
33 22
143 74
117 5
48 8
34 33
109 38
49 7
64 44
25 23
143 80
46 5
118 47
27 49
70 9
11 59
13 31
53 1
32 41
33 49
14 17
37 38
127 43
12 41
118 26
116 33
49 4
116 40
57 6
29 16
110 30
119 4
103 7
115 43
64 49
125 53
12 29
25 20
2 7
102 5
60 23
3 17
86 13
19 22
100 27
143 121
46 7
121 7
37 9
15 25
143 94
62 34
95 47
61 45
3 25
117 64
110 43
46 47
115 41
129 68
38 3
93 64
19 6
12 32
99 13
32 9
67 35
41 9
134 61
38 19
110 48
67 48
84 16
133 79
96 11
132 80
101 10
89 68
43 42
115 42
72 36
17 8
130 58
3 23
5 38
45 37
121 27
5 36
118 46
66 40
6 29
66 43
4 16
46 37
12 36
28 35
45 47
141 138
96 63
69 39
91 59
47 6
3 19
112 66
106 61
79 5
78 13
61 41
118 16
81 9
67 43
35 10
5 44
102 25
127 29
119 7
111 42
69 33
28 45
58 68
133 74
42 36
16 26
60 5
28 46
62 45
13 11
16 24
116 6
102 11
49 0
43 35
109 15
41 47
89 9
43 15
40 33
90 62
13 43
35 22
90 59
9 8
43 38
133 126
63 43
96 43
111 38
94 45
109 25
90 31
50 16
15 10
43 47
63 48
91 31
39 17
128 105
118 19
12 9
88 1
108 5
60 43
60 45
48 5
128 87
59 12
76 22
33 38
48 35
95 6
100 5
30 17
60 49
101 4
42 22
45 16
41 25
113 4
48 24
11 47
82 59
134 86
45 39
63 40
128 51
87 67
25 24
107 67
109 20
33 15
74 5
83 6
130 87
50 23
56 27
114 12
31 20
76 20
42 21
37 33
5 27
9 20
49 21
105 27
40 3
59 31
91 61
111 59
143 61
59 5
38 49
135 84
116 64
127 86
82 45
55 7
79 12
71 26
50 27
143 78
111 31
36 20
63 5
40 20
109 39
40 42
55 23
72 16
103 27
111 8
42 5
129 74
129 127
9 39
140 99
71 23
28 7
132 77
28 8
5 24
114 67
61 3
114 9
66 31
60 40
42 27
58 45
66 60
89 59
87 5
30 20
103 22
10 26
89 13
27 16
31 12
128 118
95 30
46 16
39 21
48 44
7 36
55 15
121 42
12 23
56 20
129 63
29 26
45 27
110 29
40 8
68 34
15 26
46 24
127 115
41 4
64 25
91 64
119 37
116 59
12 19
12 35
26 0
48 4
10 8
121 12
30 36
112 67
59 29
55 22
36 4
58 32
60 11
19 23
42 38
135 118
71 0
118 37
109 5
12 25
140 81
32 17
121 5
45 22
89 12
111 20
87 68
66 5
99 67
9 31
133 111
125 54
127 94
12 46
35 8
119 16
4 19
127 63
121 4
76 16
91 12
57 3
134 62
130 126
140 105
64 9
50 4
102 6
30 47
89 60
64 43
110 27
131 54
72 34
56 26
60 8
135 136
95 9
39 26
115 31
89 61
127 116
110 39
89 11
67 7
129 114
87 11
56 7
32 20
90 48
118 23
68 9
112 12
5 31
29 17
124 94
39 44
43 16
17 6
59 34
32 27
135 112
143 68
49 3
60 20
3 4
113 11
122 110
34 26
66 62
69 43
8 26
28 30
124 80
11 6
55 24
9 10
9 15
45 24
11 41
95 15
110 38
75 10
111 29
140 101
40 10
28 22
46 22
43 25
55 3
68 3
32 49
40 12
24 22
41 33
35 21
70 12
96 48
143 65
107 62
133 87
95 10
95 42
64 47
109 27
45 25
50 5
124 86
66 69
7 37
82 12
100 26
64 11
34 23
43 26
37 6
111 30
29 20
51 6
118 39
94 9
5 3
28 15
111 64
111 19
129 124
36 49
116 12
58 9
20 4
121 3
66 13
115 69
11 40
122 73
104 26
29 25
65 45
83 16
142 143
118 34
67 69
34 6
44 26
133 54
39 47
60 32
39 33
68 8
27 24
64 8
90 43
36 0
10 21
13 9
49 1
118 44
112 9
25 21
121 29
115 68
38 8
115 30
129 81
124 96
8 1
22 23
94 40
55 6
6 26
92 1
110 24
55 25
117 42
124 74
60 64
6 36
100 11
88 7
31 4
69 44
29 22
77 47
142 111
12 43
128 50
142 140
64 41
60 33
44 20
30 23
16 23
104 4
59 30
61 62
44 1
95 26
56 22
45 40
135 82
9 27
30 27
7 29
87 60
99 61
5 6
110 59
37 24
40 49
88 10
144 110
41 8
50 3
43 29
80 66
80 11
22 26
111 11
8 21
118 4
67 62
26 15
45 30
67 64
70 5
26 19
98 11
140 93
10 49
40 15
93 31
12 60
140 103
88 26
56 6
39 49
117 31
61 63
40 34
104 22
132 124
3 47
109 21
36 33
76 1
7 41
129 86
91 45
80 63
116 37
65 69
44 17
31 33
9 37
17 7
38 0
95 27
118 42
37 8
140 113
19 20
142 110
116 60
72 39
83 23
13 40
68 41
12 49
99 68
35 26
115 59
135 89
131 93
10 23
30 39
87 66
56 49
6 33
95 38
72 49
8 23
10 22
36 25
105 3
101 7
124 78
48 25
31 16
110 40
46 6
124 114
12 20
31 8
90 68
39 24
50 8
48 6
143 43
91 13
15 27
5 17
56 35
64 48
60 39
41 29
116 69
36 9
95 7
40 26
75 0
32 30
134 80
8 24
94 67
65 12
69 64
76 25
111 12
35 15
40 4
31 27
31 42
131 124
114 13
96 31
51 23
68 7
105 21
131 58
118 12
117 60
127 96
13 12
119 23
93 62
114 60
31 5
46 10
62 30
49 25
124 67
25 0
41 21
35 41
111 22
3 49
99 66
33 47
128 130
119 27
4 22
115 32
31 38
56 37
60 6
47 3
90 64
125 93
62 37
7 22
132 103
45 38
73 17
30 26
118 32
125 127
31 47
110 7
111 34
96 61
64 17
96 45
88 25
112 63
12 47
43 22
29 1
82 64
24 4
42 47
64 34
6 4
32 7
47 16
47 24
129 115
29 38
61 48
120 30
43 49
129 43
111 23
135 2
11 35
9 32
134 65
38 44
9 48
48 34
69 41
125 99
60 47
24 8
20 27
63 35
17 25
23 17
22 17
43 39
3 20
32 33
89 63
7 17
48 37
35 17
119 38
133 88
102 7
120 6
134 94
9 6
65 60
38 22
124 68
39 23
7 49
135 138
47 20
95 36
31 23
71 16
41 24
88 15
64 4
122 77
3 6
64 29
36 44
105 7
32 47
26 17
9 29
45 32
118 36
112 5
41 10
119 5
61 69
28 25
103 25
46 19
24 15
143 117
40 30
119 44
82 68
99 63
43 3
50 11
29 8
2 12
22 16
72 8
68 32
131 99
63 62
119 39
3 15
11 5
75 25
7 23
117 3
95 21
117 62
103 3
44 19
2 11
39 15
133 58
95 22
31 19
83 27
32 25
121 8
120 69
120 3
69 47
43 27
64 23
75 26
119 26
110 44
28 44
104 23
7 8
76 0
110 11
35 49
43 20
22 21
11 48
32 22
110 36
116 45
111 7
33 24
45 31
110 17
100 10
38 10
119 8
4 38
95 23
51 8
76 6
72 19
24 1
128 125
143 79
50 9
46 8
133 101
26 1
71 22
76 3
87 12
7 4
67 5
26 21
101 26
9 33
41 16
91 63
27 22
46 12
36 6
88 27
86 5
49 17
37 29
60 17
111 16
60 10
112 45
69 34
20 21
46 41
42 30
4 25
29 27
22 1
62 35
58 5
135 105
102 10
111 5
133 73
46 49
67 46
112 61
119 19
20 10
127 61
4 27
24 10
13 5
109 49
50 15
35 16
2 4
32 35
48 41
132 102
46 17
69 32
51 22
59 16
57 12
116 36
117 63
9 4
72 37
67 31
93 46
118 25
59 42
83 26
68 5
62 3
69 38
81 5
117 61
59 44
112 69
107 69
60 12
92 0
7 21
95 29
39 25
41 44
143 96
32 34
106 63
34 44
34 39
4 21
48 38
41 49
85 13
60 9
30 4
6 47
12 59
98 13
135 93
45 8
69 36
113 3
30 44
28 20
56 12
119 17
5 30
125 77
28 10
2 5
66 32
96 32
4 26
11 43
135 51
43 30
104 10
119 3
96 59
10 0
43 8
103 4
91 9
11 42
60 36
96 9
49 27
37 25
48 36
103 10
49 22
30 10
81 11
6 25
105 4
28 9
56 47
41 23
110 20
17 27
35 20
90 13
56 16
9 44
87 62
60 30
132 52
8 19
127 79
105 17
65 43
2 8
55 10
114 68
69 48
3 29
72 38
11 3
93 45
9 49
90 69
65 63
72 41
82 11
18 16
25 26
111 39
111 40
75 1
103 26
85 12
23 1
143 67
110 3
117 46
3 24
31 41
9 3
28 12
45 17
116 48
68 46
24 23
35 37
61 31
144 75
12 5
6 19
32 12
6 44
144 104
125 124
12 42
69 31
74 11
124 81
64 38
75 16
118 31
93 5
48 39
120 68
38 17
43 34
43 32
10 25
118 3
62 69
76 10
112 65
144 30
113 10
64 12
83 7
134 67
107 61
105 29
62 31
64 32
102 9
102 27
36 24
62 6
127 78
86 9
65 62
134 79
36 3
33 7
47 10
117 69
63 59
19 7
143 66
32 48
111 25
135 90
9 17
46 44
107 30
5 40
105 10
140 100
30 16
47 25
109 23
143 86
61 60
30 6
72 4
121 43
47 44
67 3
39 3
75 4
87 13
111 10
144 109
64 31
31 30
61 34
133 70
59 24
60 29
5 37
3 38
50 47
94 13
20 3
132 111
135 106
37 5
133 124
3 16
45 5
112 11
110 32
113 27
28 43
26 24
7 44
10 4
5 47
115 5
127 124
129 78
11 37
45 6
16 21
48 26
9 24
10 24
83 25
142 77
141 112
17 4
119 47
72 7
34 49
132 108
110 45
12 26
34 9
58 59
117 40
34 27
119 6
134 117
134 127
63 37
129 97
10 38
3 26
129 79
36 23
36 47
93 60
24 7
65 40
37 26
115 12
83 3
80 61
66 12
69 7
35 27
20 22
45 41
43 12
49 26
133 77
60 34
31 9
40 44
39 27
37 15
59 23
30 0
127 65
100 8
134 114
68 4
30 49
87 63
12 8
39 10
133 118
132 53
62 46
30 3
133 98
65 68
68 33
32 38
27 1
25 49
68 45
