24 18
12 14
20 9
9 5
18 5
19 1
0 2
7 9
21 14
7 5
16 19
9 6
9 4
5 2
23 8
20 23
20 17
7 11
23 19
17 6
25 11
24 25
20 21
26 11
26 8
17 19
26 14
9 0
24 13
0 1
20 6
17 14
16 11
8 14
8 6
14 1
10 4
26 3
17 0
26 10
23 22
23 17
12 6
20 13
26 13
7 16
25 0
26 6
20 5
23 9
19 2
17 4
7 10
26 21
9 1
16 15
23 14
26 22
24 26
24 14
7 12
5 1
23 2
12 10
7 6
25 15
26 16
16 14
16 5
21 4
25 10
26 25
24 23
23 5
26 18
24 9
3 5
20 14
12 2
20 8
25 5
3 4
26 0
7 8
8 5
25 17
17 5
24 12
24 7
23 13
16 10
23 21
18 6
24 8
25 9
20 18
8 0
23 6
9 14
13 1
26 9
13 2
12 0
24 5
12 4
24 17
18 4
7 13
8 19
26 5
24 16
14 2
9 19
7 17
20 22
24 22
12 5
26 15
21 6
6 0
21 5
12 1
24 6
7 14
20 3
24 3
23 1
26 17
20 10
7 15
16 4
26 12
24 21
24 10
26 7
9 2
3 6
25 12
