45 4
45 3
13 4
25 11
23 1
47 12
16 3
18 12
34 2
7 2
24 11
54 37
29 4
46 12
14 4
32 4
37 38
32 12
1 2
36 7
45 1
6 3
16 4
20 33
29 2
24 3
10 12
0 2
6 2
13 2
6 4
43 1
21 2
25 12
20 27
5 6
54 0
16 2
20 28
23 11
27 2
31 12
4 38
33 4
43 4
3 1
32 3
18 3
3 2
47 11
28 12
23 4
40 7
28 11
20 31
2 38
26 2
51 7
34 1
22 4
22 1
29 1
25 2
28 3
20 34
13 3
45 11
20 32
34 4
46 3
31 1
34 12
46 4
53 7
49 6
32 11
43 3
23 2
51 6
10 1
24 2
33 11
13 12
30 3
27 3
9 7
39 6
20 10
12 2
10 4
52 6
18 4
20 21
16 1
14 1
30 2
20 18
41 6
29 12
27 1
35 6
6 1
46 1
33 12
13 1
20 24
3 4
18 2
8 7
1 3
10 3
20 25
15 6
17 1
54 16
20 30
47 1
36 6
17 4
11 4
35 7
22 12
45 12
28 2
26 11
24 12
26 12
20 13
28 4
25 4
19 6
53 6
47 3
31 4
43 2
41 7
1 4
52 7
23 12
47 4
26 4
31 3
30 4
20 29
21 4
18 1
20 22
46 11
24 1
20 17
50 6
0 3
44 6
32 1
9 6
29 3
7 4
54 4
54 43
44 7
42 6
19 4
40 6
12 4
50 7
39 7
25 3
8 6
54 17
14 12
30 1
31 2
26 3
27 4
33 3
20 14
24 4
48 7
18 11
42 7
32 2
30 11
27 11
20 6
33 1
10 11
15 7
30 12
14 3
17 12
29 11
49 7
25 1
22 11
10 2
28 1
34 3
22 3
19 7
0 1
11 2
20 23
20 7
0 4
14 2
31 11
55 4
48 6
23 3
17 3
20 26
26 1
27 12
5 7
17 2
22 2
33 2
