22 19
29 6
29 12
25 7
36 14
27 7
22 10
27 19
25 9
29 17
22 12
33 12
27 16
34 14
32 14
33 3
27 8
23 16
24 10
22 4
34 13
10 18
24 16
2 6
33 10
25 1
33 16
35 9
21 19
29 8
32 20
35 5
20 16
35 14
36 18
30 12
35 7
33 15
24 18
22 20
27 9
6 15
36 19
21 6
35 6
17 1
26 11
30 14
33 14
14 15
26 4
24 14
35 3
2 13
2 7
27 4
32 16
35 19
26 18
24 12
23 8
26 20
34 9
36 20
25 17
27 20
27 14
31 20
35 18
25 16
34 7
25 4
29 10
35 13
32 9
33 9
28 1
6 1
26 9
34 12
25 15
27 18
2 15
36 3
26 1
7 1
27 13
29 14
9 16
33 11
33 18
21 9
24 6
35 16
8 1
25 13
34 4
24 7
21 20
13 1
21 12
36 16
35 20
35 17
0 1
31 16
2 16
20 3
33 7
14 16
32 13
34 5
18 16
19 18
34 20
29 13
23 3
24 4
21 17
10 15
26 19
3 15
32 4
27 12
2 14
29 18
13 17
31 12
36 13
20 15
6 3
25 18
2 20
27 11
32 8
31 19
30 10
33 20
23 17
10 3
6 16
22 17
4 1
29 5
21 15
21 7
24 13
2 8
26 16
3 18
34 6
34 11
2 3
17 19
25 19
34 19
26 7
6 19
36 12
27 3
33 13
33 6
32 12
21 5
21 13
33 17
24 3
32 5
21 11
36 5
22 14
32 19
19 16
21 3
26 15
23 6
2 5
24 20
25 5
2 19
21 1
22 15
28 11
31 28
22 6
10 17
27 17
29 16
25 12
23 13
35 4
2 11
9 15
2 1
24 1
26 13
34 15
35 10
34 18
21 10
22 7
18 19
25 20
30 31
27 10
26 17
22 5
30 9
24 11
32 7
33 4
22 18
23 14
11 9
29 9
24 5
33 8
31 0
32 3
26 8
6 14
21 14
34 1
2 9
23 11
36 6
23 7
27 1
19 15
32 17
32 10
26 14
3 19
26 10
24 9
3 16
25 3
33 1
27 5
29 19
18 1
31 10
2 4
15 1
21 18
34 8
14 1
2 18
36 10
29 3
35 8
27 6
26 5
22 13
30 3
23 18
24 19
23 19
32 6
34 17
35 11
29 7
25 14
23 10
31 3
29 1
24 15
30 6
22 16
30 0
32 15
36 17
29 20
10 1
25 11
19 1
36 8
29 15
25 10
33 5
28 17
10 19
31 1
29 11
26 6
16 1
32 18
23 4
21 4
22 11
31 18
23 12
31 9
32 11
24 17
30 17
17 15
34 10
22 3
25 6
34 16
35 12
22 8
36 7
2 12
5 1
21 8
18 15
20 19
22 9
21 16
20 1
23 15
2 10
23 1
2 17
36 4
27 15
20 18
23 9
36 11
33 19
25 8
36 15
32 1
22 1
15 16
34 3
35 15
26 3
35 1
23 5
36 9
31 15
36 1
3 1
26 12
11 12
23 20
24 8
29 4
7 15
