6 4
5 4
10 1
1 2
14 4
7 13
21 12
0 4
5 2
12 4
19 10
28 10
20 12
14 3
24 10
29 10
7 16
27 8
7 17
22 12
20 11
6 3
18 14
11 1
16 3
18 6
26 12
7 8
22 11
0 3
7 14
27 13
17 2
17 3
13 4
22 13
1 3
2 4
8 4
18 10
24 8
21 13
25 3
0 1
7 6
7 10
6 2
26 11
23 13
3 4
19 11
7 12
12 3
17 4
27 10
24 12
15 1
16 4
28 8
2 3
11 2
23 8
11 3
15 3
7 0
18 12
29 8
20 8
22 8
4 32
28 13
20 10
3 2
18 15
19 8
5 3
30 5
29 13
7 15
5 1
18 8
26 10
19 12
7 11
26 13
11 4
18 11
6 1
15 2
17 1
26 8
2 1
31 4
19 13
14 1
21 11
15 4
27 11
18 0
10 2
24 13
21 10
18 16
29 12
25 1
16 2
24 11
28 11
18 5
20 13
21 8
23 11
7 5
29 11
9 4
10 4
7 9
25 2
18 9
16 1
18 17
18 13
28 12
3 1
0 2
1 4
23 10
14 2
22 10
27 12
23 12
12 2
12 1
10 3
