45 11
16 6
48 0
40 9
21 1
26 1
10 2
48 7
24 3
6 2
26 2
22 10
22 21
1 7
34 10
29 7
22 27
26 7
25 17
5 19
6 7
47 0
41 6
39 9
42 1
9 5
29 2
6 4
10 4
33 23
7 4
11 4
33 29
29 3
27 4
37 2
28 4
16 3
16 2
10 7
22 31
32 4
30 2
24 1
38 11
25 3
41 15
1 3
22 25
22 30
40 11
22 9
29 6
34 11
45 9
21 5
8 11
33 9
22 24
28 2
43 11
41 2
1 17
30 6
41 7
2 17
30 3
31 5
10 3
26 6
12 11
8 10
4 20
24 7
24 6
46 10
39 11
21 4
29 1
41 17
33 28
25 5
31 2
32 1
44 9
1 4
42 2
27 2
14 15
2 4
37 17
21 7
24 2
48 15
47 9
41 1
37 15
13 10
0 2
12 9
2 7
43 10
45 7
22 16
6 5
27 5
21 6
22 23
17 2
13 11
48 18
21 2
47 15
6 1
30 17
21 17
1 5
12 10
33 11
32 17
43 9
47 10
15 20
30 1
2 6
31 1
29 4
37 1
16 5
28 1
36 9
19 20
29 17
25 4
9 17
22 32
21 3
33 24
11 5
25 1
9 3
25 7
0 7
11 3
1 6
35 9
2 1
23 3
27 3
33 10
28 17
22 29
44 11
42 7
38 9
23 17
36 10
22 28
27 17
14 10
37 6
2 3
0 1
31 7
17 3
26 5
33 16
31 3
33 27
31 17
23 5
22 26
27 6
28 3
16 1
33 31
23 4
26 3
3 19
30 5
33 25
10 1
14 0
33 30
11 7
4 19
0 6
7 19
16 17
32 3
16 4
26 17
28 5
32 7
47 7
17 1
25 2
42 15
10 6
38 10
26 4
35 10
17 7
17 4
31 4
42 17
23 7
13 9
14 11
28 7
10 5
32 2
0 4
17 5
2 5
11 17
40 10
45 15
0 3
0 5
39 10
14 7
20 19
17 6
6 17
30 4
45 10
9 7
3 20
33 32
22 11
24 5
5 20
49 7
24 17
18 20
46 11
32 6
47 11
7 20
32 5
31 6
29 5
36 11
8 9
1 2
6 3
15 19
27 7
27 1
30 7
44 10
33 26
16 7
34 9
42 6
35 11
25 6
33 21
14 9
28 6
24 4
18 19
9 4
46 9
37 7
48 5
