30 20
24 3
33 20
12 27
49 34
39 21
53 4
4 3
39 4
48 31
30 15
6 11
1 40
48 34
15 2
2 40
30 18
53 6
24 35
12 2
33 23
54 13
30 25
12 7
38 26
53 25
25 1
30 8
28 3
54 16
32 1
16 3
19 11
25 3
33 8
42 0
16 22
38 3
50 2
15 1
33 28
27 6
33 0
36 26
50 52
44 11
4 7
49 5
33 22
22 11
18 3
32 2
38 22
4 6
30 17
34 35
30 3
53 0
21 7
48 37
54 5
0 2
33 15
12 3
53 8
50 13
12 13
53 22
16 7
12 18
12 22
12 29
14 3
17 3
12 20
28 19
21 8
12 6
33 6
30 13
4 2
39 25
39 8
30 14
39 23
54 24
33 19
39 16
53 27
50 1
30 5
7 11
10 11
33 17
28 6
17 1
18 1
53 28
54 6
34 25
38 29
12 19
49 8
6 7
53 20
36 15
33 4
53 29
53 21
21 2
33 24
34 3
49 31
49 47
53 10
2 3
30 1
36 18
0 1
36 0
43 35
7 6
36 14
49 9
38 19
37 1
36 5
8 7
27 2
29 9
36 8
38 8
53 26
53 7
36 13
1 2
38 6
54 7
50 8
54 17
33 25
25 35
39 10
38 28
25 2
53 13
12 26
39 13
3 11
38 24
36 20
38 4
39 2
53 23
18 2
53 3
16 5
12 28
14 1
53 14
12 10
30 4
38 0
16 8
4 5
15 3
53 24
12 17
48 32
36 25
36 2
12 0
38 20
8 22
12 1
30 27
38 14
32 3
15 13
7 22
30 28
47 46
12 5
39 29
39 15
54 14
23 2
39 3
38 10
33 1
36 29
39 14
42 17
54 18
39 28
54 10
33 7
39 0
0 3
36 22
38 2
49 1
42 18
30 24
12 25
53 1
33 27
54 8
39 27
50 4
36 10
39 24
48 5
33 18
39 19
54 28
49 32
39 5
21 6
35 2
30 21
50 51
12 15
54 0
33 16
30 7
30 16
30 0
33 3
28 2
50 21
54 22
39 26
36 27
30 22
37 8
17 2
26 11
30 29
12 23
28 7
27 3
30 19
27 1
38 1
24 2
41 11
39 17
54 25
24 1
28 8
4 9
33 21
28 1
49 16
16 40
12 8
16 2
39 18
33 29
6 8
30 2
30 26
29 5
36 4
15 19
54 26
12 14
54 27
43 2
33 14
12 16
28 22
54 1
39 20
49 43
33 5
54 4
53 5
12 24
34 1
48 49
30 23
23 45
15 11
36 24
54 2
36 6
54 15
38 5
31 13
2 11
28 11
53 15
53 18
38 7
53 19
38 27
54 3
30 10
44 45
39 1
38 13
16 1
53 17
36 19
50 7
1 3
38 15
38 17
33 26
30 6
33 2
50 3
37 9
36 16
36 1
4 1
50 19
38 21
8 6
54 21
38 23
48 9
16 9
39 7
53 2
36 17
5 7
36 3
39 22
8 1
36 7
38 16
54 20
50 6
38 25
39 6
49 46
53 16
3 40
9 7
21 22
16 6
8 11
38 18
46 5
48 43
36 28
54 19
33 13
37 5
54 23
12 21
49 37
54 29
4 8
34 2
36 23
33 10
1 11
36 21
6 22
12 4
