9 22
121 51
72 42
119 78
25 32
29 22
68 38
20 30
39 8
20 23
46 39
23 17
30 6
89 4
65 2
13 4
42 25
77 41
50 1
125 49
118 57
101 50
96 6
78 4
81 26
30 21
46 7
43 11
28 22
16 6
64 67
93 36
19 28
41 7
98 36
26 32
27 28
46 20
37 1
90 26
43 20
116 110
118 61
4 14
16 14
23 18
101 59
80 21
4 22
15 22
114 78
38 39
122 52
1 24
89 40
82 40
39 37
20 24
10 7
97 40
58 2
23 32
87 11
2 15
39 29
89 72
30 22
38 41
97 44
3 37
13 12
7 19
22 6
56 21
19 12
89 44
72 44
120 75
27 26
3 18
17 12
5 7
78 36
40 10
92 24
125 94
39 14
24 32
20 26
39 25
59 46
16 13
71 44
95 9
38 43
45 28
65 42
41 42
65 28
37 24
125 58
2 24
18 8
94 1
10 13
35 10
16 7
59 39
104 111
44 40
59 43
7 28
42 15
49 12
43 7
20 15
10 21
5 19
83 13
50 2
95 8
16 26
46 45
57 2
25 17
95 7
38 27
112 8
12 22
120 59
11 29
38 37
121 48
11 8
17 6
65 29
39 4
103 69
95 24
28 1
123 124
101 48
80 27
1 30
40 30
63 26
112 37
28 18
14 9
83 39
54 26
23 24
94 16
28 24
16 24
40 23
3 27
114 72
7 14
7 2
53 32
19 21
60 45
4 37
118 103
93 43
87 16
98 37
38 45
90 3
78 72
119 68
57 24
23 2
120 79
103 36
4 29
1 14
53 54
82 7
33 18
44 39
90 24
52 2
95 28
27 8
11 12
95 2
125 55
122 18
46 36
30 15
90 8
77 71
10 27
70 40
46 43
19 6
119 32
88 1
55 26
91 26
89 41
5 25
7 21
3 1
80 13
8 6
104 110
80 25
20 1
112 78
78 38
95 22
73 38
116 82
59 10
13 6
14 24
87 20
77 37
53 26
19 32
10 19
77 44
95 4
79 2
59 4
82 3
44 41
112 38
38 16
4 16
84 37
115 82
80 14
1 12
2 17
119 85
14 30
40 14
120 102
91 12
10 28
35 40
41 16
97 45
56 26
125 50
118 91
71 16
42 13
125 8
29 6
14 28
83 7
39 19
114 38
74 44
113 79
116 106
119 71
20 29
14 23
82 20
13 23
94 40
121 57
52 12
87 14
73 41
91 9
33 8
80 9
45 39
7 18
37 28
4 2
119 45
42 1
42 2
7 24
121 88
119 74
14 11
121 64
64 25
64 13
68 39
4 21
7 4
104 107
11 15
67 4
59 45
7 25
95 10
84 39
103 39
19 26
121 95
7 15
4 27
25 2
97 37
77 4
19 9
38 3
121 82
92 12
112 100
8 15
5 2
77 40
14 18
122 95
5 22
10 20
16 10
117 113
114 69
98 45
81 12
3 11
35 20
66 3
10 23
20 4
2 12
79 24
30 19
98 72
94 19
100 39
90 1
19 17
95 26
122 55
80 24
20 28
98 42
97 36
20 21
89 43
72 45
45 42
63 24
4 9
73 4
68 71
115 112
61 3
95 30
39 1
42 10
114 32
17 9
91 24
18 15
124 66
58 26
14 17
77 42
7 26
65 23
59 44
116 107
37 25
46 40
100 78
8 12
10 17
13 18
58 32
57 25
49 6
60 44
40 4
28 21
70 41
95 16
35 4
115 64
40 39
17 21
36 30
74 16
0 2
46 16
120 0
42 18
38 4
74 38
114 37
5 26
35 43
65 11
100 37
112 61
34 25
103 30
16 22
25 9
96 32
115 103
119 46
119 42
82 11
80 6
98 46
103 38
37 17
114 44
41 45
47 12
36 41
80 32
33 26
122 76
113 90
13 8
57 26
124 32
73 46
47 24
93 40
103 65
17 15
18 32
49 32
118 53
94 37
71 45
70 39
8 2
4 8
113 116
10 18
95 13
97 42
16 2
16 17
80 2
104 77
10 14
83 43
27 4
89 45
118 77
15 6
79 26
73 37
94 7
1 8
22 1
71 38
120 98
113 60
23 4
45 30
121 50
5 29
7 32
57 21
118 119
119 40
63 12
13 28
9 24
100 42
120 70
117 110
121 103
124 74
9 6
1 9
119 69
84 36
114 8
37 9
25 8
80 12
96 24
83 40
112 43
84 3
42 26
11 9
121 5
59 37
27 25
77 45
92 1
100 72
103 71
93 39
60 42
20 17
95 1
82 42
27 6
20 25
36 11
21 32
72 3
2 6
118 50
3 19
118 92
22 2
3 13
124 72
43 3
117 111
19 22
56 29
112 72
94 23
124 38
42 30
3 30
95 18
118 89
119 38
103 40
114 39
119 39
7 12
35 1
118 86
124 46
114 112
37 16
38 14
113 64
78 44
20 9
113 47
95 15
3 16
20 6
19 1
78 37
5 24
48 4
82 1
113 115
41 40
112 65
78 39
21 6
95 42
23 21
37 20
124 84
121 67
5 18
69 4
10 26
37 12
45 4
60 40
103 44
4 1
72 46
121 91
116 77
89 38
40 11
124 8
36 14
124 71
93 44
45 11
125 98
36 45
54 18
112 42
35 39
59 41
65 27
104 112
79 12
71 43
72 43
103 78
14 15
112 39
17 1
100 38
72 37
78 45
1 22
14 8
55 24
103 100
8 1
15 24
84 46
21 12
119 83
113 77
16 4
37 6
18 12
41 30
40 19
125 62
71 72
104 89
11 2
89 37
28 25
23 19
63 32
80 16
124 42
56 12
59 40
25 6
27 24
57 9
77 78
42 12
112 44
2 28
83 10
68 36
5 21
43 19
83 1
34 18
43 1
120 34
47 2
104 106
17 24
16 27
47 1
24 12
16 32
94 30
84 4
80 30
103 37
100 4
35 7
59 7
104 105
58 24
100 43
50 4
44 42
119 65
28 6
20 2
113 57
2 22
80 19
65 30
39 2
114 30
46 4
124 30
40 42
23 25
11 17
112 30
5 8
83 36
16 30
60 41
3 7
11 25
103 112
43 27
29 25
88 3
51 4
64 69
10 30
125 103
97 46
124 83
41 39
33 30
71 3
95 11
100 44
70 37
116 111
37 22
79 1
90 21
74 46
118 68
37 4
14 32
124 86
56 4
72 4
121 119
98 38
112 40
73 40
112 86
94 14
7 8
65 18
32 24
15 32
60 43
23 15
80 28
68 45
27 30
124 100
114 66
46 3
37 27
96 26
98 4
124 78
39 13
37 8
15 26
10 32
119 86
121 90
27 17
97 39
29 12
119 66
123 95
75 1
115 107
112 103
14 4
84 72
89 78
55 32
25 22
125 95
30 28
118 60
83 11
81 2
118 47
95 14
122 96
125 121
87 23
5 15
17 22
87 1
82 10
45 16
97 41
41 3
90 30
39 42
55 12
73 36
113 81
98 41
52 6
76 26
49 22
80 18
35 37
20 8
70 4
41 11
37 26
2 26
103 83
7 30
21 26
125 59
5 16
13 29
44 7
2 21
6 12
64 68
10 25
65 4
93 38
84 44
56 32
33 25
28 26
14 6
95 6
103 68
60 38
92 21
114 74
117 88
64 7
120 90
74 3
30 4
40 3
5 4
44 45
65 7
27 21
117 105
40 16
12 32
87 4
81 32
7 27
119 61
71 41
42 7
114 36
56 28
122 35
6 2
124 112
114 68
72 40
85 4
35 44
19 8
121 86
124 68
100 46
92 9
44 37
81 24
74 43
46 38
17 2
27 22
97 4
4 17
101 35
78 71
83 27
45 10
113 114
104 64
88 2
80 17
5 28
37 3
36 1
99 1
58 6
39 10
76 32
56 30
33 9
14 2
11 26
121 79
70 71
78 3
45 29
80 11
112 68
20 12
71 42
120 47
29 1
4 19
80 29
70 44
119 41
115 77
82 37
8 22
119 112
119 43
38 7
84 38
112 45
13 25
119 67
90 13
56 2
116 108
115 110
14 13
4 6
35 36
32 12
77 46
80 7
100 45
34 26
18 22
74 41
3 23
122 102
44 43
112 85
25 12
93 42
122 49
112 41
43 37
25 1
52 21
16 12
94 43
119 30
113 95
75 12
13 11
21 22
10 9
45 14
87 10
118 51
83 4
116 103
103 41
41 1
4 26
28 29
54 9
15 2
125 124
87 3
83 37
38 20
36 3
16 25
119 103
37 15
23 29
54 32
37 19
112 32
121 89
115 108
18 9
65 13
27 32
29 15
113 91
78 40
16 18
72 38
10 22
38 42
43 23
8 9
2 29
44 23
73 39
88 24
58 12
79 32
36 43
119 37
21 2
59 38
22 12
23 28
4 13
1 32
5 10
125 35
43 42
1 13
36 37
44 27
125 80
100 41
14 29
88 4
59 42
59 36
37 14
57 29
4 11
74 39
118 82
86 3
4 23
38 23
36 40
17 32
36 39
42 27
16 9
91 8
95 12
80 4
101 88
57 32
5 9
38 44
98 44
74 45
22 24
11 28
25 21
52 9
78 41
89 36
124 40
37 30
7 6
33 32
94 4
92 26
3 20
3 29
7 29
83 3
112 71
60 39
114 46
30 9
3 4
23 26
101 98
43 16
118 93
122 59
20 14
3 25
11 24
117 106
95 3
97 38
37 42
89 3
71 39
84 43
4 25
75 2
39 28
30 32
118 108
42 28
10 2
2 8
2 32
42 20
118 111
82 36
65 10
46 44
44 20
112 36
123 113
124 61
3 2
40 1
44 13
44 1
65 25
41 13
83 14
23 9
9 21
118 88
46 42
11 1
15 1
57 1
115 105
54 21
60 46
94 3
3 14
71 4
10 29
37 23
46 13
8 26
97 43
10 11
19 25
36 23
123 94
83 41
28 12
62 26
77 3
1 21
116 112
46 1
103 8
40 37
87 44
45 8
120 31
32 26
30 1
43 10
13 2
121 68
41 37
78 42
120 92
37 2
112 67
98 71
31 32
5 17
34 8
39 16
57 18
43 14
18 2
73 16
14 26
59 16
45 25
27 2
30 26
10 1
115 89
103 61
103 74
29 26
1 19
103 84
46 41
117 94
5 12
16 8
10 15
90 29
4 20
31 26
1 15
87 7
118 81
40 27
118 95
30 24
118 69
39 30
19 24
56 25
118 107
67 3
1 17
98 39
63 2
70 43
27 12
9 2
71 46
18 1
45 37
42 21
113 103
11 6
61 4
36 27
87 40
47 32
33 21
11 22
1 18
70 72
121 66
40 13
21 1
13 26
117 108
70 16
52 15
51 3
120 87
118 106
30 12
80 15
114 103
112 84
114 42
124 44
114 45
112 83
77 38
121 60
1 26
42 8
98 40
20 19
64 65
103 46
65 1
40 45
77 39
43 39
87 43
35 42
114 61
49 1
24 26
1 29
39 15
101 103
10 6
35 38
57 12
9 15
56 17
4 24
73 42
28 17
18 21
121 93
45 19
65 16
46 37
118 105
103 86
120 57
5 20
16 20
87 42
7 22
99 3
24 22
29 21
45 1
27 23
16 11
34 9
5 13
4 12
89 46
15 12
119 44
9 26
116 89
7 9
87 27
118 64
71 36
35 41
19 18
50 3
113 92
87 39
45 13
124 41
119 36
36 42
124 43
13 21
43 30
55 2
122 94
120 93
14 12
29 32
29 9
18 25
60 36
90 12
10 4
121 94
122 62
115 106
101 95
7 13
117 118
119 84
20 13
120 82
45 23
59 3
96 2
56 1
19 2
103 85
52 26
23 1
95 21
83 44
71 40
118 5
28 32
8 21
8 24
68 46
28 15
119 72
57 8
9 12
101 94
11 18
116 105
83 42
87 45
44 3
113 94
97 72
103 42
73 72
114 67
121 85
83 16
73 44
16 23
65 20
49 24
42 19
28 9
35 46
25 26
11 30
42 23
91 2
115 111
45 7
91 1
35 16
65 39
68 72
56 18
62 12
74 36
25 24
103 32
9 1
125 96
16 29
118 94
69 3
84 42
125 63
20 18
15 21
114 41
37 21
58 22
120 91
112 69
23 8
53 34
7 20
42 16
21 24
5 14
123 121
85 3
29 18
91 32
87 41
39 23
13 19
14 19
33 13
16 28
124 67
54 25
44 16
80 23
86 4
53 33
14 22
123 103
120 60
65 8
121 69
92 2
28 2
38 36
117 95
54 8
62 24
82 44
74 42
93 45
40 7
49 21
118 102
29 24
29 8
95 25
95 23
43 4
87 37
46 14
83 23
29 2
33 7
25 15
18 26
9 32
39 20
125 97
29 17
70 38
82 16
95 19
87 13
35 3
47 9
117 64
27 11
44 4
13 22
94 10
124 65
56 24
95 29
11 4
118 67
77 43
82 45
39 7
0 3
83 20
39 17
124 69
1 25
124 85
90 2
16 15
62 2
70 46
100 40
123 64
42 14
100 71
81 1
51 1
56 15
80 26
30 18
104 103
104 82
120 97
41 43
77 36
118 48
13 27
82 14
30 17
38 40
124 45
13 9
41 4
2 18
13 24
120 53
114 100
52 22
74 4
64 66
36 10
30 25
11 19
98 3
37 10
98 43
104 108
36 44
12 26
117 109
117 68
27 9
38 11
36 7
7 1
37 29
117 103
37 11
84 71
44 30
13 17
77 72
45 2
103 43
84 41
113 104
41 27
27 15
120 35
43 13
114 65
10 8
70 3
118 110
114 83
42 17
94 27
91 21
124 103
49 2
122 103
89 39
82 39
44 14
70 42
6 24
117 107
30 29
58 1
71 37
82 4
4 7
5 23
38 1
94 45
11 32
82 43
5 6
120 81
65 17
16 19
23 12
4 30
16 21
113 89
122 97
118 109
72 39
75 24
80 20
121 47
23 30
14 1
1 2
66 4
93 41
24 21
42 22
6 32
93 46
41 14
104 109
38 13
4 15
72 41
17 8
121 77
27 29
114 86
103 66
90 18
14 21
112 46
35 45
121 92
65 37
56 22
114 84
28 8
120 54
94 42
13 15
56 8
124 36
47 21
45 18
47 26
44 10
20 27
82 23
37 7
23 22
119 100
18 6
4 28
16 1
116 64
39 11
56 19
70 45
22 32
73 43
44 11
80 8
103 67
20 32
115 109
121 81
81 21
124 39
17 26
82 41
41 20
117 102
82 27
90 9
62 32
67 1
94 20
5 27
68 3
39 9
10 12
97 3
114 43
42 9
20 11
65 14
19 29
2 25
80 22
103 72
27 1
99 4
38 10
13 30
52 24
56 6
34 21
1 11
40 43
1 23
63 6
30 2
114 71
5 1
97 71
95 20
61 1
121 61
101 102
37 18
42 6
87 36
7 17
117 48
11 21
118 66
36 13
90 7
84 40
118 90
42 11
96 12
94 13
75 26
56 9
36 20
53 31
8 32
82 13
65 19
80 1
27 18
6 26
112 74
45 17
45 27
78 43
1 28
46 27
122 98
0 4
7 11
3 28
40 20
2 9
101 64
23 6
11 23
94 39
52 8
39 27
114 40
18 17
90 4
80 10
45 20
5 30
72 36
74 37
103 45
122 9
52 1
39 18
112 66
72 16
20 22
73 45
41 10
114 85
83 45
49 26
12 6
43 45
89 71
118 79
95 27
5 11
19 15
101 97
78 46
7 23
18 24
4 18
73 3
92 32
124 37
113 93
52 32
123 50
70 36
90 25
13 32
41 23
100 36
30 8
34 32
119 8
113 82
118 85
117 99
42 29
1 6
65 45
46 10
36 16
27 19
10 24
14 25
120 73
22 26
95 17
0 1
73 71
122 50
100 3
116 109
84 45
13 1
120 33
37 13
36 4
74 40
48 3
94 11
