38 17
42 2
44 3
51 34
33 2
28 2
18 22
48 13
43 5
0 4
41 1
17 22
10 13
38 35
49 2
50 2
3 2
18 7
29 1
5 4
34 1
36 5
51 48
55 1
38 41
17 8
21 4
10 1
44 15
44 5
48 5
43 7
21 8
10 14
51 53
25 26
29 12
0 6
23 4
9 2
49 5
48 11
38 42
51 1
38 40
55 8
38 25
27 1
33 5
45 30
32 1
42 4
45 1
42 3
4 1
46 11
48 12
51 29
47 28
4 2
18 1
21 9
24 1
19 1
40 22
21 1
13 2
29 11
12 1
40 2
11 4
0 2
44 2
7 13
9 37
11 6
55 6
18 2
5 2
17 6
34 2
47 5
31 1
27 15
28 5
11 7
38 19
51 35
23 2
7 37
18 23
7 1
38 39
15 2
43 2
40 1
17 9
7 8
51 25
27 25
51 36
24 13
7 6
18 9
43 1
17 1
11 5
51 20
21 5
53 5
14 5
17 7
5 1
27 4
24 5
7 23
0 9
23 6
20 1
10 3
23 8
54 1
29 14
44 1
18 6
16 20
47 15
55 7
11 8
48 3
17 2
21 2
52 5
20 26
39 20
39 21
51 52
27 5
50 1
39 18
51 49
43 3
9 23
35 30
17 23
42 5
29 3
18 8
41 23
32 2
51 47
46 4
52 2
49 1
35 2
39 19
21 7
6 8
55 9
39 0
22 2
16 17
44 12
51 10
41 6
46 2
45 2
9 7
51 27
23 1
3 4
55 23
15 4
44 11
49 3
14 4
9 1
51 44
7 15
52 4
12 2
30 4
51 46
49 4
29 13
43 6
30 2
23 9
54 2
23 7
14 1
55 2
44 4
33 1
10 5
28 1
14 6
43 9
44 13
9 6
36 37
13 1
27 28
22 1
39 17
14 9
53 30
0 3
55 22
25 9
9 5
53 1
48 14
46 5
51 33
6 37
41 9
10 12
46 12
0 7
12 4
10 4
33 30
45 5
29 15
14 8
10 15
51 24
20 37
27 2
41 2
19 45
14 2
38 36
23 5
11 1
29 5
52 3
41 8
29 4
46 14
31 2
43 4
20 2
7 5
0 8
24 2
30 1
9 8
19 2
29 2
47 2
11 3
36 2
21 6
38 23
47 4
44 14
20 9
46 3
20 8
21 3
48 15
46 13
48 4
48 2
24 15
9 4
53 2
10 2
48 1
43 8
32 5
3 1
47 1
11 9
7 2
16 18
14 7
46 1
0 5
14 3
34 22
13 4
11 2
35 1
46 15
42 1
10 11
38 18
15 1
52 1
38 43
23 37
41 7
16 19
36 1
0 1
51 50
35 5
