13 7
20 7
24 4
31 3
8 6
4 11
18 3
30 1
0 7
22 8
29 19
22 12
16 3
24 14
31 6
25 18
5 7
21 0
29 2
31 8
20 10
32 18
21 8
16 4
23 5
15 3
16 0
33 34
9 5
25 3
22 14
28 11
25 2
0 11
26 8
30 3
30 10
31 11
17 10
18 2
15 6
33 26
27 8
16 10
24 11
15 7
16 1
22 7
15 14
9 14
31 2
2 7
29 4
21 7
9 6
20 17
14 8
9 15
31 7
17 7
20 19
16 18
21 11
16 19
1 12
11 12
26 10
26 14
20 6
25 9
33 20
9 17
8 5
13 11
26 12
25 7
16 6
15 8
0 10
26 2
32 19
29 5
24 0
21 10
23 14
9 3
29 12
28 1
32 15
9 4
32 11
30 2
7 6
8 2
30 8
5 2
23 3
15 4
8 3
7 5
3 11
7 1
33 28
0 2
28 12
2 3
20 12
29 11
27 11
22 6
32 6
31 1
5 12
24 8
33 23
24 10
10 1
2 12
22 11
27 7
25 5
9 11
0 8
27 4
17 6
27 3
15 1
20 15
9 10
21 4
16 7
30 4
6 2
3 2
20 8
29 7
28 4
17 5
3 1
25 19
24 12
33 15
20 5
33 30
32 10
17 11
14 3
10 3
10 5
27 14
8 1
33 32
23 10
18 8
15 2
30 9
2 6
10 7
33 24
20 3
24 9
6 3
24 17
26 4
20 9
29 8
10 6
13 4
0 3
31 5
30 6
7 12
16 5
13 6
6 7
32 8
22 10
21 17
32 2
32 3
7 8
26 18
23 8
26 11
3 12
10 8
3 6
13 10
26 19
6 8
9 12
15 10
32 17
17 1
8 7
24 19
23 4
24 18
24 5
29 18
25 10
27 6
16 2
21 9
23 11
30 17
30 11
13 5
18 1
9 1
21 1
8 11
28 7
17 14
2 8
22 3
5 6
13 14
6 11
32 12
25 6
32 1
23 1
14 6
11 1
33 22
7 3
3 7
28 2
31 14
20 2
21 14
14 2
29 10
23 2
27 12
20 11
10 11
13 1
28 5
25 1
18 4
16 8
22 2
25 14
22 4
5 3
32 5
3 8
5 8
5 1
0 6
25 0
33 27
26 7
31 12
16 11
10 2
16 12
3 5
22 5
24 15
6 12
7 11
20 1
15 11
28 6
32 9
24 2
33 18
29 1
22 1
27 1
16 9
33 25
26 15
9 7
0 9
21 5
0 4
33 29
27 5
33 21
13 2
25 11
13 8
24 1
33 16
23 6
18 12
31 4
30 7
23 7
28 8
26 5
2 5
32 7
9 2
2 1
31 10
10 17
9 19
17 2
27 2
24 3
5 11
14 4
7 2
27 10
24 7
16 14
6 1
0 1
15 5
16 15
20 14
32 4
13 3
8 12
20 18
14 1
25 17
14 12
26 17
6 5
13 12
20 4
17 12
17 8
9 8
10 12
24 6
26 3
32 14
26 6
28 14
33 31
29 3
26 9
30 5
29 6
18 6
15 12
28 3
0 5
23 12
30 14
26 1
4 1
32 0
16 17
28 10
2 11
17 3
