13 6
78 21
90 30
11 13
29 103
40 4
79 54
95 32
50 54
50 0
13 44
12 8
17 58
134 54
16 9
139 53
79 13
147 54
60 61
12 3
106 17
96 20
128 22
29 71
113 66
136 54
56 29
80 25
40 48
143 93
100 56
53 44
54 43
105 16
99 69
115 30
76 64
73 0
118 13
80 24
107 53
105 56
109 75
29 45
8 2
106 53
8 5
51 46
122 27
113 20
137 0
18 32
13 41
56 35
104 55
100 51
56 71
32 8
52 64
59 37
91 35
93 61
56 32
77 9
68 64
127 19
59 62
56 46
52 62
91 58
133 19
88 28
133 17
118 52
15 2
99 26
15 3
131 55
18 27
32 15
51 21
105 15
102 15
68 69
68 37
13 3
122 45
53 49
143 47
111 55
51 29
136 17
17 32
55 29
76 12
115 32
126 17
90 23
11 18
52 21
128 132
60 58
86 64
114 16
32 72
14 1
29 16
128 129
112 32
18 72
19 27
17 46
29 28
53 15
137 54
128 65
99 35
51 28
76 62
14 2
56 43
40 49
73 12
20 26
51 57
142 17
39 30
90 22
139 56
133 55
111 17
85 62
16 3
40 3
115 35
115 37
8 49
128 78
140 24
63 13
127 51
128 18
29 4
125 8
96 99
143 46
138 19
102 31
67 19
15 4
118 18
134 17
60 35
86 57
11 12
12 0
141 52
113 40
133 13
50 52
130 40
13 49
95 29
110 17
29 72
19 15
60 64
78 29
20 25
80 26
67 13
147 17
100 54
91 24
16 1
114 35
19 57
104 52
94 24
59 57
40 9
18 45
80 31
130 19
12 5
125 19
59 29
55 69
126 8
129 55
93 64
99 14
85 89
135 52
139 51
34 37
20 30
54 29
76 14
110 55
128 133
19 43
11 19
119 19
138 18
123 18
56 49
140 23
124 40
134 40
77 6
111 40
53 69
124 19
77 8
129 54
52 57
113 17
16 7
17 30
63 64
60 32
120 18
20 32
20 31
14 3
66 72
86 15
146 55
106 14
76 30
132 17
55 43
55 46
102 0
87 69
34 35
106 19
110 18
66 15
84 30
29 69
59 30
130 66
142 16
136 53
13 48
129 18
50 8
29 62
18 75
52 28
90 13
135 19
142 19
85 14
77 2
130 12
18 69
87 38
17 75
87 71
17 44
100 12
92 26
86 70
81 53
99 12
28 33
60 36
8 9
96 51
143 144
85 8
137 52
113 98
91 29
135 56
17 28
77 49
111 12
56 15
53 47
142 8
15 9
55 47
115 61
119 53
19 64
102 58
142 12
85 16
136 51
115 62
105 13
112 13
82 40
81 54
120 52
76 16
63 28
29 10
126 53
140 31
67 56
65 54
123 54
134 19
80 36
87 35
134 55
73 15
63 31
96 19
52 35
17 29
77 15
128 122
76 61
126 12
133 12
51 72
32 5
52 32
94 58
145 18
126 16
76 28
65 40
102 77
66 16
128 17
80 35
105 53
40 1
120 19
53 57
128 124
18 30
118 54
18 46
129 17
51 62
95 58
127 55
52 15
60 21
98 12
19 62
118 51
13 58
14 0
131 18
136 18
17 64
20 27
11 8
20 28
124 17
29 64
15 1
13 36
112 99
113 80
77 57
136 55
104 56
100 53
88 37
87 16
52 61
55 32
59 32
91 22
108 31
84 32
113 116
82 66
111 19
18 49
60 37
145 17
59 63
101 26
50 19
12 64
18 29
85 35
53 72
113 52
90 26
32 16
29 43
0 6
128 110
97 12
8 7
96 93
65 66
12 6
105 14
135 13
11 0
94 30
77 7
143 29
90 58
81 18
107 51
99 15
134 12
68 35
40 5
52 29
93 36
93 4
32 44
140 32
124 13
128 25
121 75
15 5
8 1
14 49
114 49
51 32
68 26
34 22
120 17
83 84
17 31
59 28
135 54
96 18
113 29
84 62
18 35
29 14
40 38
76 8
130 18
142 14
76 57
118 56
12 16
93 37
116 13
16 49
147 13
99 24
115 36
40 41
66 49
120 13
59 35
13 10
53 35
147 52
121 26
147 18
94 32
54 47
32 49
29 7
113 93
29 38
106 12
94 22
51 15
146 54
81 52
113 97
120 54
119 17
132 40
88 64
63 57
97 40
127 53
67 52
32 43
94 26
16 10
92 31
142 15
115 64
106 13
137 56
79 12
78 64
82 13
135 18
99 27
55 35
128 82
8 4
13 1
138 53
40 43
40 44
32 46
98 13
56 30
68 27
123 12
12 4
40 47
19 44
142 55
17 15
125 53
17 72
128 19
67 53
86 16
126 18
125 15
19 30
75 38
78 35
108 75
131 13
54 32
50 51
132 54
105 55
59 60
32 0
122 44
29 32
141 53
12 9
76 31
119 18
19 32
99 77
40 2
0 10
86 89
111 13
118 12
100 19
135 12
115 63
65 13
115 28
147 55
55 44
124 55
26 38
60 30
137 55
60 13
146 52
15 10
68 21
142 18
67 51
63 37
133 54
130 17
143 43
0 4
87 72
106 0
139 55
135 51
96 53
115 13
54 45
59 61
90 14
67 55
32 35
129 13
90 35
105 0
132 18
63 15
13 7
57 33
124 18
99 13
100 17
112 26
68 57
106 55
74 26
79 18
77 10
99 23
147 51
81 55
99 10
114 69
54 46
32 38
111 54
104 51
95 24
12 35
145 13
102 13
95 22
56 72
106 51
140 22
83 80
107 52
34 24
115 21
110 12
90 24
0 7
13 42
113 59
107 17
54 72
13 2
17 35
20 13
0 2
134 66
99 75
87 5
141 19
14 9
77 16
86 8
108 26
13 57
50 13
99 58
122 47
51 49
135 53
110 54
51 43
130 54
17 21
138 54
123 55
87 32
87 10
0 5
96 94
112 14
105 8
135 17
132 19
124 54
145 12
32 62
81 51
56 69
113 115
63 29
141 56
95 14
51 69
141 54
79 19
63 58
83 29
115 58
17 61
92 75
146 51
54 49
17 49
60 57
143 32
66 71
126 0
147 19
13 14
67 54
131 19
13 4
78 28
99 22
51 31
99 8
32 14
128 55
113 34
100 52
107 56
0 8
21 33
16 0
17 69
63 30
51 35
125 17
88 4
88 21
29 35
86 14
54 69
11 17
29 30
11 16
29 5
95 25
77 58
12 10
104 53
146 19
12 48
77 42
40 42
53 29
16 5
139 54
141 51
34 31
132 13
17 43
17 47
136 52
111 18
34 25
99 57
19 45
84 103
52 36
128 111
95 26
104 17
34 36
116 40
94 35
95 23
128 130
29 27
94 13
120 56
73 53
52 30
107 19
113 114
126 13
129 12
105 19
128 24
63 36
142 0
66 35
113 117
137 51
67 12
32 71
91 25
110 13
67 18
99 31
11 15
88 58
76 35
86 62
143 38
120 53
122 35
94 23
51 64
136 56
133 40
65 12
105 12
19 47
55 49
106 8
120 12
143 88
80 22
95 31
97 66
73 8
87 4
141 18
77 5
131 12
125 13
128 116
113 86
129 66
127 18
113 94
110 19
53 32
88 5
123 13
118 17
55 45
12 7
118 53
106 16
40 7
132 12
51 30
74 75
29 44
12 14
52 60
125 12
68 58
131 66
139 18
81 17
32 69
91 30
63 21
90 31
51 44
130 13
104 18
80 37
126 51
99 32
58 33
87 64
86 58
131 40
63 32
113 102
32 10
17 57
127 56
18 28
13 16
18 58
19 69
29 46
52 37
137 19
77 41
20 21
51 47
78 71
128 134
18 62
95 30
87 15
34 23
114 71
115 60
142 56
50 56
78 32
134 18
113 76
14 5
93 89
51 45
20 24
87 103
18 15
0 1
65 18
67 17
106 54
107 55
53 64
73 18
18 64
85 57
76 13
16 2
68 36
66 69
81 19
115 29
138 56
99 16
96 17
142 54
146 56
63 61
137 18
135 55
123 19
102 12
128 51
145 53
17 62
19 72
20 29
137 53
145 51
138 12
59 21
53 43
17 27
119 51
145 19
15 7
138 55
111 66
95 35
96 98
101 31
105 51
99 64
68 30
119 55
139 19
107 54
32 103
119 52
40 46
133 66
55 72
131 17
52 63
60 29
51 27
15 8
138 51
98 14
29 49
83 85
63 35
114 15
142 53
99 0
115 57
40 6
34 26
13 5
32 45
128 123
34 13
99 25
56 45
32 4
96 29
122 29
29 8
127 54
93 70
0 3
139 17
130 55
106 15
65 19
11 14
19 29
12 2
137 15
13 15
123 17
100 18
77 3
116 12
59 64
123 66
124 66
8 6
136 19
40 10
104 54
18 57
79 55
127 52
113 32
56 44
100 55
90 32
76 77
14 7
19 49
83 34
121 31
87 27
68 28
94 25
105 17
112 40
77 48
59 13
29 47
12 41
109 26
142 51
76 0
112 75
12 62
77 14
20 23
50 17
77 4
133 18
143 44
73 19
85 64
59 58
112 29
79 17
54 15
128 79
123 40
12 72
122 32
120 55
54 44
119 54
53 27
96 68
53 30
128 53
146 18
39 13
125 0
13 9
13 8
18 47
146 17
114 72
50 55
125 18
83 32
14 6
126 14
52 13
73 13
79 66
60 28
93 5
146 53
113 51
51 58
120 51
137 8
137 17
114 14
16 4
32 7
105 54
12 71
16 6
15 6
129 40
128 23
93 28
93 58
32 27
18 43
50 18
141 55
94 14
52 31
118 19
131 54
83 86
66 14
128 114
55 71
116 66
19 35
65 55
80 23
96 28
110 40
63 62
88 89
99 62
132 66
112 31
8 3
129 19
94 29
81 56
96 97
83 87
142 13
88 36
40 45
141 17
32 64
140 75
53 46
51 61
29 0
87 7
54 30
88 70
139 12
96 87
85 15
12 49
14 4
18 44
12 36
88 61
126 15
79 40
54 71
19 46
140 25
13 30
139 13
53 62
126 19
98 36
59 31
65 17
113 88
18 21
18 61
12 1
80 13
96 32
56 47
12 15
104 19
132 55
53 45
128 54
113 87
20 22
55 15
128 56
50 53
59 36
85 58
128 66
83 39
91 31
122 46
124 12
90 29
113 99
128 131
115 31
68 32
127 17
14 10
52 58
76 15
140 26
15 49
119 56
51 75
70 38
113 90
147 12
105 18
29 15
29 21
73 17
143 45
0 9
122 64
60 62
102 14
97 31
138 52
107 18
68 31
138 17
93 21
90 25
50 15
101 75
110 66
147 53
55 30
50 12
113 68
54 35
86 35
85 70
8 10
112 87
87 14
99 30
147 56
77 1
94 31
12 30
106 18
118 55
134 13
32 47
76 21
122 69
12 37
87 62
87 49
17 45
