85 2
76 10
34 29
69 35
99 22
65 47
95 17
108 11
93 3
63 14
102 42
20 23
70 4
64 21
50 8
32 19
80 2
65 45
100 1
72 9
56 12
104 10
72 17
105 21
85 19
82 6
94 25
102 28
99 9
91 40
78 15
49 21
105 9
94 42
52 11
97 34
92 38
74 41
91 6
41 29
104 23
61 41
96 29
56 33
92 39
105 35
13 16
104 7
50 28
61 9
52 19
68 11
68 6
81 6
34 51
97 16
61 2
26 44
56 38
74 8
52 18
90 8
70 53
74 34
104 37
91 19
32 8
75 19
92 42
88 11
13 11
70 10
78 19
57 17
81 25
52 26
68 33
111 23
108 42
61 12
64 2
95 15
107 34
105 5
108 14
103 18
44 29
50 19
61 34
94 41
72 11
43 5
52 41
32 40
78 26
70 38
61 5
70 15
88 9
9 44
63 5
85 12
99 2
93 8
78 22
94 26
35 29
104 41
52 28
106 14
93 36
94 3
95 21
97 23
85 6
63 28
85 11
63 7
77 25
101 19
43 2
70 39
84 9
73 28
104 8
75 3
9 60
75 35
74 1
76 4
81 36
72 14
70 35
68 3
92 11
74 19
33 44
82 34
68 21
94 11
93 14
90 33
108 44
92 6
49 2
70 14
65 11
12 44
78 60
55 16
68 18
85 25
32 22
92 8
0 6
104 34
54 3
57 18
108 12
76 37
52 14
56 21
99 5
43 26
62 28
24 25
94 22
104 5
76 5
32 10
69 28
106 58
102 12
73 38
92 40
63 1
48 1
104 2
104 21
56 23
57 25
54 33
52 4
92 22
76 16
93 1
61 33
43 15
95 2
56 40
97 2
32 35
11 60
92 1
18 29
27 28
108 109
73 36
108 3
52 9
55 6
85 8
92 23
70 5
68 41
65 66
82 5
70 28
105 2
108 2
97 21
92 12
105 19
56 22
99 21
13 17
71 19
85 18
84 36
93 25
93 7
6 45
61 40
56 8
78 42
104 1
105 38
76 23
52 5
91 35
91 15
13 14
70 2
54 11
56 6
85 9
92 33
99 33
108 110
68 25
83 42
97 17
85 17
63 21
61 39
70 16
33 29
70 21
32 17
65 46
71 15
9 51
72 53
108 23
89 22
52 3
56 10
70 34
73 19
71 2
61 8
68 5
93 5
32 41
75 26
92 19
108 38
99 12
63 12
63 11
105 23
104 38
50 9
91 25
108 25
75 1
102 39
63 33
46 47
105 41
97 9
90 21
57 21
50 4
76 15
97 41
95 12
65 59
70 1
61 53
43 9
81 5
70 11
108 19
61 14
106 60
56 28
78 2
111 15
81 7
102 3
99 7
105 15
73 1
104 16
13 6
74 26
32 23
52 22
104 4
105 28
61 17
61 25
20 21
9 59
78 6
91 28
55 17
101 41
105 1
73 21
56 36
85 4
59 29
32 25
50 7
105 22
61 18
108 22
104 19
56 11
91 36
63 6
76 33
78 7
6 44
50 33
0 4
56 37
57 15
56 35
93 21
35 59
52 21
108 34
108 16
105 3
81 38
71 1
81 33
43 21
85 23
88 28
99 17
63 34
108 45
32 26
106 96
88 25
78 33
0 5
76 14
105 6
112 17
85 40
102 35
91 12
85 16
76 17
81 16
81 35
105 14
55 18
74 15
92 4
97 38
97 14
92 17
92 2
108 59
74 16
94 18
43 37
61 42
94 7
100 26
104 39
85 33
82 37
113 17
61 10
13 5
32 7
68 8
80 33
13 9
81 26
97 8
75 33
52 25
105 17
76 21
99 3
81 3
50 40
97 26
85 15
91 21
104 18
104 26
104 14
91 41
93 33
65 28
61 3
13 18
80 8
112 19
32 11
48 18
56 19
79 29
61 16
13 2
97 15
52 15
0 3
69 2
71 40
78 16
0 10
75 5
76 2
97 39
91 3
108 21
92 18
99 11
63 2
91 16
75 21
50 39
6 59
32 28
81 21
52 7
74 25
93 37
99 28
56 16
76 9
85 39
32 6
68 22
52 12
97 7
70 41
74 7
108 79
32 21
68 1
52 10
108 18
56 42
104 35
92 28
97 12
97 1
81 28
88 16
61 4
55 28
106 29
56 3
52 33
59 45
61 11
52 39
91 22
104 33
63 41
74 6
73 22
73 2
74 23
67 38
52 16
52 34
35 58
108 53
97 25
75 37
80 40
95 33
85 37
111 2
13 15
85 1
75 28
78 11
17 59
68 7
108 30
34 44
75 34
108 5
0 11
73 5
61 37
56 9
76 26
108 9
97 5
32 5
101 26
104 3
51 29
95 9
9 45
108 6
95 26
68 19
54 28
94 4
97 35
32 16
74 18
55 5
32 36
70 36
76 42
61 19
52 36
21 29
0 12
63 3
106 45
54 8
108 96
50 21
52 38
108 17
45 29
56 17
105 4
20 22
32 39
78 5
50 11
32 12
20 2
50 42
75 6
63 9
52 23
105 33
75 2
97 11
63 37
83 17
99 26
108 40
78 17
68 28
76 34
98 37
108 4
108 28
35 1
100 21
111 14
93 15
94 5
52 17
32 18
105 7
69 6
78 14
108 33
104 15
71 9
43 22
50 1
52 8
70 3
93 34
105 18
89 36
72 2
56 5
33 46
70 33
73 8
61 15
85 28
56 18
32 15
0 2
61 38
32 9
108 26
85 5
43 14
92 35
91 26
32 37
33 45
92 14
103 15
108 8
13 19
111 9
108 37
91 8
85 21
71 21
54 5
13 10
52 42
0 8
85 3
105 25
73 9
105 8
88 35
104 22
108 41
108 29
92 25
50 18
56 34
81 17
75 7
88 8
99 10
78 21
72 3
24 8
88 2
108 10
103 35
93 26
106 19
50 22
80 35
61 7
91 11
63 35
49 15
78 29
14 29
92 5
73 11
35 60
105 37
93 17
49 35
32 34
97 6
92 9
108 66
102 21
6 60
104 9
94 33
112 9
61 21
100 35
70 23
9 29
91 38
55 12
54 7
103 53
52 40
24 26
32 42
92 10
94 17
9 66
50 17
61 23
106 59
73 15
108 36
8 29
92 37
70 37
64 26
76 38
103 28
74 33
99 34
97 28
92 26
92 16
92 7
68 9
108 15
105 11
104 28
32 1
104 25
85 35
30 29
97 22
61 1
72 1
103 2
105 34
81 42
15 29
65 44
50 2
87 21
63 38
38 29
33 47
92 21
61 28
70 42
54 26
97 3
99 35
85 26
108 1
32 38
74 42
63 26
2 29
70 6
56 26
50 16
68 2
63 17
75 15
65 29
56 2
97 33
43 1
74 21
85 7
32 3
32 4
69 1
56 1
93 4
31 21
70 25
97 19
28 29
104 17
13 8
108 35
81 4
70 9
76 25
99 14
32 2
65 60
97 4
56 25
61 22
72 8
85 38
56 7
56 15
76 1
92 36
80 34
99 23
0 1
50 23
74 17
52 6
74 28
52 1
75 17
25 29
0 9
88 18
50 35
56 4
70 26
76 7
61 35
97 42
50 25
0 7
52 35
61 26
74 37
102 1
72 15
78 1
61 6
70 8
91 1
92 15
85 41
83 21
57 2
108 39
63 15
74 11
76 35
76 11
70 19
50 15
111 25
91 2
108 7
74 3
86 11
88 33
97 18
92 34
52 53
105 26
43 34
89 41
68 17
103 42
61 36
100 5
47 29
32 33
52 2
106 44
104 12
