31 28
2 3
55 19
28 8
30 21
32 14
51 52
33 20
36 28
18 7
30 23
34 19
51 6
33 22
40 4
9 27
40 3
38 0
51 2
55 15
30 25
54 20
34 1
36 16
30 10
54 14
31 24
44 29
31 27
9 20
38 3
31 15
54 22
9 16
26 3
53 26
38 10
24 2
37 21
16 1
55 24
55 18
36 25
3 4
38 1
17 8
33 0
53 23
33 2
33 13
37 15
50 42
55 14
32 25
50 15
44 49
32 1
38 4
54 12
54 16
38 15
36 10
9 29
24 7
38 13
18 3
32 17
53 28
53 12
50 40
51 22
54 4
44 15
33 27
17 2
45 14
38 16
3 35
0 4
30 22
30 15
33 16
33 18
36 19
40 1
37 4
24 4
34 0
31 20
37 10
9 0
41 10
55 12
26 8
33 1
22 3
31 6
40 8
53 19
19 4
31 17
30 24
19 3
44 46
30 27
31 3
50 20
53 6
38 17
34 23
50 17
54 24
55 4
38 7
32 13
36 4
34 21
36 2
34 29
51 13
30 13
28 3
32 10
53 13
18 17
55 27
55 23
51 8
50 18
30 14
33 24
32 16
53 14
0 3
33 14
9 13
9 10
33 28
6 3
37 18
54 28
6 8
30 18
32 21
33 26
19 2
9 6
34 27
55 13
38 23
55 20
39 0
54 18
53 16
44 50
38 24
36 21
37 12
54 19
55 28
37 23
50 22
33 17
32 28
30 3
37 7
27 3
32 2
9 3
30 29
18 35
34 2
32 7
21 8
37 2
53 22
31 25
24 10
37 0
36 15
24 1
44 20
9 12
36 13
38 28
54 6
54 0
55 17
53 24
34 16
55 6
38 18
31 21
9 19
54 10
15 8
28 7
37 3
54 15
55 7
0 1
37 14
40 7
2 4
30 12
41 7
33 23
9 17
0 2
44 48
2 35
33 29
50 43
14 3
54 7
34 17
38 12
14 8
33 21
34 26
34 22
31 14
6 7
53 29
32 20
25 4
1 4
34 18
16 10
34 11
55 0
38 26
30 17
32 4
37 16
20 2
33 6
37 17
20 3
32 22
54 11
32 29
37 25
31 16
30 0
53 15
54 21
9 1
29 8
53 10
55 25
33 7
39 19
31 29
44 22
36 7
44 45
54 26
38 29
42 8
44 14
51 3
54 13
36 3
13 3
41 4
54 1
31 22
29 3
30 4
37 6
37 26
38 6
34 10
36 12
34 4
9 4
54 17
53 11
53 4
50 49
37 20
30 20
34 3
41 1
9 11
32 18
9 21
17 3
36 23
38 22
33 10
53 0
9 15
36 20
30 6
32 26
53 25
28 2
53 7
42 7
34 12
55 29
34 15
38 21
27 8
31 18
31 0
36 6
48 8
44 40
43 42
53 3
55 10
34 6
31 19
30 11
51 4
30 19
34 20
53 27
38 19
9 14
55 2
37 19
34 25
33 4
36 18
37 24
38 20
31 13
31 11
31 23
54 3
12 3
38 25
38 11
9 22
45 4
36 14
37 1
6 2
55 26
9 24
38 27
33 3
30 2
32 15
34 28
27 2
9 18
31 7
33 19
32 12
37 11
33 25
32 0
31 4
37 13
53 18
32 19
31 26
14 2
13 7
54 27
53 2
34 24
16 7
32 11
8 2
16 4
32 24
31 10
53 20
9 7
55 1
9 25
18 8
33 11
31 1
38 2
34 13
34 14
53 17
50 14
36 29
30 7
12 8
34 7
54 29
32 3
32 6
54 25
55 22
32 23
50 41
37 27
53 1
22 4
50 48
36 17
13 2
53 21
37 22
37 29
25 8
51 14
44 47
36 24
55 3
20 1
36 27
55 21
30 26
17 7
3 2
9 2
36 0
50 5
37 28
30 28
31 12
14 7
31 2
13 8
9 28
32 27
5 2
24 3
9 23
33 12
33 15
30 16
18 2
36 11
9 26
55 16
36 22
54 23
18 1
38 14
36 26
50 8
54 2
36 1
16 3
50 47
30 1
50 51
55 11
