158 56
40 20
127 30
140 72
32 33
85 86
130 38
78 65
140 74
165 175
102 99
53 97
125 44
202 32
143 23
120 2
155 16
203 38
190 69
46 23
103 65
102 86
154 31
6 83
154 9
123 16
113 36
187 73
96 10
96 38
163 1
95 86
203 79
53 70
18 36
115 64
98 90
128 56
105 35
64 12
181 9
195 80
200 74
68 50
182 30
3 43
196 10
135 65
115 54
50 69
164 69
158 55
186 16
47 30
191 63
59 36
138 16
91 35
93 77
107 77
53 63
101 59
5 22
58 68
108 30
59 77
111 86
157 30
121 34
114 11
30 7
156 37
140 56
156 18
208 29
197 16
186 138
190 11
165 171
7 86
157 36
154 82
199 36
52 18
131 67
165 42
144 7
48 36
129 67
40 23
116 35
130 63
203 13
52 10
130 77
71 34
93 94
57 82
71 77
133 11
115 36
144 31
100 18
103 56
164 36
112 69
156 31
53 36
133 74
101 73
101 72
59 94
115 74
96 58
96 67
40 22
147 56
57 77
200 82
129 77
132 38
96 66
202 36
53 56
136 92
71 18
187 13
23 33
156 16
135 36
21 20
202 37
2 92
113 16
133 77
181 55
18 83
140 80
1 3
23 11
95 11
110 36
150 36
191 73
3 41
5 63
193 69
30 20
26 20
199 35
88 22
139 10
7 22
141 70
140 69
112 33
26 22
165 38
95 33
5 65
89 11
102 57
108 41
29 11
131 38
17 20
51 56
191 94
181 64
209 16
149 83
201 11
205 30
178 82
199 37
142 11
113 20
56 11
30 16
133 20
200 16
138 11
185 11
161 81
48 60
18 27
177 90
46 22
80 81
195 82
2 43
2 34
75 80
135 72
164 62
139 9
40 16
3 21
154 20
150 72
158 65
32 7
157 67
60 59
71 49
162 31
68 73
162 34
18 24
162 32
70 9
103 9
70 11
71 70
122 10
191 72
99 69
158 73
125 23
160 16
141 64
63 12
108 92
157 28
208 22
156 27
150 81
100 63
124 23
91 25
58 50
135 56
194 34
71 11
18 35
112 30
156 20
190 74
60 67
133 19
208 25
132 67
203 81
99 7
196 99
60 65
123 31
88 20
156 21
128 67
71 36
140 83
146 74
31 11
159 38
104 70
123 36
101 38
29 32
29 21
51 94
60 63
102 20
109 83
5 46
182 23
127 7
91 11
103 53
203 63
181 49
208 34
5 18
68 76
95 16
112 105
106 10
115 76
196 90
99 76
68 59
127 95
208 23
48 49
57 9
122 28
29 7
91 32
52 31
156 32
103 67
115 10
108 33
127 22
140 79
6 27
205 21
181 63
138 31
128 74
4 33
48 46
75 74
103 61
115 65
198 95
5 76
156 24
48 23
130 55
38 9
152 38
3 40
208 7
133 23
125 57
199 21
162 26
161 11
141 83
202 31
7 67
147 74
29 31
17 37
4 32
121 97
121 36
107 73
113 21
180 11
202 7
71 76
181 53
59 55
122 36
5 9
53 64
48 51
135 57
28 16
108 23
124 21
183 36
8 12
127 20
15 11
78 11
57 67
104 63
18 19
48 68
159 49
1 5
42 23
48 40
122 91
47 23
137 86
93 79
50 65
201 20
145 21
64 9
205 7
130 56
162 21
108 34
89 67
131 64
125 33
122 26
208 92
59 9
130 64
191 59
32 57
137 14
23 22
100 49
60 66
141 57
198 81
204 32
108 58
17 27
58 69
32 81
48 6
60 36
58 57
27 20
158 83
154 83
96 64
158 13
31 16
5 64
115 57
108 54
17 28
40 31
108 50
135 73
133 16
128 38
132 74
109 13
115 66
181 38
165 56
127 16
136 33
133 25
71 72
21 36
88 86
23 26
187 55
42 22
99 72
52 59
139 56
165 58
160 7
132 13
201 16
159 77
209 36
132 56
154 94
47 20
51 79
111 16
96 54
190 64
136 40
132 55
108 36
109 72
68 10
65 11
144 11
60 56
3 7
147 70
129 83
181 69
133 31
141 72
156 19
103 63
116 36
152 80
162 35
28 31
39 21
51 64
121 44
140 94
162 30
178 33
52 28
116 86
159 36
110 18
154 36
3 30
7 36
209 27
4 43
139 13
113 19
39 40
151 11
181 57
145 45
165 174
154 79
165 82
13 11
137 15
6 63
154 16
105 37
48 38
68 65
7 31
122 31
23 7
163 122
23 19
105 20
135 64
181 59
39 32
201 31
100 70
44 22
161 77
39 44
195 74
197 11
142 13
201 22
164 66
5 44
58 72
56 38
52 16
55 63
48 55
52 19
39 30
208 37
43 7
132 63
59 81
5 92
130 73
202 21
30 31
50 18
105 7
122 69
186 15
23 24
108 61
6 31
57 74
190 76
200 83
109 73
204 21
124 20
149 59
178 86
159 75
163 4
115 59
99 73
108 40
48 62
141 38
137 11
125 92
103 97
115 56
140 11
13 81
17 16
91 7
18 74
50 75
2 23
83 11
160 23
158 10
141 55
206 20
149 94
204 30
50 55
60 10
160 26
87 81
122 21
106 80
177 10
68 56
68 34
147 73
108 44
160 20
101 10
6 73
165 43
51 65
7 10
100 76
133 10
52 77
147 34
59 38
187 56
52 20
103 76
183 75
165 53
23 27
155 22
159 73
18 30
107 79
163 3
161 82
191 25
59 82
149 73
122 11
143 7
122 33
135 77
7 11
39 42
24 16
110 11
110 34
129 10
206 23
52 57
53 74
38 11
2 7
208 18
53 49
48 61
125 22
141 81
50 59
187 64
154 72
30 36
117 23
178 31
202 20
147 36
113 29
131 11
21 31
28 86
124 32
96 57
141 10
105 32
195 13
101 36
52 76
207 23
57 83
93 64
160 30
18 75
102 31
145 30
190 55
78 13
130 11
178 13
202 2
96 65
68 54
135 74
179 99
104 9
4 42
136 32
113 32
22 16
164 50
18 11
58 34
51 80
128 65
129 65
125 46
99 74
133 57
160 27
133 59
96 56
133 34
102 74
6 20
57 55
71 64
125 61
50 56
102 81
162 24
190 36
209 11
6 55
179 90
53 55
100 54
30 19
53 66
205 22
58 9
122 25
139 64
187 38
159 10
50 38
17 32
148 14
58 38
68 38
101 57
27 11
204 23
190 59
68 74
3 34
105 11
165 57
200 13
71 55
48 57
131 94
106 56
32 27
147 76
10 11
100 66
0 3
207 32
156 63
139 79
162 7
44 7
66 9
109 56
121 43
96 61
113 25
184 39
80 13
99 29
152 79
112 91
202 33
141 9
164 59
18 21
112 75
68 18
51 70
58 10
142 99
190 49
60 9
105 36
202 22
133 24
154 73
152 13
51 63
43 23
157 19
133 32
124 81
6 82
80 11
158 72
191 9
88 16
48 32
103 69
44 23
139 70
157 33
165 68
113 26
114 13
52 34
101 55
133 37
78 79
21 27
132 72
2 36
160 31
46 7
121 32
5 30
150 55
128 81
55 79
180 54
16 11
18 31
1 6
209 20
131 56
112 16
57 81
207 30
39 23
149 82
141 74
184 1
165 99
60 61
67 80
109 63
109 55
112 23
191 57
135 70
46 21
88 11
107 11
2 46
58 54
52 26
6 94
150 56
140 65
23 32
116 22
78 80
40 7
57 69
125 69
128 59
18 26
123 21
17 24
156 25
39 41
43 21
200 86
113 11
185 81
164 54
190 34
164 53
152 94
99 28
4 21
82 13
20 16
208 32
131 65
165 21
57 64
165 167
6 16
103 72
52 7
206 113
165 46
43 20
147 64
51 73
157 10
99 9
160 28
104 55
120 121
60 70
186 81
29 16
0 6
110 74
98 81
58 36
68 57
208 33
17 33
68 9
132 9
200 80
131 13
53 72
185 13
190 73
139 67
156 34
122 22
113 34
108 68
112 18
60 97
11 12
44 20
128 10
100 9
181 67
67 11
132 83
157 37
59 56
95 20
165 30
153 95
199 11
180 97
127 21
144 32
96 36
165 176
21 35
179 67
133 7
59 10
113 35
137 95
157 7
93 80
108 53
149 36
121 42
8 14
20 31
203 56
181 73
202 29
94 81
117 30
158 79
178 83
6 77
132 65
165 23
108 62
128 73
70 65
157 21
18 22
165 50
99 21
128 94
91 26
43 30
137 20
159 63
100 74
7 16
98 10
156 70
208 28
2 21
6 36
139 94
6 32
105 21
108 97
59 70
101 9
6 56
112 22
124 30
107 31
57 38
132 73
150 75
79 11
165 40
78 63
123 26
109 74
109 38
59 74
115 63
162 37
58 63
149 70
111 20
209 35
181 65
112 25
98 11
138 86
5 11
115 67
194 20
104 77
149 64
120 122
147 75
52 74
71 9
181 36
101 94
156 26
112 37
48 70
99 27
122 24
24 11
113 33
152 70
5 40
132 80
135 76
146 11
159 57
108 46
209 31
165 70
96 59
112 7
103 70
206 22
50 67
60 34
202 25
101 69
52 67
114 81
5 38
149 69
96 69
141 80
5 23
157 34
190 37
59 63
122 19
147 77
51 81
23 31
105 24
21 22
149 10
91 30
71 38
187 10
94 11
108 32
164 57
32 74
5 43
159 69
3 23
67 9
104 81
67 81
53 59
105 19
158 70
85 16
159 65
32 69
194 7
3 46
7 20
144 18
178 80
21 11
140 77
129 69
146 75
165 172
121 9
48 50
191 77
149 67
140 64
127 11
181 34
133 30
108 69
104 69
178 9
2 91
99 25
48 54
195 11
124 22
42 21
2 22
91 28
132 70
91 22
6 74
114 77
8 10
104 82
96 49
150 69
208 16
200 10
148 126
57 10
191 64
102 11
5 54
103 73
208 54
46 16
131 63
133 75
111 31
112 19
121 30
100 36
199 16
208 11
91 27
50 63
187 80
147 9
99 77
140 81
141 65
191 69
158 77
60 69
5 105
156 30
184 4
195 81
150 77
180 34
101 70
48 58
58 61
30 11
206 7
137 90
27 31
122 7
23 35
5 32
187 79
53 65
111 11
18 82
202 3
123 27
17 35
179 81
158 11
200 31
32 11
50 36
108 22
191 55
104 83
39 33
159 67
121 41
181 66
60 54
125 34
208 31
96 34
102 67
30 26
5 7
149 55
133 91
44 16
154 86
186 95
122 20
164 58
190 63
101 11
58 49
100 55
71 56
137 13
205 23
68 64
206 30
50 76
58 59
32 16
133 22
103 36
190 38
150 10
204 7
128 55
135 63
93 73
122 34
127 113
53 9
121 61
2 44
52 24
82 80
75 81
194 22
136 46
123 33
125 7
190 25
132 82
159 59
202 34
103 59
135 38
205 32
132 10
7 33
52 27
150 59
18 81
146 36
78 38
39 43
17 22
5 97
139 63
131 79
130 65
113 37
125 21
164 61
96 63
147 49
106 38
102 33
48 53
123 35
91 21
57 70
124 7
142 90
146 77
68 72
198 15
100 69
57 63
32 22
135 9
163 5
5 33
164 34
39 34
200 20
102 90
103 10
184 122
191 36
122 29
202 91
82 11
112 77
121 49
0 5
125 50
180 36
154 81
182 21
125 91
124 31
153 31
127 81
121 62
128 36
157 22
57 73
6 65
147 69
59 79
75 82
132 81
107 81
157 31
113 24
107 67
188 11
115 55
32 36
29 27
116 33
93 11
109 94
164 49
26 86
133 28
160 35
99 19
128 69
190 56
106 64
51 77
67 10
57 36
194 36
48 56
58 53
48 30
60 68
125 53
91 19
194 61
90 14
32 31
116 16
207 22
112 50
125 10
18 7
123 20
153 11
52 105
52 29
106 13
70 38
48 33
129 94
17 7
125 43
48 64
133 21
91 23
157 11
104 94
3 36
129 64
104 38
8 11
150 63
53 10
89 10
200 11
136 34
44 30
101 75
84 11
130 79
133 50
48 10
52 30
190 57
91 31
68 36
71 73
57 79
139 73
99 35
158 80
102 16
24 22
103 66
196 11
17 30
162 16
91 33
91 37
209 22
10 12
40 30
160 22
139 81
112 57
60 53
30 22
178 20
191 49
196 13
200 77
112 11
99 11
23 37
139 82
99 22
121 21
128 72
17 34
20 11
130 13
4 34
135 34
136 36
53 69
165 166
192 69
125 32
111 10
101 64
158 67
135 94
10 14
48 21
1 2
113 7
208 20
0 4
186 113
156 11
165 63
23 20
59 64
48 63
134 81
202 105
187 11
48 69
162 29
162 27
107 16
151 81
96 9
46 30
202 28
0 2
121 23
133 33
112 74
139 80
5 36
52 36
139 72
27 16
159 55
17 21
60 49
116 7
154 77
52 37
53 67
30 24
65 12
47 22
145 7
6 70
102 10
104 74
60 62
42 7
52 25
104 65
129 55
98 13
158 63
150 67
194 30
182 7
99 31
125 36
112 10
68 69
184 5
147 38
53 50
208 36
29 20
100 73
24 20
157 29
144 23
23 21
141 69
109 80
136 30
122 67
125 59
162 33
139 55
57 80
124 11
71 75
201 86
130 80
105 31
202 30
162 20
21 16
106 63
128 9
133 67
22 86
144 20
160 32
75 11
121 33
3 45
117 21
53 38
198 16
208 21
130 81
205 113
58 56
185 99
136 21
100 34
129 38
186 31
147 65
101 77
154 74
1 7
160 19
190 18
187 63
51 55
28 81
146 18
185 90
55 38
199 32
141 67
157 20
70 79
55 64
60 57
109 64
191 34
156 38
93 38
122 18
30 35
18 16
100 38
154 22
57 56
129 63
6 72
122 77
68 49
53 18
140 9
116 31
107 13
149 72
123 7
17 11
112 21
157 25
128 77
149 75
188 9
5 73
48 59
208 30
160 29
160 37
63 9
115 70
203 65
150 9
140 73
155 20
139 65
52 35
0 7
67 13
144 22
32 20
203 64
106 79
93 63
161 36
103 57
0 1
30 21
122 105
98 99
158 94
113 27
179 13
137 138
142 10
56 9
1 4
17 18
3 32
198 113
103 64
165 10
159 64
48 65
178 81
26 16
109 81
202 19
71 65
144 21
187 65
108 43
21 7
149 81
115 18
103 34
91 36
140 63
190 65
150 64
162 19
131 10
140 38
4 117
52 69
65 9
199 31
24 86
129 74
47 7
95 10
181 70
147 11
3 44
122 30
159 72
157 74
149 38
156 29
165 170
184 121
155 11
2 40
3 33
15 16
52 22
198 7
59 80
129 73
137 31
96 97
106 65
150 38
112 36
164 60
98 67
160 21
122 23
22 31
96 53
113 28
59 67
130 70
109 11
202 18
194 32
5 21
103 49
6 38
159 18
96 70
101 56
132 11
6 64
55 65
96 50
163 2
99 16
93 10
57 72
4 7
100 72
120 39
39 46
5 31
53 76
51 83
121 69
50 73
130 82
152 55
24 31
103 54
178 11
150 94
4 30
50 10
101 81
104 56
96 68
125 40
59 72
23 36
108 10
57 94
103 18
50 57
165 169
137 81
120 4
157 24
89 90
149 63
78 64
46 20
154 80
85 20
101 74
105 23
13 80
68 55
143 21
28 20
122 74
109 79
71 74
133 29
157 26
129 9
105 27
155 31
135 75
195 77
106 55
82 81
163 39
132 77
43 16
141 82
153 113
50 70
27 86
181 61
96 55
105 33
99 20
122 37
128 64
20 86
6 26
194 92
100 97
121 46
159 74
108 21
159 9
112 20
26 11
137 16
180 18
135 55
157 69
199 20
141 79
129 56
187 70
58 64
71 63
191 56
191 76
108 57
165 55
207 21
75 77
101 67
152 81
56 79
123 22
115 34
162 11
209 33
99 30
191 65
110 69
105 22
183 74
156 28
135 69
165 65
18 33
158 64
48 42
203 70
165 59
162 23
107 10
84 54
95 31
191 11
141 77
68 66
99 37
111 67
200 33
57 65
30 27
128 75
136 44
103 68
46 31
200 67
150 57
199 22
5 69
113 30
162 36
199 7
28 11
93 70
128 70
205 81
116 20
100 64
181 50
29 35
29 22
53 34
100 11
43 31
93 13
18 69
157 16
141 63
4 119
153 81
157 77
42 30
194 97
203 11
68 67
122 32
156 65
206 21
108 59
58 76
191 70
178 16
109 65
30 23
103 38
28 22
146 34
100 56
150 83
4 41
130 9
79 81
139 74
141 56
187 67
125 97
157 27
120 5
17 31
103 50
93 56
59 73
107 80
108 42
68 70
180 61
162 22
186 11
158 81
202 24
102 22
127 23
52 11
4 118
157 32
147 66
50 72
60 64
206 32
203 80
198 20
209 7
154 69
153 16
70 63
200 81
194 21
124 113
121 54
48 67
147 63
128 57
203 55
21 33
22 20
125 20
17 29
5 16
48 44
104 64
114 80
181 76
165 66
178 74
133 69
99 23
198 138
82 77
101 65
60 55
156 64
205 20
125 67
183 11
202 16
179 11
30 33
5 72
129 36
99 26
141 36
160 24
165 32
112 32
58 67
157 23
125 54
208 69
194 23
199 26
127 31
52 33
108 67
121 7
165 64
18 37
140 36
8 9
88 33
6 7
186 20
101 63
8 13
156 56
129 57
6 21
159 76
153 15
129 82
198 31
141 94
139 83
194 54
104 73
53 57
165 44
140 55
5 20
109 77
107 94
149 65
87 11
152 63
105 16
187 81
156 7
191 75
122 75
50 9
104 36
152 65
186 22
30 32
113 31
5 49
165 173
10 9
91 20
130 83
183 34
152 11
208 105
109 70
91 24
60 58
22 33
136 7
85 11
59 83
199 19
6 69
6 35
5 66
17 23
68 75
112 59
152 56
60 50
187 94
44 31
115 68
162 28
93 65
115 38
115 97
58 55
149 77
136 43
48 52
99 33
156 35
44 21
63 11
198 22
65 79
58 97
121 92
93 67
164 68
5 34
115 49
51 11
29 81
58 66
156 55
130 94
129 70
183 18
103 55
50 49
121 22
2 20
149 9
117 7
203 94
163 121
154 33
183 77
157 35
123 37
152 64
140 82
137 113
50 64
58 65
104 72
194 69
139 11
112 28
55 9
90 126
197 31
196 14
150 70
88 31
156 36
129 59
136 20
6 9
150 74
5 56
194 33
32 35
132 94
181 68
162 25
48 41
91 16
17 26
39 36
199 27
53 73
4 45
95 67
131 70
18 23
133 36
48 34
147 18
93 81
112 29
181 97
99 24
131 81
39 45
190 9
156 33
147 55
48 66
40 21
50 77
64 11
144 92
185 10
32 59
127 32
67 14
66 11
99 34
17 25
86 11
145 23
209 21
106 70
5 70
43 22
99 75
157 75
141 73
39 7
189 9
140 70
115 72
181 56
161 74
132 64
5 61
143 30
17 19
156 23
59 65
50 34
159 56
133 105
112 67
136 41
135 59
159 34
99 32
23 16
104 11
139 38
131 55
121 45
145 22
70 64
120 3
185 67
190 70
129 72
5 55
181 18
156 22
105 26
115 50
190 75
150 82
116 11
154 11
190 77
48 45
5 91
159 70
58 70
99 94
53 68
108 7
71 69
133 18
47 21
136 11
6 22
110 75
160 11
198 11
100 65
135 11
38 12
165 168
115 69
30 37
53 54
145 32
48 7
125 30
4 23
191 74
145 11
202 11
131 80
144 30
51 13
136 23
132 79
68 63
158 38
134 11
17 36
27 22
112 34
123 32
6 11
181 10
122 16
190 72
128 63
141 11
6 81
149 74
59 69
121 66
52 21
181 54
115 9
178 77
207 7
120 1
51 38
2 30
99 36
139 77
113 23
125 68
55 11
50 74
130 72
93 55
112 24
3 42
60 38
26 31
2 32
129 75
112 31
149 57
115 73
52 23
136 22
202 23
209 32
129 81
179 10
149 56
191 38
130 74
121 40
150 65
147 72
18 20
85 31
85 22
150 73
181 72
187 77
2 33
153 138
48 43
