35 12
22 11
28 7
38 9
40 9
36 37
39 19
26 15
24 11
6 13
38 3
25 17
38 13
25 7
36 1
23 20
38 21
20 4
39 2
25 10
38 14
6 12
23 15
11 1
6 15
6 1
27 0
23 7
25 19
8 2
23 1
38 15
24 13
26 2
35 30
22 0
25 2
40 19
25 0
36 4
6 14
36 3
30 7
40 12
22 7
25 11
26 8
6 17
22 21
38 10
23 0
6 11
19 2
22 15
40 8
38 18
30 4
38 7
10 7
11 2
39 3
26 13
32 34
15 4
13 1
23 17
24 4
40 16
26 19
40 10
23 9
19 29
18 2
26 0
40 1
31 30
28 29
23 11
39 21
40 14
25 3
40 5
19 7
38 2
0 2
39 20
6 21
24 8
35 8
26 9
38 17
25 8
22 18
35 24
6 0
23 21
22 13
22 16
39 12
22 3
39 7
21 7
39 14
25 9
35 28
22 17
11 4
26 3
39 0
38 8
25 1
38 11
8 1
40 3
35 36
39 1
40 2
26 21
6 9
22 5
8 4
6 18
23 16
32 8
22 14
26 20
40 11
26 10
25 13
26 18
35 31
40 0
32 9
0 1
22 1
5 4
4 1
22 12
3 4
23 10
38 1
32 35
25 12
21 1
29 2
40 7
38 16
25 20
40 17
25 5
26 12
10 14
39 8
32 16
21 4
26 5
25 15
26 16
39 16
23 3
21 2
26 14
11 7
23 12
26 11
22 9
35 4
6 7
22 2
39 11
10 2
36 2
35 11
40 13
6 5
26 17
39 9
6 10
23 14
23 18
6 16
32 13
25 14
39 13
39 17
23 13
40 18
25 16
36 8
38 12
38 0
35 13
40 20
23 2
6 3
39 18
1 2
23 5
13 4
22 20
6 20
40 21
28 2
36 7
6 2
22 8
38 5
39 10
6 19
26 7
8 7
32 33
25 18
39 5
26 1
6 8
36 14
25 21
32 24
40 15
23 19
9 4
22 10
23 8
38 19
22 19
38 20
39 15
19 1
