20 6
29 12
12 17
23 12
24 9
23 13
20 12
24 5
21 5
26 15
25 16
3 12
27 13
27 10
16 2
33 22
25 13
40 0
20 13
21 10
24 14
45 17
44 4
46 4
27 7
40 16
29 8
25 6
46 13
19 18
28 11
12 2
26 14
23 17
16 17
35 10
3 13
43 6
46 5
35 6
26 16
29 13
19 6
41 2
34 17
29 16
25 9
29 5
29 10
20 4
24 8
43 18
24 17
25 5
3 17
21 15
30 7
26 18
19 7
30 31
44 5
24 11
25 18
43 10
42 22
23 8
28 9
44 12
26 13
25 11
46 17
37 39
24 18
37 40
25 4
40 5
43 8
44 8
25 12
10 17
20 15
10 2
26 4
28 14
29 7
46 8
25 14
21 9
24 10
43 13
43 12
24 16
26 12
3 16
29 9
29 6
36 17
28 6
40 13
43 14
46 7
25 17
21 8
21 12
35 8
40 36
19 4
27 5
28 5
26 17
29 14
29 15
11 2
47 12
46 15
29 4
26 9
35 18
40 48
40 8
23 5
23 15
21 16
28 15
35 9
24 7
43 15
47 17
40 11
19 14
20 17
29 11
37 5
28 16
47 9
47 10
28 4
26 7
17 2
19 16
46 12
20 14
44 6
43 9
21 18
23 6
46 16
3 8
25 15
43 11
44 9
47 16
26 6
23 14
20 5
35 13
0 1
29 18
35 5
7 22
27 6
44 15
46 18
21 17
46 9
38 7
44 16
34 22
27 17
19 12
45 2
23 4
39 31
3 5
35 12
26 11
47 15
37 38
43 16
35 16
3 7
3 15
24 4
10 32
47 5
33 2
2 1
24 15
35 14
19 9
47 8
3 9
36 2
20 8
35 17
21 13
47 4
3 4
20 10
46 14
47 11
25 8
37 30
20 9
35 4
27 11
44 13
20 11
26 5
44 7
44 10
28 10
27 4
23 16
43 7
46 11
42 17
47 7
40 34
20 18
29 17
23 11
47 6
27 16
24 12
20 7
28 12
3 6
44 11
26 10
40 45
34 2
27 15
27 12
43 4
3 14
28 8
24 13
47 13
36 22
44 17
25 7
38 31
20 16
19 8
23 9
24 6
27 8
44 18
21 11
19 10
21 4
40 41
46 6
23 7
28 18
26 8
40 12
19 15
43 17
28 13
3 10
40 42
28 7
46 10
35 11
21 14
27 18
23 18
19 11
21 7
35 7
47 14
43 5
39 7
44 14
27 14
19 13
28 17
35 15
19 17
21 6
42 2
3 18
3 11
40 33
19 5
25 10
23 10
27 9
47 18
