39 6
16 10
2 7
15 13
34 27
41 16
16 4
56 16
50 53
28 5
49 26
41 14
49 14
56 13
13 3
55 26
56 11
32 20
32 22
55 20
30 3
45 3
37 12
31 2
41 24
32 21
39 5
49 22
34 15
8 14
36 4
35 2
41 12
49 28
55 1
17 1
40 1
32 0
2 3
55 19
55 14
54 48
49 5
39 3
36 14
8 23
47 7
40 24
29 31
24 16
31 10
36 16
40 15
36 12
56 19
31 12
38 7
56 26
32 14
41 5
52 9
36 20
35 30
39 2
39 28
14 9
3 38
32 28
19 20
35 5
44 13
3 4
56 15
35 4
49 3
34 10
36 0
26 20
40 23
41 20
6 7
49 2
56 6
39 1
35 3
36 19
32 5
56 3
41 19
34 26
34 21
32 25
45 7
0 3
55 2
8 21
40 16
15 38
15 19
49 25
17 13
16 1
34 0
24 1
37 20
49 13
55 21
34 1
32 15
24 7
54 15
56 18
40 26
5 7
37 15
50 54
0 4
35 13
56 2
39 21
32 10
39 11
50 35
40 4
55 15
34 16
50 44
41 15
24 4
39 26
34 4
39 22
8 10
16 7
41 28
56 25
30 7
55 18
34 12
32 18
39 4
49 15
29 5
3 7
42 19
44 5
55 16
31 47
36 6
49 1
32 19
56 17
54 20
39 12
49 23
39 15
4 7
34 11
37 24
39 9
54 19
37 27
50 51
39 0
16 3
41 22
39 19
36 3
55 10
40 2
34 6
26 7
8 22
31 4
19 1
39 18
40 12
41 23
44 1
39 10
40 10
40 28
56 27
49 0
30 5
29 13
34 24
55 9
32 3
32 26
56 23
32 27
8 4
37 14
32 24
37 21
32 17
31 13
34 25
20 19
8 27
32 1
36 9
32 9
17 2
39 13
56 4
54 29
49 20
17 3
36 18
40 19
36 1
49 21
54 33
8 16
27 7
56 5
56 20
56 0
8 11
36 2
32 16
16 28
8 24
41 3
19 7
36 27
25 20
36 25
54 45
42 2
37 13
40 11
55 0
42 20
8 20
20 7
31 1
55 5
37 16
26 2
8 6
8 19
15 31
26 3
31 20
20 10
41 0
37 3
52 5
42 4
25 2
31 7
12 19
54 26
36 17
20 1
43 17
56 42
54 10
34 22
49 4
36 26
55 25
39 27
31 46
34 2
56 10
37 26
4 38
13 4
13 7
37 11
53 10
24 10
36 28
34 18
12 2
8 1
3 2
34 23
37 9
34 14
49 16
55 22
37 18
54 31
37 2
54 51
41 10
41 26
31 3
42 10
43 0
31 5
56 12
49 12
50 33
42 7
44 3
55 13
34 9
40 14
49 10
36 13
40 17
15 2
37 22
24 3
36 23
41 4
32 6
32 11
54 16
25 3
22 7
40 25
36 24
56 21
55 28
44 30
36 5
34 13
2 38
27 3
40 6
34 19
37 5
41 17
15 20
0 5
32 12
29 4
39 24
14 7
8 15
34 28
26 19
13 9
46 47
35 31
25 4
40 20
36 22
54 53
12 3
34 17
2 4
25 10
37 17
25 19
56 22
8 9
39 20
29 3
8 17
37 28
48 10
36 15
55 24
50 29
10 2
8 28
32 13
56 9
8 3
25 1
55 4
49 11
37 25
49 6
49 9
24 19
42 3
40 3
41 18
41 1
49 18
13 5
12 1
40 5
28 7
29 30
24 28
49 24
34 20
0 2
41 21
37 1
8 12
26 4
50 27
8 0
49 27
34 3
49 19
12 20
40 18
32 4
41 13
54 35
41 27
40 9
41 2
49 17
39 16
12 7
12 4
56 24
37 4
45 1
55 27
23 3
8 26
41 6
55 12
32 23
50 52
17 4
16 2
56 28
39 14
56 14
15 3
0 1
8 2
8 18
14 1
37 0
37 10
12 10
24 2
41 25
41 9
55 11
55 17
40 27
14 4
36 21
41 11
14 3
32 2
19 10
8 25
37 23
31 28
16 20
31 9
33 13
56 1
39 25
55 23
55 6
8 13
31 19
40 21
39 23
36 11
54 44
31 42
42 1
40 13
37 6
25 7
24 20
52 26
34 5
39 17
40 22
36 10
37 19
55 3
16 19
8 5
40 0
29 2
