26 7
0 9
26 8
26 3
28 5
33 29
20 5
3 6
22 14
3 5
28 14
25 5
28 4
13 4
25 0
2 1
24 7
15 4
7 8
18 2
16 8
10 2
25 3
26 1
22 12
27 6
2 11
10 7
29 5
13 3
21 10
13 1
9 8
2 5
22 2
7 11
3 8
29 10
33 20
18 6
9 17
14 8
25 6
31 2
24 4
31 12
20 8
32 0
27 5
3 12
18 12
8 6
29 3
2 6
13 8
16 3
32 3
6 2
0 4
20 7
33 22
1 12
7 3
3 7
14 4
15 5
15 10
33 28
31 7
7 2
11 1
25 17
21 1
21 9
23 8
0 7
23 4
2 8
15 6
32 4
30 14
6 1
21 8
21 7
16 10
17 3
33 27
0 1
29 2
15 2
30 17
26 19
22 1
17 8
13 12
4 1
29 12
32 9
28 12
16 19
32 18
15 14
20 10
20 4
13 11
29 1
23 5
24 0
2 12
30 1
31 6
28 10
27 4
32 7
24 19
9 12
3 1
27 12
16 4
8 3
28 6
28 7
24 6
20 6
26 10
25 10
20 18
0 10
24 11
26 6
24 1
21 17
5 1
24 18
27 2
9 1
10 12
30 5
16 0
27 1
26 9
22 5
17 14
21 0
33 15
17 2
15 3
17 5
18 4
32 1
18 8
13 14
33 16
23 2
25 14
5 2
27 14
6 3
9 4
33 13
20 14
30 3
22 7
31 4
14 2
8 7
27 10
4 11
16 5
30 9
16 6
0 5
31 1
24 3
26 17
5 6
6 12
9 3
22 8
23 14
31 11
8 12
22 11
15 7
25 18
16 9
32 11
7 6
6 8
13 5
5 11
21 11
20 12
33 26
9 19
7 5
20 11
8 11
32 14
15 8
30 10
23 11
24 10
9 14
26 14
2 3
6 7
32 17
11 12
18 1
33 25
14 6
0 8
32 2
23 1
24 12
16 11
25 11
29 8
10 17
17 12
23 3
25 9
16 2
26 15
13 2
18 3
5 3
3 11
16 12
26 5
14 1
28 2
20 15
30 8
13 10
29 18
29 7
31 5
5 7
20 17
10 11
8 5
14 3
32 5
25 7
27 3
17 6
2 7
24 15
7 1
24 8
9 11
22 6
10 6
32 19
31 8
25 2
33 21
17 11
0 2
0 6
33 30
9 6
17 7
29 19
21 4
16 7
30 4
15 1
27 8
10 8
16 18
26 12
21 5
13 6
9 5
8 2
32 15
33 23
30 2
16 14
23 10
20 9
5 12
33 18
26 4
0 11
15 11
20 3
6 11
22 3
33 24
27 7
10 1
29 11
30 11
9 7
22 4
14 12
0 3
15 12
31 10
31 14
16 15
29 4
23 6
25 19
16 17
28 8
9 15
20 1
26 18
9 2
30 6
16 1
29 6
22 10
8 1
21 14
6 5
24 5
32 8
3 2
5 8
10 3
30 7
25 1
20 2
28 11
9 10
33 31
23 12
27 11
17 1
24 17
24 9
32 12
28 3
24 2
24 14
23 7
28 1
20 19
32 10
13 7
26 2
26 11
32 6
33 32
7 12
31 3
17 10
10 5
