102 47
7 40
12 9
55 35
49 39
71 6
90 38
56 18
102 9
102 30
56 30
31 22
69 6
70 8
80 7
78 18
55 19
75 21
16 41
91 93
57 6
56 1
100 33
54 15
99 8
75 9
78 5
81 9
59 15
102 8
3 28
98 5
55 33
79 28
89 4
78 20
70 4
90 27
34 38
56 7
103 33
3 39
104 11
48 27
59 8
96 16
83 22
16 40
101 6
59 35
89 15
59 9
0 21
104 30
50 11
18 40
45 1
78 30
95 12
40 26
32 16
0 10
103 22
57 34
66 7
32 17
14 25
57 11
32 11
58 2
73 17
10 44
3 25
45 21
10 24
9 25
76 11
31 18
103 9
95 17
0 20
73 34
46 20
93 28
102 6
59 3
71 17
55 2
80 39
7 43
87 24
62 5
67 3
29 18
59 7
57 7
34 27
72 20
95 5
76 8
80 42
73 35
71 10
68 1
100 4
72 3
102 4
50 21
15 25
46 4
98 52
46 1
50 51
69 1
45 5
55 17
78 6
49 28
81 4
50 10
83 4
73 10
33 38
99 18
21 27
50 4
96 47
65 21
72 4
83 9
20 27
94 30
99 20
38 41
73 37
4 44
56 33
55 12
59 6
71 19
81 26
77 7
48 38
32 18
103 52
95 23
57 10
67 9
89 18
76 13
62 2
55 18
50 16
62 21
4 40
75 1
50 19
58 9
66 12
98 12
23 24
55 6
48 44
62 18
50 34
16 26
17 26
4 28
99 22
69 9
101 8
50 18
73 7
56 19
73 3
53 38
79 21
46 3
66 2
59 13
13 39
49 38
71 30
53 26
99 16
65 8
12 24
33 40
95 14
104 1
79 24
71 18
77 30
59 51
67 7
50 13
54 5
16 42
100 20
53 28
49 14
82 8
71 2
89 14
96 7
91 84
37 25
62 9
89 11
62 20
15 40
94 7
0 13
104 34
49 43
18 26
56 17
11 6
15 42
89 20
72 5
38 39
50 12
8 41
80 30
56 34
51 26
31 8
93 7
55 22
13 43
103 20
19 27
76 22
73 40
49 22
82 5
12 40
72 16
95 4
64 19
65 51
102 14
73 26
27 25
3 26
46 5
96 30
56 12
14 27
10 26
73 8
72 10
65 22
59 11
7 42
59 23
89 3
96 18
103 11
70 2
13 42
65 9
40 39
95 2
59 30
31 1
103 18
72 21
71 4
77 21
54 35
89 12
68 3
72 34
89 5
56 5
102 13
19 9
56 13
68 4
79 30
81 43
83 16
0 22
49 33
65 6
64 7
103 47
64 21
54 33
102 16
19 1
96 13
73 6
65 47
59 21
50 30
80 8
50 14
76 4
2 25
103 30
83 18
97 3
59 52
89 13
94 5
49 37
36 9
90 40
7 26
11 26
0 17
55 30
104 21
57 19
54 7
89 2
77 2
100 18
104 8
96 17
19 25
64 34
11 40
3 27
95 6
82 18
77 18
48 26
28 25
96 6
22 25
5 42
1 28
10 42
80 41
59 12
81 38
99 34
15 27
94 4
3 43
80 44
31 3
75 20
79 3
55 7
54 18
3 44
19 41
15 6
77 33
72 8
65 10
62 3
18 25
93 1
0 3
99 9
48 1
72 9
63 5
54 8
73 13
50 47
103 15
56 20
32 3
49 3
100 22
93 9
97 8
20 28
79 7
13 44
49 13
55 1
96 4
45 6
73 2
46 9
47 25
65 14
66 17
99 21
36 6
94 9
99 11
15 26
83 2
32 15
58 3
67 8
50 15
26 39
104 9
95 22
91 87
73 4
16 39
75 6
54 4
29 3
103 1
4 25
77 3
100 2
50 2
13 24
70 7
46 21
95 13
71 33
81 7
95 16
78 8
54 1
67 5
98 22
70 3
81 41
95 51
13 41
80 34
29 30
35 25
62 22
96 9
99 10
55 21
102 18
4 39
79 15
89 22
45 34
59 19
71 20
11 44
61 5
97 9
74 6
71 8
53 43
49 34
102 12
79 16
98 17
101 1
78 22
57 20
79 20
65 2
79 42
95 8
102 51
50 1
73 24
70 1
80 27
60 4
55 5
16 24
59 22
79 8
5 44
80 15
71 34
85 25
53 44
89 17
72 14
93 25
68 5
10 41
48 42
60 5
83 21
53 42
95 34
103 10
38 42
104 47
53 40
82 2
65 18
95 11
98 23
49 12
63 4
34 40
79 35
60 6
10 25
99 7
79 18
67 6
76 12
104 16
46 22
50 9
103 12
71 7
98 30
78 9
98 2
48 28
68 9
56 9
71 15
9 44
57 21
93 43
104 33
29 6
72 22
102 15
21 25
55 8
26 44
54 3
29 8
98 19
40 43
93 8
97 7
31 6
61 9
47 24
93 39
32 34
16 9
84 25
75 7
95 52
81 1
4 42
104 5
57 3
102 34
76 51
49 44
66 35
101 3
79 2
102 35
76 30
80 33
96 12
59 18
47 27
0 14
97 2
102 23
79 13
80 18
78 4
16 44
62 8
55 15
19 44
49 18
95 47
104 19
93 27
81 8
32 12
13 26
97 4
61 1
61 6
98 20
5 40
73 5
31 20
49 16
54 30
59 10
73 12
83 14
73 38
48 37
3 42
72 33
36 7
48 2
9 39
81 6
8 39
79 43
9 26
102 7
12 39
95 30
10 27
54 16
103 4
59 2
101 4
80 26
46 7
65 7
76 1
38 27
78 7
65 3
50 52
67 19
100 9
79 5
99 6
30 26
79 34
49 15
83 17
69 8
54 12
0 8
56 15
21 28
96 14
102 22
102 20
83 1
77 6
49 6
50 35
58 33
99 2
54 9
30 27
56 35
101 30
6 28
76 2
57 13
57 22
57 2
48 39
17 40
49 10
45 33
16 43
58 20
8 44
73 33
4 43
79 17
0 11
72 18
26 27
103 19
16 25
95 15
96 20
22 27
11 39
79 38
73 30
89 1
80 6
56 3
11 43
66 23
76 7
95 9
8 40
31 30
71 13
77 19
104 10
75 30
99 14
49 21
66 47
36 8
32 19
96 1
72 2
96 19
102 10
103 14
32 10
100 35
80 5
65 5
97 23
32 9
73 15
98 10
33 25
73 27
77 20
77 35
7 41
53 37
96 8
77 9
49 41
22 28
93 40
56 4
78 3
77 8
82 7
1 25
57 5
35 38
72 7
38 25
58 21
79 10
35 27
14 43
54 14
49 1
96 11
79 11
95 33
46 2
0 7
76 9
64 8
0 16
49 2
50 6
101 5
94 8
104 51
32 7
71 12
66 13
65 35
72 35
72 17
80 14
104 6
78 21
71 21
45 4
98 4
93 33
80 1
71 3
6 25
33 26
9 42
57 15
57 4
68 8
29 7
32 13
38 40
26 41
10 40
75 22
77 34
76 17
55 52
104 4
73 9
92 38
103 7
82 4
74 1
71 9
75 33
66 1
98 18
32 33
95 21
95 10
16 27
71 1
83 3
68 7
95 18
64 30
29 1
96 33
66 14
79 6
79 33
57 52
66 9
66 6
94 1
38 26
73 16
12 27
103 3
47 26
81 33
7 25
83 7
66 22
65 1
49 11
69 3
104 23
76 21
34 26
32 22
96 22
76 20
20 25
76 18
57 30
91 81
1 27
11 25
91 79
101 7
45 20
83 8
54 11
13 9
102 21
82 9
67 2
98 34
103 2
90 26
93 42
31 4
97 1
11 38
60 9
15 41
78 1
75 8
46 6
66 21
61 8
56 8
3 40
56 14
32 6
3 41
66 3
67 10
81 34
49 9
7 27
59 4
58 1
53 27
19 43
81 35
65 30
100 19
23 25
103 17
5 25
60 1
89 23
0 19
0 1
89 21
69 5
30 33
0 2
32 8
93 6
93 38
49 7
49 42
99 17
60 3
70 5
56 10
62 7
18 27
12 6
8 25
71 14
50 5
19 39
55 14
29 4
61 21
14 42
26 42
66 33
81 39
59 33
65 11
69 4
104 17
31 21
15 44
66 34
99 1
93 34
103 21
91 88
79 26
70 6
58 4
45 30
91 85
80 17
67 1
54 6
102 11
30 25
100 21
13 40
11 27
79 40
100 6
78 2
11 41
58 30
79 9
2 28
32 2
49 30
31 5
77 4
61 2
50 22
32 14
10 43
60 18
68 2
77 1
91 80
10 6
58 6
80 43
65 17
64 35
91 92
56 52
91 53
26 43
104 52
96 5
36 18
0 12
12 44
64 9
89 47
71 35
98 7
62 6
82 30
61 20
94 6
100 5
55 4
99 5
76 14
48 41
64 6
88 24
102 19
100 30
4 26
45 2
101 18
99 13
7 38
81 28
99 15
79 12
83 30
58 5
12 26
98 14
50 3
79 27
80 13
0 18
64 1
33 27
96 52
65 19
54 22
103 23
5 43
55 13
14 41
92 27
61 4
80 9
71 16
11 9
99 35
95 1
72 12
40 41
82 6
83 13
98 35
80 40
53 41
96 23
45 35
47 28
75 34
66 5
0 5
96 21
53 39
59 34
37 38
11 1
98 51
9 8
49 27
59 16
67 4
4 27
55 34
59 17
8 26
98 16
73 14
9 40
74 3
57 17
104 22
98 8
66 20
58 7
11 42
15 24
40 27
65 20
56 11
89 16
54 20
104 14
93 26
96 10
4 41
102 1
54 17
72 51
0 9
103 8
46 8
98 3
80 10
98 6
58 22
61 22
96 51
36 30
71 5
83 5
83 20
5 26
91 86
91 49
65 13
98 33
65 12
102 2
72 1
35 26
66 11
9 43
46 33
98 47
15 39
71 11
49 40
66 4
98 13
83 11
98 21
61 18
97 51
104 7
32 20
72 47
101 9
13 27
99 19
79 39
0 15
56 21
73 11
75 14
95 19
57 33
103 13
12 25
81 40
104 15
80 16
70 9
65 23
100 8
57 14
12 43
11 24
99 4
93 41
49 17
54 21
2 27
83 6
58 35
32 35
80 3
8 27
79 22
75 19
95 35
80 38
81 25
56 2
98 1
50 7
35 40
103 6
99 30
73 18
19 24
60 2
8 38
9 27
46 34
69 7
96 35
38 43
97 5
50 20
103 16
61 3
17 27
6 27
66 19
99 33
49 35
36 2
98 9
104 35
57 18
9 38
7 44
99 3
96 3
74 4
100 3
72 15
55 9
80 11
59 47
94 3
75 35
81 27
49 26
72 30
57 16
62 4
14 39
49 5
104 18
65 4
95 3
72 13
97 30
104 20
12 42
45 22
57 8
80 12
93 44
55 16
64 22
56 16
50 8
79 44
88 25
32 21
101 2
86 24
26 40
54 10
66 16
85 24
15 43
49 20
82 3
60 7
96 2
93 35
65 15
31 9
86 25
102 17
73 1
104 12
45 7
83 15
26 25
65 16
78 19
8 43
95 7
80 24
19 38
46 30
33 8
64 20
103 35
5 27
40 44
29 5
95 20
30 38
5 28
103 34
32 5
29 9
5 39
40 25
19 42
69 2
68 6
66 30
60 21
96 15
62 1
61 7
91 90
76 15
32 1
55 3
102 5
91 73
80 37
45 9
72 11
10 39
15 9
80 4
71 22
58 8
34 25
81 42
23 27
59 14
38 44
58 34
104 13
60 8
98 15
96 34
0 6
32 30
59 1
89 51
66 15
64 33
60 22
99 12
79 1
32 4
65 33
29 2
31 7
66 8
19 8
57 12
9 41
81 44
63 1
46 35
8 42
97 47
103 51
48 40
54 52
93 37
66 10
5 41
50 33
55 20
7 39
65 34
45 8
54 13
56 6
55 10
49 8
14 44
45 3
94 2
66 18
23 28
103 5
14 24
60 20
57 35
84 24
87 25
79 37
17 24
76 5
19 6
81 37
80 35
57 9
55 11
54 34
76 16
74 5
48 43
50 23
0 4
13 25
77 22
77 5
98 11
91 48
59 20
19 28
83 12
79 14
102 33
12 41
66 51
59 5
93 30
31 2
79 41
102 3
100 7
100 34
54 19
104 3
23 26
74 2
100 1
54 2
72 23
81 30
93 4
17 25
82 1
80 2
36 1
40 42
56 22
50 17
57 1
37 27
104 2
