136 81
26 15
9 16
40 27
27 26
7 2
60 3
33 25
79 41
102 9
48 21
140 54
107 24
40 30
9 39
86 6
46 1
40 17
93 20
23 4
27 13
18 14
100 39
41 40
35 17
39 6
44 32
32 21
32 2
88 37
74 77
22 9
106 32
48 9
62 3
33 26
117 122
135 45
106 9
92 42
78 41
36 29
58 17
91 7
111 20
9 20
107 43
136 75
35 1
110 20
89 35
33 39
24 14
16 2
69 1
106 38
67 28
102 38
141 116
37 39
116 89
6 5
46 6
84 13
105 1
139 64
131 42
37 28
131 129
87 22
107 21
87 38
74 76
79 36
34 26
43 33
77 33
117 126
111 6
32 19
113 115
43 24
25 5
136 102
25 11
142 70
117 116
19 26
21 24
133 92
7 26
3 4
6 14
48 11
33 29
74 41
131 30
12 15
99 22
100 33
19 3
132 123
87 8
41 35
20 17
42 43
40 22
110 25
112 38
30 6
5 16
25 16
61 5
39 13
44 29
102 34
81 44
70 44
22 29
58 26
113 63
67 6
137 78
140 138
61 2
134 104
1 2
109 39
31 39
136 129
23 9
139 73
130 84
102 77
58 16
7 8
42 35
135 125
100 5
23 26
85 41
39 1
93 27
27 5
135 51
96 13
135 61
78 34
33 17
133 116
139 68
32 12
32 25
48 13
86 4
44 22
79 43
139 51
81 38
81 8
32 22
100 17
34 25
9 4
19 5
59 4
24 11
10 14
137 55
43 21
111 27
26 17
65 2
42 32
81 42
41 22
135 46
100 40
40 21
43 8
2 5
17 4
87 29
31 35
130 116
48 17
29 30
18 16
3 12
1 16
137 97
132 118
29 15
28 6
19 16
135 53
21 19
9 29
38 8
8 30
78 33
132 119
135 118
129 42
28 20
77 41
91 8
129 91
39 9
67 40
35 3
48 14
36 9
43 2
23 24
12 2
100 26
48 4
59 3
63 44
10 3
5 12
87 33
134 116
31 34
117 66
38 36
110 26
26 1
78 44
32 1
20 1
107 29
90 75
23 29
98 38
35 39
32 5
35 21
106 39
38 24
143 101
24 9
9 28
33 2
17 11
41 34
34 9
8 32
85 40
27 4
14 2
110 9
67 20
82 5
116 76
35 7
112 7
134 119
110 7
117 87
27 15
8 20
108 21
81 7
47 3
96 15
88 35
38 21
132 121
107 34
111 19
42 33
87 43
38 4
100 7
117 118
137 72
48 5
62 11
66 17
139 103
60 11
33 8
132 83
110 5
8 22
87 39
33 21
88 43
31 32
68 7
140 100
11 4
36 26
67 3
1 23
32 6
94 15
141 99
135 93
75 44
36 13
7 28
88 22
41 32
41 1
1 3
38 33
43 20
29 19
70 8
58 6
54 15
67 22
98 44
131 68
100 14
9 17
63 42
129 64
44 33
100 24
86 2
22 2
109 36
109 9
78 36
106 42
137 46
18 21
116 44
82 2
85 36
136 91
135 99
1 4
133 122
96 3
140 14
42 38
63 34
7 17
93 14
38 29
19 6
94 1
129 77
22 13
2 3
40 9
22 15
41 43
129 70
107 1
29 26
67 27
39 40
96 32
44 42
40 11
82 1
58 4
9 15
49 13
61 6
67 26
83 35
23 11
135 110
34 36
99 23
48 30
131 109
135 87
130 46
75 42
18 1
10 4
17 6
39 16
35 29
47 13
37 35
135 94
35 30
62 13
51 1
7 21
66 71
45 2
20 4
46 14
42 41
31 37
96 30
21 1
70 38
39 27
36 6
18 15
95 7
28 24
67 8
7 40
43 27
8 34
4 12
14 17
99 29
108 28
116 102
8 25
106 28
111 12
108 27
38 17
93 9
110 8
89 28
36 24
129 109
43 17
5 13
7 5
32 16
11 5
137 87
108 9
34 1
34 6
37 7
110 32
48 1
100 16
98 19
108 37
135 124
95 13
85 34
26 12
134 19
30 3
20 14
52 9
43 9
95 8
24 6
100 12
74 7
41 23
48 28
108 19
77 38
34 4
0 5
48 15
135 71
106 34
26 13
38 39
6 11
89 33
23 13
74 44
18 5
135 92
8 19
85 32
86 1
38 28
28 16
37 9
87 41
32 39
92 35
44 1
26 14
106 41
34 5
139 46
107 26
137 0
136 34
36 1
33 4
34 15
58 15
110 36
73 8
35 24
129 30
142 41
139 84
102 37
33 32
76 42
96 5
131 108
131 107
61 13
2 12
66 68
87 9
0 7
108 30
135 97
21 17
3 5
110 11
27 16
131 43
113 100
38 30
10 13
111 13
95 3
34 30
108 25
38 20
67 13
38 14
117 127
17 13
51 9
29 21
92 9
116 81
74 75
23 22
108 41
133 126
12 1
35 25
41 8
39 19
30 17
101 76
132 116
110 15
108 40
136 89
39 25
110 27
140 99
94 3
9 26
99 33
39 28
110 34
97 15
27 3
139 18
106 1
61 4
131 44
19 1
133 66
28 2
137 45
116 109
35 32
21 20
18 26
88 32
8 26
67 15
97 6
129 81
107 35
130 97
41 30
36 28
39 30
39 15
78 35
134 105
99 8
40 24
5 17
107 27
129 44
139 50
3 15
5 15
131 69
78 38
117 129
60 5
108 43
20 16
28 15
75 43
20 5
133 128
88 28
133 51
0 3
32 28
106 22
1 26
76 34
108 32
106 33
117 83
15 5
1 19
40 16
19 15
0 8
129 112
79 8
110 4
37 6
28 14
107 28
69 7
15 4
81 43
39 12
32 11
136 69
30 13
25 2
74 36
36 3
79 37
90 37
74 35
116 67
34 2
77 8
96 12
139 45
111 2
142 76
9 11
58 20
73 9
107 8
139 86
23 6
141 66
75 9
53 8
136 26
110 21
93 6
142 112
2 11
39 4
116 107
63 35
102 44
9 13
85 42
35 23
7 32
43 4
140 60
143 34
22 6
135 84
38 22
10 6
7 24
133 121
5 11
101 37
43 40
33 12
100 32
81 76
94 5
8 36
75 7
116 43
143 100
60 13
60 4
110 33
5 14
77 36
2 16
130 133
79 7
4 15
30 20
137 94
135 52
109 29
25 15
129 89
106 37
21 12
8 4
67 30
33 5
131 91
40 1
12 16
77 7
35 6
15 11
117 123
140 63
136 108
99 37
26 6
143 60
129 34
22 24
131 102
33 15
14 3
39 3
85 43
27 6
135 121
18 3
24 13
48 26
76 44
39 21
63 39
93 4
22 27
143 59
117 124
83 43
37 34
26 20
116 70
28 9
27 20
106 35
135 115
129 41
73 7
21 6
58 5
64 7
87 42
25 21
31 41
41 24
6 15
45 1
21 16
116 38
95 9
54 6
88 7
137 101
129 116
61 1
99 28
31 43
130 66
83 75
6 26
26 5
130 132
107 39
90 19
79 76
43 32
36 11
129 75
36 5
38 19
93 2
7 22
77 75
95 4
90 38
70 7
41 7
134 130
10 1
35 13
143 142
41 19
27 14
63 43
139 87
101 44
81 41
36 15
78 43
141 139
30 16
90 76
54 3
94 14
100 1
116 68
133 123
99 38
89 23
37 19
3 14
9 6
135 98
21 5
102 76
132 87
28 11
6 20
84 4
131 76
133 119
18 12
22 5
42 40
1 13
69 9
142 38
101 35
107 19
72 43
85 44
20 12
131 75
30 19
101 42
18 30
66 67
54 16
90 43
96 8
100 8
142 75
137 114
107 38
99 36
23 2
107 22
66 39
99 39
93 15
28 12
111 15
100 6
100 23
36 8
1 12
54 5
130 86
76 7
82 3
112 37
97 4
93 24
134 128
95 1
117 119
66 33
83 44
77 44
132 51
108 34
130 90
93 19
14 13
133 87
116 75
16 11
22 17
109 38
136 107
131 64
23 17
137 61
42 1
86 15
8 2
23 20
129 107
110 19
55 56
33 34
111 3
48 12
23 14
99 1
86 5
96 4
89 40
9 30
9 22
33 6
36 23
25 13
36 19
25 24
8 5
58 1
8 39
107 30
76 8
132 92
4 13
43 23
31 42
133 124
29 24
135 122
18 20
41 27
102 8
67 36
143 139
21 26
99 41
88 1
40 13
91 9
139 100
6 17
6 3
131 116
104 1
44 7
6 13
18 23
54 4
100 30
43 38
32 17
95 2
23 25
34 12
15 16
35 15
84 6
104 8
137 56
142 64
87 35
22 26
62 4
25 12
20 15
38 32
22 25
28 1
136 43
41 25
22 3
131 67
74 34
41 26
37 8
135 136
28 25
21 4
140 59
110 13
60 6
93 11
132 125
134 123
60 2
46 15
43 36
140 115
135 18
42 34
133 129
112 42
99 30
37 25
106 8
41 9
94 12
46 3
67 9
76 33
60 16
81 77
48 19
19 12
38 27
143 116
1 20
130 96
31 36
26 4
142 108
135 66
108 8
28 21
110 22
108 35
100 15
37 21
36 27
63 37
131 26
137 110
135 100
116 37
14 1
79 75
32 29
34 27
137 31
99 43
88 29
134 100
100 27
7 36
137 57
30 15
10 17
99 19
142 42
109 37
129 67
35 27
39 29
31 8
89 7
139 116
105 8
141 142
25 1
142 68
101 75
97 3
32 26
42 8
41 21
81 37
1 14
142 109
33 24
82 13
18 6
62 2
110 3
35 28
45 5
67 24
72 41
136 64
117 51
12 4
143 10
31 1
87 36
142 77
113 66
70 42
43 5
134 95
6 19
95 5
29 9
71 9
96 22
92 41
30 12
29 25
37 30
22 14
24 20
135 123
41 6
39 20
28 3
108 22
29 3
113 50
34 11
137 106
110 16
67 17
73 6
130 103
137 103
33 11
143 31
58 2
143 48
130 73
79 38
48 20
136 109
8 17
142 69
25 4
106 43
108 38
25 3
139 136
67 23
18 17
109 41
30 5
96 25
25 6
34 21
3 11
135 19
142 91
7 19
2 4
109 32
113 114
32 14
12 3
72 42
134 70
2 27
8 14
40 19
41 36
106 23
109 44
38 26
133 118
38 23
30 9
75 38
48 22
14 12
38 12
40 5
9 1
48 2
27 2
74 9
100 3
52 1
72 37
37 43
139 66
64 8
140 31
141 100
42 7
29 17
108 36
7 30
117 125
73 1
27 19
46 17
77 43
18 24
34 29
106 36
110 40
99 40
44 8
12 6
89 43
8 3
93 26
33 16
108 1
30 26
134 115
143 99
61 17
107 9
105 9
39 2
109 35
24 19
34 28
142 81
3 16
130 111
10 11
102 33
2 17
117 128
85 33
28 17
25 26
136 37
97 2
67 39
48 16
87 37
101 7
24 3
63 40
97 13
43 29
94 17
11 3
139 71
100 13
36 39
131 34
35 16
65 6
38 2
20 13
28 13
43 1
58 25
43 3
74 38
0 6
74 37
130 83
39 22
39 17
130 61
77 76
37 41
135 120
36 21
89 22
58 14
135 96
1 22
33 3
92 44
41 38
8 9
67 25
21 3
92 75
39 24
35 14
40 29
37 36
107 3
99 34
137 79
74 8
17 16
129 26
42 30
63 36
29 13
134 122
1 15
17 1
133 127
139 110
131 70
66 19
12 5
139 97
14 5
139 61
89 1
6 27
32 13
34 3
33 23
44 37
142 89
93 3
41 2
89 36
140 49
87 40
78 37
63 41
73 2
107 6
82 6
72 9
32 9
81 9
46 2
139 80
142 71
130 99
17 5
46 12
76 37
116 30
135 119
78 77
117 92
73 13
100 36
24 5
140 12
139 69
132 124
10 15
52 7
132 127
37 38
96 19
142 102
45 12
22 11
109 7
30 14
34 40
48 23
101 77
45 6
135 69
5 4
70 37
45 15
40 25
131 37
37 24
36 16
132 126
61 12
30 21
29 12
45 3
21 13
24 17
100 25
136 70
110 29
23 27
9 25
27 12
73 4
33 27
8 12
53 9
85 7
39 5
46 4
22 4
42 23
63 7
26 16
25 20
36 30
72 7
100 19
34 14
142 107
25 9
44 43
116 112
8 6
18 13
62 1
108 7
86 3
92 37
29 6
38 3
98 42
96 1
9 21
12 11
131 41
136 77
34 16
113 99
15 1
20 6
89 29
67 14
100 21
83 37
40 4
35 2
142 129
136 76
130 94
96 9
31 7
37 27
113 19
116 108
74 33
22 1
33 1
21 2
39 26
112 76
9 12
136 88
100 29
83 76
77 35
92 8
87 7
85 38
129 102
117 120
36 32
37 33
9 27
136 67
111 4
28 26
111 5
61 3
33 14
102 7
31 38
58 12
78 76
36 20
117 121
50 8
35 5
111 14
77 34
6 24
35 36
64 9
27 11
116 71
78 7
140 116
107 20
41 28
99 9
2 13
99 21
66 69
135 50
132 122
97 1
51 8
136 71
80 7
136 116
111 24
75 33
42 29
10 5
109 40
1 6
137 74
38 5
30 4
140 114
129 76
111 9
21 27
67 19
16 1
24 16
90 44
61 14
33 36
6 16
112 75
16 13
143 62
75 41
75 8
135 73
143 19
110 1
135 68
129 108
142 30
7 3
6 12
38 40
32 3
135 91
109 43
132 128
108 2
37 2
32 15
25 27
134 114
44 34
43 19
140 19
96 33
16 3
134 66
40 6
37 32
102 41
70 76
51 7
50 9
9 14
94 4
130 87
33 20
66 70
130 131
47 4
76 41
135 64
78 9
87 34
89 32
15 13
111 1
7 35
107 36
43 6
135 90
75 34
44 35
54 2
142 88
107 33
41 39
27 17
17 15
104 9
129 38
1 25
96 2
98 41
50 7
134 118
65 4
42 39
29 4
113 116
0 2
15 6
101 33
100 2
24 15
33 13
62 5
99 2
142 37
29 20
67 12
116 77
36 12
92 76
23 16
134 127
111 26
48 6
31 40
19 14
136 44
71 7
83 7
137 96
23 1
92 77
135 116
102 35
44 28
142 67
9 36
47 11
36 17
67 2
9 33
86 13
142 34
76 75
88 40
72 38
139 96
34 19
135 103
18 11
18 25
2 14
134 50
87 32
54 11
48 24
142 116
83 8
103 13
22 16
139 91
92 38
112 8
111 16
34 24
25 17
14 4
44 38
3 20
32 4
64 1
40 15
97 12
18 29
90 41
107 40
11 13
38 1
22 19
40 2
55 57
102 42
110 17
109 34
137 84
68 9
58 27
107 7
9 19
19 17
34 22
109 23
40 14
9 24
42 28
10 12
90 42
7 27
30 11
17 3
18 28
99 24
30 27
99 25
26 2
67 33
135 86
133 83
81 75
85 9
15 3
28 27
96 14
112 43
1 24
18 4
83 38
58 3
53 1
24 4
46 13
109 42
43 26
98 43
89 37
13 16
101 38
134 80
48 3
58 13
116 91
116 42
9 34
93 12
67 1
45 13
93 16
21 14
9 40
132 66
111 11
107 5
34 8
139 83
83 9
25 14
106 7
68 8
129 69
27 9
65 11
34 20
14 16
20 3
7 9
108 6
43 22
80 8
131 88
139 90
40 28
27 1
134 121
35 9
88 42
22 28
23 3
29 27
1 17
72 35
100 4
0 9
67 21
7 34
24 26
53 7
22 12
67 4
116 88
22 20
101 43
23 12
44 41
129 88
99 6
36 25
16 6
15 2
54 12
93 13
88 36
30 2
35 19
35 8
44 23
89 42
19 4
35 33
73 3
136 30
131 38
143 47
101 34
6 4
43 30
137 115
42 36
99 32
35 22
89 9
133 125
2 15
12 13
40 20
137 86
66 32
130 45
43 35
34 17
54 1
51 6
14 15
74 42
131 89
110 30
76 9
45 4
36 4
143 63
88 33
102 75
134 135
28 4
135 127
40 23
85 37
88 39
32 20
63 33
35 11
67 35
75 37
108 39
34 13
130 98
72 33
60 1
14 11
61 15
112 41
31 33
106 29
139 99
29 11
130 100
88 38
8 15
110 12
89 8
3 17
42 37
66 22
42 22
31 9
1 11
100 34
7 23
28 30
25 19
76 43
63 8
52 8
129 37
37 1
110 23
37 23
116 41
92 7
43 25
79 42
58 11
139 111
109 22
48 29
43 28
96 26
116 64
35 40
109 1
94 2
48 27
107 25
100 11
135 128
36 14
7 33
32 27
42 9
21 15
129 43
18 22
7 1
89 34
116 26
79 35
14 6
76 38
37 40
44 36
62 6
80 9
79 9
34 32
109 28
136 68
29 1
47 2
67 29
79 44
39 14
58 9
11 2
93 1
63 9
83 77
32 23
110 28
77 9
40 12
2 26
33 22
36 2
73 5
131 71
29 2
19 11
135 83
36 22
109 33
38 6
87 1
38 9
23 15
13 11
95 6
99 27
58 19
1 27
59 5
134 126
30 25
97 5
37 29
17 2
96 6
116 34
88 8
20 2
8 1
96 34
63 32
24 1
29 16
131 112
137 82
63 38
35 4
28 5
40 26
30 24
93 5
3 13
33 40
101 8
58 30
41 29
85 39
107 32
137 111
18 2
37 22
72 8
20 11
29 5
137 85
102 43
130 117
139 52
96 17
135 55
7 25
70 43
8 27
130 110
135 70
2 20
113 31
116 69
108 29
21 9
23 19
139 98
84 1
93 17
16 5
24 2
46 5
82 4
78 42
101 9
33 9
32 40
135 126
65 5
88 23
75 35
100 9
10 2
77 37
35 26
33 30
88 9
134 99
107 2
110 2
110 6
137 63
143 49
84 3
72 36
141 130
136 112
62 16
76 36
38 34
7 14
89 38
94 6
133 120
96 7
129 68
77 42
2 19
41 33
9 3
32 30
7 6
67 32
84 5
89 39
134 124
0 4
139 53
143 65
90 77
67 34
79 34
129 71
99 35
92 43
94 13
79 77
108 23
108 24
83 41
111 17
26 3
74 43
78 75
85 35
24 12
78 8
38 25
142 26
67 5
33 28
10 16
134 120
34 23
135 114
72 34
72 44
98 37
21 11
43 14
9 5
88 34
104 7
43 34
1 5
22 30
89 41
43 39
69 8
18 27
18 9
136 38
96 39
137 138
134 125
101 41
79 33
51 2
87 28
112 77
19 13
47 5
27 24
44 39
85 8
58 24
88 41
134 51
32 24
9 2
112 44
105 7
40 3
139 19
4 16
35 12
110 14
29 14
113 101
132 129
84 2
135 80
19 2
142 44
0 1
136 42
106 40
39 23
110 24
75 36
1 30
131 77
132 120
71 8
83 42
65 13
9 23
139 92
76 35
81 35
59 13
139 70
135 111
137 90
39 11
18 19
107 23
65 3
38 35
31 44
108 33
11 6
100 28
130 92
28 19
36 40
9 32
44 9
33 19
30 1
22 21
109 8
7 39
110 39
8 40
8 24
23 5
54 13
58 21
139 94
137 98
136 41
8 33
48 25
142 43
35 34
35 20
34 39
87 23
16 4
99 7
131 81
23 30
26 11
100 20
100 22
47 6
6 2
116 129
44 40
17 12
140 101
