id met_invertebrate met_primary_producer met_heterotrophic_bacteria met_dead_organic_material met_heterotrophic_fungi mov_walking mov_sessile mov_other mov_other_nonliving log_mass mass_missing
0 1 0 0 0 0 1 0 0 0 -4.301029995663981 0
1 1 0 0 0 0 1 0 0 0 -3.0216888946833835 0
2 1 0 0 0 0 1 0 0 0 -2.748441103322807 0
3 1 0 0 0 0 1 0 0 0 -2.4751695410084738 0
4 1 0 0 0 0 1 0 0 0 -2.3315745699014996 0
5 1 0 0 0 0 1 0 0 0 -2.4444896022018225 0
6 1 0 0 0 0 1 0 0 0 -2.7778542077058415 0
7 1 0 0 0 0 1 0 0 0 -4.386158178123931 0
8 1 0 0 0 0 1 0 0 0 -4.180456064458132 0
9 1 0 0 0 0 1 0 0 0 -3.690248502536241 0
10 1 0 0 0 0 1 0 0 0 -2.4398882402125754 0
11 1 0 0 0 0 1 0 0 0 -1.9183594083992683 0
12 1 0 0 0 0 1 0 0 0 -2.3147999000753234 0
13 1 0 0 0 0 1 0 0 0 -2.1759224164714857 0
14 1 0 0 0 0 1 0 0 0 -2.3978925645914755 0
15 1 0 0 0 0 1 0 0 0 -2.224247674090414 0
16 1 0 0 0 0 1 0 0 0 -2.075893638925886 0
17 1 0 0 0 0 1 0 0 0 -2.3975497533263126 0
18 1 0 0 0 0 1 0 0 0 -4.180456064458131 0
19 1 0 0 0 0 1 0 0 0 -2.6397128208710527 0
20 1 0 0 0 0 1 0 0 0 -2.4640283775055027 0
21 1 0 0 0 0 1 0 0 0 -2.7924520693142263 0
22 1 0 0 0 0 1 0 0 0 -2.9759504876666605 0
23 1 0 0 0 0 1 0 0 0 -2.990823280690591 0
24 1 0 0 0 0 1 0 0 0 -2.7074039382755846 0
25 1 0 0 0 0 1 0 0 0 -2.794924264748693 0
26 1 0 0 0 0 1 0 0 0 -2.554049744336224 0
27 1 0 0 0 0 1 0 0 0 -2.7441121979054466 0
28 1 0 0 0 0 1 0 0 0 -2.9341447842582076 0
29 1 0 0 0 0 1 0 0 0 -2.9665103010984124 0
30 1 0 0 0 0 1 0 0 0 -2.8090050384799254 0
31 1 0 0 0 0 1 0 0 0 -4.991399828238082 0
32 1 0 0 0 0 1 0 0 0 -3.1610313373891867 0
33 1 0 0 0 0 1 0 0 0 -3.3699404652125784 0
34 1 0 0 0 0 1 0 0 0 -3.3269772487370917 0
35 1 0 0 0 0 1 0 0 0 -3.75907402741743 0
36 1 0 0 0 0 1 0 0 0 -3.2840843592981983 0
37 1 0 0 0 0 1 0 0 0 -4.603800652904264 0
38 1 0 0 0 0 1 0 0 0 -4.283162276700476 0
39 1 0 0 0 0 1 0 0 0 -3.145335130199294 0
40 1 0 0 0 0 1 0 0 0 -3.1352866512717066 0
41 1 0 0 0 0 1 0 0 0 -4.481486060122112 0
42 1 0 0 0 0 1 0 0 0 -4.798602875679548 0
43 1 0 0 0 0 1 0 0 0 -4.316052869248488 0
44 1 0 0 0 0 1 0 0 0 -4.913640169325252 0
45 1 0 0 0 0 1 0 0 0 -2.3289521854189483 0
46 1 0 0 0 0 1 0 0 0 -2.398423430236287 0
47 1 0 0 0 0 1 0 0 0 -1.935504049104257 0
48 1 0 0 0 0 1 0 0 0 -3.0576600246982197 0
49 1 0 0 0 0 1 0 0 0 -1.3252559601057776 0
50 1 0 0 0 0 1 0 0 0 -5.148130399270234 0
51 1 0 0 0 0 1 0 0 0 -4.701146923590294 0
52 1 0 0 0 0 1 0 0 0 -4.809668301829708 0
53 1 0 0 0 0 1 0 0 0 -4.931814138253839 0
54 1 0 0 0 0 1 0 0 0 -2.3352201437350426 0
55 1 0 0 0 0 1 0 0 0 -0.6954682743692796 0
56 1 0 0 0 0 1 0 0 0 -1.6089123340363536 0
57 1 0 0 0 0 1 0 0 0 -2.1729355509326016 0
58 1 0 0 0 0 1 0 0 0 -2.813708321529019 0
59 1 0 0 0 0 1 0 0 0 -1.5534575363056389 0
60 1 0 0 0 0 1 0 0 0 -2.2151810105179957 0
61 1 0 0 0 0 1 0 0 0 -2.5010830982559042 0
62 1 0 0 0 0 1 0 0 0 -2.1343792085380304 0
63 1 0 0 0 0 1 0 0 0 -5.078833949362261 0
64 1 0 0 0 0 1 0 0 0 -4.931814138253839 0
65 1 0 0 0 0 1 0 0 0 -1.961657668750236 0
66 1 0 0 0 0 1 0 0 0 -1.3145730252913408 1
67 1 0 0 0 0 1 0 0 0 -4.11690664142431 0
68 1 0 0 0 0 1 0 0 0 -5.046240308266771 0
69 1 0 0 0 0 1 0 0 0 -4.818156412055227 0
70 1 0 0 0 0 1 0 0 0 -6.133122185662501 0
71 1 0 0 0 0 1 0 0 0 -5.209714835966758 0
72 1 0 0 0 0 1 0 0 0 -5.170696227168975 0
73 1 0 0 0 0 1 0 0 0 -4.102922996790579 0
74 1 0 0 0 0 1 0 0 0 -5.266802734893431 0
75 1 0 0 0 0 1 0 0 0 -5.189767482004916 0
76 1 0 0 0 0 1 0 0 0 -5.213248577854439 0
77 1 0 0 0 0 1 0 0 0 -5.219682687859849 0
78 1 0 0 0 0 1 0 0 0 -5.266802734893431 0
79 1 0 0 0 0 1 0 0 0 -5.266802734893431 0
80 1 0 0 0 0 1 0 0 0 -5.141462802430361 0
81 1 0 0 0 0 1 0 0 0 -5.568636235841013 0
82 1 0 0 0 0 1 0 0 0 -1.2882876514761634 0
83 1 0 0 0 0 1 0 0 0 -5.485452247339714 0
84 1 0 0 0 0 1 0 0 0 -2.2097148359667584 0
85 1 0 0 0 0 1 0 0 0 -5.046240308266771 0
86 1 0 0 0 0 1 0 0 0 -2.2455593100716977 0
87 1 0 0 0 0 1 0 0 0 -4.818156412055227 0
88 1 0 0 0 0 1 0 0 0 -4.835647144215563 0
89 1 0 0 0 0 1 0 0 0 -4.889410289700751 0
90 1 0 0 0 0 1 0 0 0 -5.411168274405793 0
91 1 0 0 0 0 1 0 0 0 -5.416801226031377 0
92 1 0 0 0 0 1 0 0 0 -5.617982957425132 0
93 1 0 0 0 0 1 0 0 0 -2.7539024157336462 0
94 1 0 0 0 0 1 0 0 0 -2.494182806704345 0
95 1 0 0 0 0 1 0 0 0 -3.9544540623693325 0
96 1 0 0 0 0 1 0 0 0 -3.695548250250727 0
97 1 0 0 0 0 1 0 0 0 -2.3181890345005662 0
98 1 0 0 0 0 1 0 0 0 -5.0589857562944305 0
99 1 0 0 0 0 1 0 0 0 -4.632644078973981 0
100 1 0 0 0 0 1 0 0 0 -3.6909620688756934 0
101 1 0 0 0 0 1 0 0 0 -5.292429823902063 0
102 1 0 0 0 0 1 0 0 0 -5.323306390375134 0
103 1 0 0 0 0 1 0 0 0 -1.1950295903751296 0
104 1 0 0 0 0 1 0 0 0 -5.006563769502388 0
105 1 0 0 0 0 1 0 0 0 -4.869666231504994 0
106 1 0 0 0 0 1 0 0 0 -4.835647144215563 0
107 1 0 0 0 0 1 0 0 0 -4.431798275933005 0
108 1 0 0 0 0 1 0 0 0 -4.616184634019569 0
109 1 0 0 0 0 1 0 0 0 -4.935542010773082 0
110 1 0 0 0 0 1 0 0 0 -3.393412286541245 0
111 1 0 0 0 0 1 0 0 0 -2.758749458424233 0
112 1 0 0 0 0 1 0 0 0 -5.453457336521869 0
113 0 1 0 0 0 0 1 0 0 -15.022276394711152 1
114 1 0 0 0 0 1 0 0 0 -0.7159022393149707 0
115 1 0 0 0 0 1 0 0 0 -0.7598960893830824 0
116 1 0 0 0 0 1 0 0 0 -4.220403508742176 0
117 1 0 0 0 0 0 0 1 0 -7.552841968657781 0
118 1 0 0 0 0 1 0 0 0 -0.2166141389193491 0
119 1 0 0 0 0 1 0 0 0 -0.5726156569199612 0
120 1 0 0 0 0 1 0 0 0 -0.6824009024383398 0
121 1 0 0 0 0 1 0 0 0 -0.6582829158492703 0
122 1 0 0 0 0 1 0 0 0 -1.066454865751787 0
123 1 0 0 0 0 1 0 0 0 -0.7027502941395937 0
124 1 0 0 0 0 1 0 0 0 -0.4912051124345149 0
125 1 0 0 0 0 1 0 0 0 -0.03533886748059989 0
126 1 0 0 0 0 1 0 0 0 -1.2730012747780781 0
127 1 0 0 0 0 1 0 0 0 -0.42219554946870064 0
128 1 0 0 0 0 1 0 0 0 0.3011850732073501 0
129 1 0 0 0 0 1 0 0 0 -5.448550002027125 0
130 0 0 1 0 0 0 0 1 0 -15.022276394711152 0
131 1 0 0 0 0 1 0 0 0 -6.069560405233299 0
132 1 0 0 0 0 0 0 1 0 -8.580044251510243 0
133 1 0 0 0 0 0 0 1 0 -6.440093374963888 0
134 0 0 0 1 0 0 0 0 1 -15.022276394711152 1
135 0 0 0 0 1 0 0 1 0 -15.022276394711152 1
136 1 0 0 0 0 1 0 0 0 -6.2716462179787715 0
137 0 0 0 1 0 0 0 0 1 -15.022276394711152 1
138 1 0 0 0 0 1 0 0 0 -0.9030482932487593 0
139 0 0 0 0 1 0 0 1 0 -15.022276394711152 1
140 0 1 0 0 0 0 1 0 0 -15.022276394711152 1
141 0 1 0 0 0 0 1 0 0 -15.022276394711152 1
142 1 0 0 0 0 1 0 0 0 -6.628932137728263 0
143 0 1 0 0 0 0 1 0 0 -15.022276394711152 1
