24 9
28 2
24 6
15 16
29 15
29 2
14 1
22 15
8 18
26 12
7 0
19 12
26 11
12 16
19 0
25 12
27 3
24 11
20 14
22 14
16 1
20 9
24 10
7 10
25 15
19 14
8 16
30 15
27 18
0 1
19 13
20 8
8 4
7 13
24 8
21 6
30 0
21 0
28 14
24 2
29 6
23 11
5 10
19 8
27 14
21 14
18 3
23 13
25 0
6 1
7 9
29 12
28 12
14 3
28 8
6 3
29 8
24 12
12 18
23 2
25 8
4 5
26 8
2 1
20 0
22 6
14 5
15 1
26 13
25 13
20 6
27 5
4 3
8 14
8 1
29 11
30 13
27 4
21 9
12 17
4 18
28 13
19 2
14 18
28 11
22 8
25 11
25 6
21 12
21 2
27 1
22 0
24 0
7 2
5 12
2 4
5 14
28 15
20 12
30 9
2 5
7 12
30 2
5 3
18 5
23 9
26 14
26 15
25 9
7 14
8 10
28 0
29 0
29 14
26 2
24 5
16 3
3 18
30 12
21 13
30 8
12 3
5 17
8 17
30 6
3 1
29 9
6 5
8 12
19 15
29 13
24 14
5 16
26 9
19 6
28 6
26 6
21 11
8 3
9 14
16 18
20 15
22 13
22 11
2 3
12 5
22 9
10 1
23 12
5 18
7 6
23 6
30 14
19 9
23 15
30 11
22 12
8 5
25 14
20 11
12 1
5 4
20 13
6 4
5 1
21 8
7 11
7 5
24 15
23 8
22 2
21 15
19 11
20 2
28 9
24 13
23 14
26 0
25 2
23 0
12 4
7 8
9 1
