0 14
34 14
0 12
22 10
23 17
28 13
2 17
4 19
15 12
34 11
16 8
32 5
33 4
16 3
34 6
4 21
16 7
0 11
15 2
9 19
22 11
16 4
29 3
30 4
35 8
0 2
36 4
27 14
16 13
19 17
33 12
34 7
16 11
31 14
28 8
30 6
14 17
36 10
31 25
15 10
4 17
32 1
0 9
29 14
13 23
35 13
15 11
29 1
27 1
34 1
0 6
11 17
28 1
30 10
15 4
29 10
28 3
13 21
13 17
13 24
36 5
35 2
6 21
15 5
27 7
31 9
22 1
34 5
18 26
34 2
33 3
23 26
4 20
22 20
18 21
35 6
36 7
31 20
29 11
0 5
34 13
15 8
27 10
32 4
35 10
30 5
16 9
28 14
36 1
16 5
35 1
15 9
31 1
15 7
16 10
8 20
36 3
22 4
36 9
8 26
16 12
32 12
35 12
30 7
27 12
32 6
22 9
9 26
32 3
30 2
35 11
9 21
14 26
33 2
5 14
28 7
31 2
8 17
28 6
35 3
0 3
32 2
30 12
0 8
35 5
28 4
4 14
25 17
29 6
29 2
27 9
31 4
29 12
29 9
3 17
2 21
35 7
27 11
2 19
33 7
4 24
6 17
28 9
31 3
31 10
32 9
33 14
0 10
8 23
36 13
22 8
8 18
27 3
32 8
2 18
36 14
28 5
35 4
0 4
21 19
20 17
36 8
8 19
21 20
22 3
34 3
32 10
22 2
27 6
0 13
32 13
32 11
33 11
34 12
30 13
29 5
36 2
4 18
32 14
0 1
16 2
15 3
12 17
15 1
29 7
33 5
33 9
9 23
29 4
22 6
35 14
10 17
35 9
13 19
33 1
31 8
28 2
36 11
5 17
28 12
30 1
0 7
15 14
2 20
15 13
34 10
30 9
36 6
28 10
4 13
29 13
30 14
19 21
31 13
24 14
22 13
29 8
33 6
13 20
15 6
12 19
9 18
36 12
33 13
27 8
8 21
34 4
1 17
33 8
30 8
9 17
28 11
13 26
20 19
6 20
30 11
34 8
31 7
31 11
21 26
30 3
27 13
27 4
4 25
33 10
27 5
27 2
34 9
22 14
32 7
16 14
16 1
31 6
18 17
9 20
16 6
4 23
