5 16
22 4
34 4
41 4
0 3
33 5
9 6
19 7
26 4
40 2
25 8
22 5
36 2
15 3
35 2
26 6
24 7
29 6
28 7
20 1
42 16
29 1
39 7
23 5
13 6
28 5
21 4
33 1
19 1
22 8
32 8
34 5
36 8
12 5
27 8
2 17
10 5
32 5
29 5
14 8
2 18
23 6
27 1
11 6
34 2
19 6
41 6
42 18
13 5
37 5
37 7
0 8
40 8
34 3
10 2
16 18
23 1
29 4
10 3
20 3
15 6
11 5
36 7
25 7
10 4
19 8
41 1
14 2
12 2
29 7
34 8
33 8
15 8
0 6
41 3
20 7
19 3
21 8
41 5
24 2
35 6
9 1
21 6
3 16
28 8
33 2
19 2
24 5
38 1
34 1
1 16
14 5
38 7
13 2
35 3
37 3
36 1
13 1
9 5
29 3
25 3
23 3
35 8
32 2
30 18
20 2
26 1
10 1
33 3
32 1
38 4
22 7
39 1
6 18
37 4
40 4
1 17
21 5
27 6
11 7
21 2
15 2
27 7
24 6
22 1
12 7
11 4
28 2
32 7
14 3
33 6
9 4
27 2
7 18
36 4
20 8
29 2
14 7
0 7
11 8
37 8
5 17
0 2
0 4
37 2
20 4
22 3
21 3
33 4
37 1
14 4
22 6
32 3
38 2
39 3
27 3
28 4
19 4
7 16
31 6
1 18
26 8
32 6
40 1
42 30
24 8
11 1
2 16
34 6
13 3
4 17
41 2
20 6
11 3
15 7
40 6
3 17
12 3
25 2
38 5
27 4
35 4
23 2
24 3
8 18
10 7
30 16
26 3
33 7
39 4
25 5
24 1
15 1
34 7
23 7
36 5
35 7
26 7
23 4
25 1
41 8
39 5
9 8
12 8
36 3
25 4
39 6
37 6
38 6
19 5
24 4
40 5
39 8
6 16
26 5
41 7
29 8
5 18
11 2
28 1
28 3
9 7
10 8
8 17
9 2
15 5
12 1
9 3
40 3
0 1
14 6
21 1
21 7
35 5
26 2
3 18
14 1
4 18
25 6
39 2
27 5
20 5
13 4
28 6
38 3
23 8
40 7
12 4
8 16
12 6
15 4
32 4
35 1
10 6
7 17
22 2
36 6
0 5
38 8
