34 7
31 1
13 3
10 8
22 3
10 6
10 3
25 3
32 4
26 2
18 7
11 3
29 8
0 4
14 6
22 7
21 1
30 5
32 6
34 1
0 6
12 3
15 3
31 6
13 4
20 8
10 5
12 2
0 2
19 2
3 17
4 16
23 2
15 6
15 1
10 4
9 6
26 8
34 2
3 16
21 8
11 8
29 7
19 6
25 2
18 1
32 7
8 16
31 8
25 4
20 3
34 3
33 5
22 2
18 3
12 5
11 5
21 6
24 6
30 1
28 6
12 8
28 5
34 8
32 1
11 1
33 3
14 3
34 4
18 4
34 5
6 16
1 17
35 7
21 7
0 5
13 7
32 5
24 8
30 6
15 2
4 17
19 5
12 7
23 5
21 3
11 4
10 2
19 7
35 5
29 2
11 2
11 7
28 1
21 5
9 2
26 6
36 17
33 8
2 17
14 1
26 5
18 2
2 16
23 4
28 8
24 4
28 2
32 3
12 4
35 1
19 3
33 7
19 1
31 5
30 8
20 4
20 6
33 6
25 8
24 1
35 8
29 5
9 3
15 4
13 1
35 6
22 8
35 4
31 2
16 17
15 8
12 1
9 4
7 17
24 2
33 2
33 4
20 5
23 6
22 5
25 1
14 7
23 7
9 7
21 2
23 1
12 6
14 4
22 1
18 5
10 1
31 3
29 6
25 7
1 16
5 16
21 4
34 6
26 7
24 7
28 3
24 5
0 3
24 3
31 4
25 5
14 5
0 1
0 8
30 4
9 8
29 4
18 6
23 3
28 4
20 1
26 3
19 4
32 2
9 1
26 4
25 6
30 2
13 6
30 3
14 8
27 7
33 1
8 17
26 1
22 4
19 8
31 7
18 8
28 7
20 2
23 8
15 7
29 1
11 6
32 8
22 6
5 17
13 5
30 7
15 5
20 7
9 5
6 17
10 7
0 7
35 2
14 2
29 3
35 3
