50 32
53 19
14 1
8 2
22 1
27 7
19 5
30 2
18 5
16 2
26 3
49 16
47 16
46 16
36 17
41 29
8 1
50 46
33 2
53 8
30 8
51 3
42 3
4 44
41 3
26 21
29 2
11 4
50 48
16 3
52 1
27 30
5 2
34 37
0 8
43 3
29 3
53 2
28 6
47 28
52 2
47 2
13 2
43 7
31 2
50 52
34 40
10 4
36 15
39 8
46 3
9 12
28 4
32 31
8 3
33 3
7 2
30 6
35 11
17 2
15 1
41 2
9 14
32 33
41 7
50 27
23 3
48 1
27 3
43 1
31 3
47 23
22 21
11 6
18 4
51 2
29 1
42 16
30 5
37 1
19 44
34 11
0 2
20 21
42 1
50 22
27 29
7 1
31 1
28 7
36 2
41 23
36 1
53 5
46 1
41 16
37 2
51 7
18 7
9 10
16 1
27 1
23 2
49 15
16 44
3 2
5 19
34 32
11 5
35 13
19 6
5 44
14 2
41 1
53 1
28 2
15 2
24 8
46 2
47 7
20 1
50 43
19 2
8 4
35 10
50 26
26 24
18 2
19 3
18 1
35 14
35 42
18 3
19 8
53 17
47 1
42 28
46 30
0 1
36 16
11 2
46 23
9 13
10 6
34 10
11 1
42 2
49 2
0 6
4 6
11 19
34 24
35 0
23 1
30 4
52 31
50 47
22 2
50 51
13 1
35 12
50 49
48 2
48 7
8 19
5 6
42 7
10 8
10 19
48 3
34 19
37 8
53 4
0 7
45 1
11 8
46 29
26 1
45 31
17 3
40 2
39 3
28 3
39 1
43 2
24 25
53 15
50 1
53 6
27 23
15 17
30 3
22 23
13 8
39 2
10 5
12 1
34 38
35 18
17 1
38 2
7 21
34 35
30 1
10 2
51 1
53 16
5 1
21 2
41 28
39 4
12 2
15 16
50 13
37 4
35 38
0 4
30 7
26 2
39 5
21 1
20 2
47 29
52 33
18 6
8 44
3 1
33 1
27 2
50 41
28 8
42 23
0 5
38 1
46 28
9 11
34 39
41 30
5 23
45 2
34 14
50 24
28 1
27 16
13 25
21 3
45 33
34 12
13 44
47 3
13 6
40 44
17 7
37 19
42 29
28 5
39 6
8 5
37 6
42 30
40 1
18 8
49 1
8 6
38 45
47 30
10 1
46 7
34 36
19 1
0 3
50 40
39 7
32 1
27 28
32 2
19 4
5 4
37 5
