71 72
11 30
11 34
22 4
106 14
67 6
25 27
55 34
111 56
105 9
27 31
21 8
128 84
59 35
20 24
49 6
104 4
80 9
22 30
6 19
104 9
50 59
43 5
22 19
19 24
116 5
16 39
104 33
72 22
89 58
130 89
92 28
47 51
4 31
31 0
49 28
58 57
37 32
53 52
41 33
48 59
22 36
49 26
58 5
14 19
101 0
49 36
115 8
28 17
22 34
122 100
110 25
114 55
11 10
28 19
59 21
132 47
28 21
53 56
30 39
27 6
7 0
102 48
107 10
53 51
72 14
14 30
103 58
10 19
48 18
90 10
88 30
29 9
36 9
126 47
60 52
117 57
124 117
5 0
31 12
119 45
49 25
116 0
104 6
34 12
13 29
34 17
114 13
58 48
13 14
77 5
48 27
104 10
70 20
35 7
36 34
28 15
49 55
16 17
127 108
122 79
76 48
10 35
124 93
27 34
55 28
61 25
72 7
77 18
53 22
51 59
66 5
110 34
18 26
57 27
123 111
128 42
134 132
104 7
26 23
120 98
135 54
4 33
5 35
53 50
12 9
29 8
14 24
123 119
10 29
22 20
58 55
24 2
95 25
91 49
15 12
18 39
118 71
72 28
28 34
10 5
84 49
72 10
123 80
119 51
132 119
49 4
70 7
128 94
25 33
31 17
11 20
65 14
136 101
88 39
29 17
102 56
44 21
65 39
66 6
124 58
11 16
122 48
21 10
26 16
72 34
136 37
51 13
5 20
126 103
19 8
135 56
80 5
57 9
128 103
11 4
53 55
103 50
50 28
52 10
113 57
10 23
33 1
14 7
78 49
89 25
86 55
113 9
38 20
53 48
76 86
122 13
119 50
51 57
133 14
101 20
109 10
130 82
111 60
132 79
10 13
122 28
27 9
135 76
128 69
49 21
95 22
4 39
22 26
51 55
81 57
36 29
127 121
113 14
11 15
55 25
136 70
38 0
43 7
122 73
37 35
127 42
95 55
116 31
6 17
119 74
87 7
116 1
78 10
128 71
135 57
13 25
22 21
86 58
87 9
93 55
61 56
88 4
128 74
19 34
23 6
26 5
9 34
116 9
44 30
33 0
86 54
52 57
78 57
30 0
86 51
43 2
132 74
114 9
135 61
26 9
135 74
37 6
90 6
62 6
33 39
124 53
35 39
135 94
64 10
13 30
29 5
16 6
102 22
35 34
5 14
12 2
134 135
111 51
113 32
22 7
59 27
60 25
79 10
23 0
60 51
27 14
57 55
83 10
44 34
135 13
49 18
29 39
115 4
127 123
70 8
136 13
89 48
22 31
36 0
112 58
5 30
21 9
129 53
25 6
125 122
27 5
30 2
115 7
113 35
130 106
123 125
32 12
13 16
21 17
82 7
31 33
23 5
35 12
18 29
128 121
129 58
129 28
26 20
14 29
23 12
6 26
59 34
110 19
124 51
119 13
123 120
92 56
35 17
27 36
21 4
52 21
52 22
18 24
132 103
120 119
21 7
89 22
110 26
93 13
129 75
6 36
19 29
25 30
111 48
32 8
120 40
85 56
7 23
55 8
7 39
27 39
5 26
89 52
55 16
37 31
9 17
13 10
59 10
14 0
8 17
78 9
13 4
19 23
14 31
55 15
26 17
122 113
60 48
65 17
65 5
102 59
37 17
47 48
123 124
9 16
113 27
129 54
129 78
111 59
16 30
115 26
128 79
103 86
135 93
88 33
129 57
129 50
12 0
35 15
18 14
132 90
28 33
47 10
23 24
122 74
107 58
55 9
21 29
86 49
6 0
3 6
66 0
49 22
90 8
29 6
119 83
26 29
124 86
48 28
130 131
36 26
128 110
68 56
124 45
110 35
110 29
77 8
31 16
102 21
117 5
34 23
124 79
51 49
27 23
78 55
52 9
77 19
10 32
80 4
125 121
97 33
52 28
125 103
124 113
22 35
50 60
19 20
85 10
57 4
68 59
70 5
32 29
57 8
22 10
65 19
70 39
24 8
13 19
25 5
135 113
107 60
128 11
25 26
18 35
13 9
8 7
114 57
116 24
127 99
17 4
90 4
91 10
10 55
4 29
13 23
114 28
20 16
92 10
49 23
16 2
86 50
115 18
43 17
65 27
55 7
23 9
86 61
50 55
55 4
26 39
105 10
17 2
15 39
104 20
97 26
55 24
9 27
61 60
59 26
56 51
107 51
52 32
10 24
59 22
66 1
10 8
115 33
43 30
69 10
60 58
77 27
119 102
78 13
18 16
8 26
35 33
28 31
11 9
84 56
8 24
119 76
24 0
10 15
16 0
135 45
77 26
34 16
7 31
32 30
116 8
70 4
44 6
112 49
51 5
119 86
14 16
114 52
10 33
125 47
84 48
34 6
44 35
31 39
57 14
37 33
41 2
14 6
32 36
93 10
11 26
11 5
128 38
103 10
67 0
28 24
32 31
125 40
18 36
132 68
129 45
50 10
110 16
122 50
111 52
32 17
76 54
37 8
114 32
110 10
15 16
132 73
113 19
55 17
132 85
92 22
23 16
28 23
54 49
122 94
68 60
57 59
71 78
93 51
72 19
130 97
11 31
21 5
71 79
124 73
105 20
14 9
13 5
95 28
25 16
44 14
73 10
9 19
91 28
36 4
57 25
93 25
17 39
103 51
84 58
135 119
65 36
10 28
102 51
135 53
15 31
114 21
65 29
122 86
110 6
12 1
1 2
21 19
25 34
130 121
128 111
18 7
111 50
31 5
125 85
8 33
95 58
57 15
78 28
32 6
13 36
22 8
10 25
57 28
106 58
34 9
19 17
93 48
93 28
117 28
119 77
72 13
87 5
127 109
113 59
101 5
77 25
25 9
124 114
55 20
10 4
48 51
93 22
119 78
8 39
18 32
11 14
128 62
30 6
133 110
28 18
116 16
32 19
123 47
60 13
115 20
22 15
50 56
126 119
89 51
106 59
118 119
37 12
38 39
54 50
8 29
112 51
60 21
132 108
47 54
6 35
21 34
112 28
52 5
48 49
22 33
115 24
127 105
27 8
19 6
77 14
82 8
86 48
112 25
91 60
8 31
82 4
119 79
95 52
119 53
43 16
44 8
77 28
34 4
115 34
60 57
107 57
38 7
25 19
10 26
70 0
102 13
126 121
102 55
128 14
23 30
37 4
20 0
51 27
124 83
5 6
90 5
59 32
110 4
19 12
31 24
81 51
44 23
129 69
122 83
10 20
103 59
132 64
4 7
93 49
70 30
5 17
18 8
113 22
43 1
54 13
85 51
95 13
48 22
65 23
25 31
101 6
37 30
25 12
32 35
132 38
28 29
54 53
55 35
120 99
37 26
32 0
65 4
87 33
36 15
136 14
65 30
29 4
124 122
10 22
49 34
6 20
37 23
87 30
106 48
44 24
49 10
8 12
56 49
32 4
126 84
132 76
25 20
72 35
61 50
135 75
35 20
52 49
99 2
44 18
21 16
112 48
28 4
119 61
49 20
128 88
44 7
27 15
59 6
78 21
97 30
124 102
32 16
127 119
110 31
115 30
52 13
119 72
54 10
23 7
133 131
27 30
120 85
129 52
122 78
118 91
34 7
135 60
9 24
85 58
28 5
65 6
11 35
113 18
119 95
136 66
118 46
70 12
120 47
13 28
135 79
67 20
56 13
87 4
34 5
9 8
31 1
127 41
116 12
54 48
128 99
124 94
65 31
21 30
85 50
89 59
33 30
5 27
70 33
132 11
44 4
47 53
11 19
7 20
14 26
43 4
59 4
5 23
123 38
122 51
81 52
124 57
134 110
92 58
18 30
81 61
12 6
15 6
9 23
9 26
104 5
115 14
54 59
105 8
14 35
58 22
50 13
24 20
76 50
11 17
53 49
28 8
84 51
53 60
18 12
32 39
39 2
89 49
44 17
13 15
9 29
116 20
24 7
130 88
12 7
61 52
89 55
53 57
44 31
88 9
85 52
78 5
54 25
93 21
41 1
65 15
26 7
47 56
13 20
132 80
122 57
127 76
13 8
135 48
25 10
59 9
123 87
119 54
25 4
103 54
34 20
91 59
130 67
128 68
110 55
114 27
26 4
77 32
78 32
66 30
29 31
9 32
15 24
36 5
129 102
66 7
47 57
130 96
14 34
70 6
135 117
86 10
61 13
44 19
91 52
106 52
28 6
51 32
114 22
38 2
87 1
105 33
116 17
13 34
124 78
81 54
65 20
7 29
112 22
129 95
81 10
107 50
91 56
60 59
85 48
33 24
54 55
24 9
57 10
82 33
128 40
55 14
55 29
123 115
21 31
135 51
24 5
27 12
88 20
85 86
58 49
57 49
28 20
10 7
72 29
18 15
25 14
37 29
77 34
116 30
25 36
135 50
123 110
15 9
130 92
127 71
114 10
25 15
53 61
23 4
55 19
52 27
54 51
107 49
59 49
18 33
6 33
11 25
37 24
116 39
6 34
36 31
106 51
84 22
15 8
115 28
36 12
136 110
14 20
15 29
13 12
129 79
37 5
86 59
127 104
10 27
65 32
80 7
101 16
47 59
47 55
31 9
129 77
77 7
115 22
44 9
136 91
35 9
24 17
9 31
19 7
39 1
115 12
43 39
115 32
123 103
18 17
34 0
68 48
8 34
72 55
28 26
19 33
126 98
13 6
132 129
59 55
58 18
11 36
27 26
72 26
119 48
91 48
107 52
57 21
124 74
129 60
71 77
78 22
124 13
56 21
107 59
97 29
85 53
133 116
72 9
71 45
122 53
117 8
110 28
25 28
85 59
24 33
123 88
67 8
58 13
28 27
107 61
28 16
77 23
122 95
37 18
116 4
34 29
4 23
43 9
136 116
44 10
84 55
21 12
119 75
5 19
128 41
132 67
59 14
19 26
22 18
70 16
110 23
72 49
84 59
49 9
78 25
136 43
129 113
54 57
113 49
122 58
38 8
123 126
81 55
23 39
132 63
14 8
9 36
10 9
124 77
88 14
122 76
68 57
51 52
27 4
14 5
25 24
116 6
102 58
122 72
120 92
126 40
21 20
54 61
71 76
114 59
114 48
91 58
26 24
91 25
133 26
119 59
26 0
105 4
67 5
130 38
105 6
124 72
128 92
9 20
9 39
55 33
63 10
19 30
71 14
30 7
49 14
41 0
132 14
29 16
22 32
135 69
31 8
18 5
5 39
47 13
44 32
119 94
112 60
28 10
89 28
49 32
132 88
115 36
28 12
133 101
36 39
11 32
85 60
49 29
36 20
52 55
89 13
3 7
120 122
25 17
77 21
96 26
43 20
51 25
110 13
123 85
81 59
37 19
68 51
11 8
48 25
57 19
112 59
22 24
135 59
13 22
27 29
125 71
124 54
65 8
48 10
29 7
110 8
112 52
59 7
28 30
36 33
65 9
51 14
115 15
5 24
72 6
6 30
37 20
129 122
110 22
23 29
119 73
22 6
124 48
104 8
82 5
15 26
86 60
61 58
9 15
122 45
20 39
48 13
123 67
27 17
20 29
48 32
61 59
24 6
49 8
11 23
72 25
128 109
32 7
110 15
92 49
106 56
85 54
35 0
60 28
11 21
95 59
77 10
66 39
21 15
113 36
93 57
35 26
32 20
128 119
89 56
24 16
18 6
130 81
55 21
132 94
84 60
124 59
43 12
112 10
128 115
71 74
55 10
9 30
37 9
82 9
84 52
107 53
88 10
21 26
115 10
25 22
114 18
124 56
103 52
95 49
44 5
124 100
13 31
11 22
22 28
129 83
6 16
24 4
49 15
110 36
13 21
8 30
72 4
15 0
37 7
129 48
50 22
8 20
59 18
55 32
35 4
132 104
5 34
115 13
81 50
32 34
129 94
12 33
4 30
67 33
25 21
55 23
70 2
113 25
5 36
135 86
29 1
19 9
56 22
13 7
124 52
126 41
110 14
38 1
105 5
21 33
122 56
110 12
49 35
93 56
78 59
122 77
10 18
7 17
6 24
41 39
3 4
56 58
56 25
62 10
135 78
19 4
72 8
80 10
57 35
135 102
132 106
120 84
50 25
107 86
49 19
36 24
115 29
32 14
128 106
129 73
123 106
67 9
13 35
77 31
132 110
78 14
81 48
23 8
120 41
129 72
129 86
110 20
15 34
9 6
125 98
91 51
38 33
58 21
128 87
40 2
123 71
76 51
52 25
133 42
3 9
67 39
17 20
48 5
101 8
31 20
91 22
30 17
21 32
15 4
53 59
26 12
28 7
51 22
52 14
124 119
119 57
8 4
68 14
61 49
17 7
77 6
35 16
9 14
71 75
11 24
62 9
113 13
36 7
65 34
118 14
77 22
77 15
97 14
32 24
32 26
59 5
117 6
5 33
49 12
21 35
30 8
3 8
127 46
54 52
98 2
16 8
65 7
19 36
119 28
25 23
15 5
21 36
32 9
15 17
22 27
122 60
21 6
28 9
29 30
111 58
103 61
50 58
85 61
36 17
75 10
84 25
11 33
102 28
14 4
128 64
24 39
98 1
86 52
10 6
84 10
111 53
78 6
94 10
126 92
61 51
36 8
27 35
57 6
49 27
58 10
23 1
48 52
61 22
34 39
125 99
72 5
133 91
113 21
31 7
80 6
47 61
119 52
58 28
24 1
11 12
132 100
128 46
135 58
89 57
110 9
23 31
35 30
127 110
18 31
95 10
112 55
101 7
127 14
119 60
130 112
132 87
49 5
29 12
32 33
9 4
16 1
35 24
6 31
115 5
9 35
44 33
9 33
59 25
122 119
124 50
58 9
122 54
53 13
36 16
88 8
13 26
33 17
127 98
116 33
122 117
47 49
124 28
4 17
89 10
51 28
43 33
78 27
110 33
11 29
68 58
82 6
128 80
49 33
128 90
59 15
14 33
54 56
107 48
61 28
21 27
66 17
115 31
65 12
128 100
125 41
10 34
110 18
101 17
129 114
106 60
113 55
129 56
128 76
66 2
28 32
135 83
44 15
120 71
65 35
132 69
91 57
135 72
61 55
135 77
128 129
67 4
60 22
96 33
36 23
135 114
126 71
122 93
60 56
49 31
43 24
128 85
119 58
117 10
128 75
34 33
27 33
122 59
92 25
19 35
25 35
11 6
129 119
91 21
65 16
14 39
44 12
134 119
103 48
29 33
47 52
136 135
92 52
74 10
107 54
28 35
29 0
6 23
125 92
18 19
13 18
88 5
132 71
55 27
26 33
66 4
128 108
32 23
105 7
48 57
95 21
118 42
57 7
17 8
81 58
129 93
128 83
49 24
4 16
12 8
5 32
5 12
55 26
103 49
77 49
14 12
88 6
58 51
132 92
119 93
122 69
135 100
65 18
17 1
112 56
31 4
132 62
92 48
26 30
51 18
113 10
134 123
122 61
115 6
130 68
13 17
103 57
44 16
130 115
132 115
6 12
57 22
130 3
122 52
95 51
47 50
42 1
124 75
113 6
132 83
10 21
77 29
119 114
57 18
86 53
112 13
60 49
66 33
56 57
59 36
56 48
17 33
27 24
44 27
5 29
5 16
5 7
67 26
92 21
24 30
10 14
47 60
37 15
110 32
13 32
27 16
6 39
32 27
6 29
124 95
95 57
130 111
22 16
71 73
55 30
119 122
22 9
122 102
50 51
7 1
111 57
53 58
42 2
136 119
21 14
115 23
52 59
133 66
112 61
56 55
18 20
133 30
72 36
81 25
60 10
25 29
132 84
35 31
51 21
34 26
27 0
80 8
76 56
9 5
43 6
15 7
8 0
135 52
20 30
57 32
55 13
77 9
132 75
85 49
4 20
61 10
103 56
136 132
15 20
23 17
48 55
108 10
122 75
65 10
113 5
91 55
93 52
102 10
81 49
6 7
25 7
55 12
128 63
116 7
130 42
60 55
124 61
132 46
37 27
135 28
129 13
30 20
72 27
72 15
59 19
77 36
67 7
111 14
72 18
123 92
19 16
96 30
5 4
3 10
92 55
22 14
16 20
90 9
25 32
50 48
122 114
115 9
115 16
129 76
19 0
84 57
44 26
12 24
6 8
35 6
45 10
30 1
81 60
5 8
30 33
128 98
96 29
127 128
110 5
32 15
36 6
128 47
72 21
13 33
88 29
29 24
59 13
83 9
102 57
44 29
115 19
130 87
129 74
124 76
9 7
55 31
115 25
119 113
136 44
43 0
114 25
40 1
18 23
20 1
102 25
10 36
22 29
47 58
130 91
12 17
11 18
125 84
57 13
11 7
114 5
12 20
89 60
77 35
91 13
129 51
61 57
119 69
72 23
37 36
48 9
38 4
119 117
135 73
55 36
127 40
22 23
0 1
57 5
96 14
114 49
56 28
100 10
55 5
117 13
112 50
11 28
44 36
34 8
57 36
34 30
87 8
128 73
126 122
61 48
52 18
19 39
107 56
72 32
129 59
12 39
102 49
51 10
92 51
25 18
132 111
53 25
10 49
26 31
0 2
55 6
13 24
44 20
34 31
112 57
31 30
106 57
129 61
130 107
37 14
117 59
20 33
128 67
23 33
35 23
21 23
43 8
124 60
55 18
5 31
115 27
66 8
66 16
87 0
6 15
92 57
101 2
102 52
65 26
103 60
129 100
90 7
110 24
110 7
12 4
57 26
51 9
50 57
14 36
28 36
59 23
5 15
6 4
132 45
92 13
67 29
27 20
128 45
50 49
82 20
8 16
135 122
110 27
84 13
68 52
58 59
70 17
7 24
132 109
37 16
125 119
59 8
117 9
11 27
23 20
65 24
57 34
87 20
26 6
56 52
119 56
28 14
53 10
10 12
16 4
62 5
110 21
113 28
77 13
129 117
70 9
36 35
18 34
21 24
35 29
128 104
127 90
26 8
36 30
101 1
11 13
65 33
31 6
116 2
50 52
88 26
37 10
9 12
37 34
101 33
16 33
66 20
93 59
120 103
78 18
117 14
59 28
85 57
14 23
12 5
101 39
7 33
135 95
83 5
49 13
133 119
70 1
76 57
15 23
113 8
46 10
81 53
47 25
123 84
48 21
86 56
4 0
81 13
15 30
4 24
19 5
114 51
56 59
92 59
34 24
124 69
86 13
88 7
134 71
25 8
87 39
3 5
67 30
22 12
39 0
95 48
54 60
35 5
95 56
103 53
17 0
101 30
80 33
115 35
12 30
115 21
54 58
18 27
19 15
31 2
86 57
8 23
20 17
123 68
19 31
22 17
35 8
10 31
30 4
81 56
27 7
27 19
87 6
80 20
126 85
111 61
126 99
56 10
120 121
22 5
113 15
18 4
7 30
32 5
77 55
76 60
101 4
55 22
49 7
16 7
58 25
84 28
118 110
29 20
93 58
14 17
58 52
18 9
119 100
115 17
15 33
13 27
70 24
