11 5
18 2
18 1
20 2
11 1
32 11
26 10
17 4
24 7
36 1
14 4
15 2
16 14
20 3
31 6
16 7
24 20
29 5
34 35
20 1
11 2
6 5
23 2
17 1
16 15
12 1
15 1
2 5
23 1
14 2
24 22
9 10
24 21
24 14
24 12
19 5
14 3
17 2
19 2
19 4
0 2
15 5
19 1
13 10
10 3
2 3
20 4
34 5
10 1
7 1
29 6
0 1
8 3
9 12
9 11
30 5
24 18
22 6
31 1
24 10
16 21
26 12
2 1
28 10
7 5
13 12
16 8
18 5
11 4
24 17
17 5
27 11
8 1
22 3
29 2
5 1
10 5
8 2
23 3
31 2
28 11
7 4
22 4
16 19
2 4
24 15
0 3
33 11
24 23
30 4
8 5
6 1
26 11
4 3
18 3
15 6
15 4
14 6
19 3
22 2
29 4
14 1
23 4
13 11
4 5
34 0
12 3
16 17
4 1
33 10
34 1
15 3
19 6
27 12
25 11
16 18
16 22
6 3
22 1
11 3
27 10
22 5
12 5
20 5
31 4
24 19
32 12
28 12
30 6
36 3
7 3
7 2
33 12
16 12
16 11
0 5
31 5
14 5
24 11
0 4
20 6
31 3
4 2
18 4
24 8
17 3
8 4
18 6
16 20
16 10
5 3
32 10
30 2
36 5
25 12
17 6
25 10
23 5
16 23
