74 28
99 8
67 33
15 1
78 82
82 59
26 22
34 28
82 87
92 45
88 78
37 4
97 3
34 32
32 26
56 26
57 22
53 30
98 83
37 7
78 18
93 39
83 66
23 10
54 36
27 26
34 23
12 9
93 52
14 4
66 26
10 6
82 46
33 28
39 23
91 3
39 32
83 86
71 27
49 21
0 8
20 16
91 57
32 21
37 17
69 36
59 18
47 36
54 35
69 35
50 21
26 21
88 64
55 30
93 94
55 21
1 7
33 29
54 31
53 28
49 31
67 29
54 28
72 36
85 50
82 26
32 17
92 36
18 19
27 18
73 18
31 5
20 7
56 28
23 8
17 2
83 58
18 1
39 21
83 53
14 2
41 4
71 31
15 9
16 9
3 9
78 27
7 4
73 19
53 27
99 56
18 2
84 29
37 21
19 10
18 11
17 10
92 55
59 23
8 7
19 17
53 26
20 11
100 69
21 12
54 17
24 2
70 11
76 42
83 61
26 20
74 36
99 2
92 33
95 66
84 18
34 36
88 62
60 12
36 4
51 17
92 2
15 7
23 2
24 11
39 35
35 19
95 42
92 46
100 99
55 36
50 36
74 35
27 22
69 20
29 31
84 75
40 28
28 19
7 12
95 43
0 5
61 21
17 0
67 21
29 17
69 33
92 75
100 24
39 28
70 16
92 59
92 73
22 0
75 22
50 32
98 95
84 74
78 32
0 10
18 16
99 87
16 6
84 73
92 30
14 8
24 12
42 0
84 72
22 16
57 31
56 29
75 35
88 77
70 22
28 17
70 2
32 23
93 69
56 36
48 20
71 22
35 7
14 6
5 1
48 29
71 35
3 4
36 7
34 35
15 10
91 53
78 46
24 7
2 6
82 9
30 0
39 29
55 0
70 4
72 32
84 82
93 53
30 18
0 11
21 16
73 5
28 20
78 55
95 53
31 11
91 64
51 28
67 26
8 12
82 33
84 2
57 33
32 27
56 31
52 35
40 31
59 27
23 11
17 4
31 1
72 29
8 4
3 7
74 17
86 50
26 5
37 10
52 26
12 10
26 35
53 1
70 12
82 45
91 63
99 59
57 27
18 0
86 61
51 22
20 4
31 10
0 6
67 28
48 23
33 26
66 29
31 28
84 22
55 19
75 16
54 22
61 35
56 33
91 66
84 43
53 0
30 11
32 16
34 20
39 22
50 33
83 79
49 19
99 74
67 36
21 23
91 42
50 23
82 75
40 35
27 16
17 9
37 0
78 28
72 33
28 11
20 19
100 14
5 2
26 31
100 15
32 22
57 32
36 21
31 8
59 16
73 28
60 5
21 0
33 30
60 11
75 5
83 85
30 31
99 32
79 25
54 29
15 8
47 20
32 19
37 11
97 52
72 28
23 17
40 32
17 1
31 12
6 4
73 16
48 35
37 16
35 2
92 72
39 17
74 32
88 3
52 30
57 28
0 9
100 37
67 32
0 1
37 1
13 2
42 45
99 31
39 20
70 0
83 78
53 20
78 59
51 30
21 11
30 27
10 4
95 89
75 36
27 21
13 9
20 3
42 17
25 30
33 22
33 35
60 10
49 23
50 35
82 22
40 26
53 18
21 2
8 2
52 28
20 0
84 55
27 5
42 44
74 30
29 11
52 18
70 23
15 17
4 6
39 36
27 28
84 56
12 6
29 26
51 27
10 2
52 17
32 0
47 33
59 11
49 35
31 0
49 32
54 20
93 57
2 9
69 22
30 35
73 17
55 35
82 27
67 20
25 27
36 16
31 3
67 35
71 26
53 23
35 0
54 21
17 6
91 92
78 20
74 26
93 66
95 46
75 29
29 35
20 21
31 16
16 3
86 82
31 21
53 31
95 68
88 91
69 28
99 9
73 23
47 29
20 12
73 31
61 30
21 6
16 7
3 2
99 30
10 9
11 2
85 81
16 11
58 4
28 10
20 10
28 23
100 13
33 21
0 2
93 40
30 26
72 31
19 0
71 29
12 2
82 28
76 52
16 0
84 35
37 22
5 7
88 89
51 23
37 23
55 20
1 10
14 7
57 29
59 26
24 3
86 34
70 8
23 18
28 2
32 29
47 27
31 18
78 72
42 16
54 30
92 9
99 29
74 23
50 22
26 19
91 89
70 1
22 19
72 27
53 35
36 35
51 20
92 87
99 82
93 48
42 46
79 81
91 96
20 23
25 33
82 54
55 27
93 51
31 23
57 30
32 31
95 38
35 22
79 61
47 32
86 81
59 1
67 30
95 58
76 78
26 3
36 2
49 26
11 6
20 22
31 19
95 57
21 8
42 43
92 8
70 3
17 12
85 34
52 31
28 35
49 29
84 26
83 84
61 31
72 23
95 50
47 22
98 99
32 28
59 0
99 28
27 31
28 7
83 50
18 5
53 22
69 31
86 78
92 26
34 21
55 28
19 3
13 12
48 22
32 36
75 30
56 21
57 26
70 18
60 7
61 27
18 17
78 9
27 0
78 31
51 36
35 5
11 7
3 10
95 45
32 20
55 26
82 44
15 16
35 18
31 22
82 35
29 27
92 20
91 78
100 52
34 22
36 20
71 32
39 16
55 5
60 4
66 3
52 32
57 35
11 10
91 68
75 23
53 11
17 8
79 80
18 7
55 17
21 17
5 6
22 17
91 38
61 29
99 27
26 23
78 29
40 36
0 3
39 30
83 34
91 50
26 17
23 0
59 22
56 30
91 58
13 4
82 2
20 5
49 33
74 18
30 1
19 11
28 8
70 5
27 17
39 31
47 31
85 25
54 16
82 74
74 0
33 31
48 21
22 5
67 31
78 35
15 4
30 16
99 72
45 28
72 26
51 32
60 9
82 32
13 6
71 33
91 61
55 31
48 33
26 0
37 12
73 20
28 21
27 23
40 22
18 4
36 17
24 8
33 18
99 73
95 40
88 63
26 36
62 4
78 33
34 30
88 65
60 2
5 4
49 28
78 45
34 27
35 12
15 18
15 3
20 17
99 35
35 11
61 28
35 9
97 69
88 80
95 3
79 34
83 57
69 29
37 18
54 0
59 19
32 11
88 90
91 25
78 44
56 27
31 17
19 16
92 44
95 96
82 8
18 12
33 19
78 30
97 60
47 30
59 17
73 3
30 21
99 55
29 16
30 23
37 3
12 4
53 29
79 53
24 5
48 30
52 21
84 30
86 80
32 5
2 4
22 4
79 82
23 1
25 29
82 31
1 9
56 20
35 20
20 9
27 3
54 19
53 36
91 77
23 6
50 26
91 34
11 3
55 29
8 6
48 19
1 2
61 33
14 10
48 31
91 62
20 1
95 44
76 77
71 18
82 18
82 73
66 32
36 0
59 20
35 21
7 9
40 3
21 3
29 5
36 10
86 42
19 2
36 3
71 21
29 20
8 10
73 22
70 6
75 31
78 73
85 80
56 23
33 20
56 32
19 6
28 22
54 26
17 5
50 29
34 26
15 6
40 29
72 21
79 42
91 44
37 9
33 32
74 31
73 8
28 0
22 6
69 23
70 17
51 35
7 6
39 19
91 81
23 5
66 35
70 7
17 11
75 27
7 2
54 5
66 22
42 5
29 22
27 20
48 32
0 7
41 6
91 40
61 20
92 18
45 31
82 43
11 12
85 53
84 87
99 18
95 77
92 82
82 36
95 61
55 16
95 34
39 0
66 30
35 23
20 6
88 38
75 0
1 4
9 6
95 64
30 20
49 36
37 2
43 4
32 18
35 3
18 3
76 3
31 20
3 8
48 28
26 11
22 12
29 18
99 45
1 12
74 22
60 6
19 8
92 28
18 6
5 9
88 83
23 9
40 30
71 36
76 39
84 45
92 29
24 1
33 16
35 6
21 4
16 4
15 12
84 59
69 32
20 8
91 87
47 21
52 20
50 30
25 26
59 30
40 27
54 1
70 10
59 29
27 11
19 12
91 45
51 21
36 22
92 35
21 18
16 2
16 10
54 27
45 26
54 11
0 12
30 17
71 28
71 19
56 18
99 36
39 26
35 17
93 71
14 12
51 29
19 5
53 5
92 78
21 10
22 10
36 5
78 26
23 7
93 49
39 18
52 5
30 19
84 46
3 6
78 74
72 20
72 35
59 28
27 35
5 3
100 39
55 22
100 95
49 30
49 22
28 16
28 3
48 27
84 36
59 36
82 56
16 17
30 28
20 18
99 78
98 42
4 9
78 56
56 35
82 30
73 21
37 8
22 11
36 18
91 80
93 70
52 22
84 20
85 78
95 78
36 19
78 54
51 31
23 4
28 12
28 5
3 12
84 27
92 54
84 78
99 43
25 31
82 72
93 47
78 36
28 18
59 5
60 3
37 19
95 87
95 92
29 23
64 4
5 11
24 10
17 3
25 28
100 3
24 4
78 22
66 31
33 27
18 9
52 16
20 2
100 78
32 35
22 8
22 7
68 4
31 36
33 36
1 3
49 20
47 26
52 36
11 4
23 3
60 1
7 10
84 32
91 43
57 36
21 5
33 23
55 23
8 9
5 12
78 8
9 4
63 4
50 20
32 30
73 7
5 8
99 22
85 82
1 8
67 27
92 31
74 20
85 42
99 75
82 20
45 27
47 35
92 22
84 44
15 2
51 0
74 16
73 0
14 3
48 36
48 18
99 54
29 0
11 8
83 42
13 10
25 32
88 81
74 29
52 27
69 18
99 44
78 75
0 4
71 23
70 19
95 63
24 9
83 25
72 22
92 56
16 1
86 53
36 8
27 36
29 19
92 43
79 50
83 40
24 6
34 31
61 26
75 26
26 28
16 8
18 8
22 9
56 22
84 31
11 9
22 18
19 9
66 28
29 21
79 78
17 7
52 23
51 16
91 46
84 8
29 28
35 4
75 28
97 78
55 1
88 42
88 45
30 22
26 18
76 69
93 67
84 9
36 11
92 27
51 26
66 27
99 26
23 19
49 18
34 33
51 19
38 4
59 35
99 46
97 39
15 0
78 43
35 10
59 31
50 28
69 30
16 12
52 19
55 18
29 36
61 32
31 7
15 19
34 29
36 23
50 27
82 29
37 6
69 27
95 62
92 32
45 32
75 20
75 18
21 7
55 11
51 18
99 33
1 6
26 16
53 21
59 21
61 36
54 18
27 19
52 29
53 19
35 8
15 11
30 5
60 8
42 10
95 25
39 27
31 35
71 30
22 2
35 16
30 29
82 78
70 9
50 31
54 23
78 87
71 20
69 21
15 5
36 12
53 17
14 9
84 28
84 54
37 5
18 10
49 27
86 25
5 10
48 26
92 74
75 17
19 4
82 55
47 23
23 12
42 3
99 20
66 36
65 4
72 30
47 28
57 3
85 61
53 16
100 2
16 5
19 7
69 26
22 3
88 68
100 41
73 11
74 27
28 36
52 0
31 2
73 35
30 36
21 19
78 2
21 9
84 33
98 78
73 36
23 16
