15 14
40 12
9 38
86 35
83 13
32 31
39 34
86 14
58 8
47 5
74 5
0 7
86 48
59 6
40 4
80 17
21 8
47 6
65 14
15 19
1 24
74 4
25 5
67 8
83 1
25 1
52 2
32 20
60 9
63 8
70 9
50 14
32 23
51 1
58 12
58 23
32 3
41 6
0 1
51 6
63 2
68 10
26 24
25 26
68 13
86 10
86 38
15 16
54 9
51 20
47 49
37 24
47 26
78 1
54 18
51 45
25 9
25 4
60 14
70 14
52 4
68 4
0 8
31 57
53 14
5 36
58 35
43 2
83 4
60 4
41 9
28 2
86 6
6 24
60 48
76 19
8 24
25 10
40 1
80 5
86 16
45 71
32 14
32 6
21 4
58 14
86 18
85 1
86 1
56 5
58 10
58 2
32 1
66 4
32 16
60 10
55 33
12 24
86 2
60 6
47 1
74 2
13 37
23 1
85 37
32 4
74 12
32 34
51 27
28 13
55 9
51 26
59 45
83 6
70 2
15 20
58 1
55 5
47 48
52 14
15 18
28 11
54 2
9 24
55 2
32 8
58 3
54 17
0 6
15 9
85 36
74 10
86 12
61 23
66 9
45 72
68 9
47 45
51 2
63 4
28 9
83 33
16 2
13 24
47 9
63 11
69 13
52 10
55 6
23 24
83 14
39 13
16 38
55 4
74 7
0 13
82 14
51 4
0 10
59 10
87 3
69 2
15 6
51 16
55 20
63 18
55 17
83 5
86 36
86 17
74 45
62 34
55 1
63 31
47 23
21 6
32 12
66 26
20 1
84 18
80 33
0 5
54 4
0 14
74 11
43 9
15 8
47 14
80 81
51 13
42 2
53 6
61 14
86 13
0 4
30 31
84 1
63 14
66 5
84 31
51 14
32 17
51 12
32 13
0 3
68 35
25 2
52 9
74 19
6 36
42 4
42 9
51 5
51 9
52 31
2 24
80 19
56 9
74 6
61 4
64 23
62 3
17 24
5 24
25 12
44 18
65 2
46 45
39 7
61 1
86 33
0 12
54 12
67 45
21 1
47 2
0 2
28 7
79 5
32 18
73 31
86 3
86 81
54 1
84 5
86 34
22 23
86 9
40 5
32 7
86 26
60 17
43 18
21 14
32 29
65 9
58 34
15 17
62 2
63 9
39 31
86 23
86 37
47 10
65 4
56 1
14 72
66 8
65 1
86 11
83 12
55 16
55 8
86 27
84 3
60 49
66 27
83 31
82 2
0 9
53 8
75 24
86 49
86 7
36 24
32 11
86 29
68 31
25 16
63 13
66 12
25 20
32 9
40 3
45 14
86 4
86 19
86 20
40 9
44 45
86 5
69 8
54 31
47 27
43 5
68 45
55 14
38 24
60 45
15 5
86 31
7 24
47 4
13 36
60 12
86 24
61 2
5 37
51 8
25 14
66 10
66 49
85 38
69 49
58 29
47 3
32 33
6 37
66 14
14 24
73 4
51 49
80 14
56 8
28 14
52 13
20 38
43 14
32 35
84 49
43 31
51 17
84 14
83 45
60 2
84 4
28 1
63 17
0 11
80 12
77 34
32 2
86 8
6 38
39 11
74 29
4 24
76 13
47 12
62 13
32 5
28 29
77 13
58 9
63 7
60 3
69 5
85 24
25 3
30 5
16 1
51 23
25 27
32 10
86 45
