6 9
17 20
36 24
97 23
97 12
90 1
122 114
124 11
98 28
69 2
9 30
26 15
11 22
57 2
124 93
116 114
34 17
100 42
70 40
65 2
34 28
77 39
85 2
116 106
10 15
101 43
10 22
117 108
40 24
103 30
70 41
52 31
48 17
79 10
36 13
119 96
124 68
41 24
115 94
102 4
23 5
6 42
34 31
42 17
69 9
42 24
80 4
62 66
13 15
90 46
66 38
117 73
35 37
52 2
25 3
127 31
19 28
26 9
72 18
83 8
116 41
124 92
74 6
106 44
53 9
97 16
51 42
33 43
122 37
121 45
127 74
83 7
107 113
61 3
49 1
49 28
66 37
43 29
11 23
37 23
70 37
44 15
100 17
78 10
21 16
41 13
30 19
37 22
2 18
98 18
33 37
97 19
103 25
122 39
9 23
0 6
30 46
35 38
10 20
100 9
0 7
35 17
78 39
122 67
33 34
52 7
91 4
10 31
124 73
51 39
36 42
119 62
121 51
34 2
80 26
106 14
102 9
11 28
101 35
4 1
124 94
42 28
39 4
1 46
81 38
117 111
23 20
63 2
97 2
74 40
86 35
126 127
115 73
21 27
74 31
52 42
61 28
102 6
117 80
23 1
100 4
22 15
15 20
43 21
6 3
100 21
57 12
116 101
27 12
48 25
102 1
79 2
21 2
124 51
125 99
126 115
8 13
79 41
31 21
0 8
4 29
57 28
106 114
94 44
44 9
118 82
116 74
85 1
11 17
31 17
81 29
59 27
103 3
123 0
9 20
119 110
14 12
76 18
54 10
106 34
121 68
117 114
15 4
10 14
17 4
65 7
35 42
101 37
37 39
41 4
15 2
52 43
20 30
6 30
6 14
7 34
34 25
73 34
102 25
7 31
49 9
76 5
124 103
57 3
33 2
102 14
107 51
89 7
70 39
40 14
88 4
37 26
121 98
81 43
115 51
100 8
20 1
98 31
58 7
103 1
24 25
128 15
34 9
3 1
11 19
69 10
75 7
6 23
33 44
11 14
50 18
49 5
77 10
22 1
74 38
43 23
14 16
40 22
116 68
57 4
14 20
94 37
81 39
43 27
17 2
10 28
124 88
116 84
35 40
16 30
31 16
51 38
24 9
15 28
42 20
62 63
42 13
93 35
114 100
118 106
26 22
117 112
44 36
15 25
58 2
92 38
5 25
78 37
127 66
114 64
77 13
126 124
114 63
106 31
77 40
75 1
26 30
44 2
4 26
54 2
13 30
30 3
121 108
118 108
127 64
60 28
29 9
84 6
43 4
40 15
26 5
52 8
102 28
76 1
21 26
22 9
102 24
40 3
94 43
128 47
115 98
2 29
101 38
73 8
116 44
127 63
121 73
128 33
127 104
124 86
106 63
14 3
58 4
7 42
124 91
114 66
121 113
79 14
38 43
43 24
26 18
21 1
10 18
127 81
37 14
62 15
14 4
42 4
13 4
98 27
44 21
80 29
35 4
2 1
100 31
41 9
8 7
98 4
94 41
48 22
9 1
8 24
100 29
26 3
9 5
54 8
8 36
27 5
121 55
14 28
106 41
98 1
52 35
48 28
118 113
80 39
40 29
70 8
34 30
26 16
107 106
26 28
128 106
24 28
66 8
31 28
128 97
119 82
124 54
118 80
40 27
38 37
79 44
105 59
89 28
121 82
14 13
103 27
11 3
41 2
115 92
107 82
128 98
62 67
88 28
124 66
10 9
14 5
34 15
40 20
58 5
128 61
20 5
115 93
36 26
6 31
30 4
6 13
15 27
99 3
35 44
44 27
39 40
10 3
71 31
24 13
125 90
3 18
33 6
124 65
125 106
44 22
127 35
16 46
7 23
8 21
31 2
51 37
34 1
14 25
86 6
24 30
44 31
71 7
106 40
98 19
57 30
30 1
52 4
101 21
4 20
97 20
80 31
1 25
41 34
121 88
45 2
16 5
93 38
37 10
121 95
14 27
128 60
98 5
16 27
114 14
56 5
30 12
75 9
44 43
122 14
31 3
50 46
4 27
36 17
5 12
41 10
16 18
42 27
119 87
40 23
6 15
95 8
36 30
35 23
70 35
19 2
126 62
63 22
121 66
10 7
43 31
128 99
26 27
98 30
65 9
122 65
118 111
106 104
23 46
38 24
106 101
48 20
100 24
87 10
73 38
97 3
30 28
35 13
19 12
6 36
13 18
7 19
121 64
97 5
42 3
23 18
84 2
119 98
35 14
36 18
99 5
43 30
101 31
75 2
66 35
37 4
51 34
22 28
117 106
26 23
123 102
102 16
101 42
37 43
39 10
2 23
101 7
10 5
29 27
15 46
124 64
124 53
94 40
39 14
122 66
60 3
121 92
63 12
11 12
79 21
80 13
3 19
86 43
41 29
31 20
55 32
34 3
23 16
78 40
4 3
48 18
69 1
20 25
103 28
48 5
106 38
27 46
93 39
34 20
106 66
42 9
69 28
78 7
88 9
48 2
24 4
36 27
31 5
85 4
78 43
34 4
80 35
43 14
38 7
107 114
58 6
86 38
90 28
80 37
36 12
7 1
38 36
102 19
52 37
73 74
65 4
77 31
123 103
16 12
25 5
118 51
100 43
29 12
74 44
80 24
126 106
66 43
77 38
97 27
7 16
9 3
7 22
51 40
21 24
26 25
98 16
104 9
74 35
117 86
78 6
27 25
72 1
83 10
47 5
11 18
36 19
11 24
29 15
102 20
42 21
8 34
37 34
7 5
18 46
33 10
34 18
124 102
7 15
87 4
14 21
63 14
117 51
114 43
44 4
20 9
43 13
70 21
14 2
77 2
40 31
8 6
76 3
69 3
43 42
48 27
44 1
33 31
114 31
21 30
98 2
49 12
80 38
13 20
71 4
51 6
22 12
11 5
115 91
119 109
29 17
128 14
21 12
119 106
71 38
33 41
81 2
22 27
36 1
124 80
40 18
102 3
99 12
80 10
99 46
51 8
29 23
102 30
104 24
116 39
39 42
7 27
31 18
7 21
122 64
43 40
38 42
128 56
31 29
78 24
4 5
40 19
51 2
123 32
104 31
124 84
107 109
11 31
106 37
20 4
86 44
119 112
87 6
12 18
73 44
101 26
43 26
115 52
119 108
116 40
47 3
14 22
119 115
41 39
128 48
5 30
93 41
92 44
10 24
80 9
33 24
101 41
32 28
36 28
62 64
39 29
17 9
118 86
88 6
101 24
85 3
81 21
119 111
67 8
77 42
81 36
121 52
123 94
51 21
119 59
114 65
127 41
26 17
116 67
63 30
10 12
91 5
102 31
97 17
21 25
100 10
34 16
42 23
7 30
38 10
57 9
16 3
98 17
107 86
125 33
40 21
42 6
121 53
79 24
115 117
25 12
43 22
40 16
86 7
81 14
22 46
101 39
22 30
84 7
72 2
114 39
100 13
8 2
10 21
48 29
12 1
13 12
40 2
69 6
19 1
71 21
31 12
5 28
6 17
3 16
36 4
105 106
77 6
29 5
61 9
6 27
71 40
115 62
38 34
74 7
114 34
30 25
57 1
89 5
37 21
101 40
121 69
5 27
36 2
36 21
101 13
42 5
4 13
13 25
102 13
40 13
102 27
68 6
78 34
73 41
33 42
79 38
11 9
2 9
31 27
48 23
22 20
104 10
94 35
98 42
4 24
42 2
118 114
2 28
69 4
121 87
80 2
68 2
79 37
68 4
105 69
78 13
48 4
122 74
123 77
47 28
44 10
31 15
37 40
25 46
87 1
31 23
16 25
122 101
114 74
4 19
27 19
40 36
119 89
69 5
98 21
15 30
101 10
124 87
15 18
58 28
124 122
52 21
40 10
44 42
80 21
85 12
65 10
9 22
42 31
23 30
66 41
122 100
81 4
127 39
102 21
34 26
10 26
40 12
122 43
27 4
78 4
79 42
33 7
107 111
9 46
124 58
102 17
65 8
57 19
17 25
61 46
7 20
40 25
24 26
92 15
122 68
9 16
11 2
81 34
41 44
124 106
117 62
57 20
14 24
44 3
89 18
89 10
63 5
10 19
127 34
124 98
121 67
68 10
74 43
29 18
33 38
88 3
65 6
24 16
95 7
78 42
21 7
4 21
56 3
98 26
97 9
122 104
2 15
121 65
121 111
39 44
23 19
115 80
73 39
106 81
71 36
24 23
4 12
98 7
127 67
70 31
72 3
53 8
4 28
2 3
36 14
17 46
42 25
57 27
87 5
107 62
0 3
39 43
51 35
125 15
102 15
50 28
57 22
45 5
39 34
60 1
80 36
23 17
39 21
49 18
122 44
57 15
79 34
43 5
58 10
100 15
15 19
6 20
104 23
106 35
4 30
31 26
104 27
81 37
37 42
24 19
10 2
19 5
13 27
10 6
63 29
83 4
17 27
78 2
36 23
24 20
39 31
121 80
53 2
81 7
16 28
23 28
83 6
41 26
10 1
124 75
107 73
92 39
37 29
97 25
116 66
124 89
42 16
63 9
87 18
83 2
118 112
70 10
10 30
63 20
124 67
124 62
20 16
71 10
101 34
61 1
38 40
121 96
42 30
88 2
92 35
27 3
99 28
125 56
33 36
98 24
31 4
127 101
25 18
79 31
9 25
73 35
48 1
122 38
36 20
99 9
71 39
34 36
2 30
0 4
5 46
48 3
35 10
56 18
10 13
123 55
7 24
100 2
10 25
70 44
11 15
76 28
11 26
14 9
24 17
48 26
23 4
26 20
9 28
85 9
102 12
22 19
57 17
30 2
2 22
40 26
77 35
73 6
93 37
21 28
73 36
35 34
119 88
26 12
15 12
2 13
35 9
35 24
4 18
119 120
103 18
114 106
4 9
101 4
71 44
26 4
26 1
79 8
35 31
41 36
98 6
107 52
42 26
87 2
103 9
78 41
14 18
7 3
86 8
14 7
43 16
78 38
43 3
3 27
67 2
89 6
70 7
39 24
80 14
63 17
20 12
20 18
20 3
29 16
80 6
0 9
123 80
17 28
29 28
16 4
62 24
10 17
98 22
24 18
79 39
98 9
44 34
71 37
63 24
103 46
13 9
79 35
85 20
52 34
58 18
42 7
20 46
121 15
34 24
57 23
106 65
23 22
98 36
127 38
61 12
124 15
71 14
104 1
117 110
33 13
124 52
77 4
47 12
15 9
37 44
94 38
116 34
57 16
70 4
101 36
23 3
39 13
13 23
33 40
43 2
34 7
91 1
97 30
97 46
123 72
89 4
6 21
64 8
121 122
93 40
96 7
29 30
50 1
104 2
17 18
4 23
78 14
105 33
21 3
21 15
9 19
100 7
44 29
47 1
107 110
21 18
91 3
40 34
81 44
43 36
57 25
88 1
53 7
64 7
84 8
29 1
27 2
107 80
119 66
100 40
0 2
100 44
22 3
38 2
121 59
31 19
13 1
127 100
43 10
116 14
26 19
51 41
45 18
56 46
119 69
51 10
75 8
103 15
31 1
114 81
74 42
33 14
18 12
103 16
34 29
1 19
92 40
35 22
102 7
21 4
74 37
81 9
100 23
92 37
4 17
90 3
101 6
27 18
77 8
91 28
123 93
70 42
36 15
97 1
59 28
77 43
24 2
81 31
25 9
27 28
62 68
72 4
34 27
101 29
44 14
58 1
2 17
121 91
40 9
24 1
116 63
18 25
127 37
126 98
121 75
42 18
81 6
80 7
56 1
114 40
64 6
85 27
11 30
81 26
41 42
35 21
5 19
53 4
17 22
43 17
38 4
69 7
34 5
85 18
22 16
116 64
42 12
71 35
119 113
125 60
36 22
121 102
29 2
17 1
88 5
37 9
97 26
79 13
61 5
54 6
22 4
70 34
41 37
11 4
63 19
75 6
104 14
78 36
29 4
20 19
19 9
24 5
29 3
44 16
54 4
121 11
74 8
79 36
102 29
35 43
36 3
102 2
38 14
102 23
12 46
26 29
63 23
6 22
35 36
86 36
12 5
98 29
124 96
9 27
42 1
124 76
35 39
100 34
51 43
127 40
38 6
11 13
125 85
14 17
43 1
124 69
74 36
114 84
35 2
77 44
77 34
26 2
118 110
37 36
0 5
86 40
51 31
69 18
14 30
7 9
49 3
53 3
100 22
122 31
121 109
10 29
63 31
115 106
71 43
72 5
21 9
42 29
122 35
13 29
102 22
90 18
86 34
97 28
48 16
53 10
87 3
21 19
47 46
26 46
52 39
92 43
70 6
115 103
29 19
63 21
38 9
63 3
63 18
11 21
88 10
100 14
118 52
2 27
35 26
80 34
14 26
2 19
34 12
77 14
106 84
34 22
62 65
8 42
114 37
29 22
6 26
39 17
17 12
49 46
80 40
2 5
27 9
77 41
2 25
6 24
128 50
44 40
4 25
63 27
9 15
11 1
21 23
91 18
7 26
116 100
25 28
99 1
104 34
63 13
63 25
79 7
89 9
8 31
118 62
67 7
52 6
100 26
43 15
51 4
19 18
98 14
72 28
12 9
114 104
31 7
66 7
101 14
19 46
23 2
121 84
13 16
114 38
45 28
13 26
97 15
50 3
75 4
81 41
122 34
89 1
80 44
6 29
118 109
116 104
38 23
114 41
17 5
51 14
104 40
22 2
52 41
119 15
127 43
123 78
127 65
34 14
4 15
118 73
64 2
128 85
104 18
74 39
103 2
15 5
127 14
85 25
22 25
62 27
122 63
99 18
103 20
44 24
1 18
106 43
80 42
89 3
36 31
123 76
36 29
121 112
9 17
71 34
24 27
56 28
22 5
98 12
6 4
29 25
102 18
81 10
115 118
115 76
70 43
16 2
106 68
63 36
22 18
27 1
104 13
34 13
36 9
122 41
85 30
16 1
44 26
36 25
5 18
116 43
127 44
81 40
119 121
74 14
64 10
101 44
13 2
17 19
12 3
116 81
84 4
10 23
57 18
70 14
38 13
121 83
74 41
72 9
116 35
87 28
78 31
36 6
116 31
42 22
123 79
9 18
52 10
61 18
124 95
123 91
47 9
31 22
96 6
98 13
52 36
63 42
4 2
104 7
15 3
20 28
57 46
93 15
3 5
81 42
11 20
103 5
62 13
43 20
82 28
39 2
97 22
88 18
58 3
53 6
35 29
71 41
71 42
14 23
36 7
14 19
29 20
85 46
68 8
24 22
37 24
114 101
43 34
74 10
20 2
38 31
91 9
0 1
121 93
60 46
85 5
121 106
77 37
49 25
13 22
128 127
103 4
43 9
123 33
115 45
17 3
125 97
23 27
24 29
7 13
121 76
127 84
78 8
10 27
86 41
115 102
23 12
38 21
106 100
2 24
17 30
116 37
77 21
128 124
77 7
107 112
45 3
21 22
30 18
34 19
81 8
41 38
121 103
127 106
24 15
101 2
51 36
73 40
40 17
39 26
122 106
122 40
128 49
11 25
44 17
123 92
14 15
33 8
93 43
21 29
3 46
16 19
64 4
30 9
88 7
48 15
20 27
71 6
11 7
73 37
39 23
16 9
80 8
115 107
106 64
1 28
7 2
105 62
43 7
41 40
77 24
87 7
4 22
0 10
39 15
23 15
87 9
63 26
12 28
85 19
14 29
104 4
76 9
114 67
48 12
31 25
21 13
124 45
23 25
21 17
42 14
70 38
117 113
33 35
78 44
31 13
14 1
91 2
79 4
34 42
86 37
98 23
44 30
48 46
51 7
63 15
123 70
42 15
86 74
73 7
39 6
31 14
7 36
96 8
98 20
17 15
17 16
41 7
92 41
77 36
100 36
70 36
25 1
48 19
21 20
19 3
106 39
4 16
45 1
47 18
60 5
34 21
45 9
21 5
68 7
79 6
107 108
119 95
67 4
36 5
127 68
67 10
51 44
128 90
125 59
98 3
121 86
121 58
122 84
121 89
52 14
98 15
123 45
10 16
29 46
37 13
114 44
75 10
78 35
80 43
6 5
74 4
100 6
44 23
30 27
97 18
125 98
85 28
36 16
73 43
103 12
41 43
44 5
11 29
8 4
39 9
116 38
37 31
37 17
41 35
79 43
3 12
63 16
58 9
38 39
89 2
116 65
2 20
105 98
11 16
31 30
122 81
39 22
79 40
24 12
121 110
33 39
9 12
41 21
28 46
104 28
104 15
11 27
44 20
90 5
10 4
19 25
3 30
41 31
4 14
102 5
78 21
84 10
86 39
97 4
13 19
105 15
81 35
104 5
52 44
106 67
39 7
38 22
30 5
6 34
75 3
6 2
117 52
115 116
103 19
97 29
85 16
60 18
63 10
38 26
2 16
104 3
52 40
31 9
13 3
115 86
7 4
3 28
123 71
71 8
40 30
52 38
119 58
50 5
13 28
15 1
40 42
13 5
67 6
127 114
117 82
94 39
23 9
38 44
102 26
38 29
81 13
18 28
106 74
7 14
37 2
98 25
81 24
38 17
121 54
33 21
24 3
57 5
93 44
31 24
94 15
42 19
8 14
121 62
103 22
44 13
75 5
117 109
33 4
95 6
5 1
121 94
48 9
34 6
41 14
34 23
74 34
39 36
66 6
6 7
54 7
2 12
13 17
114 68
80 41
48 30
114 35
