26 3
8 29
17 13
52 15
38 2
20 2
46 6
17 1
27 13
53 9
46 5
45 5
12 4
54 13
43 4
45 1
56 8
52 14
2 30
46 7
52 1
18 4
40 6
35 6
24 11
16 1
7 30
41 5
27 8
53 5
26 12
26 8
54 10
31 6
16 9
17 8
39 8
55 3
45 10
23 6
51 9
16 5
28 8
38 4
0 5
14 29
0 3
21 5
55 12
22 6
34 4
5 25
55 14
41 1
28 7
34 12
47 10
40 11
33 8
44 7
36 1
33 12
56 3
42 10
45 6
43 3
19 6
24 5
45 12
6 29
37 9
24 1
44 2
45 2
23 14
17 14
44 8
3 30
51 3
26 10
18 11
31 14
37 6
8 30
36 12
27 14
24 12
16 15
55 1
20 14
36 8
53 8
55 5
41 13
34 3
37 3
37 8
56 7
32 14
37 10
0 2
53 14
48 11
22 11
28 10
52 10
38 9
48 7
52 12
51 14
48 13
33 11
42 9
50 10
6 30
0 14
26 14
35 13
53 13
21 15
50 3
18 13
44 13
51 15
26 13
56 12
16 12
53 1
52 5
18 9
49 7
54 7
51 7
21 8
17 3
17 12
2 29
53 4
36 9
32 15
28 5
54 3
55 13
48 2
48 8
24 6
41 3
16 2
0 15
53 2
18 14
40 1
36 13
28 11
28 2
44 11
51 8
40 2
28 6
39 6
20 3
35 2
54 9
18 5
36 6
18 12
47 2
20 8
8 4
46 10
34 5
34 9
54 12
28 4
23 7
53 15
31 15
55 10
15 4
41 7
50 1
24 9
47 8
36 3
44 6
22 7
56 6
45 3
52 9
19 2
17 6
0 13
21 2
51 2
43 6
23 11
22 14
9 4
28 12
20 11
5 30
42 12
40 14
42 13
54 5
34 6
34 2
51 4
38 5
24 15
12 30
16 10
51 11
14 25
3 4
49 11
50 2
37 15
26 6
27 5
38 7
33 5
50 12
39 15
19 4
46 14
31 7
27 7
51 10
55 9
37 12
54 11
1 25
37 2
27 11
55 2
44 12
49 12
35 10
37 5
49 3
52 4
52 8
12 29
33 13
31 9
33 3
23 3
55 11
46 3
44 1
0 8
19 5
10 25
31 10
20 10
45 9
27 3
13 29
33 1
44 9
41 14
27 10
37 11
19 7
39 9
18 2
47 5
17 10
35 15
51 13
54 15
22 9
40 3
22 8
42 15
47 15
31 5
17 4
27 12
44 3
33 10
39 14
49 6
50 5
20 6
33 15
10 29
40 12
19 3
32 5
1 4
23 12
23 13
33 9
51 6
50 6
56 2
28 14
16 4
49 2
15 30
0 7
27 2
43 2
54 8
21 9
21 6
52 11
15 29
20 7
26 15
55 8
26 11
27 6
16 11
5 29
53 10
38 13
57 58
32 9
27 4
0 10
50 7
53 6
32 8
18 8
17 15
32 11
47 4
28 3
42 4
48 6
19 14
49 15
53 12
49 4
35 11
45 14
46 13
45 13
39 7
38 15
44 4
56 5
47 11
0 6
16 13
52 6
46 12
50 13
1 30
40 8
34 10
32 13
57 25
1 29
56 15
56 10
7 4
39 4
40 5
19 13
54 1
17 11
22 2
34 13
22 1
41 4
49 9
47 9
19 11
40 9
45 4
36 15
36 2
50 11
41 6
26 9
34 8
16 3
46 9
21 11
26 7
56 9
20 1
18 15
3 25
16 14
33 2
41 10
54 14
46 11
23 5
18 3
40 4
52 13
44 14
27 15
2 25
45 8
36 11
23 9
20 5
19 8
52 3
37 4
22 5
36 14
0 9
20 12
28 1
35 1
55 4
27 9
50 8
35 4
48 10
3 29
43 14
18 6
44 15
38 12
50 9
5 4
50 4
34 7
51 12
43 9
45 11
21 13
47 6
35 5
34 15
19 15
8 25
48 5
41 12
28 9
48 12
43 13
38 6
41 11
17 7
32 7
34 1
55 7
52 2
50 15
56 14
46 15
50 14
42 8
40 10
43 5
53 3
42 14
21 3
17 9
35 9
52 7
35 3
55 15
31 12
0 12
47 7
56 1
22 15
43 11
49 1
31 8
31 3
31 1
40 15
38 10
45 7
33 7
46 4
51 1
37 13
26 1
20 15
56 11
43 12
21 1
24 4
39 3
51 5
42 7
27 1
53 11
37 1
23 2
19 10
16 6
36 5
38 3
37 7
19 9
2 4
49 8
40 7
16 8
20 9
39 2
28 15
54 2
53 7
42 5
21 14
26 2
23 15
18 10
32 3
26 4
43 15
15 25
23 1
44 10
31 13
35 12
34 14
47 14
55 6
33 14
32 1
47 1
32 6
41 9
35 14
24 8
31 11
43 8
19 1
43 7
22 3
41 8
45 15
18 7
39 13
43 10
46 8
32 10
31 4
38 8
21 4
48 1
16 7
0 1
7 29
41 15
19 12
18 1
17 5
22 4
42 11
39 11
49 5
49 10
38 14
23 8
34 11
46 1
24 7
33 6
32 12
17 2
38 11
42 3
42 2
38 1
21 10
28 13
24 25
22 13
48 9
37 14
0 4
56 4
36 7
13 25
41 2
47 13
42 6
48 4
54 6
39 1
23 10
42 1
35 7
40 13
20 13
32 4
43 1
48 15
48 14
26 5
39 10
21 12
12 25
46 2
35 8
48 3
39 12
56 13
31 2
36 10
20 4
54 4
49 13
22 12
32 2
39 5
47 3
49 14
0 11
47 12
22 10
21 7
44 5
6 4
