98 12
59 45
84 12
32 21
90 38
84 15
102 2
61 16
104 15
90 40
56 26
31 21
102 35
69 16
107 35
110 15
91 9
74 17
98 2
107 42
72 28
0 11
66 25
107 108
61 12
72 21
56 5
52 38
91 38
81 34
50 39
101 1
99 5
69 23
89 8
17 59
79 8
84 39
90 36
105 19
104 37
4 59
75 1
56 9
61 14
77 33
107 18
50 1
74 19
71 14
90 16
75 4
74 28
98 23
13 2
71 8
0 10
103 4
69 9
56 23
61 18
75 26
98 9
32 37
74 35
73 11
98 35
107 4
50 17
30 29
105 60
110 14
32 17
32 7
91 33
80 42
74 37
84 23
73 19
83 36
32 15
87 2
96 23
4 28
72 5
75 15
66 41
69 1
27 28
56 15
84 41
75 11
63 26
100 19
74 34
54 26
91 22
96 12
52 19
32 2
75 38
98 5
107 34
105 14
52 3
18 29
61 33
73 1
107 23
24 8
71 11
77 5
90 1
52 36
96 38
63 28
103 35
87 33
52 26
71 1
107 8
104 23
56 38
32 33
84 3
104 33
106 34
70 2
92 34
61 8
61 25
35 58
96 18
104 7
103 1
98 26
91 25
99 21
103 5
104 21
66 2
35 1
91 39
69 10
84 38
66 1
69 35
73 3
43 34
92 5
91 2
52 18
96 28
9 65
52 17
50 21
52 2
9 60
69 7
93 26
80 6
54 11
107 41
93 41
97 37
96 11
32 19
91 18
69 41
101 12
52 42
90 11
91 14
99 26
63 6
73 17
55 5
104 19
68 7
14 29
104 4
84 7
107 29
24 26
98 10
55 28
96 5
11 60
112 17
9 29
72 11
103 8
73 37
80 3
35 60
43 9
69 38
69 2
91 11
61 10
77 2
66 17
93 33
79 33
111 9
50 11
73 23
61 41
96 1
104 22
50 4
103 18
93 42
80 16
105 29
56 40
0 3
80 28
80 17
96 26
71 9
101 28
32 35
56 3
103 2
104 34
107 22
56 16
102 53
52 6
104 8
98 11
91 40
81 7
96 16
87 16
107 7
61 23
91 4
63 5
68 1
61 9
66 21
77 1
38 29
62 28
56 8
93 18
43 5
80 5
50 42
88 36
56 6
91 34
103 37
13 11
84 16
63 17
0 4
96 14
98 14
90 21
72 1
103 22
49 15
74 21
35 59
55 12
103 34
43 1
93 17
107 45
69 21
61 42
63 37
75 35
104 3
84 19
84 8
57 25
61 19
103 16
84 18
63 35
32 1
107 19
91 8
75 42
104 17
52 40
107 9
107 39
91 15
32 18
84 9
50 35
91 17
79 2
61 36
56 10
99 1
75 14
101 35
80 33
7 59
54 6
63 15
0 12
13 9
80 21
41 29
84 21
71 3
4 47
96 3
92 36
75 37
13 5
90 26
54 5
13 7
77 7
20 2
69 8
61 3
56 34
69 3
71 53
80 4
49 21
75 34
32 41
12 44
20 22
56 33
32 28
63 34
63 2
72 22
96 35
43 22
34 29
52 15
87 25
92 1
107 16
7 45
32 42
32 12
50 2
63 12
73 8
32 39
63 1
66 6
107 21
96 34
63 33
56 42
90 8
110 2
32 5
77 11
52 35
33 44
50 18
73 28
48 18
80 7
94 12
55 17
91 28
43 37
7 44
61 26
75 2
56 1
73 34
105 45
69 4
4 45
49 2
107 44
43 2
96 21
13 17
73 26
13 15
32 11
0 5
72 15
61 2
75 10
107 30
102 42
61 38
104 38
84 33
80 38
50 22
105 44
32 25
69 11
21 29
43 21
104 25
98 33
7 60
56 36
13 8
94 21
90 41
107 37
103 39
52 16
87 18
32 16
84 11
101 42
56 37
83 9
2 29
111 19
57 15
63 7
107 3
28 29
61 7
4 46
52 10
93 6
103 28
107 78
50 40
96 7
103 23
92 26
90 2
84 26
33 45
103 33
73 42
52 8
9 51
80 35
66 11
52 53
72 36
56 12
52 11
63 38
84 28
55 7
0 7
50 16
87 35
77 42
73 41
69 5
57 2
81 37
69 15
61 34
98 22
96 17
32 9
72 19
54 33
98 34
104 9
88 22
34 44
56 35
48 1
50 23
74 33
46 47
74 3
52 12
98 17
4 29
92 15
61 37
90 19
32 23
69 34
101 21
69 36
85 11
77 60
35 29
32 8
52 41
52 7
69 14
82 42
52 21
77 26
54 8
107 12
90 7
20 23
90 15
93 5
103 41
107 11
90 22
77 15
82 17
98 3
64 2
77 6
32 34
68 28
43 15
4 60
92 33
84 1
52 1
33 47
92 4
0 8
93 25
72 38
87 11
92 3
77 14
107 36
96 33
50 8
91 19
56 19
87 28
75 21
90 28
90 25
69 33
24 25
105 59
66 33
91 36
13 14
96 8
61 53
73 18
61 5
78 29
52 9
69 28
52 14
52 5
92 17
32 22
32 38
107 6
9 44
90 12
71 2
103 38
73 21
74 5
96 4
72 9
80 36
84 4
103 6
66 3
72 8
66 19
107 40
66 7
71 17
98 28
99 35
77 17
103 3
50 19
56 21
61 11
93 4
13 18
43 26
56 28
91 26
84 40
56 17
61 28
55 18
107 65
61 35
84 25
63 41
50 33
93 11
57 17
56 4
107 2
104 1
92 25
72 2
84 5
91 37
91 7
107 15
79 35
13 19
8 29
44 29
74 15
56 18
96 41
79 34
52 39
52 34
91 10
94 26
70 21
88 41
92 21
69 39
103 14
66 28
75 25
101 39
9 59
43 14
34 51
56 25
104 5
74 7
63 11
0 2
69 53
107 25
84 37
77 29
94 33
104 41
103 17
77 16
90 3
61 4
107 17
70 1
95 29
68 35
107 28
13 16
82 21
69 26
57 21
61 6
94 9
52 22
32 40
61 1
103 15
104 6
75 5
96 22
75 17
25 29
80 26
92 6
90 35
87 9
63 14
52 23
32 4
45 29
89 21
75 6
91 5
107 33
0 9
107 38
100 26
51 29
104 11
103 10
69 42
104 18
96 25
4 44
84 2
74 1
107 5
102 15
66 8
110 25
32 36
91 12
77 19
33 29
56 11
81 5
70 15
93 3
57 18
61 22
101 3
50 6
102 28
77 22
103 19
73 33
68 2
86 21
104 28
56 7
96 39
13 10
87 8
9 45
63 3
107 53
32 3
61 15
56 2
52 4
103 12
73 16
64 26
61 39
70 9
75 23
103 26
107 10
75 16
73 7
104 2
73 6
107 26
89 33
107 109
110 9
50 15
59 29
56 22
52 33
96 15
32 26
70 19
26 44
91 1
75 9
91 16
76 25
66 22
50 9
54 3
80 25
15 29
32 6
107 95
63 21
92 8
50 25
104 14
100 41
107 14
105 58
79 40
64 21
50 28
77 21
84 6
91 23
66 18
66 5
61 40
20 21
84 35
98 6
4 65
96 9
98 21
52 25
91 21
0 6
91 42
107 59
73 15
0 1
74 6
94 15
54 28
4 11
70 40
96 6
61 17
102 18
107 1
63 9
103 9
75 33
96 19
94 17
104 26
32 10
67 38
84 17
74 26
66 9
49 35
93 22
110 23
96 42
104 35
103 21
69 19
73 25
74 2
61 21
69 37
55 16
91 35
96 2
47 29
52 28
103 25
71 15
105 95
92 37
33 46
94 2
92 14
69 25
91 6
111 17
