2 34
21 3
120 33
76 56
41 6
35 39
39 32
141 58
37 6
62 17
59 28
49 58
130 122
23 14
3 4
121 8
119 6
7 32
22 2
25 15
36 11
37 19
130 75
135 103
56 55
105 50
63 18
30 8
42 22
118 14
68 35
43 3
116 17
68 38
122 31
108 17
114 53
30 18
75 58
93 43
87 32
130 93
38 33
107 12
129 84
55 40
43 17
33 2
4 18
83 50
2 19
23 6
128 93
134 86
97 4
95 57
7 30
39 40
136 85
38 22
26 19
31 18
42 29
21 39
55 28
21 29
8 15
63 6
0 2
37 15
18 12
4 29
133 47
80 30
84 58
128 122
23 8
5 32
134 135
27 6
9 13
52 34
86 13
66 10
26 13
32 2
44 6
50 23
119 28
40 25
80 34
22 32
80 17
50 30
64 16
130 52
44 8
141 104
3 6
25 2
103 2
138 102
120 6
119 23
23 26
50 22
108 4
142 90
39 9
72 50
55 41
44 5
36 2
141 95
68 39
128 72
131 20
77 12
88 41
142 102
103 42
35 40
17 13
116 12
57 53
62 9
31 19
137 69
119 3
105 54
141 65
62 19
109 15
130 76
51 53
134 114
141 101
67 71
11 17
54 59
123 2
30 17
43 36
51 59
128 52
27 19
133 20
51 23
87 33
30 24
1 15
126 101
75 54
24 11
7 3
55 42
4 11
87 19
118 16
135 122
14 11
87 37
2 16
39 14
52 51
65 2
127 126
98 55
85 3
142 109
31 40
42 24
129 121
27 3
43 9
137 94
30 38
120 14
102 17
32 9
134 94
138 126
9 1
127 105
7 26
137 61
19 16
57 54
109 5
90 30
134 24
16 13
23 35
32 19
76 51
62 39
24 29
126 76
99 53
98 7
33 27
114 39
40 15
141 51
51 39
25 6
38 24
141 75
69 2
42 2
31 16
79 58
35 12
133 89
58 50
137 113
134 120
28 25
69 7
109 4
110 7
123 36
92 2
134 60
1 16
48 8
121 40
98 38
62 6
126 123
109 14
51 2
58 54
37 17
26 25
77 14
115 7
104 52
26 6
41 14
57 41
18 14
126 31
50 34
1 5
135 75
4 17
30 13
99 57
54 43
122 6
126 103
137 92
33 9
134 91
6 36
133 24
42 34
129 127
39 22
69 14
55 33
141 71
45 18
142 87
82 7
120 40
68 16
43 16
78 54
126 74
2 31
6 8
0 7
67 24
6 12
9 17
76 59
21 2
135 104
38 17
62 14
29 37
130 53
97 17
114 42
56 54
33 24
133 67
89 17
122 16
93 7
42 28
99 55
114 35
58 51
53 28
59 24
140 114
4 36
87 9
7 22
137 46
45 32
55 35
83 54
98 54
27 12
54 42
85 1
49 57
64 17
137 86
22 17
31 4
25 37
1 32
107 6
36 18
55 50
129 111
34 13
24 1
62 2
128 59
7 14
61 2
121 24
91 30
38 18
92 6
134 72
108 2
24 14
135 123
108 5
43 35
2 26
137 74
34 3
134 69
79 7
130 119
120 29
103 51
119 27
30 1
25 32
28 36
41 35
95 42
54 34
62 3
108 13
108 7
122 4
63 16
62 5
21 16
80 13
43 18
2 5
18 5
135 55
37 14
43 34
135 57
53 29
76 50
1 37
54 50
135 124
31 1
50 6
36 19
5 16
35 18
31 15
90 41
26 36
106 14
1 22
7 29
64 7
95 54
97 25
32 18
97 9
123 7
12 11
136 121
42 6
38 12
126 119
120 32
107 2
119 53
58 42
114 43
120 17
89 3
27 36
109 3
16 37
134 126
141 93
23 3
119 36
62 27
2 22
6 18
130 51
9 12
27 5
141 119
18 1
134 108
18 4
22 15
126 51
84 7
95 53
25 11
66 17
63 1
41 9
104 23
97 6
51 33
97 27
134 67
135 41
95 43
34 40
48 15
115 13
89 14
44 3
134 121
37 11
95 50
97 28
141 122
34 14
134 70
97 32
124 55
84 50
26 1
2 32
25 8
41 16
103 52
91 43
122 5
138 139
92 35
53 24
91 54
36 1
126 69
119 30
8 9
26 14
23 31
12 8
81 3
122 30
68 33
21 31
64 6
132 128
39 24
118 1
31 6
104 43
104 41
133 117
137 71
51 55
54 38
55 26
116 6
40 13
7 23
135 93
16 11
137 111
63 15
2 1
124 54
51 43
102 5
43 5
90 50
78 76
107 17
21 13
21 27
115 33
28 18
57 38
122 2
134 20
133 72
44 4
24 37
115 23
48 9
109 12
8 10
137 77
114 34
81 6
4 9
7 34
34 9
104 51
25 14
87 8
28 37
92 17
87 23
137 107
87 18
134 47
56 41
87 29
22 9
39 19
110 13
132 83
27 2
26 29
23 40
134 65
29 1
140 137
122 1
67 68
53 27
3 29
137 91
55 22
29 19
69 1
66 6
130 104
43 14
91 56
27 37
87 22
119 31
78 51
3 19
103 50
127 91
102 16
43 25
104 30
83 57
77 7
31 32
56 34
62 26
21 1
32 11
104 38
29 4
53 40
141 73
136 91
62 18
98 2
123 55
98 23
61 7
102 2
8 13
134 49
83 55
92 31
137 64
120 34
77 1
116 16
126 128
14 15
122 12
36 5
54 31
80 16
86 4
68 1
102 32
129 114
24 17
33 8
138 115
90 53
114 59
120 31
18 11
134 96
126 72
30 7
42 11
55 2
50 31
125 90
53 55
18 10
104 56
133 46
95 52
3 15
58 7
131 105
7 13
42 40
52 23
124 52
38 2
22 14
141 69
39 2
111 59
29 13
2 3
23 27
108 3
87 27
134 82
120 43
11 5
59 35
121 14
52 53
87 3
135 68
137 67
42 17
86 17
62 31
109 16
84 76
105 75
28 31
27 8
44 18
116 4
72 53
114 2
110 1
22 37
43 31
79 59
54 35
53 43
68 34
7 43
62 36
53 31
111 55
80 31
50 1
130 73
142 21
97 13
53 23
104 55
62 1
6 22
134 111
31 12
33 37
29 11
78 42
120 30
76 53
86 35
50 33
91 50
3 18
50 2
76 57
7 24
23 13
115 39
85 4
128 41
59 50
7 41
8 12
90 54
141 52
97 18
6 29
31 37
97 22
59 30
129 132
31 11
9 15
2 30
131 67
77 17
80 29
44 19
103 59
7 9
5 18
124 76
130 57
79 53
41 27
66 11
85 16
141 82
92 36
42 1
119 41
64 5
111 54
122 40
92 13
129 131
42 7
120 22
50 24
116 1
66 14
24 13
33 16
129 99
34 29
58 59
128 74
98 56
123 50
120 38
53 26
118 3
125 67
21 17
53 35
130 124
93 23
138 48
91 2
126 56
119 38
80 35
7 12
115 41
21 25
109 17
121 19
27 25
37 1
80 40
45 13
67 74
2 4
83 76
132 91
24 36
75 51
14 17
18 15
128 96
4 15
68 29
14 8
81 2
45 4
115 22
128 51
43 29
11 14
23 12
8 18
67 70
21 22
86 36
31 17
21 8
43 13
32 1
59 53
140 141
83 53
36 16
97 14
62 35
90 7
55 25
45 5
38 1
137 84
84 54
30 35
68 42
27 13
68 40
50 29
126 59
110 14
138 63
14 12
44 11
32 16
114 24
84 56
77 4
120 11
136 79
57 7
124 53
110 12
2 8
49 53
24 8
23 32
22 8
89 16
56 42
62 28
67 30
120 9
69 5
59 55
45 17
59 38
4 25
109 1
49 54
104 7
33 14
115 2
141 126
115 30
28 4
36 9
80 14
63 2
120 7
26 32
30 6
131 128
41 28
121 12
92 40
51 42
28 6
35 24
26 3
90 2
56 38
55 4
56 28
45 1
99 50
95 51
97 33
84 53
137 65
1 17
2 29
67 40
43 19
4 19
80 2
59 43
133 108
127 83
129 120
45 8
6 17
26 40
130 58
44 10
106 17
20 10
21 36
29 5
35 15
102 4
102 15
24 9
31 8
3 14
141 72
49 56
120 12
102 18
94 2
15 10
129 49
140 115
82 2
27 16
93 59
115 14
3 11
121 32
36 6
134 92
27 32
39 37
12 15
42 18
115 9
85 17
34 6
21 7
120 39
25 18
33 4
42 16
43 37
9 16
88 53
102 19
26 8
93 56
129 86
74 7
38 4
76 42
87 38
97 7
1 12
81 4
41 37
19 13
42 19
118 13
142 63
63 19
30 32
21 9
105 52
37 5
123 43
88 57
111 53
137 121
48 19
137 72
59 34
45 37
21 32
18 16
134 100
69 6
68 36
29 22
134 101
18 6
129 67
86 12
116 7
30 9
17 15
16 15
89 13
68 26
28 2
26 5
52 30
45 15
102 12
35 5
68 12
137 85
3 5
44 1
120 27
118 17
19 17
106 3
43 8
19 5
142 115
32 8
130 71
128 54
106 2
34 26
142 44
134 112
107 3
3 1
33 22
80 43
66 15
35 31
115 18
78 58
56 2
107 14
21 23
142 24
75 57
34 16
135 53
12 18
69 3
68 28
9 5
105 57
19 15
54 33
106 7
53 42
35 22
5 22
3 9
121 36
35 8
25 1
94 7
122 17
64 14
48 18
30 3
137 116
6 11
8 3
137 99
128 70
126 71
63 17
127 84
123 35
42 3
23 9
23 33
37 13
38 19
86 40
50 4
38 37
12 13
114 51
79 57
121 31
50 35
69 12
55 27
132 49
84 75
129 130
37 8
135 70
128 75
97 19
75 59
30 27
65 7
87 4
120 3
138 24
136 120
62 29
54 30
23 11
85 15
27 18
50 7
29 17
2 6
41 11
128 71
40 16
19 1
55 1
6 9
87 16
41 40
44 14
53 38
3 37
3 25
21 24
2 37
16 12
109 10
34 1
87 30
128 82
114 28
140 129
135 73
122 35
4 1
23 34
53 34
134 85
36 29
130 72
27 26
31 2
89 12
28 40
21 19
43 22
26 16
19 12
141 70
123 30
97 26
30 40
29 2
38 29
130 65
104 42
81 5
40 17
86 16
4 5
133 113
34 4
99 52
91 42
123 24
53 33
5 12
66 12
129 126
6 15
67 72
121 15
109 6
83 59
23 39
43 7
83 75
103 41
44 37
64 4
84 52
114 50
28 9
5 37
128 95
28 17
124 50
137 83
6 37
11 4
86 3
109 19
43 38
36 4
142 66
2 35
24 4
62 25
127 49
86 31
36 25
126 75
68 2
87 14
17 8
3 16
37 4
130 128
2 13
62 24
115 31
63 37
90 59
121 25
141 103
99 59
115 32
38 13
117 7
75 50
127 128
9 3
80 1
93 55
42 27
103 30
28 33
115 3
38 5
115 27
25 16
94 4
141 76
92 5
122 24
43 27
38 35
119 35
134 97
66 16
51 28
108 14
69 17
28 13
92 12
124 56
26 4
87 43
40 18
4 37
29 18
41 7
9 10
3 13
50 43
36 3
130 69
43 4
48 1
130 126
68 30
38 34
129 83
114 7
4 32
14 13
103 23
28 19
27 22
115 12
37 10
126 50
23 37
43 32
55 5
23 4
128 104
35 2
50 42
26 9
11 15
46 2
33 29
142 141
87 17
24 25
42 8
141 128
43 6
7 6
55 39
129 91
97 35
119 50
107 5
7 35
89 1
55 7
7 2
84 55
135 96
52 43
127 67
68 41
2 40
22 18
102 40
135 126
55 6
37 16
128 56
35 4
41 32
99 24
21 35
45 9
68 22
28 29
92 4
4 8
4 26
55 36
6 40
22 6
2 24
41 18
128 55
56 50
51 35
8 2
62 8
84 51
57 43
29 14
88 59
128 58
9 14
43 30
80 24
21 4
79 50
35 13
115 6
28 27
40 2
62 16
32 3
135 74
59 31
53 4
142 45
22 1
28 15
78 41
77 2
56 35
126 122
122 43
44 16
54 23
34 12
111 51
40 9
39 5
102 9
115 36
135 50
133 110
126 65
45 25
39 13
134 61
48 17
58 53
29 8
40 22
34 36
51 50
23 5
118 4
123 41
68 4
77 5
22 12
59 7
131 83
31 5
72 55
93 42
7 38
27 29
42 25
1 11
107 16
39 1
34 31
31 25
120 41
142 114
93 38
123 53
78 55
98 41
68 31
134 106
107 13
118 5
126 54
59 42
30 16
43 24
87 5
106 1
130 101
41 1
42 26
24 5
115 17
23 2
54 51
52 38
32 4
63 12
57 55
52 7
110 4
56 59
93 30
120 4
6 1
87 39
52 35
87 2
23 22
39 17
25 4
54 7
116 14
93 52
95 41
115 5
130 41
87 11
137 106
91 38
41 31
18 13
117 2
43 40
59 41
8 17
27 17
26 17
66 5
54 41
98 50
13 9
38 31
13 18
28 8
40 14
126 70
8 4
103 43
88 43
89 7
28 22
75 56
115 25
57 30
56 53
28 26
11 13
55 30
137 82
91 55
48 4
42 14
8 14
121 29
124 59
62 33
128 50
136 92
87 24
6 25
3 40
38 28
40 1
104 53
133 126
118 6
137 135
108 12
29 25
32 5
90 43
115 29
69 4
30 39
56 7
92 1
58 41
22 13
66 13
1 18
84 57
48 16
40 5
64 2
56 51
18 9
43 12
121 2
78 52
87 28
113 7
120 24
28 14
50 32
76 54
123 4
26 37
86 7
54 39
34 18
110 16
121 4
87 25
28 3
97 5
67 36
8 6
87 42
23 1
67 43
88 7
141 57
133 129
24 27
57 2
93 50
28 32
134 115
45 2
134 46
35 27
38 25
9 4
136 111
80 3
57 50
121 11
43 26
2 27
2 25
41 34
2 18
41 2
102 29
138 114
136 78
125 126
33 11
86 15
49 50
110 6
42 12
119 39
33 12
93 54
39 26
129 118
62 11
137 96
58 56
110 2
98 59
26 2
34 35
121 3
136 99
142 126
107 1
50 25
102 36
60 7
121 26
111 57
75 53
115 4
62 22
134 73
39 18
62 15
126 95
25 5
36 8
97 31
97 1
40 32
11 6
22 3
135 58
49 51
28 24
26 22
129 115
90 56
114 30
6 13
122 41
84 59
135 69
6 32
34 39
29 40
79 56
75 7
79 52
42 33
116 13
34 5
133 106
141 124
121 6
135 56
89 5
70 7
81 17
105 59
137 118
37 2
134 71
35 19
119 43
88 55
104 54
123 6
36 14
48 3
118 10
21 37
37 9
29 3
41 36
135 101
41 43
134 105
115 42
111 50
38 9
63 13
137 115
142 48
85 13
87 26
35 14
92 14
36 22
57 51
72 76
80 6
38 23
111 24
85 6
35 6
3 8
97 29
59 4
79 54
130 70
3 32
31 22
126 124
123 34
41 4
120 28
121 13
42 9
79 42
114 55
39 31
137 47
135 128
86 2
120 26
4 13
115 16
126 104
38 6
34 33
121 16
42 30
19 10
36 40
42 38
104 50
7 17
34 7
0 6
80 36
31 24
85 2
48 13
98 43
31 14
55 31
87 12
18 3
42 5
42 23
98 52
2 36
133 134
128 124
95 56
130 74
39 33
62 32
16 8
120 2
120 18
22 16
59 23
41 39
126 96
38 14
9 6
41 8
59 39
128 101
121 9
120 5
120 36
43 23
55 23
141 56
119 33
25 19
120 1
134 83
39 36
87 1
68 23
30 34
135 71
128 123
33 25
77 6
114 31
3 26
45 19
134 118
53 7
31 9
122 34
29 9
64 1
52 33
92 3
90 57
32 14
135 54
54 24
30 29
81 1
98 51
125 114
23 24
97 39
103 7
128 65
24 40
77 3
24 32
33 5
140 67
25 3
31 13
114 38
87 7
21 6
93 41
45 22
12 19
134 99
129 77
33 15
42 39
34 17
33 18
114 41
121 1
128 103
130 31
4 16
22 11
48 2
24 6
44 9
49 55
128 126
87 36
50 5
111 52
31 29
68 6
106 13
45 16
27 11
4 6
86 14
97 3
62 40
141 53
1 19
35 26
119 4
106 6
33 40
53 6
35 1
23 36
76 52
141 74
135 65
136 0
53 39
126 52
97 24
68 43
26 18
99 58
108 1
128 119
95 7
69 13
86 29
141 96
19 4
119 7
11 3
120 16
0 1
130 96
35 25
121 18
128 31
45 6
21 28
2 14
106 16
105 76
130 54
125 24
12 17
68 27
37 18
24 2
57 42
87 40
88 52
78 53
50 41
14 18
39 12
141 55
59 2
142 137
22 19
21 34
132 67
53 2
75 52
11 1
136 86
89 2
21 26
56 43
30 33
44 12
136 88
52 2
35 32
5 8
109 11
131 91
68 7
43 1
126 57
51 38
105 56
80 5
86 5
137 97
25 13
133 115
134 77
41 13
115 26
131 126
62 12
21 18
24 12
38 7
45 3
57 59
37 12
131 84
120 37
39 27
108 16
41 12
137 105
129 85
112 7
38 11
120 8
78 56
30 37
119 55
41 33
50 36
119 2
30 19
103 54
81 12
7 8
102 6
38 27
58 55
90 55
2 23
78 59
27 9
57 52
6 16
8 5
136 81
100 7
42 35
36 15
35 29
11 16
33 19
116 2
102 27
88 51
77 16
59 33
45 12
137 114
34 8
55 38
135 51
68 5
106 4
35 36
27 4
25 17
40 19
3 12
38 8
45 11
97 37
121 22
115 24
19 6
21 30
22 4
29 32
28 1
97 2
34 27
79 51
141 68
130 82
34 25
7 37
135 52
132 84
124 75
33 17
49 41
119 42
51 30
41 29
41 5
125 115
91 52
3 17
6 19
21 38
30 14
66 18
46 7
8 19
121 27
67 29
92 29
85 5
50 26
39 6
98 42
133 114
3 22
34 2
41 42
123 29
40 4
38 36
27 14
134 74
55 34
7 33
142 41
35 17
133 64
87 6
17 18
50 40
133 94
0 5
7 40
88 50
63 3
52 55
68 25
51 34
78 7
53 3
59 26
118 12
75 76
115 35
16 14
16 17
126 58
130 103
126 93
87 35
130 59
59 3
51 24
115 40
41 24
137 70
41 17
64 12
83 56
102 3
53 50
0 3
30 31
32 12
79 41
52 39
88 42
79 55
9 19
58 52
67 73
90 52
7 18
130 56
92 34
24 15
27 15
1 8
124 7
54 28
41 23
11 10
83 51
24 3
137 101
30 4
105 51
133 112
23 17
95 55
99 54
48 14
71 2
81 13
2 12
129 92
133 97
141 123
106 12
89 4
104 59
107 4
5 19
133 107
130 55
30 36
97 12
23 18
90 42
101 7
137 112
7 1
39 29
102 13
97 8
87 34
13 19
130 95
40 12
128 68
116 5
32 6
28 39
91 7
64 3
21 12
64 13
120 23
110 17
23 25
137 49
93 53
140 126
105 55
85 12
42 37
49 59
120 19
52 54
52 59
138 109
6 5
29 6
35 3
2 11
44 17
1 14
136 80
86 6
23 7
68 24
78 50
80 4
32 17
33 26
63 4
72 57
40 6
6 14
49 7
56 23
91 59
26 11
30 11
25 22
99 51
36 37
66 3
56 30
30 23
24 18
19 3
41 25
91 41
115 8
127 20
95 59
13 8
106 5
78 57
137 108
125 47
41 3
122 3
40 37
88 56
32 15
115 38
80 12
40 3
128 53
53 36
58 57
128 57
137 73
102 25
41 26
5 15
35 16
25 12
34 19
42 43
25 9
89 6
102 11
30 25
104 2
63 8
86 24
62 13
31 36
132 20
7 5
30 5
13 15
90 51
23 29
30 28
21 11
130 68
51 7
43 11
48 37
62 34
28 12
115 1
43 28
43 33
66 9
34 24
94 3
134 113
120 35
126 41
115 37
136 98
135 119
81 16
0 4
97 16
83 7
36 13
115 11
33 36
102 22
97 34
55 29
92 7
54 53
99 56
21 40
36 32
51 41
76 7
7 28
54 2
19 14
5 14
2 33
4 40
40 11
120 25
135 95
47 7
44 2
41 38
27 40
35 28
128 76
8 11
48 6
22 5
114 23
120 13
121 37
136 90
34 37
55 43
63 9
126 55
30 26
27 1
12 9
120 42
63 11
7 36
135 82
12 37
130 50
26 15
128 69
122 7
44 13
68 32
23 19
41 30
40 8
39 3
102 14
123 3
110 5
43 39
4 14
38 39
44 15
30 12
7 39
56 52
29 16
39 11
37 3
35 11
36 12
121 39
24 16
93 2
8 16
134 64
42 32
30 2
18 17
42 36
98 30
41 22
60 2
134 84
141 41
7 31
31 27
28 5
42 4
1 13
97 36
7 16
92 16
76 41
138 90
91 53
55 3
38 3
115 34
48 5
30 22
72 59
71 7
124 58
85 14
121 33
5 17
32 13
52 41
33 31
105 53
33 13
39 15
97 40
41 19
88 54
33 3
49 42
122 29
33 32
80 7
135 59
107 7
28 11
134 107
49 52
124 51
55 24
28 16
38 16
132 105
122 36
132 126
130 123
115 28
83 58
18 19
35 9
119 24
128 73
66 4
34 32
50 3
52 42
38 40
57 56
7 4
43 2
50 38
51 31
54 55
87 31
73 7
34 15
137 120
32 37
96 7
126 82
34 22
141 54
83 52
103 56
34 11
114 33
66 19
48 12
116 3
48 11
62 37
31 26
38 32
45 14
16 18
29 12
2 9
26 12
121 5
118 15
52 50
50 28
39 16
119 26
81 14
98 53
79 76
102 37
36 17
38 26
52 28
103 38
121 17
126 53
135 31
108 6
50 27
2 17
33 1
141 31
126 73
115 43
91 51
66 1
35 33
129 105
111 56
8 1
92 24
29 15
103 55
21 14
3 36
114 54
42 13
68 3
105 7
7 42
102 26
33 6
119 34
31 3
67 69
109 13
11 12
63 5
110 3
131 49
39 25
135 76
63 14
141 59
50 39
97 11
124 57
39 4
34 28
62 4
75 55
4 12
103 53
69 16
86 1
135 72
59 27
136 118
102 8
62 7
134 116
7 27
21 33
53 30
76 58
91 23
105 58
80 41
123 31
141 50
21 5
76 55
137 126
137 24
53 41
42 31
137 60
35 37
72 75
2 39
5 13
93 51
126 68
102 1
23 16
39 8
87 13
