17 15
17 20
37 4
33 4
28 3
42 4
51 20
30 9
17 32
31 4
21 2
17 28
45 7
41 4
48 0
10 3
27 2
36 0
17 33
36 20
14 1
33 1
51 32
20 9
51 30
18 1
22 3
27 1
36 19
5 7
34 22
22 9
15 1
34 28
29 3
8 9
32 3
17 30
17 31
51 8
15 2
6 2
17 23
17 21
24 1
51 31
1 3
44 6
34 33
37 0
24 9
44 7
14 9
36 8
32 1
17 24
25 1
22 4
34 18
9 4
46 7
30 1
17 8
13 1
40 7
34 13
16 4
19 4
34 32
12 2
37 6
13 9
31 2
45 4
28 9
41 1
15 9
25 3
51 6
5 6
34 19
17 14
34 6
17 27
47 6
42 1
23 2
31 1
24 2
17 13
11 6
23 1
30 4
17 19
50 2
36 6
6 3
16 7
32 4
34 23
51 14
18 9
17 6
39 6
46 6
34 14
10 4
26 9
48 12
19 3
33 2
34 31
38 4
19 9
20 1
25 9
32 2
33 3
10 1
51 12
48 2
35 6
35 7
17 10
51 23
12 1
27 3
25 2
18 3
34 26
0 3
51 27
24 3
31 3
34 27
28 2
51 33
43 6
51 28
14 4
48 4
13 3
51 18
9 2
45 6
11 7
24 4
20 4
43 7
34 30
51 29
51 13
13 4
47 7
51 10
51 15
16 6
7 2
17 12
29 4
50 4
36 7
29 9
39 7
51 19
19 2
0 4
23 4
13 2
14 2
34 7
27 4
21 1
21 9
34 21
7 3
20 3
29 1
10 2
51 21
26 2
30 2
37 7
18 2
4 2
20 2
8 4
51 22
19 1
48 49
17 18
38 1
23 9
25 4
21 3
12 4
7 4
28 1
0 1
34 20
7 1
17 26
8 1
34 12
8 3
51 26
17 25
12 3
41 9
42 9
34 8
34 29
34 10
15 4
1 4
26 1
21 4
14 3
17 22
6 4
17 29
22 1
22 2
32 9
9 3
0 2
26 4
8 2
17 7
30 3
28 4
40 6
15 3
34 15
18 4
51 24
34 25
31 9
51 25
23 3
1 2
29 2
34 24
38 9
27 9
26 3
