75 23
64 17
77 7
52 28
9 23
47 11
42 29
36 67
50 20
18 12
47 22
50 29
52 34
27 18
78 2
66 24
65 1
39 37
73 35
72 26
39 19
30 9
39 7
72 3
50 33
71 28
17 12
41 29
48 10
71 29
73 37
73 36
2 12
36 11
51 33
42 17
41 2
64 2
64 20
78 10
44 5
52 35
41 16
4 12
49 34
15 16
46 35
58 33
15 20
13 12
78 3
41 17
72 10
72 4
78 32
72 2
52 18
42 32
52 36
56 35
42 31
30 2
78 13
50 26
68 33
3 22
55 36
47 24
24 12
56 4
15 9
8 24
53 1
3 23
72 1
78 16
30 10
42 18
31 24
2 11
42 13
0 2
32 12
17 21
74 11
78 20
73 16
15 5
41 18
41 13
53 9
78 26
41 10
52 1
78 29
75 11
23 11
72 34
60 7
73 10
3 43
44 34
49 1
3 21
78 36
55 35
57 13
3 24
42 1
75 22
72 33
19 24
38 21
41 20
50 16
6 10
63 26
59 18
57 1
39 26
50 3
0 1
30 36
45 36
56 34
45 2
41 33
77 5
62 1
36 66
19 23
59 16
30 3
6 9
73 18
53 19
52 10
42 28
42 10
51 10
41 8
38 24
9 11
19 21
53 32
52 4
50 2
6 8
44 1
52 2
50 28
53 3
56 17
53 18
78 31
38 11
66 23
62 17
57 4
56 36
78 33
71 9
48 1
53 4
52 26
6 3
55 18
46 31
23 12
57 5
72 32
73 33
79 17
52 13
44 33
27 16
31 23
78 34
52 19
42 8
56 8
1 11
47 21
52 5
2 22
72 8
42 34
8 23
78 8
75 76
78 18
41 3
50 10
42 3
52 32
30 18
9 22
42 36
49 4
62 4
27 9
39 8
0 3
71 3
6 1
42 35
41 36
3 11
45 31
41 4
36 21
40 7
50 13
50 18
30 5
52 8
78 7
78 35
0 5
78 9
41 26
53 34
52 20
42 4
23 21
30 32
27 2
48 4
36 23
27 13
53 26
44 26
52 7
38 23
55 16
78 5
78 37
27 28
27 29
72 17
25 26
72 9
56 31
60 4
56 26
30 34
53 2
53 8
60 1
42 9
54 3
71 2
19 34
61 34
73 3
75 24
53 16
30 26
45 5
15 18
52 29
38 12
52 16
78 19
53 7
52 31
52 17
35 12
42 20
64 3
15 17
62 8
53 17
42 37
0 4
14 12
19 22
48 2
30 37
6 4
60 17
78 17
62 34
75 12
78 28
56 32
42 26
39 18
72 7
62 7
30 31
56 33
50 19
56 7
73 31
54 2
56 3
9 24
77 8
36 12
72 37
42 19
42 7
30 35
39 16
53 10
78 1
55 31
15 19
36 24
50 37
47 23
42 2
65 2
45 35
74 12
30 16
41 35
56 1
69 12
28 21
44 10
73 5
61 2
27 4
39 9
41 28
41 31
70 19
62 33
35 21
69 21
9 12
41 1
65 4
44 4
53 37
74 24
2 21
2 23
6 7
5 12
27 1
41 37
57 28
57 29
74 23
30 33
40 34
60 8
40 8
6 2
60 32
42 16
78 4
46 36
1 12
52 37
57 34
52 33
18 22
41 32
71 34
41 7
48 3
53 33
70 9
2 24
52 3
41 34
71 13
