44 19
58 5
43 23
38 5
35 32
50 9
43 19
58 22
0 1
57 8
46 24
11 0
32 13
4 7
36 12
55 38
16 34
22 6
32 5
39 29
40 12
27 6
58 21
55 42
44 16
43 26
59 26
43 27
40 6
59 21
0 5
44 15
40 2
40 18
58 15
42 4
58 10
59 28
0 4
3 6
3 4
44 20
11 5
43 14
44 0
39 6
35 27
8 9
41 16
35 15
58 1
59 29
59 20
43 6
29 9
35 12
59 15
56 57
41 19
56 49
13 8
56 42
43 5
45 25
44 10
49 1
39 4
45 7
58 26
45 3
32 6
45 5
40 33
58 19
58 29
43 29
35 23
43 22
43 12
35 17
44 28
18 5
35 5
43 2
35 22
41 14
56 38
45 19
11 13
41 20
43 24
50 6
59 17
6 7
18 24
18 34
11 15
59 6
35 19
19 3
15 34
58 6
23 2
46 12
2 3
43 30
20 2
44 22
45 12
58 33
4 5
35 24
59 32
17 2
11 1
35 10
29 1
27 9
55 34
59 14
11 20
20 6
41 24
58 13
41 0
59 7
59 1
40 27
59 2
45 31
56 24
59 16
41 5
48 2
56 15
32 7
38 4
58 2
42 37
38 7
57 3
40 29
45 33
41 25
59 27
16 13
11 27
51 4
51 34
45 13
42 34
43 1
39 7
35 3
40 14
55 16
24 4
44 31
16 24
41 10
46 13
44 3
29 2
59 31
24 2
48 7
44 26
3 9
11 6
11 30
41 21
44 1
44 17
41 2
11 23
40 30
43 18
11 21
40 25
54 13
40 28
45 0
11 29
44 18
41 29
35 30
43 13
0 3
3 7
27 7
59 33
58 20
32 9
59 22
40 17
0 7
59 30
11 12
58 27
0 6
58 17
17 5
3 5
40 10
47 19
0 2
58 14
32 1
51 2
45 18
43 10
44 5
58 24
41 33
4 3
35 21
44 6
20 5
55 15
45 27
33 5
27 1
15 37
41 12
48 24
41 7
56 39
41 26
41 6
46 23
44 2
11 2
6 3
11 17
19 7
13 3
43 25
41 32
43 20
33 34
35 33
35 2
19 6
43 0
43 16
24 13
45 21
45 1
55 36
56 34
41 27
11 33
58 23
11 24
51 13
48 34
35 0
20 3
45 6
4 9
40 31
32 23
41 18
5 3
56 50
34 23
55 39
45 26
59 19
44 14
40 3
41 3
52 53
44 23
4 6
44 21
35 1
48 5
33 4
41 23
59 3
35 29
28 9
40 7
17 1
45 23
59 18
23 13
33 24
48 3
41 22
54 16
56 51
35 6
59 5
11 32
19 1
45 17
59 10
43 32
41 30
11 18
43 28
40 0
35 16
58 3
22 12
29 7
44 7
43 21
59 13
24 9
11 26
43 31
31 5
45 2
11 31
54 48
5 7
48 13
49 2
44 13
34 4
42 24
17 6
43 33
46 34
45 10
46 2
33 37
6 9
45 28
41 28
26 6
43 3
46 4
20 1
45 32
45 22
56 13
29 6
11 10
58 0
50 2
39 5
10 9
16 37
19 5
5 9
20 7
41 15
40 15
29 3
47 0
45 16
48 4
58 30
35 7
24 5
11 16
40 21
40 23
19 4
33 13
18 46
18 37
32 3
58 31
35 13
44 33
51 1
40 32
55 56
45 14
45 24
42 5
11 14
5 4
58 18
56 36
11 25
48 1
40 13
24 1
48 23
51 37
32 4
32 24
35 18
40 26
44 27
24 23
41 13
41 1
58 12
46 3
42 13
40 16
17 7
44 29
44 30
35 25
58 25
44 32
58 16
45 20
30 9
59 0
11 7
56 46
56 37
11 22
46 5
39 3
7 9
58 32
17 9
40 20
59 24
40 22
59 25
44 12
41 17
18 4
21 5
11 19
40 24
35 14
54 4
56 4
43 7
43 15
14 5
28 6
44 25
54 51
44 24
55 37
41 31
16 4
17 12
35 31
19 2
35 20
35 28
32 2
58 28
40 1
50 1
45 30
40 19
46 53
59 23
43 17
56 54
5 6
45 15
22 23
55 49
23 9
48 37
46 22
59 12
40 5
35 26
11 28
47 20
11 3
23 1
56 18
20 4
58 7
45 29
