38 42
40 10
90 9
7 18
5 20
30 32
3 37
10 30
25 26
25 17
121 61
78 71
120 92
40 39
39 42
7 14
11 32
54 18
9 2
42 12
63 6
72 3
121 81
16 14
115 112
41 16
122 98
101 88
113 91
2 9
125 8
75 1
97 37
74 43
8 22
43 19
87 20
70 45
43 16
112 103
89 37
121 119
114 32
11 1
23 18
81 26
87 7
21 6
73 16
97 41
114 65
56 24
18 15
100 43
62 12
12 6
87 14
39 1
78 42
124 61
39 25
54 21
23 29
5 13
112 46
94 11
16 1
62 24
46 1
114 67
21 12
34 32
94 3
56 26
44 13
14 24
63 12
97 38
100 44
22 26
25 22
90 26
55 8
97 3
4 22
10 14
3 16
112 42
123 64
59 43
114 44
116 89
44 39
29 24
2 8
98 43
95 27
19 26
89 45
89 39
81 24
1 19
5 11
120 33
20 23
120 97
119 72
34 18
80 24
118 77
122 76
24 22
10 27
98 37
65 7
94 10
103 68
121 57
115 110
23 9
124 84
20 13
43 44
123 95
44 4
40 16
73 37
103 42
103 44
82 13
103 67
30 21
45 27
40 44
13 6
84 41
119 85
89 36
114 39
87 39
37 13
117 48
112 67
37 6
34 26
1 6
28 15
37 3
23 32
44 27
24 26
104 108
113 47
90 29
76 26
87 23
123 50
52 32
92 26
53 31
114 36
87 40
36 3
118 102
54 32
46 13
4 12
95 12
5 15
82 37
82 39
122 103
56 2
80 25
65 39
95 14
121 50
118 88
103 72
4 28
79 12
112 71
10 29
119 84
14 29
4 17
1 26
58 1
17 22
46 3
57 9
23 28
37 2
94 37
39 19
97 40
23 2
42 26
30 9
104 77
120 91
27 1
42 16
55 2
95 17
72 40
89 41
7 1
20 12
55 30
84 46
46 10
35 43
71 16
97 39
71 37
45 23
4 7
116 103
42 11
86 3
45 11
124 86
122 49
78 4
96 2
7 27
43 27
92 12
97 36
121 86
120 87
34 21
17 21
77 71
117 108
16 25
80 16
112 74
68 72
33 21
87 16
27 23
69 4
13 11
25 32
36 42
70 42
124 103
116 109
71 4
13 17
70 43
14 21
4 37
113 115
125 56
59 37
42 13
125 62
71 45
37 23
95 6
101 97
37 17
104 64
56 32
98 72
122 52
38 14
90 21
1 8
36 30
60 39
78 36
73 45
9 26
73 36
1 25
52 26
39 14
71 46
43 42
84 36
14 22
90 1
37 9
100 45
24 21
83 27
83 16
112 84
45 44
95 2
5 12
125 96
113 82
96 26
41 1
55 12
20 28
95 1
119 32
77 36
118 86
37 24
7 23
78 72
122 35
46 40
64 65
123 124
4 2
37 20
38 1
70 38
98 3
38 40
119 74
27 22
78 41
66 4
37 29
45 41
18 2
46 45
42 27
44 16
39 17
1 24
89 40
75 26
1 32
73 43
82 41
112 83
119 44
73 46
113 60
19 21
55 32
90 2
34 9
14 19
118 105
19 1
80 10
124 78
80 11
87 1
120 59
60 42
65 30
64 66
1 18
6 12
120 35
32 26
118 108
52 24
27 6
97 71
119 71
119 36
6 2
104 103
84 42
83 42
94 1
17 15
15 22
98 46
44 2
45 16
14 1
38 23
5 21
36 20
41 14
125 50
3 2
90 18
46 20
42 8
11 23
55 18
100 38
64 68
25 6
45 40
13 2
19 6
28 6
29 17
2 12
7 17
30 15
88 24
97 72
40 43
44 29
113 95
20 27
119 42
42 7
87 42
13 4
124 30
119 83
83 14
7 29
89 38
19 25
95 23
125 63
113 93
3 4
54 8
4 18
29 6
13 23
52 21
124 37
28 26
103 84
44 30
103 30
1 28
78 40
80 2
34 7
82 16
20 18
47 21
59 42
103 37
97 46
112 72
84 43
16 23
117 95
113 94
10 21
65 19
21 2
121 5
40 27
16 26
64 13
7 21
98 44
112 66
33 26
40 7
5 30
3 7
25 8
40 3
41 42
117 99
45 20
72 44
33 32
45 4
119 30
95 8
44 25
29 26
78 46
9 32
38 7
72 43
100 4
121 67
93 46
81 32
115 89
119 43
11 24
4 25
25 2
121 66
88 3
121 77
65 8
19 29
70 44
3 11
36 1
55 21
13 22
119 41
40 4
104 112
80 30
121 85
43 14
18 9
118 91
1 29
30 24
7 26
103 112
124 100
95 11
118 94
71 43
121 103
119 67
19 24
115 111
114 45
37 18
99 1
98 39
41 37
0 2
90 8
1 15
47 1
89 78
83 44
11 21
49 6
38 37
55 15
35 39
91 21
16 17
87 13
113 116
113 57
23 24
124 66
114 42
103 71
18 22
44 11
8 1
40 37
5 17
70 41
82 27
68 38
25 21
36 23
96 24
59 46
77 38
92 1
0 1
35 4
70 46
79 1
20 11
125 97
13 30
41 4
27 17
112 39
20 14
35 36
37 26
20 25
28 24
72 16
83 39
114 112
124 32
65 16
118 81
26 32
47 24
29 18
2 17
25 12
18 6
68 44
115 109
17 26
41 11
73 72
90 13
3 23
78 43
59 44
65 23
59 10
124 71
59 38
100 72
5 9
93 36
30 17
25 24
93 45
3 30
120 70
37 21
77 44
119 40
14 8
10 8
82 42
51 4
81 2
21 1
81 12
43 11
5 26
20 26
90 4
120 93
63 2
37 28
93 39
12 32
78 39
2 21
39 15
113 90
117 68
68 71
77 72
10 6
54 25
62 32
43 3
103 39
19 28
104 107
80 19
7 25
37 25
80 26
4 30
2 28
115 108
17 1
101 102
95 7
13 24
11 29
42 9
36 37
36 4
103 36
95 21
28 9
23 21
44 28
1 12
100 3
116 64
57 8
47 2
21 24
7 2
101 98
4 14
41 27
4 1
40 23
119 103
53 32
72 39
66 3
65 17
44 42
112 38
27 18
64 67
65 28
44 17
39 20
124 42
112 85
8 15
16 19
81 1
93 42
5 27
35 41
100 71
9 12
55 4
18 8
114 72
87 27
113 92
119 68
95 24
29 15
72 36
34 25
80 13
39 18
117 102
98 41
44 20
121 94
33 8
90 24
40 42
43 37
52 15
42 19
39 7
120 82
73 44
120 73
71 39
29 21
68 39
59 16
9 22
27 15
20 30
114 69
27 12
4 13
113 64
3 19
95 9
53 54
46 4
14 25
58 24
36 41
54 9
87 36
125 95
38 3
13 8
10 13
20 21
41 43
3 29
4 8
119 45
16 29
121 48
118 106
77 40
65 37
46 16
42 29
38 45
16 13
16 22
42 14
23 30
114 43
35 1
118 109
15 26
122 94
40 30
117 107
11 12
10 2
27 30
45 43
42 17
97 44
11 17
57 26
23 15
60 45
119 38
61 3
13 18
74 36
11 22
91 32
116 108
94 42
7 30
80 14
94 13
95 13
70 71
13 19
42 22
60 46
38 43
63 32
46 39
45 10
79 24
7 19
71 72
13 21
79 2
18 25
124 68
112 36
118 5
0 3
12 26
120 90
70 16
77 39
93 40
114 84
11 25
101 50
118 48
20 6
70 37
37 15
42 20
121 92
80 27
10 7
3 18
124 74
14 13
86 4
115 106
22 2
42 15
124 83
73 38
80 20
37 19
95 25
122 9
37 11
4 26
2 24
122 102
104 105
113 89
36 13
117 111
13 25
116 110
113 77
74 40
30 4
94 30
10 23
100 41
7 32
16 10
124 46
25 15
45 1
55 1
18 24
49 22
60 40
122 95
8 32
100 39
20 8
11 28
83 1
116 105
16 27
90 3
93 44
60 36
62 2
114 86
19 2
23 17
95 18
16 28
104 106
118 107
65 14
44 1
115 77
16 30
23 19
27 9
118 79
114 30
47 9
122 96
7 12
116 111
103 43
64 69
36 40
77 42
65 18
44 19
96 12
118 57
13 12
17 32
83 20
29 2
113 79
28 18
121 95
28 8
84 72
121 89
7 11
68 36
28 25
5 18
89 4
15 32
117 113
114 78
16 15
8 26
38 36
30 8
98 4
119 8
45 39
15 1
29 32
37 27
22 12
32 24
4 16
71 41
28 21
121 51
7 15
121 47
44 7
103 61
116 107
124 65
120 98
59 4
45 7
6 24
112 44
27 8
13 26
114 37
122 59
38 13
9 24
42 23
117 106
22 6
57 2
65 42
58 12
87 37
114 103
37 22
58 26
125 124
116 112
83 41
117 94
2 32
78 44
60 43
11 15
120 60
118 119
59 39
10 26
62 26
121 82
57 24
70 4
30 2
114 46
82 10
84 45
5 29
120 0
38 44
101 59
32 12
75 24
52 1
14 18
120 102
117 103
57 21
74 4
11 30
39 2
52 9
95 20
23 1
18 21
75 2
57 1
42 10
123 103
80 22
84 44
36 44
114 83
50 1
103 78
5 4
92 2
3 14
24 32
120 75
94 27
82 23
119 61
72 38
47 32
30 6
18 17
87 41
46 14
8 24
8 21
12 22
11 4
87 10
4 23
48 3
65 2
37 14
47 26
20 15
71 3
67 4
113 114
82 14
47 12
11 19
120 31
38 20
58 2
71 42
60 44
19 15
77 3
112 45
6 26
5 10
58 22
121 79
83 3
44 18
78 45
10 15
83 4
39 11
22 32
10 9
63 26
27 19
98 45
28 32
13 27
124 43
82 45
3 28
112 43
94 23
1 21
15 21
71 44
38 16
119 46
59 45
17 24
81 21
114 66
13 29
98 71
41 10
46 27
23 8
11 8
43 1
43 4
82 40
114 40
117 118
11 26
14 17
39 10
20 29
119 69
73 3
118 61
37 7
122 56
58 32
104 111
120 54
39 27
101 94
104 110
1 22
6 32
115 64
55 22
103 46
119 112
125 121
90 25
70 40
118 69
9 15
29 25
5 28
27 28
98 42
117 88
98 40
51 3
69 3
83 36
14 23
117 109
51 1
84 38
31 32
53 33
30 25
5 23
87 44
10 20
16 8
38 39
125 49
82 43
82 3
27 26
125 59
125 94
67 3
125 103
95 4
101 48
33 9
124 67
83 23
29 9
94 14
29 12
112 30
42 25
84 3
50 4
72 42
77 41
67 1
118 90
73 40
118 68
80 4
103 66
2 22
36 7
11 6
83 37
80 29
38 27
10 17
10 18
59 41
2 29
114 41
74 46
22 1
46 42
45 13
30 28
119 86
80 17
10 25
79 32
93 41
84 4
91 2
118 85
16 4
24 12
5 1
124 45
94 20
90 12
97 42
8 12
55 28
125 58
101 64
40 19
124 44
120 79
103 40
30 29
39 28
82 20
119 66
35 37
83 45
118 47
94 43
103 86
91 8
87 43
84 39
37 8
59 36
124 39
80 15
17 9
77 78
121 64
42 18
74 37
75 12
34 8
15 12
87 45
90 7
101 103
125 35
124 8
80 23
40 20
125 80
7 22
89 72
98 36
40 11
18 1
77 43
118 53
14 15
54 26
40 13
19 12
55 29
56 12
124 85
23 25
68 46
116 77
27 32
13 32
116 106
5 16
95 10
41 13
98 38
74 39
16 18
22 24
121 93
21 26
17 6
41 3
20 19
17 2
74 38
46 36
118 50
14 4
117 105
43 30
87 4
8 2
43 10
20 1
95 22
5 8
77 45
50 3
57 25
100 40
94 7
52 6
55 17
82 11
70 3
60 41
79 26
1 9
65 27
82 7
55 24
96 6
5 6
94 19
2 25
72 41
115 82
119 39
114 61
35 40
39 29
80 1
50 2
118 95
91 9
124 40
9 6
39 37
16 2
4 24
28 17
2 26
45 14
112 32
5 24
88 2
124 112
1 11
1 13
23 22
35 45
118 111
28 1
27 2
80 8
87 3
7 6
89 46
59 7
18 32
84 37
44 8
121 91
123 113
100 36
9 21
23 26
83 7
14 2
29 8
45 30
125 98
35 10
70 39
39 4
80 6
44 14
95 28
45 42
27 25
114 85
10 28
104 109
78 38
92 21
2 15
121 69
4 15
120 34
78 3
4 6
103 65
61 1
83 10
76 32
36 11
55 19
96 32
16 12
92 24
39 9
37 12
37 4
35 16
121 60
65 13
91 26
16 9
41 44
14 11
112 65
28 22
118 51
73 4
4 21
10 11
3 25
95 30
3 1
99 3
5 7
23 12
16 21
14 28
4 29
74 3
85 3
44 23
27 4
43 23
19 18
4 19
115 103
20 9
20 17
59 40
11 2
11 18
27 21
37 16
71 38
36 10
4 20
114 8
7 13
35 42
112 61
72 4
103 45
115 107
113 81
36 45
15 2
55 26
78 37
74 16
63 24
80 32
119 37
89 3
80 9
15 6
74 41
36 27
80 12
10 1
30 12
82 4
41 20
65 10
2 6
103 74
65 20
112 100
116 82
112 86
89 44
36 16
20 4
43 20
53 26
4 9
117 64
94 4
14 12
57 29
73 39
100 78
101 95
122 97
20 32
84 40
94 40
5 25
103 69
34 30
59 3
41 23
21 32
121 90
17 12
123 94
113 103
25 1
35 3
42 28
123 121
20 2
70 72
55 25
103 41
33 25
100 37
31 26
83 11
65 44
7 28
10 4
4 27
87 11
114 68
55 9
113 104
1 17
103 100
71 36
93 43
72 37
16 7
122 50
49 21
29 22
104 89
112 40
118 66
45 3
122 62
49 2
120 47
65 25
80 28
14 26
112 69
43 39
119 78
45 37
93 38
37 42
7 20
15 24
82 44
71 40
52 2
74 45
10 32
112 37
19 8
46 41
18 12
124 41
14 32
70 36
118 60
27 24
0 4
88 4
99 4
10 22
92 9
65 4
49 24
100 42
41 7
42 21
91 24
34 13
16 6
39 13
80 18
16 32
53 34
94 39
114 100
97 45
117 110
46 44
61 4
19 32
39 30
20 22
95 26
10 12
124 72
13 1
95 15
103 38
83 13
64 25
44 10
95 29
29 1
120 53
94 44
13 15
118 93
7 8
49 1
72 45
38 10
42 1
44 37
16 24
118 110
35 20
119 65
35 44
43 13
5 2
23 4
118 64
92 32
39 16
77 37
36 43
52 12
40 14
7 24
28 2
28 12
42 6
101 35
118 67
52 8
73 42
3 27
77 46
4 11
7 9
14 6
49 26
37 10
49 32
30 1
97 43
36 39
103 83
85 4
41 40
5 19
74 44
118 92
17 8
52 22
38 11
73 71
57 32
114 74
65 11
89 71
27 11
19 17
38 4
118 82
55 6
94 16
89 43
37 30
80 7
65 1
104 82
72 46
95 16
30 19
41 39
3 13
80 21
27 29
19 22
97 4
7 4
18 26
46 37
84 71
120 81
91 1
68 3
1 2
33 18
35 7
77 4
119 100
60 38
5 22
2 18
37 1
38 41
8 9
20 24
91 12
42 2
28 29
10 24
112 68
41 30
82 1
120 57
8 6
39 23
103 85
3 20
9 1
83 43
13 9
58 6
30 18
13 28
73 41
57 12
49 12
14 9
95 42
57 18
124 69
11 9
36 14
121 68
35 38
65 29
30 22
43 7
46 7
124 36
23 6
103 32
82 36
21 22
40 1
48 4
90 30
100 46
25 9
46 43
112 78
64 7
103 8
16 20
118 103
5 14
1 30
30 26
95 19
16 11
115 105
35 46
124 38
112 8
121 88
114 38
74 42
1 23
1 14
83 40
10 19
118 89
19 9
42 30
88 1
14 30
46 38
39 8
95 3
112 41
114 71
122 18
