id met_invertebrate met_primary_producer met_heterotrophic_bacteria met_dead_organic_material met_heterotrophic_fungi mov_walking mov_sessile mov_other mov_other_nonliving log_mass mass_missing
0 1 0 0 0 0 1 0 0 0 -4.301029995663981 0
1 1 0 0 0 0 1 0 0 0 -3.0216888946833835 0
2 1 0 0 0 0 1 0 0 0 -2.4444896022018225 0
3 1 0 0 0 0 1 0 0 0 -4.386158178123931 0
4 1 0 0 0 0 1 0 0 0 -3.8040146036420306 0
5 1 0 0 0 0 1 0 0 0 -3.340184545126613 0
6 1 0 0 0 0 1 0 0 0 -1.9183594083992683 0
7 1 0 0 0 0 1 0 0 0 -3.1287201953869928 0
8 1 0 0 0 0 1 0 0 0 -2.3305910624808894 0
9 1 0 0 0 0 1 0 0 0 -2.3147999000753234 0
10 1 0 0 0 0 1 0 0 0 -3.172437534728922 0
11 1 0 0 0 0 1 0 0 0 -2.878591512309745 0
12 1 0 0 0 0 1 0 0 0 -2.1759224164714857 0
13 1 0 0 0 0 1 0 0 0 -2.9759504876666605 0
14 1 0 0 0 0 1 0 0 0 -2.990823280690591 0
15 1 0 0 0 0 1 0 0 0 -2.304265613143428 0
16 1 0 0 0 0 1 0 0 0 -3.2840843592981983 0
17 1 0 0 0 0 1 0 0 0 -2.341337363794255 0
18 1 0 0 0 0 1 0 0 0 -2.3978925645914755 0
19 1 0 0 0 0 1 0 0 0 -2.7074039382755846 0
20 1 0 0 0 0 1 0 0 0 -3.043126413775545 0
21 1 0 0 0 0 1 0 0 0 -2.224247674090414 0
22 1 0 0 0 0 1 0 0 0 -2.075893638925886 0
23 1 0 0 0 0 1 0 0 0 -2.861297303471168 0
24 1 0 0 0 0 1 0 0 0 -2.291458092196252 0
25 1 0 0 0 0 1 0 0 0 -2.3975497533263126 0
26 1 0 0 0 0 1 0 0 0 -2.155065471614301 0
27 1 0 0 0 0 1 0 0 0 -2.9341447842582076 0
28 1 0 0 0 0 1 0 0 0 -2.416622442366439 0
29 1 0 0 0 0 1 0 0 0 -2.4064801194889043 0
30 1 0 0 0 0 1 0 0 0 -2.8090050384799254 0
31 1 0 0 0 0 1 0 0 0 -2.1729355509326016 0
32 1 0 0 0 0 1 0 0 0 -1.3220182650945391 0
33 1 0 0 0 0 1 0 0 0 -2.612401975809707 0
34 1 0 0 0 0 1 0 0 0 -3.284002502676423 0
35 1 0 0 0 0 1 0 0 0 -4.991399828238082 0
36 1 0 0 0 0 1 0 0 0 -4.785156151952302 0
37 1 0 0 0 0 1 0 0 0 -3.756389060622321 0
38 1 0 0 0 0 1 0 0 0 -4.841637507904751 0
39 1 0 0 0 0 1 0 0 0 -4.283162276700476 0
40 1 0 0 0 0 1 0 0 0 -4.616184634019569 0
41 1 0 0 0 0 1 0 0 0 -4.728158393463501 0
42 1 0 0 0 0 1 0 0 0 -3.574099131542515 0
43 1 0 0 0 0 1 0 0 0 -4.481486060122112 0
44 1 0 0 0 0 1 0 0 0 -4.316052869248488 0
45 1 0 0 0 0 1 0 0 0 -4.747146969020107 0
46 1 0 0 0 0 1 0 0 0 -4.913640169325252 0
47 1 0 0 0 0 1 0 0 0 -2.3289521854189483 0
48 1 0 0 0 0 1 0 0 0 -5.148130399270234 0
49 1 0 0 0 0 1 0 0 0 -2.2732294451695667 0
50 1 0 0 0 0 1 0 0 0 -4.361510743045363 0
51 1 0 0 0 0 1 0 0 0 -4.931814138253839 0
52 1 0 0 0 0 1 0 0 0 -2.3352201437350426 0
53 1 0 0 0 0 1 0 0 0 -1.577376136822884 0
54 1 0 0 0 0 1 0 0 0 -2.659836184774452 0
55 1 0 0 0 0 1 0 0 0 -2.813708321529019 0
56 1 0 0 0 0 1 0 0 0 -1.5534575363056389 0
57 1 0 0 0 0 1 0 0 0 -2.5010830982559042 0
58 1 0 0 0 0 1 0 0 0 -2.1343792085380304 0
59 1 0 0 0 0 1 0 0 0 -5.078833949362261 0
60 1 0 0 0 0 1 0 0 0 -5.073143291050307 0
61 1 0 0 0 0 1 0 0 0 -4.931814138253839 0
62 1 0 0 0 0 1 0 0 0 -1.529034572502839 0
63 1 0 0 0 0 1 0 0 0 -1.961657668750236 0
64 1 0 0 0 0 1 0 0 0 -1.3726271809009343 1
65 1 0 0 0 0 1 0 0 0 -4.324221658325915 0
66 1 0 0 0 0 1 0 0 0 -5.046240308266771 0
67 1 0 0 0 0 1 0 0 0 -4.818156412055227 0
68 1 0 0 0 0 1 0 0 0 -6.133122185662501 0
69 1 0 0 0 0 1 0 0 0 -5.209714835966758 0
70 1 0 0 0 0 1 0 0 0 -5.266802734893431 0
71 1 0 0 0 0 1 0 0 0 -5.250263684430939 0
72 1 0 0 0 0 1 0 0 0 -5.213248577854439 0
73 1 0 0 0 0 1 0 0 0 -5.266802734893431 0
74 1 0 0 0 0 1 0 0 0 -5.196542884351586 0
75 1 0 0 0 0 1 0 0 0 -1.0947979713376814 0
76 1 0 0 0 0 1 0 0 0 -1.9932327089516508 0
77 1 0 0 0 0 1 0 0 0 -5.485452247339714 0
78 1 0 0 0 0 1 0 0 0 -5.308918507877031 0
79 1 0 0 0 0 1 0 0 0 -2.2097148359667584 0
80 1 0 0 0 0 1 0 0 0 -3.2892118169285327 0
81 1 0 0 0 0 1 0 0 0 -2.2455593100716977 0
82 1 0 0 0 0 1 0 0 0 -4.818156412055227 0
83 1 0 0 0 0 1 0 0 0 -4.835647144215563 0
84 1 0 0 0 0 1 0 0 0 -5.297569463554475 0
85 1 0 0 0 0 1 0 0 0 -5.416801226031377 0
86 1 0 0 0 0 1 0 0 0 -5.175223537524454 0
87 1 0 0 0 0 1 0 0 0 -4.835647144215563 0
88 1 0 0 0 0 1 0 0 0 -4.205511953340831 0
89 1 0 0 0 0 1 0 0 0 -5.617982957425132 0
90 1 0 0 0 0 1 0 0 0 -3.695548250250727 0
91 1 0 0 0 0 1 0 0 0 -2.395232712608126 0
92 1 0 0 0 0 1 0 0 0 -2.3181890345005662 0
93 1 0 0 0 0 1 0 0 0 -5.0589857562944305 0
94 1 0 0 0 0 1 0 0 0 -4.632644078973981 0
95 1 0 0 0 0 1 0 0 0 -3.6909620688756934 0
96 1 0 0 0 0 1 0 0 0 -1.9805830491365304 0
97 1 0 0 0 0 1 0 0 0 -5.292429823902063 0
98 1 0 0 0 0 1 0 0 0 -5.292429823902063 0
99 1 0 0 0 0 1 0 0 0 -4.869666231504994 0
100 1 0 0 0 0 1 0 0 0 -5.453457336521869 0
101 0 1 0 0 0 0 1 0 0 -15.022276394711152 1
102 1 0 0 0 0 1 0 0 0 -0.7159022393149707 0
103 1 0 0 0 0 1 0 0 0 -4.220403508742176 0
104 1 0 0 0 0 0 0 1 0 -7.552841968657781 0
105 1 0 0 0 0 1 0 0 0 -0.5726156569199612 0
106 1 0 0 0 0 1 0 0 0 -0.6582829158492703 0
107 1 0 0 0 0 1 0 0 0 -1.066454865751787 0
108 1 0 0 0 0 1 0 0 0 -0.4912051124345149 0
109 1 0 0 0 0 1 0 0 0 -0.03533886748059989 0
110 1 0 0 0 0 1 0 0 0 -0.42219554946870064 0
111 1 0 0 0 0 1 0 0 0 0.3011850732073501 0
112 1 0 0 0 0 1 0 0 0 -5.448550002027125 0
113 0 0 1 0 0 0 0 1 0 -15.022276394711152 0
114 1 0 0 0 0 1 0 0 0 -6.0695604052333 0
115 1 0 0 0 0 0 0 1 0 -8.580044251510243 0
116 1 0 0 0 0 0 0 1 0 -6.440093374963888 0
117 0 0 0 1 0 0 0 0 1 -15.022276394711152 1
118 0 0 0 0 1 0 0 1 0 -15.022276394711152 1
119 1 0 0 0 0 1 0 0 0 -6.2716462179787715 0
120 0 0 0 1 0 0 0 0 1 -15.022276394711152 1
121 0 0 0 0 1 0 0 1 0 -15.022276394711152 1
122 0 1 0 0 0 0 1 0 0 -15.022276394711152 1
123 0 1 0 0 0 0 1 0 0 -15.022276394711152 1
124 1 0 0 0 0 1 0 0 0 -6.628932137728264 0
125 0 1 0 0 0 0 1 0 0 -15.022276394711152 1
