8 25
12 16
93 18
86 8
109 62
7 18
38 41
21 17
68 37
36 14
29 30
31 7
91 7
6 15
43 1
82 7
36 2
7 41
49 12
108 95
55 4
8 1
47 25
106 53
90 3
7 12
82 28
98 82
41 30
58 57
82 21
1 6
57 39
1 25
17 2
35 43
90 29
69 27
67 43
44 8
8 19
98 74
82 41
52 8
39 41
58 42
68 44
47 20
94 85
37 1
23 30
87 23
19 2
99 53
77 14
80 20
84 39
88 18
97 52
20 26
19 25
34 35
71 7
39 38
106 86
56 41
37 24
40 8
21 13
24 6
70 3
37 15
19 30
43 18
1 26
66 38
18 7
44 4
89 42
50 20
13 14
58 41
27 28
18 3
57 3
22 6
2 26
105 66
102 83
43 3
58 43
51 3
47 26
55 14
24 12
18 21
29 13
44 5
86 14
106 104
34 39
28 11
19 1
5 15
25 17
106 82
49 26
90 27
78 4
105 67
104 93
80 35
78 11
16 6
85 37
36 30
108 106
7 16
87 24
44 23
16 2
44 30
64 37
47 5
0 7
66 18
29 10
44 21
22 15
95 38
98 83
99 43
60 1
50 51
109 90
31 4
59 11
18 5
79 38
6 2
25 10
65 39
1 5
78 3
104 88
76 8
6 12
94 33
41 21
3 18
100 50
103 80
106 75
87 30
105 79
1 14
4 6
105 68
8 28
109 54
106 71
77 1
102 76
89 37
84 37
28 10
6 11
23 14
93 4
14 11
97 90
3 11
26 5
39 36
91 29
56 35
105 80
26 4
55 12
37 5
87 36
106 51
7 13
22 26
106 54
48 3
41 11
21 25
97 42
1 24
108 109
102 33
35 7
73 3
60 2
1 12
44 18
11 15
1 2
21 16
36 23
99 52
103 59
66 35
102 82
103 50
26 11
40 7
38 37
22 11
24 10
24 29
28 5
21 5
28 13
44 1
38 23
41 26
103 52
75 8
74 57
19 6
83 25
44 2
109 57
8 7
21 6
100 97
49 10
88 41
106 31
93 2
23 10
80 44
27 1
56 3
23 26
108 83
66 7
65 40
69 44
47 2
91 1
69 7
95 71
44 19
69 1
96 74
41 12
67 36
82 14
97 70
34 7
47 17
45 3
87 8
110 83
36 22
96 63
20 17
87 44
52 7
86 4
109 39
106 52
97 51
57 42
91 16
30 26
103 63
29 12
106 80
19 13
18 30
55 6
44 3
41 1
82 19
87 1
63 37
0 5
23 28
21 28
50 28
30 11
5 26
40 43
12 15
94 83
13 4
7 2
99 44
61 7
103 9
84 3
98 99
37 10
60 10
41 18
62 1
41 36
3 30
85 3
85 42
34 41
28 15
79 35
98 101
90 1
104 39
104 51
83 24
81 3
15 10
60 11
42 8
12 17
18 17
86 6
73 7
69 18
66 36
55 7
79 43
7 20
17 10
49 16
90 44
37 21
93 28
65 38
51 7
78 7
97 57
99 97
7 3
83 4
105 91
25 16
98 80
22 2
61 1
60 14
80 42
8 10
95 57
24 1
29 20
101 50
87 21
103 86
68 40
83 23
16 17
9 4
0 1
66 37
106 95
43 25
102 20
20 22
41 22
37 25
19 10
95 87
106 79
30 28
21 14
102 103
89 36
22 10
39 43
37 20
1 23
3 1
83 2
31 3
99 62
104 92
74 38
49 14
84 7
109 95
17 11
27 25
87 4
96 34
25 26
23 6
60 4
37 27
27 19
97 71
51 8
104 54
49 17
21 3
24 17
25 30
81 7
36 20
44 22
3 24
52 1
29 3
84 41
41 25
33 7
104 57
2 11
56 37
63 3
107 22
52 3
47 12
47 1
94 20
107 83
8 26
42 27
10 11
49 6
17 5
43 29
109 35
101 34
92 20
5 14
9 2
64 41
109 87
34 43
55 5
92 4
38 44
109 51
78 1
57 8
95 32
47 15
37 6
69 19
21 4
103 70
106 63
82 27
93 22
37 18
27 4
40 44
95 44
83 13
2 14
28 26
82 29
110 109
109 61
25 2
33 8
92 8
90 37
41 19
102 31
59 5
47 30
104 52
6 13
43 8
65 57
7 24
103 46
74 42
76 7
18 23
59 1
97 38
19 3
42 18
15 6
82 3
29 28
88 7
77 6
103 61
21 19
110 49
8 18
102 55
7 37
83 18
109 40
22 14
91 3
90 41
73 40
83 22
74 37
18 1
47 10
64 7
97 93
91 22
93 3
91 6
6 17
91 26
106 20
106 77
67 7
59 8
30 20
3 29
91 18
19 14
110 106
37 7
73 44
109 89
37 12
88 23
43 36
9 10
106 55
107 84
46 3
54 3
50 54
19 12
67 35
66 44
1 11
18 24
36 13
105 60
92 6
28 22
35 40
106 72
26 17
92 18
97 44
42 43
42 38
56 40
58 36
82 26
106 91
82 13
69 41
44 37
41 13
40 38
57 36
104 44
13 16
88 30
95 54
74 43
97 61
63 39
44 29
95 70
24 7
47 23
97 43
83 20
24 23
91 2
103 81
39 35
72 3
18 14
103 75
95 42
80 43
89 41
104 64
99 90
28 17
104 87
18 22
54 7
53 35
47 3
37 13
50 53
13 10
25 3
83 41
98 95
30 12
97 89
7 25
39 42
83 27
96 97
92 7
26 14
85 43
63 35
44 20
18 20
100 65
47 16
7 1
19 11
103 104
69 40
109 42
22 16
66 43
56 36
109 92
8 36
0 8
34 3
104 97
59 7
103 74
83 12
35 8
106 9
53 38
95 39
85 39
4 14
0 3
38 4
47 29
102 75
77 5
17 14
97 92
0 6
87 3
34 37
99 87
41 4
80 38
83 5
95 64
99 95
98 69
49 15
108 98
8 13
23 4
49 1
109 52
95 51
94 84
19 28
29 22
50 52
87 41
69 43
94 48
42 24
77 11
103 54
92 3
19 16
42 36
45 1
82 22
99 38
70 7
91 12
30 2
103 72
25 11
35 38
58 7
4 26
4 20
3 21
69 38
18 6
53 42
9 11
20 3
15 14
91 25
56 38
67 44
109 93
6 10
11 17
28 4
46 8
28 2
55 8
104 32
90 21
22 1
20 5
91 4
4 17
82 11
106 45
97 32
25 29
88 20
63 38
65 7
12 11
90 8
26 10
103 20
40 19
9 15
83 1
23 3
110 85
42 37
39 37
50 32
95 88
77 7
41 7
68 36
93 13
107 82
28 6
36 5
38 3
106 50
63 64
84 44
0 4
56 44
99 71
69 21
36 21
6 5
82 18
102 48
95 40
89 7
9 1
54 8
38 30
99 42
99 64
37 30
20 6
21 2
21 10
73 37
7 6
91 19
66 42
104 73
9 14
38 1
2 17
85 35
21 12
98 34
28 14
56 43
84 38
24 30
93 7
68 41
101 69
104 35
87 19
15 5
16 14
106 33
87 25
73 18
106 76
41 10
98 63
20 14
35 1
102 53
24 20
82 5
3 14
27 7
3 28
23 20
84 42
57 38
10 17
1 19
10 26
13 11
30 10
41 3
103 69
20 16
27 2
29 11
19 15
80 40
88 4
35 3
18 25
13 26
89 35
1 29
95 90
82 20
85 40
86 10
4 16
24 16
83 7
23 16
93 10
5 11
15 12
59 2
8 12
11 16
29 23
66 41
94 55
31 1
58 39
3 2
109 97
57 41
104 40
36 1
105 56
98 91
76 10
8 3
100 63
59 6
37 4
13 5
61 3
25 15
63 43
75 3
40 42
102 77
38 27
1 28
49 2
3 12
2 10
9 12
82 25
8 30
42 19
59 14
41 2
29 6
20 1
34 44
8 21
21 7
43 38
5 10
64 57
21 24
103 79
36 11
39 8
8 5
77 12
104 53
67 42
106 81
36 26
101 74
87 29
27 3
21 15
38 25
83 6
99 40
82 36
101 65
27 30
82 24
77 2
60 15
109 38
99 88
5 12
58 35
8 16
47 6
101 97
109 70
89 3
28 12
1 15
27 17
65 37
68 3
58 38
82 1
104 62
44 41
42 7
48 7
8 6
7 22
99 92
97 95
76 4
38 18
24 25
68 42
82 23
39 3
88 37
103 82
64 42
86 12
47 22
36 4
25 13
9 13
96 69
84 40
98 79
76 5
22 13
6 14
69 42
61 8
23 17
57 35
60 6
79 44
49 4
37 16
23 2
6 16
55 10
93 5
41 5
40 37
97 35
1 17
105 69
55 2
97 64
43 37
8 2
63 57
87 7
97 40
18 19
53 40
88 27
40 3
105 85
7 27
8 15
38 8
87 37
7 28
104 89
73 36
42 41
91 36
79 20
41 27
27 10
40 21
7 5
65 43
74 41
1 30
21 20
47 14
17 6
30 6
91 21
74 3
36 28
104 42
43 41
37 3
25 4
34 42
63 41
23 15
93 8
91 30
25 14
64 38
45 7
19 4
26 1
76 11
83 36
76 6
90 18
106 32
26 15
18 4
3 10
87 18
53 44
36 16
102 78
7 11
57 40
102 98
68 38
37 2
4 11
4 2
104 38
24 22
37 19
82 37
36 6
43 27
76 12
30 3
41 28
67 3
83 29
83 28
24 5
1 20
98 65
44 28
82 4
30 17
94 95
67 41
72 7
90 25
49 11
91 24
36 17
27 11
83 19
25 22
109 53
82 30
18 28
78 12
4 10
16 12
89 40
24 3
25 5
37 14
64 43
74 7
104 90
103 65
106 83
60 12
99 93
77 10
22 12
63 40
47 4
29 16
96 65
74 40
28 16
98 96
91 23
25 12
20 2
63 42
41 14
27 22
103 62
95 89
27 13
30 14
27 23
55 3
36 27
20 4
24 2
69 37
35 41
85 7
106 70
71 8
82 16
3 36
99 70
106 65
87 27
67 37
39 40
95 93
91 27
40 41
35 37
36 29
100 34
110 95
3 22
85 38
89 8
23 1
7 29
18 29
8 23
3 25
109 73
10 12
90 38
1 10
4 22
91 14
18 11
37 28
89 43
93 25
6 26
104 71
104 61
3 20
36 3
14 17
99 61
19 17
108 50
86 3
30 1
30 13
88 19
23 22
8 27
34 36
73 42
33 3
57 7
7 36
42 44
22 17
34 40
93 14
15 4
29 26
3 4
73 41
68 7
36 15
25 6
86 1
97 53
88 21
78 10
57 37
8 24
109 71
5 13
4 13
27 6
8 4
19 26
91 20
44 36
97 73
13 12
103 51
103 31
22 5
83 21
106 34
32 8
43 44
108 82
104 70
95 43
3 6
38 20
94 82
78 6
44 25
88 24
84 43
27 12
23 12
104 95
18 27
89 38
20 11
2 12
21 29
109 44
46 1
44 27
6 22
7 10
69 3
17 12
47 11
40 27
36 19
90 24
38 29
41 16
110 82
38 7
29 15
24 14
36 7
101 63
69 36
97 62
4 5
65 42
73 1
83 3
4 12
88 6
92 44
83 30
19 24
90 36
44 7
88 1
38 24
24 11
39 44
36 10
106 59
65 3
79 42
68 18
21 22
7 26
4 28
35 44
30 16
95 73
91 5
7 21
64 35
86 7
41 15
18 12
44 24
7 19
37 29
3 5
78 2
64 40
88 36
78 8
72 8
74 64
86 11
19 23
3 26
30 22
76 3
64 44
26 12
82 10
1 4
56 42
76 14
27 20
41 20
76 1
85 57
106 62
29 2
71 3
85 41
101 95
89 27
22 4
58 3
94 50
110 84
90 23
43 19
41 24
43 24
45 4
19 20
7 30
13 17
88 25
4 15
21 26
82 15
98 9
91 28
1 16
84 35
53 57
9 5
27 29
19 5
66 40
7 4
60 5
41 29
42 21
65 35
23 13
75 7
27 5
14 15
45 8
78 5
30 4
29 5
36 25
25 20
8 29
92 1
109 32
19 7
73 27
93 1
96 95
103 71
102 50
8 22
37 22
103 77
76 2
8 11
89 44
38 21
95 53
38 36
29 1
26 2
18 2
100 95
37 23
77 4
1 13
103 48
103 83
23 5
107 85
103 32
103 55
109 64
18 10
106 74
10 16
110 20
59 4
75 1
20 28
26 6
103 91
15 11
106 69
16 5
82 12
103 34
3 23
92 24
63 44
95 97
29 14
35 42
97 87
74 39
99 54
58 44
13 15
62 8
41 6
18 13
98 48
100 69
109 43
67 40
106 46
3 27
37 26
23 11
31 8
27 14
30 15
48 8
7 14
99 57
86 2
21 30
107 20
93 6
59 12
58 40
99 51
20 10
65 64
98 100
13 2
86 5
56 7
3 15
32 7
95 61
93 24
106 61
29 17
82 6
57 43
66 3
59 10
56 39
73 43
9 6
87 20
24 15
27 21
19 29
95 92
21 1
95 35
99 35
40 18
27 15
105 58
91 10
88 44
26 16
21 23
8 17
97 88
103 45
41 23
47 24
64 3
82 2
16 4
106 48
74 44
2 15
36 12
77 8
14 12
18 15
16 15
3 16
35 27
47 7
43 21
16 10
28 1
92 28
2 13
98 50
20 13
105 84
74 35
55 1
27 26
105 9
92 25
3 19
64 39
20 12
79 40
13 6
35 36
62 7
73 38
95 62
1 22
99 39
83 14
16 11
19 22
18 16
103 95
107 95
7 23
10 15
56 57
34 38
91 13
6 28
25 23
93 20
103 33
0 2
83 37
68 43
27 16
20 15
105 0
109 88
21 11
37 36
57 44
36 24
99 32
103 53
46 7
1 21
104 43
35 18
91 17
42 3
84 57
88 29
65 44
67 18
2 5
102 81
16 1
10 14
62 4
5 17
65 41
62 3
59 3
25 28
38 19
91 15
32 3
91 11
29 4
15 17
44 6
18 26
37 11
24 4
30 5
88 3
100 74
40 36
58 37
50 18
90 7
85 44
97 54
83 10
24 26
96 50
77 3
103 76
24 13
3 13
24 28
68 35
107 49
13 1
88 8
95 52
90 19
8 20
63 7
67 38
36 18
39 7
15 2
49 5
102 95
99 73
89 18
78 14
25 1
27 24
47 13
47 28
97 39
99 89
43 7
8 14
