36 9
22 5
37 19
23 21
46 38
29 21
51 18
37 10
21 16
34 1
37 6
34 15
3 10
35 1
51 15
39 45
29 18
28 6
36 10
2 10
46 18
46 26
37 1
39 43
14 1
14 15
31 16
32 6
6 1
0 2
30 21
25 6
3 9
14 21
46 36
47 1
33 15
0 6
30 15
35 16
2 9
51 10
24 18
33 21
0 1
32 19
33 10
48 21
29 19
46 5
33 18
25 19
50 6
28 20
35 6
46 3
48 15
25 22
25 16
0 4
48 22
25 15
49 10
28 19
48 17
33 22
30 10
4 10
14 17
50 18
32 17
31 10
1 6
47 18
30 20
49 6
14 6
30 17
35 15
30 16
35 22
28 1
23 1
1 7
23 6
29 10
29 17
35 21
35 20
31 6
33 20
39 44
46 47
21 3
50 20
33 17
0 3
51 21
6 2
50 19
51 22
23 10
28 10
48 20
47 2
24 17
39 40
25 20
39 41
30 1
34 17
31 22
51 17
28 18
39 42
32 22
32 21
23 20
5 10
46 45
46 11
34 6
50 17
37 21
1 5
50 1
26 3
32 16
50 10
34 10
49 18
6 5
31 15
37 22
49 22
34 21
49 20
46 42
37 15
30 6
46 15
26 27
28 22
31 18
28 21
47 7
29 15
26 18
24 21
49 19
26 6
46 52
50 22
34 20
50 21
22 4
23 22
24 16
37 20
11 12
6 0
21 7
24 6
30 18
48 16
48 18
39 36
28 16
28 15
29 1
13 7
1 3
35 10
34 19
46 27
14 22
28 17
24 19
49 15
32 10
38 2
6 3
32 18
29 16
37 16
33 1
23 16
50 15
32 1
48 10
33 6
49 17
14 20
5 9
49 1
23 18
25 18
23 17
0 5
14 19
39 46
51 1
34 18
31 20
37 17
24 22
48 19
31 1
49 16
14 10
20 7
26 5
24 15
24 10
34 22
33 19
26 0
39 27
30 22
51 16
37 18
49 21
2 8
25 21
29 22
51 20
46 21
22 3
14 16
31 21
23 19
35 17
29 20
48 1
45 9
31 17
50 16
34 16
25 1
25 10
35 18
30 19
45 10
14 18
39 26
32 15
51 6
35 19
51 19
1 2
24 20
32 20
31 19
48 6
24 1
25 17
23 15
29 6
33 16
