69 42
83 27
3 16
83 19
19 1
31 10
61 64
56 15
11 13
86 66
10 14
34 6
37 34
83 74
91 49
42 36
84 26
73 68
92 66
3 7
50 10
61 65
10 17
50 13
56 12
86 21
1 14
11 10
48 13
43 31
66 27
36 34
25 29
83 38
18 14
53 32
84 31
51 11
23 14
92 86
45 33
69 72
37 10
28 13
84 33
86 79
71 36
91 26
41 10
10 4
71 27
27 31
19 2
86 63
89 63
91 28
91 77
49 11
59 33
32 6
11 12
86 64
9 17
47 33
52 33
52 10
84 59
16 9
68 33
10 7
7 8
4 2
44 31
61 66
37 35
18 16
31 3
66 35
84 68
49 10
61 58
66 60
44 11
43 6
33 10
73 42
90 86
68 35
12 14
83 70
6 2
11 7
10 5
3 10
91 36
18 12
68 51
92 58
84 75
84 74
42 32
78 27
43 33
71 75
69 71
15 1
6 15
14 8
7 12
28 4
30 31
22 2
85 37
11 2
66 74
3 12
41 32
53 31
52 13
78 66
53 34
5 2
47 3
48 33
44 35
39 1
66 52
30 36
86 56
49 5
47 10
43 3
85 47
78 54
92 63
35 33
60 3
13 9
8 2
34 31
73 46
51 32
5 17
47 5
3 5
44 10
66 76
71 51
12 8
73 47
66 59
46 24
92 20
42 31
90 66
4 13
59 36
83 42
30 32
78 25
66 3
72 46
5 12
13 5
69 70
68 77
11 1
15 12
31 6
86 76
40 2
16 2
86 58
68 75
28 31
92 91
84 50
78 82
86 39
58 11
43 11
86 20
4 7
3 1
51 34
84 32
36 6
83 56
32 11
61 4
50 31
5 9
25 27
10 13
83 53
85 41
2 1
84 3
39 2
47 13
49 3
78 83
10 1
50 5
5 14
66 28
31 16
45 4
1 8
86 54
34 3
86 29
44 6
37 31
50 6
13 12
83 63
78 0
33 3
61 19
55 1
27 35
6 16
72 42
36 31
3 13
15 14
58 16
13 15
83 47
90 20
91 51
11 4
32 10
35 6
5 8
6 14
43 10
60 4
41 3
72 53
13 14
59 3
6 4
54 2
91 48
9 1
83 22
41 35
9 14
33 11
58 3
91 27
35 11
59 31
71 66
2 8
31 13
34 33
85 56
34 11
67 53
22 12
28 6
14 1
3 11
3 2
86 26
86 42
92 23
33 16
28 16
78 40
84 52
92 18
83 4
37 11
4 1
17 8
11 16
52 4
36 33
72 47
30 34
73 25
6 8
34 10
45 6
3 6
42 35
90 63
5 7
16 8
49 31
44 3
84 28
61 20
91 31
56 4
86 87
6 5
35 31
92 45
35 3
58 31
42 3
86 19
90 58
58 4
68 32
69 53
28 3
10 6
83 25
20 2
66 10
48 4
68 29
83 88
83 77
68 27
31 15
68 10
84 77
31 11
4 9
5 16
60 10
52 31
71 11
49 6
25 4
90 91
38 2
40 1
83 64
30 10
7 15
86 27
18 13
14 24
9 2
13 16
23 24
22 9
11 14
58 5
86 65
30 33
73 66
71 77
32 31
91 11
37 33
3 14
53 3
83 62
86 77
83 21
83 54
91 34
32 36
67 68
86 88
91 10
45 31
4 17
11 8
33 31
84 66
6 7
30 11
13 17
18 5
86 75
78 46
48 6
78 80
68 26
91 52
21 1
45 11
41 36
33 4
69 58
66 26
17 2
42 10
30 3
7 17
61 63
89 58
91 75
35 10
6 17
71 68
69 22
66 29
83 65
66 75
28 5
91 66
71 60
66 48
0 2
86 38
67 46
36 3
91 68
56 2
7 2
16 17
55 2
20 1
10 15
71 34
83 75
48 11
41 31
4 5
12 1
58 10
25 26
78 58
68 66
91 29
21 2
48 10
48 3
8 24
18 17
10 12
69 47
6 1
23 1
51 35
68 59
61 62
84 48
14 2
38 1
84 51
52 11
84 10
34 13
51 3
11 17
3 4
15 8
3 9
13 2
44 33
56 9
18 2
6 13
41 33
91 35
22 15
83 76
53 11
84 27
47 4
33 13
68 31
92 4
27 34
59 10
16 15
37 3
86 53
90 69
44 4
53 33
83 80
59 11
89 45
2 12
71 31
45 13
89 20
71 50
83 29
16 7
43 35
18 8
66 36
66 11
71 10
86 62
83 58
11 9
25 28
84 60
11 6
86 70
68 50
18 9
86 57
9 8
45 10
31 17
53 36
32 33
7 9
31 9
56 1
68 49
50 4
91 33
90 25
30 35
86 4
23 8
86 80
50 33
78 55
68 36
25 15
89 66
0 1
84 34
83 66
52 3
91 60
66 68
66 31
48 31
8 1
5 15
6 9
71 29
83 57
71 35
5 1
11 15
61 45
52 6
50 11
31 5
61 25
85 30
71 74
31 4
47 11
73 53
37 36
43 34
18 7
91 76
91 3
42 34
60 31
7 14
86 47
66 49
18 15
69 56
78 69
66 34
84 11
13 7
6 12
91 50
71 59
32 3
57 2
78 79
85 22
43 4
68 76
84 49
17 15
36 35
16 14
68 28
17 12
85 44
58 13
86 84
35 13
4 15
53 35
3 15
91 32
51 33
47 6
83 26
78 65
42 33
66 50
41 6
36 10
68 11
69 73
67 25
41 11
72 68
71 32
66 32
89 4
59 34
51 36
86 22
36 11
68 3
17 1
71 52
83 84
33 5
71 48
68 74
28 7
31 7
84 76
85 43
66 77
67 47
49 33
23 2
45 35
85 45
71 3
68 52
91 59
9 15
4 14
13 8
66 33
48 5
83 87
67 42
69 66
34 35
78 81
84 29
10 16
67 66
32 34
83 46
16 1
22 1
72 25
78 4
49 4
15 2
49 13
60 33
60 11
4 8
13 1
83 79
28 11
68 60
68 48
2 14
44 34
3 17
16 12
71 26
51 10
34 4
51 31
71 33
3 8
50 3
54 1
12 2
69 67
28 10
71 28
71 76
91 74
72 66
59 35
7 1
57 1
11 5
45 3
52 5
71 49
10 9
59 32
69 25
66 51
68 34
32 35
41 34
33 6
4 16
86 25
86 74
37 6
83 20
4 12
10 8
18 1
42 11
84 36
58 6
35 4
84 35
78 57
78 62
83 39
9 12
17 14
47 31
