100 38
79 9
95 27
65 28
108 82
115 118
76 17
24 28
109 53
85 10
113 87
15 4
8 13
14 32
14 16
79 32
108 90
97 26
111 106
111 71
120 81
8 6
20 26
112 113
23 2
28 15
17 10
50 21
84 12
10 4
59 9
73 22
34 33
78 7
39 29
66 17
24 4
45 1
47 50
114 62
0 1
108 78
7 4
82 22
27 10
78 3
56 22
29 7
60 12
78 12
101 55
76 59
77 11
26 11
30 11
51 14
19 9
51 65
47 14
90 31
8 3
94 61
114 66
9 13
95 32
32 8
26 21
54 20
34 4
69 10
23 27
123 99
60 23
80 22
4 3
115 42
110 82
68 30
55 34
33 18
51 39
22 28
120 82
47 31
62 24
112 84
79 14
108 110
29 12
90 29
35 29
124 39
51 22
120 95
74 1
14 10
48 60
30 8
113 105
33 9
87 59
53 72
72 65
27 13
45 19
27 1
98 68
34 10
65 6
114 107
90 26
95 14
99 14
50 33
74 13
79 20
30 24
19 21
108 47
4 11
47 55
49 17
95 12
39 1
61 32
55 65
66 20
23 25
49 66
23 26
23 6
70 15
67 17
66 28
113 104
71 22
39 20
25 23
68 20
65 33
115 75
16 6
15 3
21 4
92 11
59 24
110 107
76 14
76 65
94 59
54 32
60 31
14 17
12 27
57 22
95 18
22 17
76 62
15 29
9 20
50 9
113 57
49 21
20 21
34 16
113 81
123 37
33 16
53 68
113 37
20 6
55 28
69 9
109 49
85 8
112 88
27 18
56 23
49 25
61 23
19 4
113 38
33 21
23 18
32 28
75 39
16 11
48 12
48 22
18 5
60 24
18 12
66 33
28 18
120 71
90 22
82 66
23 34
29 4
50 39
60 9
96 10
114 54
102 104
107 72
122 101
8 27
47 51
78 9
120 39
39 11
22 65
90 1
95 9
45 16
115 117
113 106
48 30
33 7
101 62
111 105
32 19
88 23
27 6
48 26
39 18
114 101
71 62
27 5
68 25
70 12
59 25
25 12
26 12
32 29
31 9
114 67
62 34
90 12
74 8
20 11
113 101
9 16
4 7
62 23
5 3
9 31
67 62
18 9
70 14
59 22
2 11
67 61
66 31
23 12
16 7
7 1
114 64
82 68
95 60
107 55
34 5
62 39
61 20
109 66
115 95
59 34
107 54
23 7
63 23
81 23
28 33
65 39
90 24
85 12
65 2
67 25
14 20
23 31
21 7
58 67
113 42
25 29
99 9
86 68
98 22
47 54
100 46
109 62
24 27
66 26
123 56
40 22
65 10
79 65
20 27
33 5
25 16
21 5
60 21
45 6
54 9
25 11
54 65
45 12
102 47
10 13
94 64
23 14
45 23
28 10
32 4
17 7
16 1
64 61
109 59
94 67
9 33
9 28
96 21
22 6
107 48
9 27
68 24
94 66
75 62
29 10
121 118
45 27
113 96
14 31
55 9
34 15
39 12
101 37
113 83
16 10
113 84
98 14
96 4
123 51
50 17
54 22
66 19
74 9
115 43
55 39
48 19
9 4
114 99
5 13
26 33
33 13
45 2
99 23
101 50
28 1
17 15
60 2
95 17
112 93
120 47
95 2
24 6
28 21
68 33
92 9
23 30
30 4
23 60
8 33
75 23
31 1
95 29
26 7
114 68
123 80
120 52
35 5
51 32
66 9
58 63
9 21
76 22
77 6
17 24
65 1
18 11
60 20
76 68
26 16
7 5
112 85
79 34
21 8
112 47
93 23
79 60
22 7
21 12
14 4
16 2
107 62
67 39
20 23
115 44
82 67
12 33
8 12
69 8
70 22
55 8
26 13
30 31
86 39
7 13
4 13
48 20
58 64
17 33
85 11
25 22
49 10
55 30
48 33
114 37
10 11
110 105
32 24
65 17
20 24
65 32
22 21
21 10
90 33
55 17
94 60
90 23
71 68
20 33
107 67
110 71
113 52
22 34
19 33
9 7
70 27
89 23
99 27
99 6
9 19
34 25
96 5
90 11
31 7
47 56
26 9
39 17
19 2
7 3
107 66
43 44
8 1
123 50
107 97
110 73
101 99
23 17
39 8
61 34
18 2
24 21
90 60
22 2
73 63
9 25
9 6
61 30
1 4
42 27
65 24
113 46
19 16
75 61
63 59
59 39
67 14
28 11
26 6
72 23
14 25
111 82
6 18
78 1
79 30
114 56
49 15
102 105
74 11
28 27
100 39
107 68
76 60
45 13
96 13
12 10
114 48
65 26
98 12
46 27
30 23
33 6
96 6
29 13
8 21
41 23
120 80
51 34
24 7
115 116
123 72
14 33
22 60
2 12
115 76
120 86
66 11
49 34
30 7
95 15
45 28
14 26
54 60
95 34
19 10
28 5
34 13
65 11
79 61
48 31
19 29
100 91
30 33
120 78
65 34
12 29
8 15
85 23
34 28
68 26
2 3
47 39
19 6
110 104
65 21
95 16
65 18
23 24
35 18
21 3
65 30
43 0
74 3
123 66
20 9
32 13
113 73
102 101
72 61
74 12
95 6
28 13
62 32
48 34
23 20
78 16
8 5
97 39
109 50
77 7
4 5
49 14
45 33
61 60
120 79
39 16
39 2
25 24
95 25
120 74
109 80
45 9
97 22
50 2
85 7
26 27
84 22
62 28
94 23
17 25
58 61
84 8
19 13
18 4
17 8
17 4
113 39
66 6
53 67
34 19
21 27
17 32
70 31
108 102
62 19
1 8
34 29
1 10
101 63
123 53
32 21
123 67
122 47
97 68
92 23
109 37
15 7
39 10
49 33
8 10
93 22
39 31
30 13
75 66
25 7
120 96
60 33
24 8
83 9
25 28
62 22
45 18
10 1
17 21
35 6
94 68
31 29
51 17
50 14
101 64
2 6
1 7
45 4
54 34
108 73
107 51
60 16
68 9
32 15
90 18
28 7
97 14
25 6
109 48
24 22
49 19
23 10
14 22
65 7
54 68
35 3
95 7
90 32
12 11
20 10
77 8
14 34
114 50
91 68
32 12
65 20
68 22
50 15
113 89
23 16
35 16
113 79
22 29
70 16
109 99
9 29
24 12
9 15
45 21
100 101
64 23
21 6
63 65
39 4
2 9
2 8
14 29
65 25
66 65
72 62
59 23
20 28
75 17
111 104
120 42
15 9
54 26
42 6
121 15
60 15
70 11
11 1
78 8
53 59
113 88
23 32
32 33
22 9
42 26
66 8
48 65
39 33
71 59
79 39
19 15
63 62
6 4
24 18
39 21
101 66
120 101
55 14
75 68
31 27
77 10
23 11
20 25
101 56
17 6
60 29
17 22
113 92
30 34
49 39
48 8
60 18
20 4
26 4
109 51
65 31
15 1
60 28
115 104
30 22
63 64
99 8
123 52
2 13
22 15
115 58
1 11
48 17
49 9
114 55
113 114
86 59
59 60
96 31
49 32
33 4
113 82
40 23
66 12
57 8
60 25
27 29
68 31
112 39
45 5
98 25
101 80
16 4
87 68
70 8
22 19
108 111
73 68
60 6
17 12
20 29
114 49
36 22
34 24
108 86
45 29
111 101
14 7
27 7
96 24
9 2
59 14
61 14
121 46
10 7
19 11
30 5
73 59
67 59
35 2
109 52
66 34
22 31
58 65
42 10
11 7
75 22
83 12
91 22
83 11
45 7
23 28
30 2
64 65
95 23
71 23
50 6
8 18
124 90
19 31
96 15
63 60
107 61
26 19
67 34
108 79
25 18
68 14
108 42
111 47
120 41
60 34
98 8
65 15
112 77
60 11
20 22
111 79
11 4
50 12
120 38
42 22
109 72
68 23
99 22
91 62
63 67
120 84
34 8
50 10
124 101
47 48
65 8
25 8
17 30
10 16
62 20
45 31
25 31
61 24
99 31
14 8
120 56
26 10
18 3
49 6
52 22
82 23
29 18
35 13
50 16
123 68
61 9
98 26
58 60
109 68
33 3
20 19
68 39
49 24
58 62
112 83
8 29
30 29
26 24
49 12
17 29
79 66
20 1
120 88
124 123
92 7
123 54
62 26
15 12
60 32
75 14
28 9
45 11
28 22
108 109
9 5
32 16
91 61
95 1
65 12
120 89
16 18
112 108
109 107
110 103
65 9
9 24
113 43
33 10
76 23
101 107
123 55
78 6
84 11
83 6
90 7
20 12
15 27
34 23
32 9
92 12
96 1
24 2
12 5
18 13
57 23
32 11
46 15
90 8
59 20
102 107
113 36
18 10
120 114
96 12
59 19
91 23
14 27
101 72
30 1
25 5
120 73
57 12
60 8
113 80
50 65
121 39
66 22
52 9
50 8
114 59
20 16
50 27
87 62
9 18
33 15
49 30
39 26
14 1
68 17
83 23
45 25
42 12
87 39
58 23
34 2
98 39
49 20
79 59
35 7
62 66
21 29
60 27
27 4
26 29
79 68
42 11
62 9
74 16
68 34
65 19
107 101
101 98
96 7
12 4
51 62
20 8
82 63
120 57
50 30
71 63
68 32
76 67
22 32
123 97
22 27
1 12
101 68
14 12
16 9
34 26
112 46
12 1
48 28
92 8
123 63
51 66
95 31
16 29
22 18
90 28
14 2
91 59
25 9
14 19
34 18
114 80
45 24
60 10
17 31
97 25
15 21
65 14
99 15
12 2
61 59
123 59
28 3
49 23
10 18
2 1
26 1
18 8
25 2
32 26
12 7
90 25
78 10
24 15
27 16
54 19
97 59
66 25
30 10
30 27
36 9
19 12
20 15
62 30
21 16
67 9
15 6
62 61
17 28
45 8
19 28
10 5
61 26
90 39
115 78
107 80
11 3
112 36
79 22
123 61
68 12
70 23
19 18
17 1
91 65
33 8
71 66
72 68
120 36
54 24
71 64
86 62
85 6
71 61
96 33
76 61
73 62
74 7
109 67
10 29
48 14
29 5
97 9
34 9
48 25
11 5
18 6
58 66
29 8
28 8
102 106
65 23
94 62
58 59
29 3
61 65
51 68
62 68
68 28
22 30
92 10
49 27
109 56
95 28
123 48
2 4
34 11
6 1
31 8
96 27
90 6
14 18
20 7
12 13
95 19
101 54
26 15
9 26
84 23
33 11
107 59
120 85
95 20
115 74
9 11
39 14
33 29
32 20
31 11
27 9
115 119
59 30
19 24
32 25
42 25
123 49
95 30
35 21
74 10
21 9
102 73
115 87
27 12
112 105
75 60
34 6
101 49
31 18
54 8
123 62
23 22
24 10
32 6
59 17
71 72
23 9
113 56
67 65
48 66
120 83
69 6
34 7
50 26
42 16
22 39
107 53
19 7
9 1
72 59
59 65
16 5
22 14
95 21
91 63
107 56
114 63
35 12
25 15
17 34
112 53
70 25
109 55
33 12
75 65
42 9
111 107
90 14
98 9
34 1
55 23
72 63
96 18
63 22
100 90
31 6
37 22
15 18
28 2
19 5
120 69
95 33
57 9
77 23
50 24
50 28
90 65
38 22
113 90
70 9
73 67
14 21
71 67
21 1
6 13
10 6
11 2
14 30
30 26
111 103
28 16
22 25
122 90
94 22
101 52
26 22
47 53
34 21
14 11
54 25
21 2
15 8
122 108
55 68
101 53
115 96
6 3
45 10
10 15
121 101
65 27
54 12
49 26
55 19
12 15
15 13
35 27
27 2
110 47
8 4
91 64
27 3
87 61
59 66
84 10
121 91
115 70
67 22
36 8
57 6
61 22
77 9
50 32
54 30
40 8
113 40
67 66
42 8
83 10
32 31
49 22
123 107
16 12
98 66
11 16
54 17
97 23
109 97
99 10
48 32
60 22
68 8
17 9
63 68
48 24
96 28
31 12
124 35
92 6
29 11
18 7
115 91
55 25
120 87
55 22
51 20
78 4
23 21
6 29
8 31
26 8
23 19
2 5
50 60
87 67
27 8
90 27
95 22
52 23
96 29
13 3
67 60
80 23
108 71
78 11
34 27
113 85
67 30
23 39
86 67
35 8
39 9
1 5
97 66
17 16
66 14
108 74
30 12
86 66
23 29
51 61
33 2
59 8
17 19
87 66
65 22
85 9
66 27
34 20
95 24
30 21
50 29
9 10
30 32
46 1
64 62
51 59
24 13
61 28
42 7
66 23
17 11
65 29
14 23
82 62
22 10
110 79
20 5
20 18
113 71
15 16
82 72
39 27
30 15
24 29
61 68
10 21
70 10
68 65
113 78
26 2
114 98
96 8
121 90
96 11
70 6
95 11
85 22
50 31
68 19
20 13
122 123
19 1
29 2
122 120
31 2
120 53
28 12
113 47
115 105
42 4
95 10
113 95
72 22
15 5
112 101
66 39
107 50
42 31
21 18
74 6
90 16
64 66
40 9
15 10
69 23
79 62
34 32
95 39
22 26
90 19
112 38
82 59
50 20
82 61
14 28
108 95
114 97
90 20
21 11
112 57
109 101
54 31
91 66
112 103
101 51
25 13
110 106
16 3
1 6
79 17
51 23
39 22
12 31
12 16
22 33
66 10
29 9
11 13
59 68
73 23
32 23
66 21
59 28
113 41
8 2
63 61
101 61
49 28
31 3
92 22
109 63
8 11
66 60
48 9
75 67
25 1
1 3
27 11
55 26
53 61
120 92
96 16
32 10
39 23
77 12
12 21
95 26
45 26
45 22
22 16
66 15
120 90
18 1
22 1
66 30
42 1
28 6
47 52
35 15
20 31
14 15
48 68
101 48
83 22
96 9
13 7
30 18
54 23
91 67
35 1
32 2
30 9
70 1
101 59
107 37
26 28
48 39
60 39
6 5
30 19
59 26
16 13
22 20
64 59
69 7
111 73
120 40
68 60
10 27
108 101
39 6
1 13
41 22
76 66
42 15
100 47
17 20
25 4
89 22
16 8
28 29
30 6
109 61
6 16
14 24
109 64
9 8
84 9
96 22
8 16
102 82
39 25
73 66
50 18
62 17
107 49
115 0
32 7
25 33
70 26
69 11
11 18
69 12
79 67
60 14
12 18
112 104
102 103
107 98
24 1
73 64
49 60
76 39
48 23
51 67
60 1
10 3
34 12
113 103
62 65
114 51
49 8
65 60
21 13
62 60
50 34
66 24
102 79
54 39
51 60
113 69
99 12
72 67
113 53
4 6
78 13
67 23
108 87
90 15
54 28
46 31
60 26
5 7
30 28
36 23
95 8
61 66
72 66
38 23
31 21
101 97
81 22
99 16
25 26
61 39
86 61
62 14
51 30
90 17
32 18
90 21
17 2
67 32
31 4
107 63
61 25
58 22
94 65
34 22
32 22
74 4
124 120
107 64
34 31
90 2
45 15
107 99
25 10
57 10
53 64
108 96
15 11
29 6
62 59
58 68
31 15
2 7
19 27
60 19
6 7
55 66
70 39
39 15
61 19
14 9
24 33
25 19
66 32
62 25
115 86
97 61
68 10
19 8
53 62
17 26
99 25
49 31
35 11
73 72
112 106
113 86
33 1
55 32
99 26
23 8
23 33
22 8
114 72
24 9
12 6
49 65
69 22
123 98
50 25
60 17
75 59
32 5
78 27
98 23
32 27
26 18
90 10
22 24
65 16
6 2
9 12
17 27
31 10
55 20
35 9
26 5
115 79
24 31
90 34
67 20
19 22
20 2
120 37
54 33
99 39
29 1
102 71
64 60
113 74
42 13
64 22
22 11
14 6
114 53
79 23
31 5
67 68
35 10
23 15
109 98
33 31
31 16
77 22
61 17
25 27
15 2
114 52
107 52
70 7
84 6
88 22
33 27
42 23
30 25
123 101
115 94
73 61
35 4
2 10
26 31
30 16
90 30
96 2
61 8
22 12
17 23
101 67
112 90
60 30
8 7
109 54
25 21
63 66
60 7
112 89
124 91
28 4
55 60
54 14
6 11
55 24
24 5
30 20
47 49
39 19
32 1
59 32
72 64
123 64
50 19
68 66
37 23
90 9
24 16
12 3
110 101
31 13
23 65
28 31
17 18
114 61
64 68
82 64
54 66
39 7
24 11
83 8
64 67
