25 2
0 7
1 21
17 19
4 19
11 6
22 1
25 1
14 19
11 3
24 4
24 5
6 18
15 19
5 19
30 3
23 5
11 16
2 19
19 9
30 15
15 8
14 21
11 15
1 8
25 6
0 5
16 18
18 20
17 21
11 7
30 1
30 14
16 21
20 18
16 19
8 9
22 6
4 21
10 1
13 21
30 2
22 7
28 19
22 5
27 6
25 3
27 2
10 4
11 4
2 21
5 8
23 4
20 21
20 8
6 21
24 7
3 19
23 2
4 20
13 18
18 8
16 8
25 5
24 3
7 21
22 4
15 20
10 5
15 21
26 5
25 7
30 13
5 21
26 7
2 8
11 14
15 18
11 5
5 18
23 1
11 2
0 3
17 20
10 7
30 17
28 8
10 3
25 4
11 1
18 19
14 18
4 18
7 19
24 6
27 3
1 19
0 4
26 1
11 17
24 2
13 20
10 2
18 21
11 13
24 1
23 7
22 3
10 6
23 6
27 5
0 6
13 19
4 8
7 8
3 8
6 8
17 18
22 2
27 1
27 4
11 12
0 2
0 1
17 8
26 6
27 7
28 21
6 19
3 21
14 8
21 9
23 3
26 3
30 12
16 20
14 20
6 20
13 8
26 2
30 16
26 4
5 20
29 21
20 19
