26 1
30 5
17 5
6 5
14 5
3 5
6 8
7 9
25 2
22 17
22 16
10 20
6 9
16 4
33 2
10 14
22 11
29 5
1 7
10 6
28 2
16 9
10 11
31 2
40 13
22 18
10 2
7 5
27 5
35 8
21 14
21 11
28 1
3 4
9 8
2 8
15 9
29 4
21 13
36 37
36 4
40 14
11 5
13 4
14 4
17 8
39 5
1 5
9 7
29 9
16 5
10 1
26 2
18 5
11 7
22 6
10 15
24 2
21 17
30 4
20 5
7 8
22 19
10 17
13 7
2 7
32 1
21 18
13 9
11 4
32 2
22 2
2 4
21 1
16 7
20 9
3 1
22 12
6 7
23 2
10 12
21 15
15 4
25 1
21 6
29 7
10 19
31 1
10 13
18 7
14 9
34 2
20 7
12 8
19 5
35 4
21 20
11 9
22 15
21 12
14 7
30 7
23 5
21 16
2 5
9 4
10 18
34 1
40 18
36 38
1 4
22 1
27 2
40 15
21 2
36 5
15 7
0 2
40 20
18 9
1 8
6 4
33 1
15 5
22 20
27 1
21 19
17 9
3 2
22 14
40 19
10 16
23 4
40 6
17 7
40 12
35 5
30 9
19 8
9 5
23 1
0 1
2 9
24 1
17 4
19 4
20 4
16 8
19 9
1 9
40 16
12 4
19 7
15 8
13 5
27 4
12 5
40 11
7 4
18 4
20 8
14 8
13 8
11 8
18 8
22 13
40 17
