19 2
5 9
25 15
2 1
26 4
24 11
4 1
25 0
20 13
24 1
14 4
10 4
22 18
19 12
24 6
5 12
25 8
1 4
23 4
9 4
25 3
21 14
24 14
24 13
24 4
19 4
23 6
5 17
13 1
12 1
21 13
22 6
21 16
19 14
19 10
24 15
20 16
24 3
20 8
22 10
20 7
24 17
5 15
24 8
21 2
19 17
16 3
17 1
19 18
22 8
19 15
5 6
22 4
19 9
19 3
25 16
20 10
21 11
23 11
10 1
24 10
24 18
23 1
22 11
20 9
25 26
21 6
23 3
24 9
21 9
8 1
22 14
26 10
9 1
20 3
24 2
21 3
0 3
9 6
21 7
5 4
21 18
20 12
5 13
20 6
22 3
23 14
26 3
19 8
5 1
3 4
21 4
6 3
20 17
0 4
20 18
19 7
5 8
22 2
3 1
6 1
19 16
20 15
6 4
21 1
22 17
16 1
24 7
21 17
5 3
20 14
22 9
5 2
25 9
21 15
20 1
0 1
26 23
8 4
20 11
22 15
0 2
19 13
18 1
21 12
16 4
22 12
9 16
21 8
22 7
5 11
21 10
20 2
22 16
5 14
22 1
24 12
17 2
5 18
24 16
26 1
22 13
19 11
19 6
5 10
9 3
7 1
26 6
5 7
19 1
20 4
25 6
5 16
