107 44
131 36
121 36
107 78
2 92
128 66
70 10
83 10
3 39
86 79
95 34
38 36
129 44
112 14
125 23
92 39
68 32
125 53
124 13
28 27
18 10
17 23
88 79
110 10
88 33
149 43
71 73
70 13
151 29
98 76
124 18
98 55
13 7
126 47
107 50
75 66
129 38
106 13
4 74
1 3
155 39
132 80
126 113
82 9
81 9
107 13
77 79
56 36
141 42
145 52
131 55
88 19
107 10
86 23
38 39
154 39
39 44
71 34
98 20
7 52
69 29
67 33
12 9
154 38
84 25
36 60
125 56
142 65
128 37
156 60
102 54
88 36
71 38
128 10
143 55
53 52
38 10
130 18
124 54
104 15
71 36
141 16
122 36
124 56
5 43
131 52
43 51
112 26
130 19
68 23
42 16
3 34
112 13
59 36
4 32
95 36
106 23
141 58
28 10
138 68
34 44
122 51
98 39
78 55
125 65
62 39
152 16
64 66
131 58
125 27
84 22
149 23
43 42
67 13
84 74
129 39
16 11
99 23
133 10
109 28
91 66
142 18
103 31
49 40
103 52
115 73
105 15
143 32
133 44
121 54
99 54
103 10
88 37
100 50
100 10
73 43
114 42
75 76
3 72
104 52
143 36
85 28
153 58
102 53
51 52
111 9
68 14
121 56
101 29
104 27
141 66
112 52
34 23
16 45
149 40
84 15
13 10
39 41
77 22
105 27
109 33
35 42
63 10
130 31
95 38
87 15
118 41
150 55
36 42
77 26
147 41
101 28
2 43
85 30
61 45
64 15
140 80
77 76
75 13
96 56
75 14
34 36
82 10
144 95
123 47
131 51
27 8
119 60
138 23
124 26
77 29
64 26
106 52
131 15
14 10
150 51
6 7
102 18
4 21
3 92
90 33
88 23
95 49
75 65
64 18
114 25
136 60
2 93
112 51
69 26
71 72
69 25
113 14
3 43
105 28
97 42
124 31
125 76
143 35
42 60
17 21
0 3
147 16
43 52
63 11
101 30
148 20
143 79
140 21
89 38
86 78
151 13
87 16
95 33
73 72
89 42
90 80
140 29
84 72
105 76
98 43
71 74
85 52
38 44
132 14
4 23
109 23
125 30
34 33
60 2
58 52
124 14
135 2
145 10
69 14
140 15
64 65
140 13
71 39
39 43
98 23
98 14
153 26
78 66
87 10
67 18
114 21
88 41
75 23
31 8
92 34
17 33
0 2
149 36
117 10
137 76
84 39
102 58
141 41
85 27
6 11
156 43
111 45
126 45
73 34
98 79
81 10
125 14
82 16
4 34
147 7
153 51
114 41
115 34
77 32
90 15
17 24
101 65
131 66
35 16
102 51
136 42
5 72
12 13
112 31
95 20
125 15
90 27
88 80
105 55
85 29
4 33
96 38
120 79
110 52
100 41
140 79
43 55
140 78
107 39
73 62
101 31
113 16
26 10
99 56
150 10
67 20
91 51
39 10
70 52
60 45
35 38
114 19
144 96
117 45
139 33
98 78
120 10
102 28
92 49
75 53
73 74
113 10
87 9
106 14
67 26
128 32
121 23
126 118
143 66
71 33
112 76
114 74
64 30
75 31
139 25
71 49
17 22
106 16
131 76
132 54
96 36
140 22
125 28
42 41
145 16
125 55
26 7
82 8
116 52
137 30
49 33
45 47
109 30
109 27
17 29
133 37
132 26
115 49
130 32
109 56
149 38
59 60
15 7
148 22
67 32
81 8
125 13
107 79
96 13
90 18
100 42
68 76
3 33
89 43
30 8
90 30
121 55
73 39
124 52
132 66
83 51
98 44
90 19
3 36
89 14
4 80
28 26
120 53
130 30
75 26
134 51
150 66
113 15
95 19
100 36
120 35
156 23
16 9
135 95
86 55
69 27
114 20
56 23
27 10
103 27
102 14
65 66
126 117
49 74
106 15
68 30
69 20
124 76
81 11
151 10
107 66
127 52
140 28
88 43
101 27
17 15
53 66
67 24
109 55
2 38
71 62
153 27
28 7
130 78
105 66
96 23
14 16
34 40
88 76
88 66
102 55
96 79
130 76
114 80
35 54
128 38
68 29
89 36
109 76
133 43
48 39
84 13
2 36
97 10
95 21
84 40
141 55
127 16
102 29
101 26
107 56
132 33
114 22
56 66
125 54
26 8
128 41
17 26
106 76
156 42
17 30
95 43
49 36
4 39
38 50
126 11
77 21
132 13
112 30
119 10
116 117
41 10
59 10
2 73
123 46
112 54
12 8
83 14
78 10
90 53
62 34
34 35
114 33
105 18
154 43
101 15
95 62
30 7
39 36
104 29
43 23
103 18
142 58
35 39
5 36
73 49
118 10
139 20
106 51
132 53
2 39
128 39
68 20
96 50
68 28
150 65
90 76
13 9
122 10
64 29
38 43
112 23
102 65
84 23
140 76
89 32
28 31
96 53
94 96
68 31
140 19
112 18
118 60
138 24
77 23
98 21
88 50
126 52
31 7
141 65
88 15
155 42
140 32
116 41
153 28
60 10
90 13
103 65
111 41
125 18
86 33
115 39
75 52
49 38
132 18
114 39
0 1
4 36
116 45
95 74
149 22
84 20
151 30
112 55
134 54
120 55
133 38
13 8
119 16
17 20
17 28
128 36
75 55
75 51
132 55
68 18
60 9
87 45
133 50
42 10
64 52
85 66
49 34
110 16
6 9
68 80
126 16
100 38
89 13
156 10
149 33
144 1
136 9
91 10
128 50
3 73
156 41
53 36
17 27
119 45
56 10
84 38
128 35
83 52
75 27
89 78
59 16
149 21
128 44
89 44
98 35
143 33
130 33
134 65
109 26
141 10
88 44
90 31
130 80
120 33
88 10
89 33
64 13
9 47
140 33
136 45
36 41
98 33
35 41
89 56
115 38
153 29
87 42
124 65
73 23
91 52
35 53
142 26
61 42
2 62
153 76
84 32
69 33
141 52
106 41
142 13
3 93
13 11
75 54
67 19
106 60
77 30
104 28
88 39
39 42
68 27
107 55
67 69
153 10
60 16
61 16
136 10
102 52
130 23
114 78
4 38
78 23
98 10
105 26
84 49
97 52
69 18
70 41
142 15
137 27
77 31
62 38
62 42
6 8
4 19
124 29
139 23
15 9
124 15
85 55
140 20
127 119
101 18
103 28
88 54
5 34
128 23
87 13
2 72
87 14
128 79
102 13
99 66
84 68
113 45
116 47
144 2
137 66
68 21
71 43
134 36
148 55
71 41
107 15
86 36
131 14
61 60
77 33
89 23
136 16
151 14
130 21
132 15
154 36
137 31
35 36
110 45
35 23
138 20
59 9
38 42
117 9
137 52
73 33
34 10
102 30
121 65
1 5
4 76
121 51
5 49
121 10
121 52
95 40
105 58
96 55
61 9
153 18
109 66
69 19
153 52
70 14
150 36
116 11
85 65
88 13
75 29
15 16
69 30
139 10
100 23
98 15
111 10
70 16
106 66
5 41
96 44
86 10
83 13
36 52
155 52
107 14
112 65
4 42
18 7
155 38
69 24
110 15
85 31
107 41
5 74
129 35
1 2
75 56
107 53
107 37
90 26
128 33
77 15
141 60
148 78
68 78
96 41
100 39
43 54
107 35
113 9
142 30
36 10
67 28
61 10
34 42
107 42
133 39
78 54
105 51
140 14
140 27
138 22
4 25
110 65
85 51
89 41
64 28
116 119
64 31
95 23
95 22
98 40
89 50
100 43
68 15
95 25
145 118
15 11
130 26
151 31
49 23
53 55
67 30
105 65
31 10
112 66
63 9
90 54
49 37
103 66
142 28
109 10
114 38
34 41
118 9
82 7
85 58
16 10
116 51
96 10
88 32
110 41
116 118
86 53
124 53
98 13
114 40
88 53
67 68
28 30
29 8
151 18
125 31
128 53
140 23
143 10
83 15
3 49
137 58
98 41
28 18
3 38
110 9
67 14
130 22
102 15
96 32
98 36
34 37
0 5
78 52
73 36
120 78
91 65
98 32
69 13
110 13
96 33
148 36
104 14
49 39
90 23
151 26
77 18
133 36
143 53
116 16
149 42
135 1
9 46
77 19
153 30
148 10
147 65
12 14
18 8
36 55
17 19
84 24
106 42
149 78
99 36
102 26
120 23
147 9
63 7
132 32
122 52
89 15
105 13
14 8
107 43
35 52
43 41
148 32
103 58
125 26
107 36
96 15
96 37
103 51
2 34
12 15
5 38
137 26
119 42
131 42
129 42
112 10
134 23
143 23
133 42
87 60
83 65
116 9
114 37
85 10
34 39
130 27
116 113
41 34
129 34
88 56
154 42
41 42
139 79
120 66
146 10
103 76
38 23
73 38
86 56
69 68
95 41
17 31
53 23
131 10
49 42
132 19
134 52
90 28
106 10
101 14
89 55
132 28
28 29
122 55
140 25
114 34
88 14
67 31
138 33
148 25
5 23
142 14
17 32
152 45
137 18
105 31
39 23
96 39
99 10
95 39
130 28
140 26
149 49
149 25
145 42
97 34
95 72
153 31
154 52
145 117
103 30
119 9
139 78
96 78
75 15
77 25
17 13
125 29
6 10
77 27
84 34
151 27
129 37
98 80
106 65
12 11
128 43
153 65
95 32
106 55
97 36
94 1
73 41
104 18
96 43
64 58
149 34
35 55
4 37
139 21
149 20
104 65
142 31
34 38
35 51
83 41
68 25
69 23
29 10
103 26
104 13
98 37
4 20
120 36
64 14
142 66
137 51
12 16
147 11
129 10
69 22
70 45
142 27
90 56
77 20
43 60
67 29
129 40
139 35
102 56
114 32
56 51
105 30
82 11
77 28
109 29
17 25
36 16
30 10
149 32
117 41
128 42
104 30
89 37
140 31
132 30
139 22
124 66
101 58
68 22
143 56
83 16
140 30
41 39
112 15
109 53
81 7
140 18
48 38
89 35
89 39
97 39
90 29
73 40
14 9
85 18
17 14
67 15
78 56
132 27
98 19
77 35
4 40
89 53
69 28
5 40
98 38
130 25
87 41
96 14
127 117
138 19
70 15
132 23
67 27
48 34
90 14
112 58
59 45
132 35
139 32
128 56
120 32
89 10
111 16
134 10
126 9
95 24
5 39
4 41
89 66
150 52
104 26
77 13
53 10
88 35
142 52
94 95
142 29
84 21
42 9
130 20
84 62
156 36
155 34
29 7
112 27
112 28
88 55
139 36
84 14
65 10
124 28
101 52
84 43
107 32
86 35
124 51
114 36
121 66
131 65
51 10
12 10
96 42
77 78
92 73
75 30
2 49
113 13
68 13
45 46
4 78
108 52
107 38
125 51
84 36
118 45
125 52
12 7
154 34
62 49
49 43
56 65
112 29
110 14
38 41
43 10
41 38
42 45
106 36
109 80
109 31
59 42
69 32
121 53
53 65
63 16
48 42
137 10
97 38
61 41
89 79
148 21
104 58
119 41
127 118
114 23
134 55
104 31
140 35
103 29
68 33
131 16
137 29
137 65
34 43
102 76
99 55
35 44
155 43
135 96
132 29
96 66
85 26
131 41
85 76
98 42
127 10
78 53
132 56
84 33
14 11
14 7
107 23
68 26
15 10
77 80
105 52
101 13
155 36
90 55
153 66
117 16
118 16
141 51
102 27
102 31
27 7
149 39
92 38
114 76
83 66
138 32
125 66
120 56
56 55
148 35
109 54
99 33
107 33
4 22
143 54
124 30
147 10
49 41
134 66
126 119
3 62
75 28
84 41
102 23
130 29
90 66
17 18
148 79
149 41
98 34
105 14
94 2
124 55
124 27
5 33
152 9
48 49
5 42
131 60
96 35
137 28
35 50
132 79
138 69
78 36
151 28
105 29
131 13
78 33
68 19
141 76
69 15
109 18
103 55
77 14
132 76
152 10
131 23
99 53
97 43
153 55
64 27
75 18
106 58
102 66
88 38
69 31
2 33
126 41
36 51
65 52
129 36
98 25
132 31
145 119
123 11
56 52
149 74
151 15
0 4
65 51
88 42
35 56
53 51
124 23
57 51
70 9
