45 5
35 7
12 3
40 0
22 5
29 3
52 5
52 20
19 6
12 2
41 6
52 31
27 10
14 15
26 3
25 3
23 26
27 1
47 5
35 5
39 7
8 7
41 5
5 3
42 7
33 7
26 10
37 3
9 7
40 5
30 10
49 3
49 0
45 7
19 5
49 6
12 1
31 10
6 3
31 1
35 6
0 3
42 5
22 7
38 5
3 15
36 3
4 6
47 7
30 1
38 6
52 12
50 0
0 1
13 5
32 3
19 7
6 2
33 5
36 6
2 1
48 5
39 5
30 3
42 6
26 1
16 5
27 2
23 5
23 29
18 6
39 6
44 5
41 7
43 6
18 7
13 6
25 1
28 10
52 30
32 2
16 6
38 7
34 5
20 1
52 24
31 3
22 6
52 21
23 21
36 0
11 5
23 6
40 6
45 6
48 7
23 7
11 6
21 2
48 6
17 5
8 6
29 1
13 7
31 2
26 2
29 2
28 3
8 5
52 28
29 10
44 7
11 7
9 6
2 3
20 2
36 7
17 7
6 1
21 3
50 14
9 5
36 5
23 20
47 6
28 1
52 32
24 3
46 5
7 3
52 25
44 6
23 24
11 3
43 5
30 2
25 10
23 32
40 3
11 0
28 2
18 5
34 6
23 25
46 7
20 3
34 7
49 5
37 1
4 5
16 7
4 7
52 26
10 3
1 2
43 7
17 6
1 3
40 7
23 28
52 27
51 3
25 2
37 10
21 10
0 2
33 6
46 6
20 10
21 1
23 12
23 30
32 1
23 31
37 2
50 3
49 7
27 3
52 29
23 27
