7 9
45 11
18 4
7 8
28 9
19 6
21 20
44 8
39 11
31 4
27 3
13 3
24 6
26 1
36 10
7 10
14 6
19 8
30 8
41 3
15 3
24 5
28 11
41 4
5 3
32 8
37 8
43 11
39 31
45 1
29 11
14 5
25 6
2 5
28 22
27 5
35 8
34 17
16 8
34 31
21 27
30 11
0 1
38 10
23 6
12 11
21 24
36 11
14 2
32 9
45 6
19 9
11 1
36 9
0 2
37 4
10 4
33 11
41 6
2 1
13 4
30 9
38 11
21 26
24 4
24 2
43 8
12 8
40 11
18 6
26 5
17 6
30 10
30 6
28 24
40 10
18 1
20 3
45 0
17 3
20 2
45 17
2 6
16 9
40 9
32 10
3 1
11 4
23 1
44 10
34 1
21 22
37 9
3 6
24 3
35 9
47 31
23 5
13 1
10 2
26 6
15 4
37 10
3 2
28 27
15 5
12 10
26 3
39 8
10 6
39 1
27 6
32 11
44 9
18 3
43 9
15 6
38 9
29 8
35 10
0 5
42 11
36 8
29 10
25 1
16 11
5 1
27 1
9 1
21 13
15 2
34 10
14 4
25 5
13 2
2 4
31 6
8 1
47 0
7 11
3 5
27 4
11 6
28 10
28 20
43 10
47 18
20 4
10 5
23 2
46 11
13 6
13 5
30 4
10 3
47 17
31 1
28 14
28 23
47 48
9 6
21 14
42 10
14 1
30 1
5 2
8 4
39 9
22 4
21 9
46 8
37 11
41 1
14 3
46 9
0 6
28 26
33 9
34 0
21 25
28 13
35 11
2 3
33 8
39 6
34 6
34 4
19 4
21 10
28 25
25 4
37 6
46 10
45 10
0 4
34 9
0 3
23 3
37 1
45 9
29 9
42 8
22 1
19 11
19 10
28 8
17 1
5 6
45 4
34 8
41 5
20 5
21 8
28 18
26 4
45 8
42 9
38 8
17 2
25 3
49 4
24 1
5 4
47 6
47 1
27 2
25 2
33 10
17 4
39 0
18 2
21 18
22 6
40 8
44 11
45 31
3 4
9 4
21 11
23 4
26 2
20 1
39 4
49 6
15 1
16 10
34 11
39 17
12 9
10 1
18 5
8 6
41 2
39 10
17 5
21 23
20 6
19 1
