25 17
43 9
23 2
37 36
25 12
25 6
38 13
43 15
18 4
4 13
43 12
19 16
39 14
15 8
6 8
31 9
10 14
38 3
28 13
24 6
7 2
10 7
42 8
37 14
30 7
19 2
37 17
11 13
26 13
40 15
25 9
3 2
40 7
38 5
25 3
20 18
0 4
29 14
3 5
29 0
42 6
37 44
29 7
22 8
24 3
7 6
36 7
31 3
40 5
29 15
20 9
5 0
22 13
40 11
32 27
23 18
19 18
25 16
37 3
38 0
10 6
20 12
14 1
22 9
42 14
29 8
37 18
39 9
22 14
31 14
23 15
20 17
39 7
10 5
23 13
32 35
23 0
39 18
24 18
39 2
24 2
43 7
7 8
24 15
20 0
42 13
31 17
25 15
14 5
40 8
30 8
29 5
26 4
30 14
42 16
22 18
22 16
22 6
38 9
3 1
25 14
23 8
0 5
10 12
43 6
28 11
40 0
31 12
19 6
39 8
23 16
25 5
37 15
32 3
22 0
28 17
37 34
8 9
30 18
31 13
20 3
40 14
28 5
23 11
37 35
30 3
32 5
24 16
3 0
40 2
38 2
20 5
43 16
28 16
19 14
18 5
22 2
28 15
20 16
29 9
10 15
10 18
29 12
23 9
16 13
28 6
10 2
38 7
22 7
42 12
19 17
40 13
0 3
28 18
0 7
31 6
3 4
0 2
19 5
37 4
31 2
24 17
10 13
21 15
25 13
24 5
29 17
29 13
20 7
12 26
23 7
31 16
14 4
43 18
31 15
7 1
24 12
29 3
20 11
31 18
22 15
40 16
28 0
10 3
23 6
37 6
38 11
38 18
31 5
43 17
36 17
20 14
30 12
23 14
41 8
20 6
0 1
6 9
7 4
25 8
20 13
43 8
22 5
25 2
23 5
30 11
10 11
12 13
28 3
30 17
32 34
39 3
31 7
29 11
3 6
39 12
42 18
43 5
40 12
19 12
24 14
30 5
30 16
40 9
23 3
22 3
32 36
43 3
23 17
20 8
3 7
38 6
42 15
7 5
42 11
38 14
42 7
19 8
39 15
19 7
42 0
28 9
37 5
43 14
18 7
32 21
39 0
43 13
10 8
38 17
31 8
0 6
20 2
37 2
27 15
30 15
30 2
22 11
39 13
12 4
22 12
37 41
29 6
37 33
43 0
25 11
30 0
28 8
24 0
15 1
25 18
38 12
37 1
28 12
42 2
25 0
6 2
38 8
32 33
24 8
43 2
19 0
36 5
39 5
19 9
42 3
37 7
29 18
40 3
39 16
25 7
18 3
24 7
28 14
31 0
39 6
40 6
39 11
10 16
19 3
24 9
38 15
19 11
18 1
29 16
38 16
42 17
29 2
23 12
37 0
10 9
28 7
31 11
19 15
40 17
7 0
32 37
28 2
18 2
18 0
30 9
36 0
37 12
24 13
24 11
30 6
22 17
11 4
20 15
19 13
10 17
5 8
39 17
40 18
30 13
43 11
42 9
10 0
