70 16
12 15
47 30
84 21
72 17
73 27
43 6
59 29
27 53
73 28
2 11
46 30
89 6
7 66
79 29
75 43
63 27
89 18
86 28
34 26
62 16
86 55
52 29
2 28
92 6
23 26
95 6
60 8
90 16
83 9
9 10
50 6
76 14
92 43
70 5
75 18
56 15
89 17
43 18
95 15
17 6
87 20
8 38
35 29
12 5
88 19
45 29
53 21
76 20
28 53
90 19
69 48
95 35
18 6
43 17
32 38
69 27
63 50
69 29
58 40
45 27
54 8
29 53
29 24
51 48
86 36
61 6
6 65
44 19
39 5
79 14
77 8
15 21
51 35
86 33
85 69
86 43
20 65
44 16
59 24
69 36
80 5
61 17
51 17
92 33
74 14
72 13
11 40
52 21
71 35
73 10
54 3
61 13
36 23
80 27
34 23
75 5
84 15
95 45
88 29
73 53
63 25
52 14
27 21
74 6
40 5
38 6
89 19
0 1
27 50
88 16
82 49
59 16
7 41
37 3
92 5
51 49
83 41
94 5
59 17
58 16
47 49
53 56
52 27
3 10
79 18
24 27
69 28
69 38
87 15
12 21
24 10
87 5
50 24
40 21
74 5
92 52
35 53
61 18
64 6
2 29
4 5
47 17
30 6
38 11
46 19
25 6
63 26
35 49
83 11
95 11
35 28
56 29
61 5
24 8
44 49
52 6
62 14
13 5
69 55
2 24
63 10
8 35
42 16
39 17
90 5
92 41
47 46
84 6
46 50
59 19
51 18
49 45
60 27
74 10
90 20
5 6
55 6
8 22
62 5
39 18
51 50
84 28
71 56
72 21
31 10
72 5
52 8
84 5
11 10
59 20
59 50
84 29
60 28
47 27
32 3
31 28
37 23
72 20
69 45
75 57
27 35
80 21
69 37
44 43
35 50
54 28
85 1
59 18
70 19
80 14
31 25
75 27
61 21
86 23
70 20
24 11
31 34
63 53
28 29
22 3
36 3
60 23
42 18
82 18
94 9
51 6
32 37
80 29
47 18
76 18
61 20
81 5
82 20
4 11
4 8
31 23
43 16
35 3
81 9
31 32
59 14
72 18
44 46
2 48
72 16
43 20
44 29
53 35
63 3
76 5
39 19
80 20
24 25
54 55
22 23
32 22
94 6
21 5
8 23
63 6
38 40
21 6
84 13
73 6
38 26
38 23
88 18
71 25
88 56
39 16
73 56
91 1
73 21
80 18
51 34
32 10
62 20
45 24
61 40
12 20
27 15
12 18
59 49
23 3
50 53
52 3
59 43
63 35
86 52
58 32
49 50
2 23
60 35
70 14
46 35
95 28
42 17
74 13
12 14
8 55
82 48
75 19
20 13
51 16
54 23
17 13
52 35
35 45
60 15
1 3
94 11
89 14
3 6
95 24
44 30
95 56
26 6
61 16
63 23
2 27
52 26
2 26
74 28
31 33
32 8
70 27
32 6
9 6
24 23
75 21
62 19
46 16
86 37
44 27
77 3
61 14
42 19
8 3
46 14
20 6
86 22
38 3
56 5
45 53
82 17
64 3
90 6
94 3
55 24
28 24
72 15
31 26
95 50
3 28
44 50
81 67
44 47
19 13
50 45
60 56
86 8
19 6
60 25
60 21
86 34
22 10
76 16
95 53
70 43
90 18
80 16
88 17
75 16
82 16
42 5
34 35
73 3
54 22
46 57
52 23
70 15
17 65
23 28
39 21
59 45
34 8
34 10
71 27
79 17
74 21
24 26
80 43
21 15
27 45
62 15
60 10
59 30
83 7
58 20
60 50
76 21
62 18
32 35
84 10
34 11
38 10
50 15
89 43
42 20
2 6
14 5
92 34
23 25
58 5
58 52
4 7
46 17
47 20
14 6
75 17
47 45
86 3
57 6
5 21
90 41
34 25
2 3
87 16
95 27
51 33
10 6
41 67
79 15
82 46
55 8
44 45
88 53
62 27
82 50
82 27
83 5
51 20
62 17
32 28
42 43
75 41
58 28
76 19
38 8
8 28
69 22
79 21
18 65
52 15
87 14
84 14
71 6
42 21
83 10
71 15
71 29
58 18
69 30
0 2
2 14
39 20
56 27
62 21
88 57
23 10
63 21
25 10
72 14
86 32
2 10
51 19
80 17
88 30
46 49
69 23
79 20
69 50
26 10
2 25
90 43
2 21
40 41
41 66
34 6
89 20
75 6
59 48
39 13
39 40
88 14
52 25
71 8
88 49
27 49
42 41
60 53
49 27
36 8
15 6
90 17
44 35
51 32
46 45
48 6
53 27
64 28
44 48
45 56
58 43
2 8
31 8
34 24
27 5
58 15
92 32
58 14
32 24
40 10
60 11
89 21
82 45
42 13
60 24
73 50
73 8
89 16
31 11
63 28
55 38
49 6
73 23
23 6
47 48
70 18
51 30
54 37
44 17
75 29
59 56
79 5
3 43
23 11
45 6
62 29
58 21
51 52
61 19
88 24
63 15
95 3
74 15
62 6
82 35
62 43
73 29
88 50
75 56
75 14
32 23
52 10
95 26
93 6
27 24
71 26
82 29
73 25
58 10
60 26
4 9
55 3
39 41
95 29
12 16
0 3
88 35
71 11
24 15
88 45
39 6
89 41
81 41
60 3
63 56
71 50
31 24
46 43
46 48
71 24
87 21
52 57
52 28
91 69
35 23
12 17
46 53
61 15
35 8
95 23
47 43
60 6
94 7
47 19
94 10
50 56
40 33
93 41
53 15
42 6
70 21
71 23
24 5
76 29
33 6
78 67
9 41
69 8
19 65
70 17
51 43
24 29
43 13
59 57
45 15
80 15
37 10
88 20
64 10
63 11
23 8
77 23
51 53
47 50
12 19
82 47
12 13
58 33
2 30
76 6
79 19
59 35
63 24
2 50
43 19
76 15
63 8
51 5
60 29
73 35
35 55
69 3
71 28
58 19
51 45
75 15
45 35
52 56
79 16
76 43
79 43
58 34
89 13
4 10
2 56
95 25
70 29
82 19
56 6
87 19
73 11
79 27
82 30
71 10
27 6
58 17
50 49
53 6
76 17
4 3
47 29
24 28
16 6
35 38
11 6
31 35
51 46
37 8
10 41
46 29
18 13
13 6
54 38
90 21
73 24
73 15
61 41
55 10
95 8
68 3
34 3
69 35
75 35
95 10
8 37
87 17
58 6
88 43
24 3
51 29
27 56
12 6
15 5
58 29
71 21
7 67
11 5
59 53
72 6
78 66
63 29
47 35
93 10
88 48
73 26
87 18
22 8
69 49
80 19
55 23
34 28
52 11
46 20
72 19
2 35
2 57
87 29
38 25
44 18
58 27
87 43
71 3
75 20
76 13
81 66
2 15
4 6
54 35
16 65
47 16
46 18
83 6
44 20
89 5
51 41
24 6
90 13
31 3
