65 25
75 9
76 23
75 2
99 35
19 20
22 36
7 15
17 16
24 20
10 1
26 34
10 32
77 5
108 8
75 35
144 137
141 4
77 62
137 86
137 106
142 44
26 2
112 64
113 21
150 122
64 7
12 20
118 53
122 23
76 20
65 29
43 25
143 98
0 6
135 50
140 119
83 36
18 10
106 33
28 15
25 15
36 6
52 9
51 53
58 13
64 55
63 17
58 5
69 22
149 131
7 35
132 16
138 139
3 36
51 55
53 8
68 8
18 9
83 29
13 35
136 79
66 18
84 25
56 68
57 62
53 17
131 18
5 22
124 51
56 5
125 17
32 9
61 68
145 74
3 32
17 12
116 18
54 28
75 15
24 36
59 26
62 3
24 13
101 52
149 126
128 16
133 31
133 14
32 2
24 32
20 12
43 17
85 54
108 22
68 22
127 29
17 20
4 14
8 23
51 63
102 62
87 22
49 63
68 2
132 22
65 22
17 29
53 59
57 58
84 7
13 25
58 35
20 15
122 2
136 123
135 63
146 85
27 21
62 28
141 135
36 37
65 8
116 35
132 7
146 88
52 27
122 12
43 13
105 56
102 55
43 38
26 18
120 59
133 25
106 56
152 50
28 23
43 23
131 33
52 19
84 16
0 20
98 22
43 35
31 37
71 55
28 14
132 3
96 53
32 6
97 55
66 15
7 32
28 21
5 19
98 53
83 26
55 59
68 1
96 56
17 2
59 34
27 25
106 11
137 60
59 6
122 32
19 26
102 23
50 27
118 63
64 56
138 44
52 29
20 31
35 42
101 62
137 50
123 57
4 31
33 17
24 22
6 18
131 38
143 109
9 35
63 4
133 26
5 9
32 21
0 33
95 17
153 152
140 132
28 13
135 64
112 58
77 23
61 30
115 10
137 4
10 35
11 12
131 35
132 27
3 17
51 52
11 27
82 85
2 10
49 60
23 24
59 23
102 54
54 29
149 70
131 15
105 61
24 11
24 9
137 97
141 58
2 9
43 18
16 1
131 27
144 88
16 35
133 9
24 35
38 2
49 57
83 34
125 23
131 23
52 3
85 3
56 28
80 23
23 6
16 28
101 50
83 1
13 31
52 23
92 10
62 33
63 23
61 4
147 101
76 19
18 2
117 50
127 13
132 5
77 22
58 27
149 125
13 26
100 52
137 54
103 62
131 16
62 17
108 13
7 25
27 12
64 58
72 17
108 37
75 1
36 9
65 28
75 37
33 35
49 51
149 89
152 35
27 14
96 57
29 31
108 9
23 1
105 52
88 51
41 35
100 50
30 19
19 25
131 37
81 9
23 13
105 59
102 58
58 1
11 17
35 18
106 24
75 11
57 68
29 32
112 23
25 10
53 60
84 8
84 59
149 98
83 52
5 24
58 32
43 37
145 89
0 1
83 3
18 25
13 9
147 92
139 83
90 53
105 53
137 55
125 68
7 6
142 82
52 58
147 77
141 54
98 52
94 23
153 124
28 26
53 7
113 23
132 17
91 53
43 21
96 22
146 55
153 137
77 17
29 6
142 139
120 54
75 19
28 10
3 8
103 17
105 54
146 83
147 91
29 2
138 96
150 79
59 12
23 30
8 32
85 4
18 19
22 52
1 14
106 60
146 97
117 60
149 113
56 11
3 13
5 11
112 55
153 75
97 54
94 59
147 124
121 17
33 18
92 37
90 59
29 26
106 61
23 16
20 2
101 61
33 9
17 15
127 4
22 18
91 60
134 17
14 10
98 63
41 37
63 30
63 27
55 29
68 37
68 36
23 25
106 53
120 5
54 25
96 60
36 1
124 54
113 34
23 4
147 49
131 7
72 19
93 35
61 7
146 35
131 1
107 17
115 34
153 65
53 16
54 17
85 52
65 10
11 2
1 37
5 6
89 59
58 37
51 5
65 33
127 24
12 34
123 53
3 35
0 23
23 19
25 34
64 3
52 14
56 30
51 56
50 23
90 64
146 64
65 34
3 31
5 38
116 34
27 19
73 22
128 5
97 61
79 36
21 14
65 14
139 4
68 14
91 52
38 26
144 78
82 89
7 17
4 7
108 31
53 29
146 53
133 15
133 17
77 4
122 6
20 6
152 80
62 18
10 9
22 29
17 21
55 63
149 95
21 26
11 38
133 23
43 34
28 7
11 25
114 68
67 59
124 23
27 36
137 51
100 24
137 83
11 36
135 4
84 68
11 18
43 10
145 113
127 8
7 37
81 42
50 29
135 23
22 3
149 137
134 68
0 34
123 54
55 33
106 30
24 15
16 24
105 23
38 14
26 15
149 72
90 63
115 21
125 9
144 140
57 63
56 53
53 4
153 49
36 19
17 35
137 87
30 20
53 54
90 24
124 58
139 87
124 60
150 49
23 38
141 53
9 31
65 36
149 67
150 115
91 55
139 106
75 36
58 20
57 52
23 27
135 56
123 17
29 37
55 8
126 9
137 134
127 16
16 32
145 118
43 20
55 18
30 27
147 148
56 59
19 2
52 11
101 58
33 25
15 14
71 59
27 10
29 9
133 32
21 25
139 50
7 34
137 128
18 6
101 55
76 21
5 14
0 3
141 106
138 105
102 52
83 19
152 54
124 22
106 3
30 2
100 11
65 18
19 21
153 43
3 28
52 15
56 55
77 59
60 27
32 35
125 18
140 142
145 45
19 38
30 14
123 64
52 4
96 61
75 18
4 23
1 21
152 88
145 99
4 1
26 21
122 27
146 89
50 55
27 23
7 21
147 120
1 6
53 68
100 64
136 124
113 18
63 52
79 31
97 17
100 55
125 19
19 15
144 110
108 27
132 30
132 11
128 3
0 17
141 86
37 35
85 63
33 10
100 53
53 55
62 58
133 18
52 10
145 112
55 60
15 37
72 18
57 24
100 33
141 35
4 16
114 19
91 63
11 22
8 1
64 33
147 123
147 133
16 12
37 9
64 59
66 19
98 23
101 54
16 15
147 129
152 107
141 88
63 8
153 81
93 31
54 30
75 58
145 96
68 12
83 18
100 59
1 20
3 29
6 20
121 23
133 1
112 63
103 5
43 26
145 125
33 6
5 21
43 32
105 11
57 64
117 56
3 1
38 12
17 37
147 117
0 38
74 22
23 8
128 59
38 36
102 61
152 128
22 19
149 73
33 29
75 12
137 62
71 17
77 29
55 68
140 98
82 86
52 8
141 50
52 22
108 35
145 114
60 18
3 37
71 63
10 34
4 28
53 33
52 25
144 113
3 11
31 9
22 32
21 37
60 23
14 20
3 33
64 60
35 9
122 19
61 62
12 14
139 97
58 12
66 21
145 72
132 23
61 17
137 84
70 59
141 87
124 62
59 36
126 17
75 38
138 109
98 54
83 16
108 38
91 59
77 30
144 114
128 17
80 22
61 60
76 18
59 37
22 11
134 29
60 11
111 22
127 30
123 62
15 35
77 54
4 33
3 14
33 23
65 13
124 55
17 9
6 9
139 63
34 35
50 16
111 68
55 16
117 62
51 68
4 2
145 133
105 64
150 48
123 52
85 17
105 5
142 137
112 52
53 27
11 21
152 139
28 17
84 3
57 60
62 7
145 82
61 3
57 16
11 13
127 28
58 23
43 9
21 38
32 31
65 17
152 4
51 62
123 59
16 26
9 14
99 19
4 37
145 46
8 26
12 21
23 10
62 24
85 10
58 33
149 116
54 58
75 24
134 22
97 53
145 67
100 22
54 16
98 62
31 42
97 4
51 64
10 6
60 30
140 143
13 36
135 62
26 6
13 18
139 134
55 11
49 56
11 29
149 117
59 7
6 37
127 18
54 18
128 54
84 29
63 54
30 1
4 13
14 9
108 12
152 58
4 17
124 52
149 99
96 23
38 18
59 2
98 61
121 59
122 18
143 137
63 38
98 58
65 30
56 7
82 88
27 37
68 5
133 2
119 53
132 52
28 8
116 9
114 34
17 28
24 59
137 80
96 58
35 10
102 5
59 18
63 25
128 4
147 116
4 38
20 38
21 32
139 69
71 62
18 21
20 10
152 57
120 58
85 13
24 37
7 10
25 12
5 2
16 38
84 11
127 60
141 63
3 23
57 22
113 68
152 84
4 20
54 68
54 13
30 10
122 17
96 51
124 63
17 27
115 42
106 4
2 21
131 24
85 28
28 6
24 8
54 26
124 50
107 23
49 23
88 50
130 37
38 19
3 21
118 55
142 47
19 34
23 33
16 25
153 4
149 111
62 8
63 33
91 16
27 35
145 131
138 47
110 42
134 58
102 22
52 32
68 24
137 127
60 36
62 27
25 26
33 14
92 18
91 17
84 23
59 20
135 22
43 8
5 15
63 21
35 34
132 24
119 62
60 33
147 105
149 0
59 8
85 30
138 82
146 56
90 16
118 64
135 61
122 31
72 22
144 46
75 21
51 23
132 33
133 36
73 17
11 26
151 82
108 23
12 35
8 34
99 9
3 19
55 24
108 17
73 23
58 38
54 27
71 23
19 36
124 56
119 60
146 62
78 37
27 31
24 2
16 6
56 63
13 19
20 26
143 105
11 1
4 19
50 30
119 61
137 64
61 22
40 35
133 35
95 59
152 83
38 35
52 18
33 19
131 31
68 30
149 105
2 20
16 9
63 36
71 56
38 21
59 3
2 31
101 5
5 3
60 54
90 60
60 4
133 37
61 24
75 8
125 21
152 61
52 28
50 60
61 5
147 99
126 19
85 26
61 27
30 35
17 19
34 32
66 37
36 12
4 26
135 68
85 25
22 25
3 20
14 18
91 61
33 13
22 7
60 52
21 15
4 34
16 34
139 84
16 11
128 28
149 69
27 15
152 137
98 50
126 18
86 17
139 88
50 17
92 19
35 21
17 36
35 37
146 87
122 38
85 68
63 19
52 13
68 18
152 62
123 51
11 19
131 25
57 23
54 8
62 16
16 27
141 80
16 13
36 2
34 1
122 14
68 23
55 61
23 14
128 63
99 18
131 30
118 54
102 59
106 63
141 139
105 3
5 30
53 3
63 26
72 20
134 23
151 152
103 61
108 36
23 2
149 133
50 33
71 54
104 42
144 73
29 23
141 107
19 1
12 2
84 21
22 23
28 1
144 76
92 21
71 57
141 69
84 18
71 50
8 22
140 71
108 32
144 145
131 20
17 5
65 19
146 57
4 3
43 15
17 8
120 55
61 8
64 62
59 27
21 35
65 20
124 64
82 36
37 1
123 50
126 34
153 66
22 14
36 31
68 38
20 25
143 82
56 33
54 24
137 89
132 18
152 51
153 123
11 9
52 37
36 20
1 15
146 63
18 12
85 16
5 13
97 51
73 68
90 4
131 32
85 7
117 63
0 19
122 36
30 34
0 8
149 71
22 1
139 57
43 29
28 9
131 10
82 69
83 37
145 116
75 26
31 21
142 110
65 15
8 25
36 18
97 63
23 18
13 21
120 17
59 28
135 54
144 67
29 25
133 12
137 57
146 60
143 73
94 22
140 133
131 9
146 95
17 7
11 35
53 23
30 32
103 54
141 94
132 19
38 15
71 5
50 4
0 37
58 16
0 22
114 17
150 25
7 27
53 28
6 34
49 59
20 14
146 111
77 7
103 50
25 32
139 107
22 15
141 64
78 31
142 105
83 30
102 63
133 6
108 14
33 8
85 24
133 38
33 37
18 1
56 16
26 12
88 63
125 20
64 8
133 13
54 21
117 54
93 37
141 111
53 11
141 128
136 137
4 22
98 57
128 52
123 56
21 12
0 35
145 73
108 19
22 58
0 14
136 82
12 18
85 11
10 14
72 68
75 27
137 56
123 5
81 14
83 68
57 50
39 37
38 1
22 13
68 21
63 68
31 20
56 3
137 107
142 112
82 3
23 12
57 59
95 18
113 17
128 58
128 8
51 16
141 97
89 22
75 33
81 10
97 68
113 20
145 76
38 25
39 31
16 17
131 5
23 29
81 19
108 20
14 19
101 22
124 57
64 30
120 63
33 32
28 38
12 1
1 10
23 17
122 15
49 50
117 61
17 34
106 22
134 54
96 64
127 58
64 28
25 20
29 12
139 54
10 31
108 15
108 1
143 96
64 17
22 27
63 58
84 17
4 29
120 23
50 63
144 70
17 10
64 63
24 27
66 26
139 127
63 29
111 23
143 47
81 21
32 34
16 14
86 23
84 36
105 62
13 37
119 54
34 37
24 18
1 19
11 28
138 98
142 96
49 55
66 31
65 7
3 2
146 135
23 21
152 56
36 26
119 56
56 27
145 137
67 23
83 21
133 10
68 32
98 51
15 10
17 33
54 5
131 19
128 24
60 21
111 59
24 19
142 109
103 55
0 28
130 31
2 42
6 10
8 6
8 17
24 28
5 31
5 28
105 33
126 37
58 29
100 23
79 37
106 64
122 26
59 22
109 42
96 55
13 10
62 60
140 112
95 23
141 84
145 146
131 21
91 64
77 33
139 55
3 10
84 28
8 27
140 116
27 9
100 5
61 23
24 10
41 31
128 11
54 38
30 6
63 18
75 29
100 16
58 10
33 30
14 6
128 33
0 26
152 97
25 31
4 24
11 10
65 37
120 11
14 34
134 59
65 11
53 61
19 9
35 2
71 60
140 82
59 9
121 22
56 22
63 10
124 61
60 16
97 58
92 34
86 22
101 16
127 52
105 30
84 22
138 73
116 21
26 1
123 4
5 37
29 13
140 131
76 10
4 9
108 7
127 63
0 7
114 10
123 58
64 5
77 8
30 31
147 131
149 112
69 59
152 106
76 37
91 57
145 126
59 5
84 58
50 54
66 35
146 94
152 111
77 3
55 30
54 33
120 64
120 56
100 54
128 27
55 4
128 23
84 24
139 58
49 54
23 26
146 127
136 49
15 9
7 14
149 119
22 20
17 18
146 128
58 36
139 35
71 16
15 18
13 1
150 123
100 60
145 87
33 31
122 29
27 18
105 8
135 58
49 53
55 5
33 15
25 36
67 22
0 11
138 110
139 128
72 23
30 38
103 53
24 21
0 16
22 5
69 17
90 58
54 12
8 7
115 9
59 29
0 25
68 6
24 12
8 13
102 3
70 22
0 13
116 31
119 55
105 28
136 70
56 17
85 36
140 117
120 62
25 6
113 9
6 21
59 13
12 10
127 22
149 74
83 25
128 7
60 3
57 53
58 19
1 9
2 14
55 27
24 17
68 17
90 55
18 35
140 137
145 108
54 4
0 9
12 37
51 50
127 33
100 63
63 28
149 76
56 24
113 37
77 16
120 52
16 30
60 38
59 35
64 52
150 124
119 64
107 22
29 35
131 6
64 50
23 28
123 55
85 59
141 62
27 38
24 7
113 10
79 25
16 33
62 13
60 68
81 37
5 25
66 34
19 10
0 12
116 19
80 59
137 63
84 38
61 59
143 46
51 61
30 13
22 33
59 14
34 15
14 21
120 22
8 9
5 18
52 7
29 34
11 6
7 31
137 58
4 32
65 38
78 35
127 59
141 134
17 1
56 60
52 17
15 2
32 14
96 54
38 37
150 31
23 9
60 22
120 60
64 4
36 15
71 22
58 24
56 4
127 21
0 21
144 44
147 119
16 31
112 53
14 37
49 17
43 36
68 28
147 41
53 30
40 37
7 26
57 55
144 104
60 25
101 23
29 15
24 29
103 4
113 22
108 18
58 21
21 2
135 17
84 33
91 22
26 14
87 59
17 11
15 19
144 47
21 31
102 4
91 58
83 13
53 52
83 38
128 60
137 69
4 5
21 1
60 7
5 32
17 3
85 8
76 17
50 3
145 121
3 12
21 9
36 34
33 21
21 36
32 42
139 80
55 22
120 16
49 64
16 36
97 50
112 57
77 18
22 10
127 23
45 42
16 21
88 57
131 8
118 56
108 10
23 34
50 62
120 50
66 2
55 62
51 57
146 139
138 46
146 51
150 24
114 21
18 34
88 97
23 37
65 9
145 44
114 18
103 59
128 22
141 85
90 17
75 3
46 42
66 10
139 51
98 60
15 34
57 17
135 55
96 62
63 13
15 31
147 40
150 93
54 36
27 6
103 60
27 13
122 34
8 35
3 38
75 20
33 1
151 140
19 32
123 23
59 24
142 73
105 50
76 34
99 31
146 58
91 50
83 35
3 9
16 3
83 4
3 34
81 18
120 24
112 22
147 118
76 9
37 14
59 30
52 26
13 20
16 18
68 9
149 108
72 59
60 24
146 137
111 17
66 20
29 21
106 54
139 53
52 34
67 68
59 1
25 21
59 16
146 69
59 19
149 96
4 25
141 83
10 37
92 20
75 28
27 34
43 14
142 71
60 59
88 60
114 9
30 25
83 28
85 58
28 36
4 21
106 5
17 14
137 95
143 45
52 24
20 35
112 54
50 8
60 58
24 25
74 17
47 42
122 21
25 2
147 132
143 104
21 34
144 108
98 55
7 13
43 1
3 25
37 31
88 53
139 60
3 6
70 68
150 148
100 17
11 31
87 17
134 55
18 32
51 60
18 20
7 18
141 60
27 17
106 59
5 36
58 8
5 29
49 58
50 24
146 106
58 7
149 107
141 89
71 53
61 28
139 56
123 63
64 54
61 18
138 104
34 14
29 22
108 34
127 5
142 46
58 15
19 31
125 22
112 56
24 33
5 35
25 1
65 27
97 23
29 7
70 17
12 15
18 37
126 21
52 1
137 135
68 15
75 17
68 26
129 37
36 32
127 27
53 5
102 24
8 18
50 7
57 56
137 94
132 8
53 22
57 54
77 58
124 5
74 59
106 58
69 68
75 25
97 64
61 54
84 19
20 21
131 26
122 10
75 5
127 19
54 3
54 7
33 20
34 9
13 15
66 9
5 26
131 14
100 58
18 38
81 2
55 7
84 13
13 38
143 112
0 36
144 82
100 28
138 137
16 8
22 17
103 52
139 85
12 32
49 4
120 61
2 19
9 2
55 58
91 51
60 5
152 86
83 24
3 30
71 4
52 5
102 50
90 22
0 10
52 38
24 38
122 8
143 71
140 138
131 22
152 127
145 119
33 2
22 28
60 63
83 5
85 27
145 95
61 33
90 57
75 4
123 61
5 8
0 31
139 89
12 9
80 17
62 4
83 33
64 68
75 10
28 35
102 64
28 37
22 12
131 2
143 139
62 68
128 68
101 59
112 51
55 23
83 15
145 86
32 18
132 4
8 19
5 20
21 10
103 23
22 2
1 42
97 22
8 29
68 20
77 52
34 6
52 12
143 44
27 2
70 23
4 27
116 10
101 64
74 23
100 56
126 22
28 31
125 37
141 61
131 11
153 149
103 56
64 22
58 4
134 24
114 20
149 121
4 11
50 22
4 36
146 54
135 60
145 69
22 38
91 62
52 20
14 42
134 50
147 90
0 29
99 20
33 7
16 2
62 54
23 15
85 29
6 31
138 112
19 14
53 58
59 32
131 34
102 16
59 25
153 122
65 32
127 3
20 9
83 12
19 37
134 4
66 14
29 18
149 132
103 58
59 10
145 47
131 17
0 30
8 20
145 117
135 59
30 12
60 8
101 63
146 50
84 52
131 36
58 14
35 6
63 24
50 52
132 20
90 50
141 51
139 135
64 29
68 35
58 9
29 10
101 4
27 20
97 60
33 12
152 63
25 14
149 80
15 20
30 21
145 104
84 4
77 28
49 52
30 22
49 22
149 86
120 28
86 68
1 34
66 6
60 17
64 16
43 19
57 5
43 12
34 31
147 39
139 111
38 10
145 98
44 42
83 59
58 34
24 14
98 17
68 10
68 29
51 17
61 52
60 19
2 18
0 15
16 23
152 69
135 24
133 27
4 30
102 53
24 34
84 10
52 16
31 34
26 20
141 56
58 28
131 29
23 35
77 24
108 25
55 28
22 37
17 25
90 54
92 9
136 48
62 5
8 36
132 29
35 19
58 18
30 18
15 21
56 29
96 97
82 83
68 25
139 137
127 11
139 62
63 22
25 37
132 28
50 68
33 26
56 54
90 5
26 31
84 34
43 22
116 20
16 19
11 32
125 34
85 38
28 20
149 118
97 56
128 29
137 88
97 57
13 2
145 78
50 58
114 37
137 53
118 61
102 60
18 31
16 22
7 19
55 17
145 94
131 3
138 45
81 31
98 97
8 12
22 35
127 68
35 14
128 18
64 24
62 29
124 53
138 71
83 23
30 17
36 35
112 50
103 24
53 62
56 62
82 84
118 60
112 62
106 55
0 4
105 4
105 60
30 37
33 36
135 53
89 17
38 6
152 53
7 20
146 134
32 20
7 38
122 7
64 11
106 52
3 7
144 109
150 78
75 34
22 21
62 52
105 22
98 56
29 14
28 19
7 2
118 62
152 60
71 64
0 5
101 3
22 30
11 20
33 38
128 30
4 8
121 68
142 104
151 149
20 37
137 111
43 2
151 137
56 61
61 11
114 22
119 63
152 87
17 38
146 86
109 37
144 48
29 36
5 34
36 10
145 70
52 35
141 95
134 61
18 14
9 1
16 7
122 1
152 134
4 10
145 109
119 50
139 95
141 127
147 130
28 32
75 14
11 14
28 29
41 25
75 23
68 16
103 22
10 12
141 137
58 11
108 29
24 23
140 105
63 59
108 6
106 17
32 15
85 19
75 7
17 4
15 42
59 31
0 32
7 9
127 7
32 10
146 61
41 36
95 22
149 82
38 20
132 13
81 20
26 19
131 4
57 61
23 20
77 60
91 54
23 36
113 19
85 33
10 15
65 23
77 11
18 13
133 34
152 85
50 11
54 22
5 1
99 37
51 58
127 17
12 6
59 4
28 22
141 55
134 62
85 5
63 16
30 9
62 22
29 19
75 16
101 53
26 10
22 26
96 50
23 11
26 37
17 30
62 63
152 94
84 5
152 64
147 103
123 60
68 7
133 20
20 36
4 6
64 23
116 37
6 42
69 23
75 32
55 3
63 20
65 6
27 1
18 15
1 31
147 104
95 68
73 59
65 2
75 30
50 61
83 32
105 58
106 50
68 11
6 19
152 135
115 37
80 68
149 87
83 8
123 22
82 87
8 31
29 1
28 12
22 24
30 26
105 17
122 37
67 17
77 27
27 32
0 24
85 18
152 55
125 59
60 13
63 7
60 28
124 59
145 105
51 22
54 59
105 55
124 17
56 58
100 4
51 4
38 32
20 34
43 31
7 36
24 31
65 26
79 35
149 94
35 20
146 4
87 68
28 27
26 32
61 63
114 59
13 14
24 1
140 96
11 23
113 59
133 19
58 30
65 1
38 31
54 11
27 26
83 10
25 9
71 61
101 17
150 137
132 58
137 61
36 14
49 5
19 35
63 5
1 2
144 79
136 78
106 28
40 31
147 102
30 36
101 24
38 34
139 94
76 22
139 64
68 13
86 59
65 35
101 60
91 4
96 52
55 54
137 139
24 26
54 23
114 23
12 19
100 62
38 9
106 62
87 23
145 132
4 18
99 10
117 64
14 31
66 32
137 35
64 61
83 58
84 30
62 23
77 63
4 12
58 6
71 58
43 6
18 26
135 29
112 17
13 32
8 38
5 10
128 62
105 16
65 21
125 10
81 34
147 100
99 34
105 24
90 61
58 3
58 22
131 13
7 1
5 23
68 4
31 19
66 1
142 98
23 3
68 19
25 35
100 61
33 22
140 118
51 54
13 12
12 31
30 8
140 141
3 22
90 52
18 36
84 27
24 6
145 0
29 20
24 30
3 27
56 23
16 29
146 84
112 60
16 20
146 80
63 3
83 11
43 7
16 37
102 56
19 12
103 63
23 32
61 16
120 53
112 61
59 11
8 14
122 20
50 59
2 34
63 11
120 4
96 17
122 13
99 21
126 23
2 37
83 27
120 3
108 2
65 12
139 86
89 68
68 27
68 34
71 52
3 26
68 3
67 18
20 1
134 3
91 5
5 12
33 34
52 30
127 54
48 42
17 24
52 21
59 38
11 34
28 33
84 12
58 25
23 7
91 23
97 62
144 45
59 15
1 18
122 22
146 107
4 35
147 48
29 38
140 99
145 71
85 21
62 11
133 21
144 121
30 29
35 31
124 4
11 8
16 10
8 15
145 110
61 29
59 17
83 22
26 35
8 21
58 17
103 64
65 31
135 3
56 8
13 6
60 29
152 89
131 28
54 52
21 6
94 17
152 95
62 30
43 27
85 22
131 12
22 16
84 26
52 2
68 33
139 61
22 9
142 45
53 63
126 10
0 27
145 88
28 18
58 2
145 48
122 9
75 13
28 34
30 15
3 18
7 23
24 3
22 8
4 15
32 1
31 10
5 17
8 2
126 20
112 97
149 146
62 59
5 27
11 37
32 19
74 68
57 4
59 21
3 15
55 52
145 111
25 18
89 23
96 63
101 56
90 62
153 115
56 52
68 31
103 16
19 6
32 37
91 56
149 114
122 25
81 6
29 17
90 56
118 50
50 28
97 59
143 110
22 4
17 32
17 26
97 52
137 85
53 50
90 23
98 64
11 15
145 79
108 26
23 5
59 33
49 61
134 63
25 19
94 68
83 7
49 62
145 80
8 10
0 2
30 23
8 37
102 17
85 23
0 18
53 24
106 23
75 22
134 60
50 5
122 35
117 55
28 30
56 50
141 57
33 27
108 21
105 63
52 36
149 88
28 2
36 21
117 53
28 25
17 13
66 12
145 107
29 27
22 34
100 3
106 16
13 34
1 35
103 3
58 26
26 9
61 58
88 55
64 53
7 12
