17 4
28 4
16 11
18 9
17 11
6 4
27 1
17 10
26 4
27 29
27 24
8 19
27 8
27 11
11 9
17 7
5 8
14 6
11 4
6 3
5 12
14 1
15 11
27 21
26 21
16 10
11 8
15 10
28 7
18 7
13 0
14 10
18 4
28 11
9 4
28 6
8 4
15 9
27 9
5 0
14 8
20 3
13 11
27 4
13 8
14 4
22 2
5 11
18 11
5 7
15 8
22 4
28 8
18 1
16 12
15 6
9 8
11 19
27 6
26 19
13 7
27 19
18 6
22 23
14 7
13 12
16 7
2 3
16 0
16 1
13 9
9 19
25 19
16 9
17 8
15 0
27 3
18 12
20 19
14 0
16 4
2 1
15 7
22 27
17 0
16 6
15 12
7 1
15 4
11 0
13 6
22 24
28 9
27 26
13 10
18 0
26 3
7 4
5 4
3 1
18 8
15 1
17 1
5 9
22 26
28 12
14 9
16 8
20 21
5 10
8 9
27 2
14 12
5 1
7 3
2 4
14 11
25 4
28 10
27 20
27 7
1 0
5 6
13 4
20 4
27 25
4 19
17 9
28 1
17 12
20 8
18 10
13 1
28 0
0 1
27 23
17 6
22 8
22 25
