20 22
19 3
24 0
18 2
15 12
20 18
22 9
23 0
12 2
5 7
15 9
2 16
20 9
24 14
1 16
5 14
11 16
22 21
24 7
15 11
24 13
22 1
23 12
23 11
22 18
23 10
23 1
23 6
13 2
24 6
11 1
22 25
5 1
22 26
15 0
5 8
5 3
9 2
13 1
0 3
15 8
5 11
24 8
4 1
15 13
24 12
15 2
23 13
15 6
9 1
24 4
11 2
12 1
20 14
24 11
0 1
24 10
17 7
23 3
6 2
23 7
23 4
2 1
7 1
23 9
15 14
8 1
22 19
5 12
23 14
24 9
5 9
17 0
19 2
20 21
10 2
5 0
0 2
7 3
24 3
5 13
19 16
11 3
15 3
6 1
23 8
15 10
5 2
5 6
23 2
15 1
18 3
5 4
15 4
24 2
4 2
6 16
5 10
6 3
14 2
24 1
1 2
15 7
