98 15
120 79
116 64
76 45
30 5
60 51
116 70
62 13
103 27
103 110
117 45
118 0
78 15
57 5
125 63
11 8
97 11
17 38
24 38
2 3
105 66
83 16
120 80
67 17
22 41
117 77
46 37
10 45
76 11
25 26
38 39
118 67
125 16
99 53
91 11
125 22
57 46
13 39
8 47
42 1
87 28
50 3
79 9
48 4
50 5
16 20
57 6
71 45
69 19
72 14
86 5
120 111
29 23
125 110
97 45
103 62
45 31
24 36
1 47
55 9
71 25
70 50
82 27
31 7
116 111
41 3
23 45
59 49
13 48
81 1
29 11
86 1
9 18
95 5
57 31
63 5
117 20
48 5
120 54
125 45
29 14
42 2
78 27
34 50
33 39
78 10
74 13
47 50
17 27
10 36
5 6
96 25
124 120
15 21
25 28
25 15
11 4
83 9
36 4
103 24
90 46
47 4
65 24
92 11
90 1
72 25
105 23
77 21
103 17
43 8
69 28
92 10
19 31
71 16
125 38
106 76
21 26
57 48
98 10
117 19
11 39
14 40
118 119
11 41
8 50
84 4
12 43
117 18
89 12
19 36
67 18
69 25
103 12
17 1
65 28
105 21
50 8
107 78
77 15
72 13
19 32
68 4
77 24
91 22
74 20
1 50
17 22
67 19
14 31
78 55
55 22
79 25
126 60
32 31
54 21
35 7
55 18
44 3
4 44
60 5
82 15
91 24
44 51
125 112
96 18
36 2
27 34
103 36
20 19
94 5
107 38
106 69
116 56
90 40
95 3
48 6
113 114
30 1
10 40
47 48
97 21
34 48
25 20
5 7
89 27
38 35
11 47
31 4
96 19
97 10
105 45
105 38
106 94
62 10
67 25
83 18
21 45
74 29
69 14
27 35
76 12
90 32
55 25
23 11
72 10
12 39
42 35
35 5
50 4
103 85
116 54
113 88
105 64
91 16
106 109
16 12
106 95
103 77
31 48
12 46
73 28
28 11
28 42
22 13
21 24
32 50
106 103
23 42
21 40
116 61
43 5
87 23
12 47
32 43
45 8
15 19
43 4
27 43
92 12
16 24
90 41
92 45
21 22
32 5
44 6
45 36
90 36
15 14
62 46
36 51
71 15
90 35
52 2
125 24
19 44
90 45
45 1
39 51
8 3
79 29
31 51
9 11
107 111
103 26
15 34
109 54
34 40
43 6
37 39
43 35
55 14
30 33
117 9
29 30
30 31
24 10
14 12
13 45
41 37
39 1
18 28
99 90
106 61
10 42
32 48
94 50
116 79
9 29
24 40
96 23
67 24
118 58
60 48
30 3
82 26
22 34
89 24
92 14
25 24
2 6
69 18
14 39
45 43
27 47
113 102
46 3
126 120
32 3
28 14
108 69
126 92
44 7
31 1
107 25
78 16
29 22
40 6
32 2
82 24
28 22
62 12
22 33
14 41
46 33
1 33
103 55
94 49
50 2
13 44
51 6
10 38
22 45
103 19
4 48
125 111
90 31
84 5
19 40
23 14
62 11
83 28
93 5
77 11
76 23
41 31
30 41
22 27
92 34
41 7
97 27
34 2
28 23
71 21
17 12
60 2
41 6
71 29
14 1
94 2
45 47
27 51
24 17
91 21
14 4
87 25
42 43
38 3
73 30
32 37
1 44
98 11
19 30
14 37
125 11
77 12
26 27
71 10
105 85
37 44
90 8
98 23
42 31
71 27
40 35
16 45
116 88
125 17
97 19
24 43
123 91
79 15
13 36
65 9
33 1
105 29
18 14
107 9
57 40
62 22
14 5
92 21
117 96
19 46
71 22
72 28
11 33
61 30
4 3
17 34
13 37
36 1
54 29
125 82
55 11
107 11
27 49
24 19
31 33
125 10
97 20
94 1
116 114
10 34
26 22
27 41
82 30
27 11
116 52
33 50
9 21
42 41
105 112
42 4
117 29
37 3
34 36
90 39
103 21
1 3
108 75
11 43
20 34
126 89
41 33
39 35
10 12
22 30
77 23
62 34
60 3
123 59
116 83
95 7
9 13
67 55
97 15
125 85
76 19
32 49
22 36
26 46
59 7
116 75
25 23
125 27
95 49
89 26
34 51
11 35
10 13
87 26
124 103
12 5
73 27
33 5
67 15
62 42
47 6
20 21
52 31
27 13
19 13
68 8
103 9
19 14
9 16
120 64
67 26
44 35
120 52
107 10
120 115
38 2
108 105
71 19
97 30
47 5
17 30
67 20
11 32
10 32
39 50
27 30
78 23
76 24
105 111
91 26
27 40
40 46
96 14
11 40
10 44
106 58
2 4
70 6
117 82
89 32
4 39
13 43
1 48
26 34
27 12
32 41
30 36
118 94
113 115
39 3
103 98
19 8
87 15
99 89
10 33
43 51
42 8
83 22
67 28
30 43
97 16
120 63
20 10
58 19
92 42
90 27
54 10
103 111
94 7
83 10
118 76
46 39
29 24
67 11
45 32
105 12
43 41
28 17
57 1
125 29
61 63
123 90
87 20
91 28
37 8
103 10
67 27
76 27
45 41
89 17
25 21
15 11
78 19
34 41
97 12
82 21
99 61
45 50
120 53
91 17
25 45
107 85
8 35
46 43
38 51
88 4
54 14
22 37
74 24
30 42
53 4
78 28
89 13
33 49
22 14
70 7
22 10
113 65
108 103
91 29
30 47
44 48
37 7
45 30
79 26
92 26
60 4
83 26
34 35
104 103
105 98
57 44
125 26
25 14
15 27
1 37
77 14
82 17
17 43
72 20
32 35
62 45
1 49
73 15
38 50
38 31
32 39
12 31
90 47
98 34
32 7
117 63
116 66
96 26
25 17
62 14
17 41
33 35
42 3
16 15
90 34
13 35
24 12
29 17
98 24
25 12
117 10
78 20
29 19
125 105
67 29
8 49
31 2
47 7
29 34
54 19
58 17
45 35
61 41
117 78
34 44
92 13
29 12
46 1
22 43
117 62
17 40
87 22
10 14
8 7
12 35
17 42
82 34
51 5
16 13
51 7
46 48
27 36
103 16
96 9
40 51
120 94
16 30
30 48
73 26
25 13
15 42
31 37
117 65
16 14
33 3
18 25
109 75
40 41
67 14
18 24
83 55
52 7
61 64
57 50
21 17
10 46
69 20
126 91
31 44
58 29
124 90
38 41
109 83
21 14
117 25
89 15
125 15
118 71
98 21
113 75
42 46
12 49
120 103
41 8
55 24
125 62
57 7
125 18
98 22
26 17
78 11
123 74
97 23
116 81
71 17
106 89
30 34
73 10
23 30
26 24
61 62
28 10
49 51
78 18
107 21
90 11
103 15
10 31
20 24
71 26
36 44
60 8
103 63
33 6
47 51
13 31
103 25
43 7
35 6
126 59
72 23
117 38
40 49
69 17
46 31
96 15
42 39
107 24
74 19
98 27
107 16
36 48
11 38
34 39
54 26
83 29
24 27
117 103
24 34
62 17
14 44
125 64
29 21
57 47
116 103
53 1
38 37
40 2
37 33
120 81
125 96
67 21
25 22
31 50
41 51
13 5
26 40
18 20
17 13
42 32
118 79
19 45
106 90
91 19
51 2
107 15
14 34
91 27
46 4
30 51
98 19
45 42
103 23
120 61
50 48
105 11
89 45
105 27
57 38
19 37
21 46
58 24
58 21
88 1
9 25
93 1
72 26
69 24
49 7
89 21
9 19
74 17
94 3
105 9
0 1
37 49
97 25
87 24
74 22
107 26
71 23
13 47
37 1
96 28
28 12
73 13
8 37
76 42
12 40
69 16
11 5
12 13
57 36
15 40
13 34
117 64
74 11
35 51
74 34
57 33
57 3
33 44
13 4
69 9
26 12
34 8
12 37
92 15
45 5
107 12
30 35
113 84
27 42
32 6
38 8
126 74
90 43
27 8
9 15
42 37
41 1
118 92
103 20
19 27
95 1
31 47
61 65
116 94
72 12
48 2
44 49
62 27
107 96
87 17
11 31
91 25
84 1
1 39
27 32
87 21
5 2
43 33
1 31
29 10
12 45
19 42
13 40
69 15
30 39
79 23
67 12
14 8
41 44
10 47
107 105
77 45
87 19
124 106
113 61
34 3
94 4
26 42
57 37
38 7
2 5
117 105
13 8
46 2
23 15
103 29
19 38
104 105
36 35
42 48
15 30
117 27
57 39
62 19
105 63
105 25
54 22
89 19
96 10
52 37
103 22
99 91
54 17
45 49
55 17
35 3
21 10
36 3
15 32
91 23
19 4
30 32
73 22
120 90
107 19
108 54
51 8
10 4
93 4
45 2
22 42
50 51
65 26
38 33
47 8
20 13
83 24
19 35
24 46
96 55
15 12
105 103
30 40
39 8
13 50
71 12
30 8
99 92
26 10
43 50
57 51
105 62
20 14
40 31
59 4
120 56
21 36
18 23
36 7
103 96
15 24
32 36
15 13
43 44
35 50
49 3
59 5
55 15
22 31
31 35
14 38
90 30
10 11
12 11
35 48
18 10
4 49
12 32
37 50
34 37
27 48
18 17
11 44
15 17
17 32
105 20
55 23
39 7
72 45
67 10
78 26
11 51
46 35
91 12
120 84
107 23
33 51
12 8
22 5
107 98
10 43
113 100
116 119
70 2
76 26
38 47
12 1
43 49
55 20
69 22
77 26
74 14
95 2
25 19
11 30
91 20
5 39
23 26
36 33
52 49
113 101
120 102
28 21
33 48
105 19
45 48
70 5
103 78
13 42
62 30
67 13
43 31
73 45
125 23
105 17
73 12
125 66
116 101
57 43
116 110
109 69
107 22
2 7
98 17
42 51
82 22
29 42
74 23
62 43
52 41
45 51
125 65
22 19
37 4
77 42
11 37
38 44
9 22
107 17
17 19
44 50
117 110
105 36
108 83
62 36
5 3
90 13
24 30
9 27
54 11
99 102
104 61
9 10
20 29
20 12
23 19
27 5
71 30
40 32
14 36
73 17
36 31
123 31
105 10
22 12
117 98
52 3
103 11
74 15
45 4
9 24
76 15
43 39
36 41
83 14
117 26
87 29
53 8
11 36
120 110
82 42
18 13
8 44
109 105
87 16
10 35
41 4
60 47
77 22
46 51
71 14
99 74
89 34
13 41
4 5
20 30
19 33
28 45
48 8
22 46
12 34
38 4
44 8
20 23
21 34
90 37
44 5
76 13
74 21
71 13
88 8
95 50
117 112
120 88
30 38
103 66
70 49
94 8
76 30
5 48
19 5
77 10
14 47
22 4
106 87
35 49
91 14
117 12
25 10
116 102
91 9
91 55
26 36
62 32
65 16
104 76
78 17
125 103
27 39
31 5
79 16
60 1
82 45
45 34
82 12
73 11
33 47
120 68
105 78
27 45
29 26
19 34
26 30
71 20
46 47
60 44
43 2
120 93
91 18
59 2
28 19
72 29
51 4
83 19
116 100
15 10
26 38
96 16
10 41
80 8
18 29
34 42
120 121
10 39
125 97
57 49
57 41
14 43
103 28
28 29
23 34
5 49
45 37
31 3
14 32
92 27
21 32
83 15
11 1
14 46
15 26
109 61
32 1
46 5
107 110
72 22
19 47
21 12
120 70
56 1
4 50
96 20
44 2
91 15
89 22
106 70
73 19
5 47
12 50
72 27
83 17
47 1
116 121
126 103
117 111
107 27
74 28
83 20
108 76
47 2
45 33
14 42
11 34
41 39
107 29
2 8
48 7
120 122
113 89
75 6
117 55
4 33
26 11
55 10
118 74
12 44
77 17
59 48
38 43
58 15
24 32
17 10
82 11
71 11
117 24
12 36
46 7
117 22
24 11
27 1
1 5
50 1
95 6
47 35
116 115
42 50
26 13
106 81
21 38
107 97
116 58
40 39
116 80
107 77
74 26
105 55
41 49
72 16
36 8
45 44
49 6
65 15
56 4
55 19
3 5
79 28
105 18
46 44
40 36
4 35
107 20
113 106
1 6
89 11
5 35
78 25
18 11
23 27
18 26
116 63
18 16
117 11
113 103
67 22
95 4
49 2
6 7
9 26
23 24
125 20
107 36
16 19
40 4
52 5
113 90
107 66
35 4
8 33
13 49
103 38
105 97
109 103
25 27
85 1
73 25
104 69
74 45
123 101
16 25
41 2
54 28
26 45
106 108
105 110
105 96
11 46
72 17
45 38
83 23
17 14
57 2
13 51
82 19
28 24
56 5
107 62
13 2
35 2
103 18
34 33
107 103
42 49
116 90
116 65
73 14
120 95
45 46
79 17
73 23
9 12
30 37
55 21
88 5
90 38
12 33
65 29
29 13
50 7
97 29
79 24
22 32
126 90
59 8
90 4
39 48
92 23
12 41
20 28
90 12
69 23
28 26
57 4
89 40
1 35
3 7
117 36
107 63
34 46
117 28
14 45
19 11
36 37
106 52
61 34
39 44
9 14
106 107
120 100
73 21
125 55
71 24
91 10
96 22
89 14
39 47
79 20
55 26
60 7
8 6
27 4
55 16
55 13
22 11
21 19
69 55
4 7
4 2
62 1
42 44
38 46
27 31
36 50
118 72
24 14
19 41
120 112
117 85
27 50
116 89
69 29
103 105
75 3
57 35
89 42
116 117
12 30
32 51
116 84
33 2
20 26
113 116
46 50
37 6
50 49
105 16
42 47
72 24
73 20
49 5
84 8
28 30
107 28
39 5
123 103
92 24
120 85
1 51
27 44
124 125
69 21
30 49
40 8
53 5
47 3
26 19
9 28
106 54
55 27
89 10
125 36
14 30
54 24
99 101
117 16
120 69
54 25
107 64
49 4
45 40
78 12
72 30
107 112
34 4
8 39
117 97
13 1
116 122
17 31
13 46
25 29
37 47
105 22
76 14
20 11
16 11
34 5
26 14
123 92
124 89
106 83
41 47
37 48
47 49
13 30
54 55
65 17
31 39
40 7
80 1
39 2
117 15
33 7
23 12
120 83
54 15
23 21
44 4
82 13
90 14
83 25
4 47
34 49
38 5
104 75
24 13
33 4
40 50
5 51
36 5
11 48
78 29
54 9
10 37
99 100
76 22
21 27
120 76
16 26
1 2
60 49
117 66
14 33
40 38
21 13
116 85
98 29
125 19
20 22
72 21
73 29
118 91
90 42
38 6
74 27
16 23
4 6
67 23
30 50
10 5
34 47
20 45
11 42
74 12
116 76
46 41
14 11
63 4
105 26
39 6
24 1
12 4
17 11
14 27
72 19
58 22
82 10
44 47
79 18
97 22
57 8
43 47
16 10
37 5
116 112
38 49
77 30
75 7
20 27
68 5
57 32
92 22
117 17
17 46
52 8
46 49
98 12
107 45
32 47
24 22
89 30
54 20
67 9
98 26
49 48
61 66
125 78
96 29
28 15
8 51
42 33
52 50
93 8
79 55
18 21
28 27
1 8
52 6
22 38
30 44
12 51
41 48
90 5
10 30
77 27
54 16
77 34
16 17
10 27
116 95
71 28
26 32
103 64
58 20
120 89
8 2
3 6
39 49
49 8
40 43
34 1
22 1
97 28
23 17
8 4
55 28
105 82
78 22
116 87
86 8
42 38
18 15
43 48
25 11
120 66
83 21
78 14
118 70
36 47
32 44
123 89
73 16
42 5
92 19
70 8
70 1
78 24
106 80
12 48
12 42
63 1
40 1
62 24
72 15
38 48
59 1
40 37
77 13
120 65
19 12
25 30
98 45
125 77
113 86
20 42
40 3
19 43
50 6
16 29
54 18
37 51
29 15
22 40
54 12
19 39
125 12
104 54
109 76
13 33
79 21
43 1
8 48
120 117
14 35
120 58
12 38
18 27
106 104
29 27
59 51
103 82
55 29
73 24
41 35
15 45
103 65
79 22
56 8
28 34
96 24
10 8
54 13
35 8
32 8
13 38
41 50
99 103
40 44
63 8
32 4
46 6
40 5
1 4
76 34
118 95
68 1
36 39
46 8
72 11
82 23
90 44
45 3
116 68
69 10
108 61
76 17
33 8
95 8
58 26
38 36
28 13
125 21
1 43
27 33
11 13
1 41
30 2
32 33
41 5
58 23
92 17
18 12
79 19
76 10
42 40
118 73
105 15
120 114
5 44
37 2
98 30
32 38
19 10
118 87
23 22
30 46
4 51
9 20
27 37
45 39
103 45
124 61
36 49
51 3
1 7
37 35
48 3
96 21
125 25
18 22
24 41
11 50
104 83
65 20
74 30
120 87
38 1
69 26
54 27
78 21
15 22
11 45
125 9
34 43
44 1
77 19
36 6
30 4
58 28
82 14
18 19
103 97
17 45
103 112
31 6
96 17
20 15
10 1
46 36
89 38
70 4
116 53
24 42
14 13
58 25
23 10
60 35
8 5
97 26
107 65
116 93
118 52
94 6
97 17
86 4
21 42
62 40
90 33
92 30
60 50
52 1
34 31
11 49
107 55
117 21
21 30
29 45
106 79
67 16
76 21
5 50
125 98
32 46
97 24
43 37
36 43
16 22
126 125
9 23
58 16
40 33
34 32
43 3
117 23
40 48
39 4
13 32
74 10
78 9
62 38
24 45
35 1
15 38
107 82
54 23
125 28
59 6
16 27
16 28
40 47
20 17
27 46
42 36
59 3
31 8
9 17
105 24
105 65
23 13
55 12
16 21
31 49
80 4
126 11
70 3
48 51
116 69
60 6
34 38
105 77
17 36
21 11
52 4
107 18
27 38
105 28
