14 12
43 3
20 16
38 17
24 32
12 7
37 31
14 11
37 36
25 1
0 5
32 4
17 7
24 36
0 2
22 11
26 2
17 12
10 11
23 0
25 11
21 4
7 5
22 12
17 3
8 13
14 7
25 13
37 27
46 17
25 12
24 31
12 3
37 17
29 5
11 7
22 4
48 51
0 1
14 6
11 6
27 2
22 7
46 18
22 3
7 1
25 3
27 4
13 4
12 10
43 6
10 1
24 17
13 2
29 12
14 2
37 25
16 10
34 11
34 6
7 2
17 6
35 3
24 25
44 18
24 26
21 3
53 36
30 2
43 9
40 18
0 6
32 12
15 17
11 13
34 5
36 1
23 6
22 6
8 7
31 3
29 4
12 4
8 3
53 30
38 16
41 16
29 0
0 7
0 4
25 7
36 6
17 1
36 5
44 17
32 6
16 4
25 10
24 28
24 18
13 6
24 35
34 12
33 9
37 18
22 5
41 18
21 5
31 13
16 1
40 17
13 1
36 3
47 17
34 9
26 4
53 23
10 3
33 0
26 12
42 17
24 34
53 22
8 6
29 10
43 7
21 0
32 5
38 18
27 3
44 16
24 30
31 2
31 12
30 5
40 16
22 2
34 13
20 17
35 10
30 3
29 1
26 1
39 16
52 1
23 12
29 13
35 1
26 6
13 12
37 23
13 11
29 6
11 3
34 1
10 13
11 10
43 10
35 9
26 13
27 7
14 3
8 10
16 6
30 1
24 14
15 16
26 10
35 13
10 4
31 1
34 2
33 7
24 27
19 18
18 5
32 0
53 8
34 10
34 3
37 22
53 28
35 6
35 4
37 8
24 22
23 3
33 5
33 1
12 13
18 7
33 13
28 9
32 11
53 31
53 21
20 18
21 2
33 12
35 5
25 2
31 5
10 7
31 7
22 0
24 8
37 26
13 7
33 3
28 2
23 5
53 25
52 7
9 5
27 11
46 16
8 5
37 34
36 10
21 9
17 5
32 13
29 9
30 0
12 2
24 23
27 5
34 0
41 17
37 35
8 12
19 17
21 13
10 5
48 6
17 10
14 10
14 5
53 32
11 4
16 3
22 10
9 7
26 5
37 29
11 1
52 2
36 4
21 1
10 2
32 10
32 9
13 10
45 16
28 0
42 16
30 12
16 7
23 11
29 7
33 4
37 33
43 12
30 6
53 34
43 13
23 4
48 2
14 1
28 4
18 4
19 16
29 11
22 1
36 7
23 1
31 9
48 7
35 2
30 10
29 3
9 4
10 6
48 50
27 6
28 11
33 10
8 4
35 7
12 5
11 5
37 28
36 2
25 5
47 16
22 9
22 13
26 7
32 1
23 10
9 6
37 14
46 6
29 2
25 6
32 2
15 18
21 11
53 27
8 9
33 2
18 1
18 6
8 11
30 9
30 4
12 6
52 5
26 9
13 3
28 12
30 11
24 29
17 4
31 4
9 2
46 7
26 3
27 1
37 21
48 3
35 12
33 11
39 17
37 30
32 3
43 0
16 13
11 12
16 12
16 5
25 4
13 5
26 11
23 9
21 12
14 4
16 2
24 33
36 11
21 6
18 11
28 1
25 9
31 11
34 4
47 18
33 6
48 49
53 14
21 7
53 29
21 10
23 2
11 2
31 10
30 13
10 12
28 5
9 3
36 9
37 32
17 2
45 18
17 13
35 11
18 2
53 35
24 21
46 3
12 11
8 1
24 16
36 13
28 13
14 9
23 7
32 7
8 2
53 26
36 12
28 6
28 10
31 6
35 0
43 11
0 3
28 3
9 1
53 33
14 13
37 16
28 7
18 3
42 18
30 7
45 17
12 1
39 18
34 7
23 13
31 0
