92 42
52 49
127 53
4 3
115 14
21 3
3 20
48 40
125 50
5 57
31 22
97 51
36 13
120 46
21 1
11 15
101 53
58 54
57 3
131 71
115 28
29 22
105 41
80 2
85 55
14 17
98 50
128 121
66 36
3 13
39 8
121 78
103 52
63 1
29 11
9 10
39 15
110 2
133 95
49 39
37 2
113 29
125 102
36 2
55 4
23 18
125 118
132 113
114 29
103 41
127 50
121 72
129 121
11 14
137 49
125 51
119 12
37 32
102 55
29 13
69 35
69 28
87 7
36 11
2 13
118 4
109 4
58 49
36 22
105 2
127 113
111 10
127 45
5 11
125 66
87 36
121 50
85 49
87 35
110 5
50 39
59 5
130 104
42 22
13 19
4 33
84 4
89 50
132 70
113 40
63 23
119 11
101 50
135 94
29 5
122 121
132 74
57 18
75 4
127 41
89 40
4 31
27 14
85 52
36 8
92 51
30 11
64 19
121 83
77 52
136 69
58 51
37 12
29 34
132 52
68 8
50 57
29 7
12 1
107 3
21 7
119 10
39 30
50 22
118 55
27 25
80 3
54 5
87 8
121 53
39 31
41 13
42 35
106 8
73 49
48 5
64 2
132 67
119 31
102 5
134 70
41 30
83 52
62 17
137 118
120 75
120 105
35 33
12 15
37 17
130 124
135 28
114 7
113 56
131 65
32 17
41 10
3 1
22 11
106 4
47 16
118 51
82 56
31 7
134 65
84 5
63 20
132 54
76 56
25 11
5 32
39 10
125 117
137 121
134 26
65 3
29 28
35 32
11 8
4 2
26 7
126 114
38 20
134 28
128 90
91 56
137 73
108 51
99 7
62 16
88 42
126 121
89 39
27 30
99 18
113 57
10 7
137 102
63 31
55 37
23 2
83 56
49 51
41 34
133 119
132 45
97 57
131 48
53 5
134 115
62 1
121 67
37 34
41 2
52 51
106 2
27 18
9 8
133 86
8 16
87 31
31 28
97 4
87 5
35 23
115 3
88 5
100 1
127 125
36 30
116 32
37 22
56 31
38 18
28 7
126 108
134 67
88 35
63 3
32 22
130 131
47 3
55 50
105 35
27 10
18 1
78 51
8 7
39 13
31 20
10 20
127 57
88 56
42 37
127 51
101 56
110 56
27 3
115 5
134 99
88 57
53 4
131 46
131 45
63 10
40 4
1 7
132 112
2 17
57 41
43 1
32 12
129 58
10 25
121 113
5 8
49 56
26 18
60 6
102 56
50 41
37 10
59 4
113 2
102 39
77 4
82 49
34 20
63 25
25 23
4 10
53 40
38 7
114 23
121 39
36 29
78 39
125 57
115 30
134 114
31 13
87 22
57 7
76 5
125 103
42 34
134 107
56 25
24 15
0 5
131 106
39 1
36 37
98 53
55 2
35 25
135 106
10 17
54 41
105 28
78 49
51 32
23 13
117 50
62 18
122 91
134 82
63 22
106 35
126 48
115 8
26 17
37 15
27 4
129 91
131 107
9 11
134 91
112 41
13 14
76 53
129 124
106 12
5 10
125 71
55 35
100 17
77 56
25 7
40 5
111 36
111 34
137 71
51 41
113 32
40 8
96 5
136 105
40 42
125 70
126 64
20 7
68 16
42 32
117 49
40 11
115 2
110 37
23 11
92 37
58 40
30 15
131 64
50 30
12 3
2 1
37 23
121 57
42 29
5 20
25 8
72 5
127 84
49 40
99 10
133 6
100 5
32 7
121 85
54 42
33 12
34 28
34 7
11 18
131 123
57 27
4 8
1 23
133 9
137 81
48 56
32 24
39 36
79 1
127 110
69 7
56 32
116 35
33 8
114 42
138 134
77 5
31 34
127 70
39 20
31 29
111 42
11 1
52 55
132 111
3 11
31 32
78 4
131 121
87 20
132 73
47 13
84 49
50 2
57 11
127 102
137 112
3 18
41 42
126 101
127 83
39 22
27 2
133 77
127 116
131 104
48 4
30 10
51 37
38 25
2 11
105 29
127 66
110 39
43 18
115 1
24 18
31 15
27 5
50 12
113 5
91 37
111 31
73 83
26 20
32 30
35 22
122 69
4 27
37 24
35 10
33 11
77 55
0 3
91 35
138 68
114 11
43 2
134 104
31 5
89 5
26 1
129 90
42 8
114 12
38 32
121 93
84 52
14 7
106 22
40 32
132 83
39 4
114 10
11 20
83 57
48 52
3 22
40 14
104 4
84 56
78 53
88 4
39 7
5 23
20 8
57 8
23 19
2 8
29 25
4 14
105 56
132 125
92 50
138 137
30 18
38 31
122 124
118 56
137 50
66 12
63 8
10 3
106 30
47 15
77 49
56 2
51 50
34 11
91 50
125 45
25 2
113 31
88 51
35 7
12 2
119 35
56 1
38 34
87 27
133 26
127 111
29 8
87 24
118 35
40 41
57 15
69 72
28 30
56 35
9 7
99 8
4 20
115 25
22 2
14 3
27 11
50 5
138 106
127 97
137 70
20 24
138 39
134 73
50 4
98 52
44 2
121 70
35 37
133 79
48 50
127 121
115 10
126 105
14 20
104 5
75 2
63 12
17 19
20 18
131 115
127 74
132 71
35 5
52 54
39 25
5 42
105 36
79 17
35 2
47 1
87 14
106 25
128 69
10 2
13 1
114 8
134 81
28 17
7 20
28 25
125 113
38 30
97 37
131 61
102 57
132 49
95 17
33 18
135 89
112 39
29 1
42 28
11 17
24 1
2 7
121 84
63 11
116 3
56 42
34 8
12 13
58 53
55 5
105 4
85 84
131 101
41 32
91 41
6 7
38 23
40 28
30 8
125 53
121 45
73 50
137 97
63 13
15 2
114 28
63 28
127 92
63 18
121 110
78 41
5 15
49 57
86 17
89 41
137 41
40 13
32 23
127 54
133 76
38 12
114 37
121 51
56 40
41 18
125 74
134 95
56 4
31 11
68 18
38 14
23 1
107 20
105 33
125 96
91 4
57 28
56 57
125 112
83 84
15 7
11 16
42 33
136 137
87 41
48 49
115 17
41 22
83 5
48 57
127 117
6 8
81 5
36 5
28 18
125 67
43 16
65 17
97 42
57 37
137 113
27 34
66 31
134 86
58 4
20 11
40 15
34 2
125 93
103 5
35 29
101 28
2 28
78 57
118 50
1 18
39 41
41 24
137 45
130 46
3 25
126 106
5 29
111 39
66 33
21 18
101 51
42 18
137 85
87 33
38 17
53 39
12 14
97 41
82 4
56 50
131 132
40 25
86 3
114 40
2 14
29 2
12 23
27 20
32 5
36 14
92 36
87 23
113 39
82 84
117 4
132 103
27 31
22 18
75 1
106 10
42 15
111 57
66 30
127 56
117 35
27 1
41 29
137 55
28 14
24 7
131 75
36 31
25 22
12 24
122 82
35 4
43 24
7 8
87 30
87 13
5 39
3 19
42 12
52 53
91 36
131 28
43 7
131 124
39 5
15 19
28 24
102 40
51 42
39 11
114 22
126 86
106 1
27 8
116 50
126 129
88 40
125 56
121 116
132 97
115 13
76 52
11 7
32 8
37 1
107 8
36 3
87 1
58 39
56 37
62 8
132 57
33 20
32 10
4 11
132 96
126 115
91 55
110 40
51 2
89 35
111 30
36 18
87 28
10 23
37 13
79 8
116 57
53 42
130 90
134 71
57 29
43 17
55 29
13 8
34 23
98 54
100 4
91 57
51 56
85 50
108 49
137 96
130 73
133 114
64 17
114 34
55 31
105 31
125 39
3 23
112 51
128 48
127 49
54 51
24 16
132 51
82 50
138 89
132 50
133 88
82 54
117 41
131 95
35 18
31 30
135 47
99 19
131 69
42 31
25 13
116 31
63 2
137 67
114 32
55 36
131 82
5 25
54 57
39 24
133 94
86 19
69 73
46 5
119 9
1 17
36 28
33 3
131 73
111 2
131 74
121 103
2 23
98 49
64 8
37 4
69 71
3 24
103 39
63 33
87 29
24 3
42 2
14 2
70 4
114 5
133 108
134 98
91 40
21 13
47 11
86 8
133 99
42 30
31 4
22 15
111 41
52 41
103 57
42 14
68 19
121 117
1 8
99 2
62 19
122 123
68 1
63 34
57 36
120 28
90 16
23 8
34 17
92 40
2 10
30 19
133 80
30 3
35 12
64 3
76 57
119 32
128 82
42 10
5 27
97 36
69 12
57 33
57 22
76 54
106 29
23 3
5 40
29 33
66 35
66 32
137 83
32 29
4 28
50 29
92 35
30 13
79 2
80 17
34 22
55 32
35 31
121 56
53 55
13 16
69 74
26 3
111 40
0 2
119 41
105 42
58 50
131 72
4 37
39 28
34 12
53 57
4 57
33 24
76 55
22 24
41 20
42 5
68 17
66 5
127 52
92 27
131 90
87 37
51 31
137 56
78 56
48 55
23 7
125 121
50 32
56 36
55 40
50 35
63 32
56 39
137 92
52 50
57 42
63 7
21 8
103 49
42 17
36 17
36 23
12 8
30 17
7 16
34 1
125 54
34 15
78 40
134 121
39 3
30 2
122 48
120 106
8 13
137 57
100 3
125 83
86 7
21 24
127 93
35 14
113 36
29 10
130 109
57 32
78 54
115 7
30 1
85 4
27 24
5 41
111 4
128 124
21 10
57 31
93 5
127 72
121 102
77 51
137 103
42 7
133 89
106 36
36 1
106 57
130 65
33 2
80 8
35 20
117 5
38 4
98 51
125 78
39 27
42 25
101 49
115 15
32 1
31 10
125 73
11 19
114 2
88 50
38 24
13 2
41 3
101 55
45 4
135 105
113 4
48 54
38 11
112 56
80 20
80 1
112 5
131 70
41 5
28 15
4 35
63 5
115 33
47 2
77 57
40 17
4 12
37 20
36 7
41 31
26 11
137 39
28 23
137 78
7 19
13 20
103 55
114 36
47 18
15 17
41 17
97 50
131 58
5 24
37 18
25 1
66 10
132 53
133 90
37 28
137 54
73 53
37 7
1 20
137 93
73 56
52 4
113 41
77 53
54 40
23 17
36 34
50 3
21 23
48 53
73 52
132 72
138 121
37 29
66 4
99 11
4 24
39 33
0 4
50 25
41 33
125 49
33 13
121 74
60 9
110 42
78 55
34 14
40 10
57 10
64 12
106 28
34 24
131 86
15 18
119 8
75 5
95 16
134 93
54 55
41 7
118 39
40 37
114 20
92 39
50 37
5 33
66 57
33 22
4 5
76 51
131 93
121 112
87 3
34 3
58 5
110 33
4 30
55 57
4 15
56 34
110 50
43 20
35 15
112 37
15 3
27 12
55 41
127 118
35 8
66 56
114 25
43 19
40 36
110 31
14 19
5 14
81 2
83 51
1 19
12 7
110 28
49 50
37 31
4 36
53 51
21 25
130 105
131 114
114 17
137 52
7 17
4 13
54 49
129 82
65 2
36 32
133 64
18 8
129 125
40 12
87 12
51 39
68 3
127 55
108 55
111 37
38 33
131 59
43 13
34 10
95 8
25 19
134 74
33 10
82 52
115 34
115 11
66 50
56 5
4 25
10 14
24 19
117 39
97 35
49 55
115 24
137 111
119 6
14 16
31 33
31 17
85 51
115 20
134 48
108 28
121 55
33 15
58 56
31 18
106 39
39 29
2 30
60 61
122 90
58 57
22 1
35 28
65 5
137 110
125 97
134 75
121 49
22 3
27 23
22 19
28 2
13 15
89 42
95 19
105 50
41 36
87 32
38 27
5 28
121 73
10 15
45 5
84 39
127 71
66 41
119 7
57 30
64 11
95 3
108 50
47 20
51 35
39 18
88 55
121 54
2 12
121 52
25 18
83 54
126 26
50 42
5 37
114 4
30 14
127 39
4 41
86 16
138 62
39 2
93 4
110 29
20 17
41 4
131 105
105 57
138 87
53 41
95 7
44 5
35 30
63 24
57 35
3 17
14 8
98 84
117 51
22 17
110 41
110 35
38 2
33 23
127 67
5 2
25 15
105 39
33 28
84 53
125 110
42 20
66 28
82 5
136 106
64 1
37 14
112 42
111 28
138 105
134 106
109 5
92 4
103 51
2 18
117 54
31 14
35 3
0 1
30 24
5 35
128 125
97 55
2 15
132 92
38 13
110 32
114 3
18 17
88 39
25 12
40 35
34 25
36 4
36 25
119 28
75 20
29 12
114 35
69 10
112 35
7 3
1 13
107 2
125 72
114 15
87 15
79 3
58 41
42 4
18 20
122 125
38 28
5 3
29 3
127 78
98 5
83 50
28 10
138 47
125 111
32 25
126 98
3 10
100 2
26 19
32 11
56 33
137 116
32 14
97 27
129 98
2 24
3 14
7 1
27 28
8 19
131 98
136 134
99 20
102 4
46 4
121 111
114 30
5 31
4 17
112 4
43 3
4 23
31 25
49 41
13 7
121 96
132 118
57 40
32 33
132 117
97 40
55 39
112 57
111 3
15 16
18 16
38 1
5 36
111 32
13 3
75 3
113 42
40 29
126 95
11 13
10 12
24 17
29 14
63 4
103 53
4 32
88 41
138 61
126 82
89 51
92 5
48 41
50 33
134 44
63 15
84 57
40 33
103 56
57 25
76 49
4 1
47 7
22 7
116 4
118 41
84 50
57 1
113 50
27 17
21 12
114 41
126 122
121 92
116 56
34 13
114 24
53 56
91 51
108 56
128 91
37 5
86 1
43 14
82 55
111 50
55 51
3 7
114 18
68 20
77 50
19 16
134 72
35 34
30 25
97 56
114 39
27 22
106 5
130 28
106 40
103 54
119 57
10 13
63 14
39 40
57 5
39 14
89 4
54 35
28 11
132 55
33 34
52 5
66 25
119 39
54 53
118 5
102 35
56 12
12 11
25 24
97 39
28 20
92 41
27 32
1 11
38 15
107 1
50 10
132 84
85 83
130 126
25 20
41 1
42 3
79 7
38 3
131 26
138 43
40 2
125 52
84 51
38 8
40 18
92 55
36 15
40 1
128 123
38 5
127 81
134 45
63 29
114 31
50 31
41 35
115 18
132 41
106 27
111 56
110 57
40 22
132 110
32 18
138 38
29 30
36 20
26 8
110 4
115 23
67 5
103 4
35 17
115 12
24 20
13 18
118 57
112 55
76 50
32 15
121 97
84 55
42 24
33 25
65 1
134 46
21 22
120 89
91 27
23 14
28 8
40 7
105 5
92 57
83 53
132 66
41 14
134 105
21 2
35 27
95 2
35 13
57 34
5 30
35 1
106 37
52 56
39 23
137 53
125 84
43 15
112 36
40 20
81 4
4 40
57 4
132 85
10 24
7 18
130 123
86 20
108 54
86 2
4 39
38 29
20 19
62 20
133 60
133 101
41 8
91 42
37 25
36 12
65 20
50 23
114 13
102 53
114 14
27 7
32 20
106 34
85 56
51 40
4 29
110 36
82 85
116 10
21 19
12 19
106 20
25 3
133 91
55 56
89 57
21 15
51 29
121 41
138 28
17 8
131 67
98 4
106 3
130 106
66 3
122 58
112 40
126 128
137 72
102 41
30 20
125 92
47 8
72 4
135 68
76 4
28 22
2 20
10 11
82 53
127 112
76 40
71 5
49 35
36 10
5 17
121 125
17 18
2 25
78 50
105 37
131 91
96 4
29 17
41 27
14 1
136 126
112 50
39 32
29 18
98 55
47 14
66 37
137 117
54 39
12 22
110 34
127 96
2 33
131 96
54 4
64 7
21 11
131 108
66 29
57 12
37 30
24 2
87 2
35 36
129 69
15 14
28 3
47 24
49 53
30 12
117 56
132 39
50 34
99 17
3 12
114 1
40 3
5 12
41 25
67 4
83 55
17 7
25 17
121 66
103 40
48 51
41 12
120 69
125 85
22 23
87 10
87 40
129 48
91 5
29 24
37 8
33 5
128 98
78 5
100 20
33 7
125 81
132 121
38 36
38 37
107 17
125 116
127 73
15 8
57 39
102 50
43 8
106 33
29 23
111 29
25 14
137 84
132 93
106 31
134 96
126 99
32 28
105 40
1 24
56 41
38 22
131 81
134 108
75 8
31 2
54 56
134 101
134 69
57 20
49 4
3 15
56 28
122 98
30 22
85 54
55 27
133 0
22 13
88 49
92 56
3 8
21 20
41 15
12 20
69 70
114 33
22 20
28 12
66 40
57 17
10 1
111 35
32 2
11 2
52 39
128 58
36 24
37 33
32 13
21 17
32 3
134 58
27 33
57 24
137 74
39 35
41 23
33 30
130 121
65 8
64 20
52 57
95 1
49 42
95 18
15 20
77 54
70 5
51 5
5 1
56 3
39 17
77 39
111 5
83 49
12 18
41 37
31 23
51 36
74 5
132 56
5 13
47 19
127 85
40 30
56 27
42 1
126 69
113 35
87 18
125 55
52 40
106 41
120 121
87 4
116 39
40 31
89 55
66 2
105 27
58 52
31 12
121 118
44 4
56 29
121 71
99 3
31 8
66 39
100 8
17 13
11 3
53 35
11 24
126 58
63 17
87 34
27 13
62 3
99 12
56 10
41 11
32 34
57 23
24 8
134 132
117 55
98 56
83 39
94 61
135 62
102 42
28 13
89 56
86 18
56 22
35 11
126 127
132 102
41 28
106 42
51 4
98 85
49 5
50 28
18 19
117 57
87 11
129 123
34 18
14 18
31 3
99 1
117 53
116 41
29 15
37 3
76 39
12 17
113 37
130 100
137 66
82 51
106 32
30 7
4 42
31 24
131 60
33 1
134 64
48 39
38 10
63 30
15 1
22 8
133 115
35 24
137 51
51 57
108 53
50 40
79 20
111 33
116 28
74 4
130 75
135 61
130 44
106 11
57 2
85 53
135 121
27 29
107 4
29 20
2 3
13 17
77 40
64 18
125 41
127 103
27 15
10 19
103 50
91 39
22 14
87 17
26 2
57 14
33 14
24 13
83 4
130 69
37 11
87 25
42 23
39 34
23 24
39 12
17 16
55 42
66 34
137 125
88 53
134 59
31 1
65 4
10 18
121 81
36 33
21 14
42 11
40 23
132 78
75 17
42 13
58 55
23 15
8 18
116 5
30 23
33 17
131 99
10 22
71 4
105 32
115 22
131 44
50 36
106 23
97 5
66 42
132 81
102 51
39 42
105 34
39 37
107 5
53 50
87 42
57 13
10 8
84 54
64 10
9 12
126 91
54 50
136 121
40 24
24 14
28 1
138 21
98 83
82 83
17 11
132 116
95 20
116 2
20 13
40 34
56 30
106 17
23 20
47 17
