0 12
47 13
32 12
38 21
32 6
24 19
27 10
28 17
28 18
12 10
28 14
27 7
33 3
44 19
33 11
22 19
27 6
23 8
6 8
46 8
26 2
44 5
1 12
42 13
45 5
27 2
44 10
26 5
27 8
30 9
31 12
12 18
23 9
26 19
33 10
43 18
24 18
33 2
31 16
28 11
12 4
23 3
3 15
41 20
0 17
41 14
44 9
43 11
18 3
45 10
17 4
44 15
33 15
26 12
22 8
41 12
45 12
10 4
24 12
46 13
45 17
27 5
47 5
22 7
24 9
41 13
32 4
0 9
46 3
43 7
27 1
45 9
30 17
45 14
42 16
30 6
43 10
30 12
44 17
30 7
45 8
18 20
23 2
46 12
28 12
22 5
24 14
22 17
12 21
34 25
41 4
24 13
46 1
44 16
47 7
10 12
30 5
28 15
44 7
42 12
0 18
41 1
23 19
46 19
43 12
1 20
26 1
30 13
26 8
24 2
46 5
33 8
22 15
28 16
46 11
31 9
19 8
10 17
24 3
43 17
23 6
41 48
26 7
26 15
31 15
27 11
1 4
34 10
44 2
28 6
22 6
41 18
27 3
33 6
46 17
42 15
30 15
41 21
45 11
47 18
23 14
26 13
47 10
32 18
0 4
22 18
38 17
28 3
42 2
27 9
47 6
22 11
12 17
47 17
32 14
27 19
28 1
33 18
44 13
46 9
33 14
31 13
0 5
26 11
45 16
10 20
33 13
34 38
28 13
43 9
32 16
34 18
10 1
23 16
44 14
25 11
28 2
13 20
32 15
17 1
24 16
41 16
21 20
30 14
31 14
0 3
33 9
18 21
0 14
30 16
42 8
47 8
0 15
32 17
23 12
26 18
0 10
41 17
22 3
33 17
43 4
31 8
34 35
31 1
44 3
31 6
18 17
28 7
32 9
46 16
6 29
23 1
0 13
23 13
42 18
26 17
32 13
22 1
41 35
24 15
24 8
17 21
44 1
47 9
17 20
45 4
42 3
26 6
31 4
30 19
43 14
33 5
34 40
16 17
23 11
31 11
26 16
32 7
46 6
42 1
32 11
34 37
47 16
47 4
34 39
24 1
0 11
28 4
28 5
22 16
24 6
27 13
24 5
1 3
30 4
46 18
41 36
46 15
17 18
0 19
41 10
16 21
41 37
44 11
27 4
0 7
0 16
28 19
32 1
26 10
45 15
30 8
27 16
32 19
38 1
45 19
23 4
45 6
44 12
47 19
34 36
44 18
33 16
47 14
45 2
46 10
1 21
42 11
33 4
33 19
1 18
5 8
30 2
31 17
1 17
17 12
43 19
27 14
23 17
42 6
24 11
31 10
22 13
30 11
41 6
42 19
31 18
43 3
0 2
31 7
26 3
10 18
42 9
22 2
24 4
30 18
23 10
39 11
30 1
22 12
24 10
18 4
27 18
17 3
46 7
46 14
33 12
41 11
45 3
33 1
24 7
34 20
47 11
24 17
22 14
30 10
16 14
0 6
16 1
44 8
34 41
12 16
32 8
32 2
23 18
28 8
22 4
42 10
28 10
22 9
29 8
12 1
31 3
23 15
43 6
11 21
23 5
43 5
32 10
10 21
26 14
22 10
43 15
32 5
41 38
18 1
42 7
41 9
28 9
11 3
18 12
30 3
9 20
0 1
26 9
26 4
45 1
0 8
44 6
42 17
42 4
43 1
43 2
33 7
44 4
27 17
32 3
23 7
38 3
47 12
34 16
46 4
1 10
42 5
31 19
46 2
6 20
31 2
47 2
45 7
27 12
45 13
43 8
43 13
43 16
27 15
45 18
2 8
47 1
42 14
47 3
31 5
47 15
41 40
