16 8
15 7
17 3
0 7
15 1
13 14
21 7
14 13
18 2
9 5
21 8
11 5
16 7
19 8
6 10
3 8
15 5
21 2
21 3
9 7
4 12
0 4
11 7
3 14
19 4
16 5
11 1
16 4
18 4
18 8
17 7
9 2
0 2
9 4
15 2
9 1
16 2
20 2
18 6
3 7
18 3
19 2
3 10
17 1
17 2
18 5
20 7
12 10
7 14
3 13
0 6
4 10
17 8
18 7
16 3
21 1
5 10
16 6
20 6
11 2
0 1
11 6
19 3
21 4
11 8
8 10
20 5
17 4
13 10
20 1
15 3
17 5
7 13
15 8
21 6
20 4
18 1
15 6
3 12
4 14
4 13
9 6
1 10
19 5
9 8
21 5
9 3
17 6
16 1
15 4
0 5
20 3
12 14
20 8
19 1
7 10
2 10
0 8
11 4
19 7
19 6
11 3
0 3
