112 7
131 13
117 86
145 61
12 4
69 8
2 36
145 109
145 76
103 48
3 47
9 26
115 14
46 45
17 8
141 93
97 20
88 44
94 71
38 48
40 6
44 19
88 71
52 41
9 47
136 133
148 114
1 20
121 37
31 21
79 47
18 11
22 25
134 44
127 84
89 41
94 82
127 37
52 18
67 13
10 30
128 87
87 4
7 3
84 3
71 32
49 36
37 5
102 43
54 43
104 52
121 27
126 53
96 11
150 136
151 104
5 20
90 48
85 29
101 31
91 84
67 9
59 4
111 83
22 46
6 1
149 24
18 6
145 119
129 26
103 53
124 23
9 10
83 79
34 13
106 79
63 19
10 13
36 8
49 40
0 1
79 6
25 5
3 37
46 13
41 45
81 34
146 85
152 23
27 4
53 29
38 1
146 74
144 65
32 42
111 82
14 18
29 42
134 49
127 24
136 129
95 79
48 33
126 41
151 81
2 28
104 7
139 133
127 31
114 10
132 30
65 45
31 34
11 18
148 73
129 29
43 14
54 28
74 10
62 9
141 126
151 75
141 81
84 52
122 10
29 11
90 84
127 46
128 84
74 7
86 31
146 80
38 21
77 10
124 13
80 24
92 3
127 7
71 54
145 93
29 6
46 27
10 54
64 42
11 17
144 138
36 5
124 7
128 49
148 134
149 63
130 31
49 24
36 25
62 7
41 27
12 3
131 5
126 9
101 9
34 6
134 38
75 10
121 44
6 19
9 37
102 53
28 45
130 45
53 1
139 39
134 53
148 51
101 82
26 14
2 7
133 5
126 88
121 47
22 14
116 90
48 32
122 7
63 13
114 7
127 9
89 80
79 30
2 8
37 6
133 23
52 49
91 85
46 20
147 117
95 90
124 35
136 81
130 18
102 10
136 72
148 57
86 44
112 14
98 80
130 20
52 26
92 14
64 17
25 40
129 85
48 6
43 35
52 7
102 9
85 46
97 13
10 52
27 5
69 21
85 45
142 139
31 23
23 7
95 87
38 2
29 37
124 45
30 7
46 11
13 40
47 11
145 57
140 142
48 21
43 25
55 6
99 46
7 24
30 4
129 9
84 25
34 40
133 35
92 7
116 85
85 3
80 38
98 54
2 49
139 86
117 71
25 21
31 7
101 71
101 34
130 30
145 117
26 3
125 43
54 36
124 37
90 2
54 46
151 39
45 20
133 24
3 40
53 7
105 13
35 1
132 9
81 43
90 49
50 20
135 70
144 61
30 2
56 6
86 10
43 38
126 30
81 4
49 5
56 19
47 42
85 13
151 73
132 88
145 97
44 28
99 54
147 0
53 13
10 38
114 4
124 29
50 14
31 46
121 40
54 49
87 35
56 20
126 54
24 28
142 70
133 3
39 44
146 88
102 49
146 73
121 2
141 128
41 1
110 7
2 37
147 12
45 13
105 5
52 53
152 151
121 43
85 23
131 1
84 26
87 10
53 11
73 7
49 4
90 71
95 71
102 38
51 1
71 48
124 47
4 21
24 18
56 40
51 3
106 44
0 6
129 2
2 23
43 33
34 21
22 38
100 2
71 39
99 88
43 3
125 31
3 13
71 28
139 87
9 54
147 16
34 28
22 44
26 42
127 36
48 14
28 4
81 33
89 88
25 45
49 34
80 85
141 39
38 25
130 41
85 26
24 4
47 17
94 10
84 39
54 8
84 46
80 49
133 37
81 7
49 33
81 38
91 52
129 24
34 35
27 6
85 36
28 6
125 24
4 1
10 2
96 2
10 41
145 70
92 6
41 13
35 18
34 42
141 108
12 13
151 86
141 83
33 14
102 84
49 20
17 20
83 49
98 52
112 1
52 5
2 40
95 80
55 20
41 4
104 84
127 30
124 26
33 2
122 2
145 112
31 27
97 5
54 41
49 14
86 79
126 43
37 11
151 83
87 39
43 30
35 42
124 8
81 54
106 90
79 25
151 108
140 143
151 23
109 10
75 81
71 44
41 23
137 136
52 17
141 87
130 40
2 38
18 13
31 24
49 32
133 71
112 5
94 52
80 53
85 4
9 45
85 48
53 2
92 2
40 14
129 38
88 2
146 81
137 138
145 59
146 23
9 34
49 29
131 14
31 5
130 33
128 48
12 11
87 24
100 53
121 48
103 87
134 34
102 54
69 6
43 23
30 28
114 2
35 14
147 125
30 1
29 3
87 85
103 88
113 5
56 14
52 11
52 8
34 1
111 79
124 42
130 27
59 8
42 11
24 11
33 5
97 11
106 84
116 82
128 7
79 23
132 37
139 103
3 45
41 35
104 85
97 6
43 20
96 49
20 6
41 30
49 17
41 36
148 76
144 114
72 6
11 40
29 28
49 45
39 1
106 10
89 84
64 18
7 18
100 49
141 37
85 38
139 82
46 34
33 3
87 88
43 8
128 43
132 49
107 32
91 49
146 106
36 13
97 21
144 77
31 6
83 54
27 21
105 7
39 6
10 24
9 35
50 38
7 34
144 145
67 10
43 26
46 33
126 71
78 89
42 8
38 8
151 37
126 33
126 46
3 1
134 81
26 6
144 24
38 23
66 9
77 5
39 21
101 52
84 33
7 33
65 32
103 10
3 5
71 6
49 23
31 32
88 39
25 7
98 39
22 21
25 17
131 7
32 13
96 35
54 40
147 124
82 7
33 40
127 41
97 1
125 35
148 70
135 136
124 41
42 18
127 44
80 29
99 9
84 79
146 129
121 29
134 86
94 86
151 71
42 17
121 35
146 49
4 19
139 30
50 40
140 96
122 13
89 90
36 28
104 41
141 23
130 37
43 24
81 31
90 85
8 47
104 54
68 19
55 5
22 40
44 45
83 53
34 27
81 2
1 21
56 41
72 7
26 2
121 7
81 39
39 41
96 45
124 49
130 14
31 36
86 43
79 37
124 27
7 46
60 4
145 138
52 32
3 27
8 14
39 4
33 7
53 54
128 41
87 29
103 52
50 23
31 28
84 53
21 11
47 18
56 13
94 87
143 70
100 71
106 31
124 21
127 71
4 45
31 17
100 38
99 81
140 105
111 80
40 20
28 27
2 18
104 31
148 130
88 28
103 80
140 97
95 89
2 41
87 36
52 30
29 1
148 60
47 45
77 11
6 27
135 57
43 44
146 108
10 28
38 3
106 85
146 66
26 30
6 47
72 9
45 14
99 7
61 7
41 48
99 53
2 21
46 36
80 54
28 11
109 8
146 86
98 79
33 21
139 129
24 42
144 113
31 42
139 37
43 6
126 84
71 34
148 24
150 151
29 26
3 14
106 54
141 74
73 10
37 28
87 49
8 32
116 71
100 9
81 36
89 34
104 24
35 6
28 20
145 94
52 36
24 17
73 9
24 30
133 45
113 1
91 54
151 85
20 5
18 8
148 77
85 25
92 10
89 39
136 53
121 26
71 25
101 2
25 27
24 1
71 43
90 29
125 88
49 1
49 41
50 35
134 82
36 45
134 9
22 33
148 95
9 30
49 9
117 80
86 88
89 46
23 11
84 36
79 71
151 136
127 10
56 29
95 86
52 29
7 11
89 7
38 20
52 1
50 11
33 4
100 81
103 2
46 30
3 11
41 42
134 84
38 13
104 39
60 1
111 85
140 101
82 46
4 40
132 52
144 119
57 10
115 1
130 4
22 3
99 2
48 20
126 26
48 13
136 30
105 2
3 20
30 37
48 28
37 32
28 47
53 27
91 81
45 11
71 7
147 130
144 115
139 79
132 10
4 25
104 9
32 19
141 79
101 29
41 11
54 42
7 31
141 66
146 136
48 2
24 23
104 48
30 19
79 38
90 80
129 31
120 9
75 89
48 23
43 21
128 52
98 53
148 105
86 48
44 25
130 6
68 13
76 7
53 14
38 36
56 7
52 23
2 47
44 6
87 53
4 11
98 84
115 13
147 100
43 1
136 139
33 32
7 45
48 17
48 11
18 3
50 8
75 86
84 48
103 24
147 15
47 40
134 71
46 28
38 47
103 79
71 8
79 29
34 30
124 25
71 4
43 42
132 85
13 18
124 33
22 18
141 86
50 10
3 17
115 4
131 30
151 129
12 2
52 28
69 5
134 7
62 10
47 1
38 45
146 128
86 35
106 71
82 34
99 39
127 39
75 88
97 19
86 46
34 47
141 104
83 84
22 39
43 45
130 3
91 82
115 8
49 2
99 84
29 48
37 40
49 47
141 49
98 88
17 11
29 25
8 20
146 126
54 38
25 8
7 4
109 4
77 1
79 36
69 18
96 4
122 4
78 87
121 42
104 10
10 32
52 39
136 90
70 45
48 25
146 53
140 136
33 11
82 44
135 121
56 32
53 6
29 17
38 11
56 34
123 10
56 37
54 17
116 87
2 26
120 7
124 43
17 6
87 41
43 4
59 14
136 103
79 39
81 24
59 1
67 6
33 45
56 23
90 38
1 11
21 6
43 11
109 7
78 52
99 80
144 118
84 71
14 21
79 32
23 18
146 72
134 52
76 2
145 122
99 79
51 21
152 121
10 37
136 71
66 7
95 52
131 11
9 31
71 24
84 54
81 88
118 2
38 34
94 90
87 81
98 82
130 42
30 21
58 14
22 24
146 84
148 109
141 53
2 48
32 27
77 4
127 53
125 41
85 28
50 30
151 82
79 28
122 1
85 71
95 82
33 37
8 21
133 36
37 19
2 29
84 32
13 21
106 49
1 17
134 54
98 41
145 50
96 3
87 43
141 72
79 41
9 32
129 79
103 41
36 26
25 1
50 6
121 33
139 74
50 29
106 34
71 49
52 40
54 7
121 39
98 43
142 111
11 27
49 11
27 13
57 7
70 71
38 32
111 2
96 10
35 40
89 52
81 71
136 88
13 14
4 3
98 31
104 90
78 83
22 1
152 56
34 20
46 26
141 75
41 17
90 81
67 8
142 94
132 71
43 7
108 2
96 8
22 37
2 32
18 4
7 14
79 49
84 34
6 32
26 32
39 25
68 5
148 113
110 9
23 20
77 7
33 20
39 48
78 90
30 47
52 2
88 47
147 99
134 80
10 36
139 108
146 37
128 80
56 36
127 43
33 13
91 10
24 41
104 53
71 42
132 35
77 6
148 120
49 28
127 34
106 52
33 28
23 14
35 47
134 39
96 14
9 6
22 6
36 1
136 89
80 87
49 42
18 19
131 45
34 7
103 85
123 2
69 13
43 41
125 54
140 137
129 88
129 41
9 48
22 13
145 65
98 89
128 88
53 42
84 88
53 23
100 80
84 37
0 10
72 8
112 8
129 52
97 14
141 90
46 1
37 3
95 10
126 36
8 6
95 83
82 33
24 37
111 71
151 30
124 44
126 7
91 80
25 42
10 49
32 3
6 13
131 2
117 88
26 5
43 13
104 79
52 35
35 37
71 35
127 29
85 37
9 44
104 87
53 43
148 62
22 35
91 83
46 29
56 25
29 36
2 5
125 48
35 26
59 7
54 6
75 90
150 121
70 76
40 4
56 44
81 30
47 6
7 1
10 1
101 86
148 101
108 7
36 7
123 9
88 1
56 17
148 50
145 105
52 27
131 6
84 85
104 80
11 13
151 93
128 71
43 37
71 36
126 2
145 96
59 10
67 7
35 5
53 26
147 91
106 41
147 97
5 19
32 4
137 111
2 42
85 43
2 14
100 84
88 33
110 11
2 30
121 21
91 2
147 131
122 9
31 38
146 75
7 25
121 6
53 25
102 7
86 2
145 120
127 38
68 6
72 13
130 28
81 26
86 82
141 133
101 54
4 27
82 31
9 46
130 34
126 24
85 54
131 28
84 43
25 13
98 24
82 24
7 17
101 38
46 35
43 49
71 33
146 102
50 21
24 26
89 86
37 27
28 3
43 10
34 29
133 32
105 1
113 3
105 9
133 49
41 8
86 24
88 24
130 36
75 79
99 90
22 32
84 28
117 89
106 82
148 108
31 13
48 40
9 28
26 17
53 49
106 39
37 14
47 3
28 8
109 3
121 41
0 5
121 23
60 6
39 20
28 23
148 74
103 71
23 6
8 27
37 23
26 27
39 18
29 21
141 76
91 7
99 24
12 6
133 30
106 48
56 3
5 40
8 17
29 23
23 13
24 13
1 5
32 8
124 3
9 7
72 3
27 18
143 95
10 3
8 13
101 10
74 2
104 88
86 81
11 14
130 7
85 39
8 11
151 133
104 44
48 18
3 19
117 24
101 80
54 18
139 90
126 10
133 29
125 82
28 14
3 21
8 19
12 9
85 40
115 2
52 43
85 32
87 71
94 54
86 52
24 6
136 39
83 39
36 40
124 17
21 19
34 26
91 71
143 94
136 93
119 7
44 11
132 4
71 29
25 6
151 76
14 17
136 128
145 136
37 13
126 29
20 8
84 31
124 30
46 23
87 34
88 52
44 8
88 30
29 45
97 8
96 38
131 25
41 29
130 25
44 1
39 14
134 24
53 10
142 134
86 29
95 54
91 79
56 8
100 46
133 40
129 71
85 44
53 5
106 24
24 21
130 1
22 26
69 3
129 46
102 81
27 8
80 9
114 6
35 13
137 70
10 35
55 8
104 43
128 34
82 79
88 7
105 11
96 9
79 4
134 46
18 21
85 41
18 20
30 8
80 34
98 87
22 7
28 17
66 2
151 74
90 7
112 10
136 37
46 5
104 38
29 5
49 48
82 4
152 63
72 11
80 10
40 8
146 87
137 61
9 49
39 8
2 17
145 130
84 41
49 39
132 84
32 23
56 4
31 11
132 3
8 5
22 31
47 21
139 72
141 127
2 1
36 17
100 39
96 23
84 29
44 14
100 90
34 45
139 102
103 38
141 103
85 47
130 38
114 3
51 5
38 35
88 8
100 41
136 127
39 7
146 30
32 7
105 4
51 8
100 31
146 133
2 34
82 43
128 82
49 44
96 1
26 19
2 27
129 7
134 10
136 79
31 40
71 46
127 26
90 79
90 34
126 38
42 6
128 90
6 45
136 87
83 7
71 30
38 44
71 40
85 34
70 24
1 40
121 1
88 25
139 127
126 49
90 54
112 4
35 27
51 20
80 7
31 26
70 29
0 8
134 85
145 51
113 2
53 31
34 3
98 38
79 33
107 40
151 80
33 23
31 4
111 87
47 23
7 8
125 53
8 18
21 5
41 6
53 39
49 21
55 21
120 8
70 72
86 7
50 2
80 41
88 3
86 54
9 3
10 11
0 9
91 9
35 17
98 7
8 42
35 19
143 134
30 18
53 17
101 87
28 5
36 33
26 1
139 71
140 116
10 5
3 42
91 88
32 1
43 5
77 13
126 85
121 11
64 11
74 9
50 7
5 23
119 10
148 67
17 5
143 138
90 39
136 104
25 47
103 81
102 31
39 47
88 37
91 89
134 29
39 17
101 44
41 44
96 37
102 2
37 4
121 10
79 48
39 3
36 37
9 4
38 14
44 23
125 7
100 86
127 88
77 8
111 90
125 38
83 10
78 7
9 36
48 4
91 87
133 53
92 9
106 2
39 33
17 13
52 3
139 66
69 11
32 6
36 3
86 85
51 4
51 11
132 2
107 11
31 48
26 37
102 85
9 38
125 71
99 87
22 23
147 101
2 13
40 11
151 89
54 14
69 1
10 46
87 54
139 136
120 4
84 2
62 2
140 131
88 45
140 134
139 49
115 9
61 10
142 95
52 37
101 7
54 27
129 82
77 9
39 34
31 8
82 41
24 29
38 28
71 52
4 37
72 2
86 84
139 85
49 38
125 87
41 25
102 44
137 134
100 52
50 3
45 1
27 17
88 54
71 26
85 31
136 49
48 1
100 88
45 4
5 17
52 4
128 24
125 85
144 136
118 10
25 11
101 41
26 4
125 2
25 23
140 130
10 45
36 20
17 1
98 90
96 24
81 53
26 47
22 4
89 71
130 9
127 3
7 26
46 14
69 19
20 13
60 9
151 128
135 59
38 29
110 4
122 3
34 2
55 13
128 79
99 86
131 42
139 83
50 4
89 2
70 38
89 10
130 44
131 23
83 89
52 13
34 36
41 18
124 24
89 54
125 9
43 28
77 2
30 14
64 21
76 9
100 43
148 61
10 29
9 24
124 36
17 14
85 2
127 85
121 32
139 23
134 88
22 43
56 28
103 29
54 26
133 52
26 28
41 3
145 60
38 5
90 41
82 52
131 8
112 11
114 11
6 11
88 48
87 46
78 86
37 21
27 20
54 24
78 53
89 9
82 53
54 13
26 21
51 6
38 40
5 42
78 2
7 37
116 89
22 10
40 5
134 43
47 19
8 40
147 98
99 71
129 36
147 116
78 82
32 20
139 75
10 31
85 8
31 35
4 42
96 21
110 8
44 3
56 2
10 7
80 71
56 18
33 17
10 4
24 20
149 121
23 19
52 25
7 5
82 71
87 38
46 47
44 13
127 28
26 8
129 44
53 46
76 10
83 71
35 2
54 30
81 46
46 21
152 60
86 34
5 27
152 148
141 82
85 24
88 31
85 53
34 32
150 60
136 76
87 9
102 79
44 48
20 1
0 2
141 84
41 26
102 39
48 27
148 146
2 35
83 43
72 1
126 52
135 77
44 4
145 118
101 39
30 11
92 4
38 27
53 40
106 9
4 14
43 17
21 8
18 1
151 88
33 6
23 42
130 47
46 18
93 4
88 53
86 49
24 5
31 29
145 92
51 40
78 10
151 49
43 2
101 79
149 65
52 6
68 8
92 13
39 38
42 19
88 41
121 34
45 18
112 6
132 7
46 41
84 10
45 40
102 86
18 14
44 47
55 19
32 45
136 108
65 40
124 18
88 35
51 13
143 111
149 32
128 10
7 41
96 40
22 45
56 27
145 95
28 40
126 44
84 35
45 21
99 52
143 61
38 37
31 44
39 42
90 53
130 2
152 55
130 24
145 77
29 27
44 5
44 20
38 7
82 49
80 2
149 58
36 4
81 29
129 35
94 89
131 17
81 41
53 44
83 9
130 5
49 26
95 88
56 47
54 2
94 85
10 25
151 72
151 139
31 2
77 14
30 45
39 46
151 103
151 79
79 5
86 87
1 23
131 4
102 48
87 48
113 9
23 1
10 53
65 23
64 1
100 82
36 19
83 85
147 78
106 80
35 33
30 27
23 27
96 30
82 54
148 118
102 88
75 9
149 68
78 79
136 83
2 45
145 108
96 7
42 14
22 42
85 52
139 89
133 7
24 32
88 6
152 64
49 35
64 6
148 94
10 48
2 43
111 10
60 2
128 2
64 27
75 80
128 46
28 19
117 90
115 3
56 48
63 8
31 33
17 19
44 17
56 21
102 24
126 34
71 37
54 29
144 140
22 49
43 31
68 11
29 33
37 45
102 71
23 4
39 13
4 47
117 87
41 20
24 33
82 2
144 75
145 146
120 6
46 3
39 35
130 35
22 36
38 26
38 4
101 88
121 38
4 18
3 32
6 14
88 46
113 11
35 25
84 44
88 23
17 4
49 13
24 2
136 80
130 21
130 17
79 1
101 48
83 80
82 3
39 29
113 4
30 13
79 85
137 101
141 139
40 13
59 5
35 8
90 82
142 136
46 4
50 13
36 30
2 11
148 72
106 53
140 109
43 40
46 25
6 21
103 86
139 73
6 17
38 30
37 25
89 24
61 9
54 34
125 46
21 1
99 49
29 40
100 24
47 20
130 8
30 5
68 14
136 75
17 21
35 3
145 113
46 17
145 101
83 86
147 50
22 27
33 47
133 1
25 28
140 141
30 3
90 52
8 23
41 33
129 53
151 84
114 1
108 9
29 47
97 3
98 85
126 3
79 24
43 34
136 66
44 21
121 5
108 10
49 18
103 46
7 23
32 11
33 27
86 80
121 17
121 46
56 30
54 25
81 49
36 14
10 44
43 46
90 86
134 48
134 2
36 23
29 30
131 19
90 9
132 36
136 74
100 79
145 114
122 6
54 48
128 81
142 138
125 26
26 13
129 10
140 121
34 11
124 46
89 43
44 2
54 31
139 128
146 71
69 4
100 89
41 19
152 69
145 24
84 4
107 45
39 36
146 104
12 10
84 45
24 3
128 29
7 40
115 11
95 84
127 2
79 3
29 2
6 20
103 82
86 38
78 85
106 46
131 21
41 14
139 80
78 31
14 19
80 79
121 31
85 14
105 10
2 46
45 3
132 39
22 34
10 40
61 4
41 37
22 11
48 26
43 9
96 20
121 36
144 70
79 43
104 34
2 33
129 48
146 83
24 47
146 76
39 32
52 34
7 27
82 36
93 7
142 101
80 88
90 88
35 30
106 38
35 21
58 19
128 38
124 14
1 13
151 53
29 20
26 11
83 2
56 26
135 60
71 13
111 54
90 43
148 97
34 37
53 30
26 18
133 6
130 32
79 8
64 19
77 3
85 1
98 49
78 88
98 9
28 1
26 23
114 9
10 47
23 40
71 2
89 31
12 14
106 87
3 18
83 82
148 93
128 85
20 11
86 39
33 42
152 68
53 37
124 31
47 32
29 4
53 28
57 2
4 13
94 88
152 136
4 30
141 73
133 2
102 87
15 11
25 32
45 7
34 4
139 106
151 132
79 52
147 107
9 33
54 23
53 32
24 40
99 31
82 26
103 34
133 39
145 67
128 39
95 85
95 2
113 14
111 52
4 8
93 2
128 44
131 32
90 46
80 82
30 25
35 7
33 25
55 14
12 8
26 40
83 87
113 8
111 86
53 48
119 2
38 46
100 7
34 17
103 7
63 6
129 43
88 5
122 14
49 3
37 42
104 2
92 1
52 46
102 46
54 9
35 4
136 82
116 80
48 36
36 2
32 14
141 89
25 4
88 26
124 5
72 10
99 82
143 136
27 3
37 17
35 45
63 14
125 29
139 84
89 38
121 14
52 38
95 9
103 49
51 14
52 14
23 5
36 6
4 17
54 5
116 79
48 19
83 90
38 17
28 32
121 24
54 10
38 42
79 7
144 123
25 14
26 20
3 23
90 44
148 122
40 17
128 9
89 81
126 31
129 34
87 79
45 42
110 3
4 23
144 112
85 6
106 43
4 32
79 53
26 25
117 39
149 60
50 24
80 48
49 10
131 37
80 81
64 13
141 129
49 30
81 35
39 23
75 84
56 11
91 53
148 75
148 22
111 53
22 41
52 24
87 7
124 6
104 46
80 84
52 54
24 36
93 9
85 30
34 48
130 23
46 8
125 81
89 82
131 27
145 121
81 79
8 45
7 20
39 40
9 8
12 7
64 14
59 11
83 88
41 32
78 84
4 5
34 33
81 52
54 37
53 4
19 14
31 18
100 54
109 9
85 27
132 53
106 7
43 36
2 25
7 35
93 10
147 110
44 32
38 19
43 27
37 47
151 126
7 30
26 33
32 18
53 35
88 36
28 42
52 9
148 116
82 35
41 28
112 3
146 139
80 43
48 3
44 27
71 23
139 88
118 9
30 6
12 1
140 50
82 39
47 7
146 93
104 29
115 10
52 45
110 6
89 49
50 45
140 111
99 89
34 18
40 1
131 47
31 25
21 20
87 82
5 21
67 1
49 6
102 34
17 18
148 121
60 10
103 9
86 53
113 13
42 3
129 49
88 34
68 1
24 35
2 4
70 73
12 5
85 35
84 8
105 8
117 79
145 116
54 33
150 70
84 6
81 84
41 21
133 38
63 11
150 148
71 47
125 34
81 9
140 94
24 27
34 44
81 85
7 28
113 7
44 42
35 20
42 20
13 17
151 127
53 38
125 10
79 34
89 29
41 7
121 9
142 61
78 71
141 88
33 18
38 41
143 101
71 17
31 14
85 5
84 30
64 20
42 4
67 2
26 7
7 21
100 87
103 43
40 3
36 32
129 39
151 102
133 8
124 48
40 18
41 5
64 8
82 48
45 6
100 85
101 49
126 48
5 11
7 42
80 35
104 82
91 31
31 30
124 39
97 4
130 13
134 79
88 79
35 28
40 19
40 42
101 85
133 10
90 87
99 38
83 52
117 85
54 11
136 85
84 47
109 2
67 5
7 38
139 132
131 3
79 26
46 32
98 71
101 81
34 14
71 45
79 35
82 85
57 9
4 20
124 40
40 21
89 85
151 106
56 1
6 5
42 21
53 8
30 33
10 43
115 6
124 38
130 26
121 3
130 10
49 27
10 33
141 80
132 79
125 44
128 54
39 5
136 126
146 132
127 48
121 28
2 44
71 38
53 24
124 11
49 25
124 34
7 36
29 44
45 23
141 71
31 41
131 40
96 13
94 81
131 18
3 6
103 44
56 35
87 26
31 37
67 4
79 54
54 21
23 3
37 1
22 28
121 18
101 84
121 54
151 66
31 3
55 4
82 88
24 19
81 48
34 23
26 45
2 31
148 96
106 86
48 7
95 53
79 2
127 33
30 17
82 29
25 19
35 36
121 13
148 111
44 7
80 39
127 54
145 75
48 35
92 11
127 4
10 8
82 10
18 5
55 1
63 5
141 30
44 26
9 2
22 9
82 9
86 9
25 3
85 7
105 3
94 79
91 86
44 37
107 37
122 8
67 14
147 51
6 23
50 1
96 5
87 31
124 9
0 4
90 31
146 79
52 47
22 17
46 48
125 49
121 25
78 81
96 6
0 3
99 10
47 14
126 79
127 25
46 6
114 13
78 9
13 20
88 10
24 45
136 86
28 7
116 81
98 2
96 29
46 7
121 49
29 19
136 106
30 42
55 18
129 81
83 81
47 4
49 31
46 19
124 4
102 29
9 29
121 4
111 89
20 19
78 49
132 38
40 27
72 4
31 47
54 44
130 48
51 19
59 9
21 3
47 27
146 90
111 81
85 33
36 47
152 24
10 6
98 81
124 28
42 5
7 13
115 5
89 79
22 8
32 17
92 5
140 70
147 96
88 32
122 11
32 5
90 24
45 5
71 31
7 29
110 1
136 102
93 3
71 3
7 32
94 9
82 30
53 9
45 19
84 7
145 66
145 73
39 37
121 8
29 32
54 32
136 73
136 23
103 54
148 59
127 52
37 7
104 49
44 40
81 3
31 1
55 3
128 31
132 8
46 40
34 5
41 40
54 1
45 27
112 13
23 17
43 48
48 45
22 5
124 32
102 41
47 8
38 6
137 95
148 119
30 20
129 84
141 136
30 32
48 47
22 20
148 136
22 29
135 24
5 14
7 47
141 132
54 45
89 53
88 85
136 84
96 32
34 8
91 43
1 14
122 5
146 82
36 21
105 6
139 104
52 48
31 45
96 36
36 42
29 13
43 18
64 4
106 88
147 138
132 24
52 10
70 74
130 46
71 41
125 84
128 86
20 14
42 13
104 86
36 27
56 42
84 24
52 33
33 8
55 11
66 10
94 2
8 1
151 87
10 23
60 3
46 2
140 117
121 30
145 134
120 2
114 8
71 53
140 95
21 13
148 112
31 20
56 33
46 42
59 13
116 84
9 25
39 11
86 71
6 42
88 49
24 7
145 22
95 81
116 24
113 6
53 3
39 26
9 41
39 24
22 48
80 46
39 30
111 88
146 127
145 131
123 7
17 3
44 36
111 9
101 46
88 4
116 88
23 8
0 7
67 11
3 8
117 82
52 42
148 66
112 9
146 103
54 4
25 20
136 132
71 5
92 8
29 14
39 27
135 65
27 11
127 8
22 30
45 17
99 41
127 49
125 36
124 1
69 14
137 139
2 6
124 20
36 18
140 51
133 4
87 2
43 29
24 14
144 57
120 3
35 23
87 52
59 3
5 13
65 11
53 47
131 33
126 35
41 34
50 37
45 8
94 80
81 44
144 121
29 8
78 80
102 80
117 81
78 54
127 79
14 27
88 29
146 39
84 49
88 38
80 31
38 24
16 11
128 53
86 41
48 30
81 10
44 35
90 10
129 54
120 10
99 43
49 7
1 19
150 140
79 44
48 5
103 31
24 8
116 39
110 5
11 19
134 31
116 86
56 5
106 29
59 2
107 23
112 2
35 11
54 3
141 102
53 18
129 4
117 84
79 45
139 53
139 126
59 6
101 53
54 35
110 2
72 14
4 6
7 44
145 74
121 45
71 1
80 44
125 52
94 83
143 139
37 8
34 25
72 5
13 19
134 87
103 84
104 71
35 32
49 37
29 7
91 90
149 136
78 43
54 47
2 24
29 35
14 20
139 81
41 2
42 1
49 46
53 45
88 43
6 40
11 21
46 37
60 7
111 84
27 42
47 5
37 20
80 52
7 6
50 36
115 7
126 39
30 40
53 36
137 94
53 33
82 84
44 30
104 81
69 20
44 18
33 19
43 32
33 1
125 79
71 27
82 38
50 32
131 20
67 3
48 42
41 47
139 93
25 18
102 52
84 38
134 41
127 35
37 18
132 29
87 84
63 1
101 24
36 11
32 21
21 14
1 27
28 18
2 3
101 43
24 25
29 18
23 21
139 76
27 14
28 13
22 2
22 47
89 87
44 33
141 106
98 46
106 81
81 82
83 31
38 33
145 111
61 2
148 92
56 45
50 5
49 8
124 2
148 131
85 49
100 10
102 82
39 28
43 47
113 10
53 34
130 11
11 20
145 52
79 31
48 37
39 45
30 23
4 28
94 53
9 52
151 90
126 4
98 86
99 85
60 8
3 28
70 75
52 31
64 3
1 42
145 72
9 43
52 44
47 13
124 10
31 10
48 8
79 46
27 1
0 11
10 34
64 5
13 27
34 19
28 21
148 117
73 2
103 39
9 53
94 84
141 85
119 9
53 41
145 62
114 5
87 44
125 39
130 29
32 40
98 10
146 89
27 19
38 18
110 10
