24 31
14 17
24 30
29 11
50 10
18 1
15 17
5 8
38 7
51 4
56 3
27 5
37 11
12 10
2 6
13 1
51 2
48 8
24 32
21 10
33 12
11 12
25 6
52 4
27 12
55 1
49 12
33 10
55 3
40 31
3 6
54 1
49 8
52 2
11 7
31 7
30 11
25 8
42 3
22 11
5 6
1 8
19 2
34 11
39 12
3 11
22 12
56 8
35 8
47 4
59 14
35 10
11 10
53 2
38 11
39 8
54 2
40 21
40 25
60 8
8 17
33 11
40 22
32 11
29 8
9 10
55 2
12 11
15 16
4 6
14 15
29 10
42 1
28 11
23 2
31 5
24 29
54 3
40 33
50 11
10 6
23 1
17 15
21 5
40 39
12 8
8 16
51 3
37 8
40 37
59 6
19 1
13 4
58 1
24 27
45 1
10 8
21 7
28 10
24 3
24 39
55 4
26 12
26 6
47 3
46 2
10 12
24 35
53 3
22 7
20 1
24 2
53 4
34 12
28 12
22 5
5 7
41 4
46 4
41 3
24 33
40 34
36 12
10 7
4 7
1 6
26 11
21 11
36 5
24 34
39 6
28 5
26 8
49 11
6 16
45 4
7 16
40 4
4 8
41 1
13 2
57 4
40 28
16 17
40 3
9 12
24 28
40 32
2 8
6 17
60 6
18 2
32 7
9 6
32 5
30 5
37 10
38 6
8 6
46 1
43 4
24 4
24 1
36 7
50 5
57 8
30 10
17 16
21 8
44 16
40 35
48 11
3 12
29 7
16 15
21 6
32 10
9 11
50 8
57 1
38 10
24 21
39 7
18 3
48 5
27 6
36 10
52 1
43 2
22 8
2 7
29 5
49 5
40 38
31 11
24 9
28 6
38 8
34 7
32 6
0 1
53 1
45 2
24 36
30 6
13 3
20 2
34 5
31 10
26 7
57 3
8 15
33 7
20 4
25 7
24 25
42 4
44 17
40 30
35 7
40 1
7 15
31 12
40 2
26 10
47 2
50 12
12 7
43 1
3 7
28 7
37 6
20 3
34 6
30 7
21 12
19 4
29 6
11 8
29 12
9 8
57 2
47 1
24 26
58 2
10 11
1 7
40 29
35 5
37 7
24 22
56 4
33 8
40 27
23 3
48 12
32 12
32 8
27 10
44 15
36 11
30 8
31 8
42 2
27 8
38 5
49 10
11 6
59 8
14 16
31 6
41 2
19 3
39 11
26 5
18 4
22 10
39 10
3 10
40 26
37 12
35 11
0 3
3 8
58 4
54 4
37 5
40 36
24 38
59 44
28 8
34 8
38 12
43 3
56 2
7 17
33 6
45 3
58 3
40 9
22 6
0 4
51 1
35 12
34 10
0 2
36 8
24 37
52 3
27 7
46 3
56 1
36 6
27 11
23 4
48 10
30 12
33 5
9 7
35 6
6 15
12 6
