6 4
28 10
31 22
26 15
15 20
32 13
5 4
33 23
31 1
34 13
9 8
11 19
24 19
11 12
33 1
3 4
26 2
20 25
9 5
33 17
11 1
22 25
5 2
11 3
26 14
33 13
18 8
33 18
27 17
22 5
33 15
9 10
33 10
26 3
33 6
24 1
24 12
32 8
33 8
24 21
23 12
34 22
31 12
9 1
34 12
5 8
24 13
34 17
27 13
31 25
23 8
6 2
32 14
33 19
33 7
24 5
11 18
34 10
10 6
22 6
27 1
32 6
21 2
11 6
0 1
27 7
5 1
23 1
34 18
26 10
24 2
27 12
31 9
29 12
4 8
27 8
27 20
15 5
12 25
20 2
23 22
26 18
14 5
8 5
27 18
27 22
9 6
6 1
32 5
8 2
10 1
30 5
24 20
15 25
18 2
26 13
7 2
21 4
34 16
34 20
10 2
29 20
32 23
26 22
23 2
18 7
31 2
34 2
21 8
24 17
16 5
30 10
26 19
9 2
11 23
9 7
32 16
11 17
19 8
27 14
20 7
10 8
29 31
26 8
18 25
26 5
6 5
27 3
31 30
32 18
19 7
11 7
24 7
34 6
24 23
3 5
19 4
28 1
7 1
12 7
27 5
27 10
32 19
33 12
34 15
22 12
12 6
33 22
19 1
18 5
26 17
27 19
22 1
2 5
31 18
33 14
32 20
11 20
21 5
26 6
32 3
33 20
11 13
7 25
19 5
33 16
26 20
8 1
10 4
34 19
23 5
29 9
19 6
26 23
34 14
14 2
27 6
24 18
26 21
3 6
33 21
31 5
22 8
34 8
24 22
17 2
24 16
31 23
34 1
27 21
22 2
24 10
12 1
12 8
23 6
15 12
29 0
3 8
12 22
11 5
21 6
29 7
34 23
33 3
6 8
3 2
26 16
26 1
27 16
17 25
7 5
32 1
24 14
31 28
23 25
24 8
22 7
27 15
11 15
32 10
20 1
2 1
15 7
34 7
17 1
26 7
11 2
11 16
29 15
16 2
27 23
33 5
3 1
18 1
27 2
32 2
32 17
11 8
29 28
34 5
32 7
12 5
29 30
32 21
24 6
10 5
26 12
34 3
32 15
3 7
34 21
15 1
21 1
24 3
11 21
23 7
4 2
12 2
7 8
11 14
31 7
33 2
15 22
4 5
16 1
0 2
32 22
29 14
11 22
24 15
32 12
4 1
11 10
20 5
19 2
9 4
31 0
