20 16
24 11
12 11
16 5
15 4
21 22
3 5
14 4
20 8
14 10
17 5
17 16
0 1
15 3
17 4
4 1
6 11
24 7
23 4
18 13
19 7
18 4
23 1
23 3
23 9
6 9
6 8
15 9
20 1
19 0
24 12
18 11
18 8
18 9
24 4
19 4
8 1
21 1
20 12
24 10
6 10
21 11
24 9
4 5
17 3
18 2
6 1
15 11
23 11
14 2
20 0
14 9
2 1
15 10
17 1
20 5
23 12
15 1
12 1
7 1
24 1
14 11
15 12
6 7
20 21
14 12
6 13
5 1
24 3
18 10
21 9
14 1
13 1
10 1
16 4
18 3
23 13
20 17
15 7
20 4
24 8
6 2
19 20
15 8
24 13
23 2
23 10
5 4
14 3
21 16
23 8
3 1
3 4
14 13
20 7
11 9
6 12
15 13
23 7
12 9
15 2
24 2
16 1
18 1
20 22
18 12
6 3
6 4
14 7
14 8
18 7
