95 31
77 5
20 32
8 10
110 101
65 12
33 40
13 8
18 17
19 32
23 1
80 49
90 1
65 38
0 1
68 27
38 8
113 114
103 109
116 88
84 1
64 26
92 19
1 9
15 34
107 101
26 40
113 109
20 40
16 39
23 38
24 41
38 1
16 15
102 59
22 32
13 5
20 42
52 23
32 40
17 41
5 8
15 32
43 39
1 30
80 20
24 42
31 33
119 64
52 49
53 30
55 36
17 37
53 8
119 49
70 5
117 47
85 38
20 13
115 92
92 32
29 10
15 7
114 30
44 39
3 41
75 16
103 61
120 91
21 17
17 1
58 35
19 15
80 27
32 1
23 2
12 36
81 5
42 8
76 5
94 43
3 34
75 24
100 47
29 32
55 12
119 101
22 38
119 25
90 41
45 32
20 37
120 58
98 13
76 1
119 61
96 5
26 22
88 12
103 49
119 63
53 35
15 41
29 7
116 85
39 34
37 7
45 7
92 16
85 15
103 52
92 22
35 34
116 79
11 24
106 49
12 16
36 7
103 39
12 15
25 29
116 99
106 103
67 27
101 30
18 29
113 101
25 43
43 36
2 9
17 44
86 26
83 2
7 5
73 16
14 44
64 52
57 5
72 3
44 9
58 17
30 10
60 15
15 1
21 25
110 104
104 88
78 30
22 17
41 30
43 3
22 2
108 73
102 85
74 15
37 30
101 79
22 39
116 83
106 94
116 86
94 14
20 29
69 19
107 50
55 37
88 24
17 14
25 2
25 31
57 1
91 9
118 47
13 37
2 38
48 21
49 12
85 19
114 103
33 34
40 1
102 99
44 5
74 24
106 65
45 17
18 33
16 30
25 33
108 69
53 7
97 2
65 42
103 20
82 1
78 5
14 31
70 1
86 25
34 3
36 35
39 9
12 42
100 11
113 54
78 43
59 43
119 62
20 1
36 33
67 23
120 30
65 44
116 59
25 12
108 48
31 9
103 62
114 95
114 21
86 21
65 13
39 3
55 17
45 42
102 101
20 39
60 16
118 101
31 42
37 43
24 36
41 7
21 43
32 3
17 42
40 5
67 22
2 16
27 16
74 25
33 1
119 98
102 103
55 32
101 20
19 33
118 91
114 64
18 43
32 2
68 52
75 22
46 2
96 34
90 35
39 30
1 8
73 12
80 18
103 101
115 68
27 37
116 77
73 25
99 24
118 59
90 10
49 21
3 7
22 3
17 15
12 35
91 14
10 3
58 7
25 32
96 2
18 30
99 26
94 40
119 60
43 40
45 35
22 34
16 38
53 34
119 21
49 22
44 38
96 7
108 103
17 33
67 18
43 10
26 30
3 1
60 37
21 24
116 54
107 73
85 27
69 25
16 42
20 22
26 31
38 2
49 27
67 20
26 42
17 9
25 22
2 13
90 9
24 34
96 17
87 27
19 37
4 5
55 13
31 1
2 10
27 26
45 38
19 20
48 2
100 15
42 7
45 31
60 32
22 7
90 43
94 16
14 33
67 19
108 50
33 2
9 1
14 39
92 43
45 37
59 15
107 59
11 12
75 29
32 42
44 40
85 23
74 16
74 19
22 42
16 43
23 35
25 44
52 26
75 20
13 39
11 23
106 95
16 40
43 7
18 36
13 10
18 32
22 8
58 39
28 3
20 43
18 35
120 6
114 39
12 14
12 43
17 13
74 21
2 15
110 76
41 8
74 27
103 60
106 52
116 73
37 3
114 98
91 32
55 23
108 101
2 37
26 36
114 56
37 1
87 21
68 25
26 15
106 21
113 83
55 22
2 42
100 46
58 32
21 37
96 43
88 20
107 85
23 13
116 69
26 38
91 13
45 29
73 14
27 12
96 37
106 66
120 92
58 41
27 15
114 109
87 15
91 30
45 16
22 35
8 5
85 17
17 16
47 3
18 14
103 33
24 44
96 42
53 31
23 31
20 30
73 32
6 10
12 44
115 105
78 31
16 3
44 3
13 15
36 41
113 63
110 111
101 33
73 27
116 15
113 46
10 1
96 30
102 50
120 47
4 1
101 27
119 56
24 2
103 94
53 10
90 2
94 26
31 5
26 12
30 3
4 2
99 29
18 15
115 55
30 1
13 7
101 61
75 15
34 2
17 36
45 2
85 16
26 39
38 5
103 30
27 19
2 35
73 22
58 1
114 19
106 39
113 81
18 23
116 63
29 8
68 22
101 95
42 34
71 1
22 41
17 7
95 35
120 15
96 29
57 3
55 24
23 14
40 8
23 10
37 33
91 16
113 73
17 3
49 26
99 37
96 16
67 25
18 5
48 25
55 20
69 52
119 26
96 15
113 48
88 18
114 75
104 85
96 1
116 57
65 20
101 64
59 64
78 3
29 5
113 79
29 2
26 37
91 1
69 12
2 14
20 33
96 8
95 38
27 43
85 25
65 31
110 50
92 2
64 19
13 36
101 49
103 25
107 99
19 38
82 3
90 29
34 5
75 21
45 43
91 38
110 71
24 17
53 42
20 16
18 38
52 21
99 21
53 3
31 7
110 64
114 66
11 25
71 2
48 27
22 10
120 11
95 32
92 15
92 21
16 35
29 43
104 70
101 60
26 43
69 20
98 44
71 5
110 59
58 14
103 63
86 19
37 10
23 15
104 86
75 17
16 29
77 2
38 42
24 15
58 16
55 38
114 26
43 33
32 34
7 1
113 64
94 29
90 33
87 24
101 74
74 13
11 19
21 2
106 63
95 26
103 26
63 2
113 47
96 32
94 39
90 30
22 43
2 39
55 43
11 27
23 36
110 78
38 30
67 49
74 12
23 32
14 36
19 42
35 39
116 101
49 19
1 10
91 39
24 31
18 8
52 20
94 38
26 18
94 18
75 23
2 36
48 26
27 20
17 38
60 43
25 37
26 16
92 13
82 5
12 31
34 41
2 29
2 5
37 40
95 13
75 27
39 10
119 65
48 12
14 42
106 74
101 75
22 40
115 87
65 36
92 26
44 42
59 13
29 36
45 5
17 43
12 10
15 40
113 70
12 1
6 8
18 3
104 99
12 3
2 8
95 33
68 18
73 18
17 5
19 36
45 10
88 49
116 82
95 24
53 1
21 18
49 17
23 5
115 73
58 23
92 23
2 30
14 8
30 5
73 19
94 2
90 38
9 3
101 52
78 7
15 30
75 32
102 73
110 15
113 88
2 44
113 87
47 1
24 26
115 0
33 30
38 9
32 10
53 22
96 35
52 22
55 26
78 8
37 35
13 31
45 30
67 52
14 3
21 26
44 35
69 26
53 40
91 40
117 11
11 13
115 11
24 3
106 101
17 31
41 5
42 1
37 36
14 41
81 2
113 66
115 86
114 62
15 31
37 34
74 37
32 31
11 18
78 35
2 33
55 42
106 75
94 15
0 2
43 41
96 31
40 10
91 29
31 41
52 27
110 82
106 19
57 2
14 30
119 75
60 13
65 29
92 24
85 43
18 1
86 20
33 10
53 15
32 30
44 30
117 92
95 2
35 42
114 24
30 8
110 112
81 3
26 13
89 5
24 38
27 24
110 89
110 4
91 31
104 96
100 92
12 22
33 3
35 7
114 43
31 30
21 20
23 34
13 30
106 24
13 44
29 31
20 3
14 1
59 63
96 40
116 89
38 7
61 1
3 5
100 91
75 25
94 12
113 86
119 95
55 40
77 3
101 103
18 44
16 44
104 28
93 2
110 81
113 61
101 39
69 27
13 9
98 39
32 8
116 112
53 32
24 29
65 22
72 5
11 2
106 33
26 20
115 70
3 9
94 22
21 13
73 37
103 21
26 29
58 31
97 5
17 32
95 23
92 27
91 15
65 23
23 9
103 56
119 33
10 7
25 15
44 41
45 44
40 7
106 79
20 31
17 10
91 5
101 65
43 5
94 20
11 26
74 17
6 7
80 22
53 44
15 33
80 24
32 41
11 17
33 9
12 34
52 2
15 8
48 20
35 10
116 62
98 33
107 69
114 49
65 3
22 5
95 40
85 29
106 26
36 8
119 66
24 18
116 66
78 38
116 47
61 2
53 23
24 22
49 18
59 66
16 31
68 17
23 44
101 98
85 13
69 49
15 42
110 91
103 64
72 2
48 18
19 25
91 8
99 13
36 34
110 113
119 24
43 2
88 22
44 33
27 2
9 5
35 5
2 7
65 40
107 103
21 27
114 52
2 43
27 18
32 7
55 31
38 36
43 1
36 42
119 30
65 16
114 33
22 16
32 35
59 60
47 2
116 109
42 39
74 23
91 10
21 22
58 37
114 61
24 35
20 2
106 56
60 3
59 41
13 43
60 17
58 30
48 23
60 36
86 15
73 2
42 5
15 39
21 12
37 41
34 10
106 64
74 22
78 44
35 40
84 3
90 5
85 12
45 39
102 48
48 49
116 46
53 13
91 22
116 48
13 3
41 10
67 17
22 36
101 44
76 2
75 18
91 33
12 29
119 79
22 14
58 36
25 24
90 36
74 18
80 21
60 1
45 14
104 91
55 44
24 43
39 1
101 26
120 119
94 32
18 31
116 61
78 9
26 33
43 30
65 34
65 26
6 3
113 28
27 23
25 18
37 8
34 1
28 1
31 35
13 40
99 43
48 24
103 27
18 41
18 2
23 33
35 1
29 41
14 43
23 40
85 14
2 34
41 2
98 43
30 7
96 36
73 43
37 38
55 14
26 35
17 40
42 30
78 36
21 15
19 23
85 44
18 13
53 14
23 8
21 19
88 19
2 31
78 1
116 91
32 36
6 9
90 34
27 44
103 43
83 5
91 35
94 33
16 8
45 34
99 25
41 9
60 44
74 14
24 37
24 32
58 8
106 109
23 37
54 2
30 2
19 17
75 43
75 13
118 119
99 15
99 14
119 20
43 9
119 44
24 23
69 24
12 2
104 77
20 35
65 15
60 35
40 3
70 3
38 40
33 7
20 38
20 34
99 22
60 31
10 5
113 111
117 91
98 15
115 28
119 43
52 24
59 65
23 30
94 13
36 30
41 3
5 9
24 39
98 26
55 18
89 1
17 35
91 42
74 32
75 2
28 5
120 45
108 80
67 21
11 20
103 19
29 30
37 42
97 3
107 48
12 17
42 9
78 34
0 3
37 2
53 5
95 22
56 2
103 66
96 13
27 13
78 41
116 80
101 94
4 3
17 2
98 14
106 30
26 14
36 39
26 41
27 29
16 10
69 22
95 16
25 40
110 93
58 34
106 98
33 5
90 39
19 13
12 8
13 35
95 44
2 32
44 7
119 39
104 102
116 105
19 14
92 17
87 19
23 7
16 32
31 8
94 23
48 19
44 10
39 2
12 32
78 33
11 22
98 24
106 20
18 12
98 3
70 9
73 26
60 29
25 14
36 10
20 23
52 18
113 80
113 69
99 32
20 14
94 42
17 30
21 32
27 32
86 24
104 105
60 34
60 23
12 23
94 36
26 2
7 9
116 87
75 37
51 2
101 62
99 16
87 26
94 37
5 10
58 42
6 5
18 39
44 1
114 65
113 62
114 44
16 41
68 24
60 12
114 79
96 10
101 63
37 39
99 27
55 15
33 39
38 10
108 88
44 34
40 39
53 33
74 43
118 116
16 34
59 62
80 52
90 37
23 3
72 1
94 24
113 96
61 3
34 8
103 75
60 22
29 40
95 18
26 3
91 44
91 43
13 38
91 36
114 94
40 9
100 101
13 29
113 105
1 5
104 108
113 82
113 78
32 38
106 27
49 2
116 81
78 2
45 9
39 41
35 3
43 44
2 1
106 44
64 21
32 33
32 44
36 3
27 17
22 37
52 25
23 43
25 38
38 34
88 27
115 67
114 60
45 1
14 2
21 23
42 41
80 19
59 14
119 109
27 38
16 9
13 42
18 37
102 69
45 41
15 38
20 41
60 40
114 63
117 15
36 1
113 12
91 2
16 7
114 20
95 36
91 23
18 34
23 29
15 2
16 13
106 61
87 20
17 39
95 17
42 3
19 35
12 30
78 10
45 40
85 26
15 9
65 43
22 31
12 41
22 1
73 21
15 44
117 34
86 27
20 15
14 29
103 65
113 85
58 33
53 37
16 14
68 12
23 17
73 23
110 46
69 21
14 9
116 64
100 59
50 2
74 26
78 39
71 3
99 17
19 2
108 59
68 23
35 2
85 24
49 23
75 12
103 79
16 2
29 37
14 37
116 78
68 21
80 26
37 44
19 29
91 3
96 41
74 29
52 12
14 38
26 32
108 99
39 7
14 32
79 2
25 17
31 10
19 16
104 107
116 111
15 3
16 1
38 3
53 38
29 33
66 2
25 35
19 44
25 16
6 1
19 12
98 38
29 35
64 24
67 26
113 76
68 20
88 25
114 101
96 33
119 27
58 15
73 29
16 36
92 37
69 18
95 43
96 38
23 16
116 114
65 39
37 31
19 18
101 109
24 14
110 54
116 50
80 25
99 2
113 77
13 32
25 13
104 101
20 17
60 39
23 42
74 20
114 74
113 112
38 35
101 21
99 19
94 35
91 34
98 20
40 41
119 52
92 14
113 99
65 33
103 44
75 19
11 16
43 38
92 20
49 25
44 36
68 19
25 23
103 95
29 39
99 18
53 2
22 33
20 18
110 84
97 1
101 19
18 16
65 32
104 48
25 36
91 17
98 12
60 33
45 33
19 22
29 3
20 44
113 89
58 38
27 14
23 39
22 13
14 40
22 15
12 5
31 36
119 94
3 30
33 41
26 44
65 17
65 41
37 9
116 28
37 5
102 88
89 3
101 43
55 35
106 62
116 97
94 3
31 40
40 30
60 20
83 3
35 41
2 41
38 41
45 8
91 37
90 7
32 39
119 19
55 29
44 2
29 42
101 56
8 9
48 17
36 5
104 59
43 31
65 35
20 36
24 13
103 98
107 80
96 3
14 10
13 1
101 66
22 44
68 49
85 20
53 36
24 40
39 8
104 80
80 12
120 101
15 35
85 37
15 43
64 20
65 18
49 20
113 91
11 21
58 44
33 35
49 24
41 1
34 7
17 34
116 70
53 17
107 88
75 14
19 31
15 5
8 7
113 57
95 12
95 29
32 5
52 19
31 2
16 33
91 7
92 18
27 22
25 20
85 18
113 15
113 56
78 42
29 38
7 3
92 12
99 23
55 33
62 2
88 52
116 51
3 8
15 29
53 39
43 34
31 39
60 41
38 39
106 60
90 44
13 41
21 16
42 10
92 29
75 26
21 14
85 22
103 24
8 3
35 8
90 8
90 42
58 43
102 80
35 9
60 26
119 74
73 20
60 2
60 42
3 10
116 56
67 24
14 7
30 9
14 34
26 1
32 43
14 35
85 2
19 43
101 25
40 34
96 39
15 10
58 29
19 24
96 14
18 40
95 42
12 38
73 17
104 106
22 29
53 29
36 9
43 35
39 5
10 9
35 30
15 14
12 37
61 5
58 40
27 25
67 12
53 43
65 37
22 9
58 5
116 96
113 97
89 2
38 33
45 15
58 2
12 13
16 37
95 14
34 30
42 40
118 104
13 14
29 1
38 31
92 25
13 2
59 61
44 8
20 12
55 16
84 5
18 42
77 1
53 41
12 39
24 33
95 15
74 2
37 32
11 14
106 25
48 22
17 29
25 26
2 40
83 1
90 40
117 101
88 21
60 18
12 7
104 69
33 42
43 42
2 3
22 30
16 5
29 34
99 20
19 40
94 31
114 25
13 33
55 2
45 3
81 1
82 2
114 27
26 23
117 90
19 26
58 10
44 31
110 83
104 73
58 3
113 50
88 26
103 74
26 17
99 12
94 44
115 96
104 87
85 32
18 22
65 2
34 9
95 37
21 29
78 40
23 41
33 8
94 17
40 2
90 32
31 34
31 3
45 13
42 2
90 31
88 23
49 16
91 41
25 42
90 3
8 1
119 103
60 38
73 24
106 43
29 44
113 59
53 16
96 9
58 13
24 16
43 8
73 13
22 23
101 24
24 12
32 9
120 116
26 34
29 9
12 33
60 14
14 5
76 3
84 2
95 20
58 9
52 17
36 40
96 44
11 15
36 2
12 40
116 76
120 53
24 20
65 14
113 51
110 72
108 85
68 26
73 15
13 34
45 36
98 2
87 25
17 8
