38 13
28 19
26 23
16 3
13 2
1 3
37 4
36 24
26 3
37 21
38 16
9 17
9 14
34 14
28 16
5 7
28 1
36 31
37 6
37 1
12 7
11 3
26 17
3 2
9 5
29 13
28 0
21 3
1 4
28 7
9 12
36 6
0 2
28 3
37 8
36 12
38 3
3 1
38 8
25 10
36 3
24 7
36 23
38 20
38 19
9 21
26 7
26 20
38 6
9 16
28 22
23 2
28 10
23 4
25 17
5 4
12 27
26 15
22 7
28 23
7 6
9 0
35 24
35 36
9 2
26 2
0 3
38 18
28 15
26 5
25 21
38 17
28 8
9 3
37 18
9 7
37 5
9 1
26 21
37 23
24 6
3 4
4 3
21 4
38 7
24 1
37 10
25 19
36 16
25 13
23 3
21 14
27 14
26 11
36 4
9 19
25 4
9 22
38 22
37 14
25 20
6 2
28 14
37 7
27 4
37 20
37 12
38 11
25 14
38 23
36 32
0 4
25 1
11 14
35 31
30 0
21 7
5 3
9 11
26 19
31 1
25 11
25 0
26 14
37 2
13 1
7 3
26 12
8 3
28 18
26 13
13 4
27 2
13 3
21 2
37 15
11 4
26 10
26 6
28 17
32 1
27 5
25 22
25 6
9 18
38 5
27 7
0 1
25 15
25 12
7 1
25 5
26 0
25 8
25 3
9 4
36 7
38 1
29 0
5 6
37 16
27 16
27 6
38 0
9 23
9 6
24 4
12 3
25 23
12 1
38 21
37 13
30 13
37 17
27 1
31 4
38 14
26 22
4 2
26 8
34 3
37 22
9 8
28 12
23 7
37 11
26 18
26 1
28 21
28 13
25 2
33 6
9 15
25 7
8 4
24 3
38 12
38 10
37 19
28 11
9 10
37 3
28 5
9 13
28 6
16 4
37 0
38 2
22 3
25 16
38 15
38 4
26 16
28 20
36 27
36 33
32 4
28 2
9 20
25 18
26 4
27 3
28 4
21 6
