35 2
39 38
40 1
3 2
32 10
14 33
9 25
31 1
10 2
50 6
9 11
35 12
28 5
23 2
50 20
28 18
32 22
15 3
44 46
42 11
29 3
9 3
49 20
27 4
32 1
47 40
32 8
31 14
28 15
5 6
32 4
22 2
9 24
28 24
22 3
29 11
5 4
49 2
50 12
31 24
14 8
29 20
32 24
35 14
4 26
42 41
2 33
49 15
9 23
32 21
47 14
30 0
50 2
15 1
31 10
15 4
18 3
23 3
49 14
8 2
50 19
49 17
47 6
4 33
35 3
24 8
44 37
35 7
31 6
50 16
49 5
50 3
18 8
49 25
32 2
35 10
30 4
30 2
50 13
47 24
31 12
35 24
9 8
18 2
9 7
28 7
31 21
31 7
47 27
23 6
47 3
24 4
49 13
18 7
50 25
28 11
31 3
35 22
29 16
47 8
28 10
29 4
32 19
47 18
47 41
35 6
11 2
47 2
31 19
42 6
30 13
7 26
8 6
12 26
49 10
14 34
34 48
30 21
49 6
22 4
8 26
30 3
35 1
44 18
12 2
35 17
30 20
9 13
29 13
28 17
35 0
34 1
12 3
37 1
28 22
36 15
3 33
39 3
31 16
28 21
49 4
29 10
44 45
49 18
40 3
9 19
44 43
0 1
28 8
40 26
47 11
9 0
37 3
1 26
11 3
47 42
50 10
1 3
49 11
47 4
15 2
50 18
0 4
29 12
34 18
33 26
9 21
24 3
49 8
32 16
50 11
31 15
31 20
31 23
9 22
8 7
30 10
28 6
32 25
34 5
30 15
50 24
49 3
47 46
9 20
47 39
3 4
11 6
30 1
34 2
5 7
29 19
47 34
35 4
35 23
35 16
32 23
30 14
50 14
28 4
9 10
50 1
35 21
28 12
29 22
28 2
29 17
3 26
24 2
9 2
32 14
9 12
50 0
30 5
2 3
50 15
34 8
31 18
29 7
49 19
9 15
31 22
10 3
50 8
30 6
23 8
35 18
14 2
37 38
32 7
30 8
32 3
30 12
9 16
28 13
32 6
41 6
29 18
30 22
17 2
44 47
47 37
30 18
36 0
29 0
8 1
30 16
44 39
28 0
49 0
14 1
32 12
50 5
47 51
38 3
27 2
31 17
39 1
2 1
49 16
31 25
28 25
31 11
32 17
25 3
27 3
29 23
9 18
0 2
11 8
1 2
28 23
9 6
32 0
12 16
30 17
34 3
9 4
35 8
49 24
49 12
30 23
32 15
29 14
29 2
1 4
27 1
28 1
30 19
31 5
11 4
9 5
29 5
13 1
28 20
5 8
47 43
23 4
50 17
5 3
49 22
32 5
12 4
31 4
28 14
50 4
44 11
49 1
29 15
17 4
29 6
9 1
29 21
35 5
31 13
50 7
43 1
32 13
50 21
29 25
49 21
32 20
32 18
34 4
46 6
31 2
30 7
47 45
16 26
30 25
30 24
35 15
31 0
35 20
35 25
28 16
0 3
50 23
49 23
44 25
35 19
2 26
49 7
9 17
13 3
32 11
12 1
30 11
5 2
28 3
10 4
20 26
44 27
2 4
29 24
31 8
28 19
50 22
35 11
35 13
34 6
29 1
9 14
29 8
