55 38
39 3
13 10
102 85
32 34
113 64
7 1
13 37
94 29
90 33
87 24
74 15
74 13
103 75
11 19
21 2
94 44
119 64
17 9
69 20
106 98
88 12
63 2
113 47
52 23
22 42
116 86
113 62
26 2
90 30
10 9
114 75
2 39
55 43
11 27
23 36
43 42
12 35
38 30
67 49
74 12
23 32
100 15
120 45
14 36
114 64
19 42
116 62
35 39
20 29
49 19
103 62
1 10
91 39
65 20
95 3
116 15
18 8
52 20
113 79
30 3
119 98
103 21
106 44
113 56
75 23
2 36
48 26
6 10
17 38
43 33
60 43
77 5
101 62
85 17
92 13
82 5
12 31
25 15
34 41
2 29
98 15
2 5
25 29
37 40
113 66
106 75
75 27
26 18
94 42
39 10
17 1
48 12
27 23
14 42
87 27
74 19
22 43
32 1
65 36
118 119
24 38
114 62
22 5
59 13
29 36
45 5
17 43
12 22
27 14
25 33
15 40
26 24
44 9
16 39
43 38
12 1
24 33
106 20
6 8
18 3
60 32
12 3
96 16
2 8
58 16
68 18
116 76
116 47
73 18
17 5
19 36
45 10
88 49
103 101
29 2
53 1
21 18
106 95
49 17
41 9
96 30
108 69
23 5
36 33
58 23
118 59
25 13
104 106
2 30
14 8
30 5
73 19
113 57
26 25
90 38
9 3
48 21
78 7
92 17
98 25
15 30
75 32
92 29
42 34
25 32
16 43
65 42
91 22
80 49
116 81
106 74
92 2
2 44
90 1
92 19
43 44
104 85
41 8
47 1
37 33
103 95
31 9
33 30
114 61
104 96
38 9
94 2
98 38
32 10
107 101
43 7
27 15
99 24
100 47
53 10
73 27
52 22
55 27
78 8
24 44
37 35
13 31
44 38
45 30
67 52
14 3
101 94
21 26
94 22
118 116
74 21
42 8
69 26
100 11
53 40
96 41
117 92
86 26
11 13
73 12
24 14
113 101
96 43
29 7
17 31
119 39
104 88
119 95
37 36
14 41
81 2
33 40
20 1
17 42
101 95
15 31
23 34
37 34
27 20
74 37
26 23
32 31
11 18
78 35
2 33
55 42
24 27
97 1
15 7
106 63
113 46
0 2
55 23
21 17
115 67
95 12
40 10
44 33
101 33
99 15
31 41
52 27
3 7
4 5
57 2
14 30
119 101
60 13
65 29
118 91
85 43
18 1
86 20
96 39
101 21
33 10
42 7
53 15
32 30
106 79
100 92
53 7
25 17
18 29
16 29
96 8
35 42
45 42
25 18
97 5
30 8
101 19
81 3
40 1
37 43
110 93
27 30
55 35
113 48
14 31
80 26
100 101
60 16
23 16
15 3
48 25
30 7
101 52
52 21
74 25
59 41
19 24
94 18
21 13
44 42
102 103
94 20
19 31
91 37
87 26
43 3
11 22
52 26
65 41
116 51
21 32
31 40
91 40
35 40
113 12
17 35
45 40
22 31
12 30
2 16
27 37
37 5
94 32
88 23
21 16
114 20
58 33
20 35
31 33
22 9
22 32
114 24
26 19
65 35
44 40
52 49
3 10
73 15
59 43
116 66
96 42
23 13
13 35
18 2
91 34
37 7
12 8
27 42
114 44
119 20
32 42
36 35
12 29
49 22
113 91
69 19
67 25
107 88
99 23
116 57
101 79
75 2
20 33
26 22
78 9
110 84
90 42
75 14
83 5
101 60
20 23
21 22
16 13
88 25
68 22
83 1
44 39
22 13
110 59
96 31
95 38
44 7
24 15
42 3
116 83
116 70
35 5
91 38
92 26
106 61
95 15
116 99
75 17
2 37
20 36
11 12
36 39
106 26
35 2
74 20
60 14
18 36
69 22
26 17
103 19
119 74
37 9
3 1
117 90
41 10
64 25
75 13
48 23
119 43
20 18
16 33
39 8
91 10
118 101
96 32
67 22
104 102
25 3
98 39
14 9
99 43
101 65
16 14
14 38
17 30
78 31
116 97
47 2
37 31
40 2
101 27
33 39
29 37
60 33
34 5
14 10
36 7
61 1
55 25
49 25
19 40
22 8
25 20
58 40
29 30
44 1
23 44
58 1
26 32
23 42
21 23
18 37
2 38
11 17
32 9
17 3
20 43
101 64
12 23
60 22
48 17
107 99
16 34
6 7
91 16
90 34
12 14
45 41
53 41
14 5
116 28
92 20
29 43
24 40
55 12
69 27
2 34
18 35
23 30
92 23
26 29
104 101
96 7
101 24
23 8
114 98
104 70
92 12
25 31
65 23
35 3
113 85
60 15
44 2
17 37
13 39
110 64
58 3
30 1
12 7
65 38
91 1
116 48
73 16
88 52
119 63
55 14
95 16
23 31
58 31
74 24
22 1
17 32
110 72
10 1
21 12
13 2
53 17
115 28
113 114
91 7
113 83
29 3
80 52
38 40
113 86
99 22
113 59
116 64
0 3
116 101
71 1
75 12
110 50
24 16
11 20
21 14
12 39
91 5
116 88
49 26
40 30
90 35
96 2
39 34
12 43
40 34
110 15
37 8
12 33
113 88
101 43
114 49
98 20
103 94
13 33
69 21
11 16
4 3
25 12
18 23
116 80
120 92
85 19
94 27
27 16
62 2
55 2
6 9
22 44
110 71
58 10
96 15
59 61
55 33
110 76
107 48
12 5
20 38
95 39
34 3
13 34
49 27
60 44
94 23
14 7
31 1
44 5
119 79
119 60
34 8
57 3
22 3
59 64
44 31
72 3
84 3
114 95
106 33
16 7
90 8
67 24
13 7
20 42
103 52
113 109
23 37
110 4
21 20
115 87
38 2
46 2
103 98
37 1
69 52
12 36
116 56
41 30
91 36
119 109
22 36
106 43
15 35
102 69
80 18
39 2
65 16
14 2
114 65
103 61
29 33
53 16
16 5
91 9
103 25
104 28
70 9
27 35
73 43
11 23
90 43
19 20
16 36
19 22
33 34
87 15
78 41
38 33
33 2
29 1
104 73
43 34
19 33
2 35
49 2
12 13
113 81
77 3
19 27
17 39
114 30
25 41
85 18
74 22
66 2
107 59
32 39
22 7
26 38
58 15
27 31
95 17
103 79
65 14
101 103
25 38
120 91
13 29
11 2
31 36
45 7
61 5
94 37
31 8
15 1
27 22
65 44
33 41
33 35
67 17
120 58
39 5
65 40
80 27
25 27
23 1
58 42
16 2
98 44
95 14
119 94
1 30
27 18
114 66
36 40
75 19
85 16
60 31
71 3
94 31
119 103
34 10
104 91
5 10
120 116
71 5
3 8
119 62
65 34
16 15
74 43
74 23
42 9
75 24
80 20
36 5
101 66
116 87
65 22
90 9
91 8
45 39
116 109
74 17
76 1
53 32
13 38
22 10
113 61
13 14
60 12
92 25
19 29
108 85
110 81
53 23
18 14
115 70
86 19
13 9
99 25
113 63
0 1
88 21
38 7
58 30
103 30
59 63
116 89
3 30
87 19
17 8
55 29
75 25
107 85
89 5
119 44
14 39
31 30
1 9
12 34
45 9
103 43
115 105
106 27
14 40
110 78
30 9
106 66
44 3
12 41
94 13
59 62
5 9
103 44
11 14
23 40
3 5
45 15
44 34
42 40
17 33
76 2
74 16
77 1
116 77
45 32
20 3
96 5
55 13
96 37
22 16
17 34
52 25
78 42
75 20
91 30
114 21
65 32
87 20
36 8
27 12
115 11
17 44
74 26
117 101
38 36
106 64
102 48
43 39
73 25
58 36
94 38
15 10
19 44
42 2
110 112
84 1
119 19
113 54
96 38
96 40
78 33
119 65
58 29
106 94
32 5
73 22
114 103
60 29
16 9
42 5
2 15
114 25
89 1
99 12
80 12
13 8
106 103
85 25
7 5
116 79
22 29
94 15
49 21
65 43
86 27
32 33
99 19
40 3
25 2
68 21
99 18
45 3
53 33
114 63
36 42
15 34
24 29
94 36
18 34
15 38
19 14
101 61
22 30
11 26
90 41
23 7
116 59
24 17
99 14
103 27
113 77
45 29
29 10
73 2
64 19
91 29
82 1
71 2
119 75
18 12
53 38
65 3
78 3
58 43
14 34
78 38
60 40
39 41
27 29
26 12
90 44
14 43
95 42
113 70
49 24
54 2
106 109
43 2
103 63
119 56
96 3
106 62
95 22
24 25
19 16
29 9
25 35
32 7
20 41
1 5
11 25
86 24
49 20
39 9
68 27
68 49
73 13
88 27
58 41
82 2
8 5
53 5
18 39
120 53
78 40
87 25
98 14
10 3
14 29
110 91
45 44
106 19
2 14
94 25
99 27
33 9
98 13
91 23
58 8
59 66
99 17
13 44
77 2
44 30
19 25
120 30
106 101
60 2
103 56
99 29
96 1
35 1
65 17
53 37
114 74
120 15
22 33
45 33
116 73
21 27
20 37
27 38
96 44
78 10
44 36
103 65
104 99
104 86
60 1
102 59
104 105
20 14
96 10
92 21
110 111
67 20
34 1
74 29
69 12
106 30
22 34
116 46
37 3
60 27
26 43
119 33
102 50
115 86
36 34
72 2
60 42
15 32
15 43
60 35
58 17
108 50
31 10
119 27
58 35
73 24
88 20
40 39
24 36
26 15
14 44
36 30
9 5
20 15
116 61
103 24
68 19
27 1
57 1
42 10
94 35
90 39
38 1
12 17
96 13
7 3
110 82
113 51
101 74
85 44
36 9
98 2
53 22
80 22
113 15
96 36
25 39
116 78
95 25
19 32
83 2
85 29
2 32
16 37
2 41
17 14
116 112
19 13
27 32
17 7
90 5
37 38
16 44
113 80
40 8
17 10
103 26
114 26
13 40
8 10
48 19
43 10
43 40
3 41
80 21
12 10
38 35
72 1
101 56
12 16
114 56
43 5
25 22
81 5
20 22
67 18
113 76
91 17
70 5
48 20
23 10
119 25
92 24
95 36
68 52
20 12
27 3
13 42
94 12
13 36
45 34
3 9
94 33
110 89
44 41
89 2
45 2
75 18
115 73
95 31
90 3
78 30
68 25
30 10
81 1
92 15
58 38
38 3
85 38
16 32
86 21
16 31
14 37
23 33
101 20
34 7
92 14
12 15
74 27
29 42
75 43
110 101
33 7
24 18
120 11
26 13
98 27
19 35
85 32
103 66
95 23
92 18
113 99
118 104
73 32
85 37
86 15
117 11
64 27
60 17
95 43
91 43
59 65
39 1
85 15
41 7
106 52
78 43
38 10
28 5
55 20
12 2
48 49
41 3
60 3
53 42
25 44
15 5
53 29
104 80
26 14
85 26
2 42
7 9
102 80
101 30
119 24
6 3
103 39
55 32
24 43
40 5
17 16
36 2
101 39
15 29
22 37
78 1
108 48
64 21
95 35
35 10
113 50
58 39
44 35
114 43
21 15
27 2
53 31
90 29
103 64
20 39
20 44
24 23
80 24
43 30
108 103
45 31
100 59
88 18
114 27
29 38
42 39
20 17
23 29
23 35
32 35
92 32
91 32
48 24
67 12
14 33
19 18
11 21
31 3
116 96
15 2
116 91
29 31
113 111
45 35
95 40
23 9
101 25
15 39
104 48
32 43
33 3
114 60
120 6
90 31
20 13
33 8
90 2
73 21
16 30
17 40
119 52
55 16
27 39
35 30
53 36
85 12
52 24
30 2
114 39
22 23
114 109
74 2
2 1
58 7
78 36
18 44
113 105
65 15
92 37
92 27
97 3
48 22
34 9
119 26
15 9
15 42
26 37
2 7
38 5
113 89
16 35
37 44
18 30
74 18
53 2
16 10
42 30
106 60
40 7
91 13
27 13
2 10
38 39
45 13
88 26
11 24
18 41
36 41
99 26
24 32
65 27
103 109
116 50
24 35
102 101
86 25
22 14
114 52
114 101
96 14
108 88
55 36
113 96
36 1
73 37
53 3
17 41
85 27
12 38
38 34
108 99
95 33
101 63
113 87
53 14
18 13
59 60
18 31
29 34
116 63
4 2
75 29
55 18
119 66
55 17
37 41
25 40
25 16
117 47
19 15
110 113
87 21
22 38
43 35
68 24
60 18
100 46
94 16
78 5
32 40
80 19
13 41
64 52
22 40
31 7
117 91
35 34
20 16
116 69
107 103
94 43
2 43
80 25
20 34
55 15
95 27
95 18
44 8
104 69
26 44
16 42
85 20
103 74
78 34
19 37
24 22
60 23
37 2
102 99
101 49
22 2
48 27
113 82
2 31
27 33
92 43
16 40
107 80
43 36
19 17
25 42
38 41
8 1
23 3
97 2
91 31
76 3
13 1
58 14
22 15
100 91
60 20
9 1
55 22
60 34
67 21
69 25
21 25
13 43
116 114
17 13
84 5
53 43
27 17
103 60
24 42
2 40
91 44
115 55
35 41
29 39
13 32
25 36
40 9
49 16
18 22
96 29
25 23
49 23
42 1
28 1
35 8
18 5
65 18
96 17
74 14
17 15
78 39
12 42
65 31
96 9
90 36
96 35
12 37
52 12
53 8
24 37
2 13
23 14
115 92
83 3
85 2
4 1
48 2
45 1
18 43
44 10
104 59
21 24
10 5
101 109
119 21
110 104
29 8
75 37
67 26
67 23
106 49
84 2
41 1
73 14
106 25
18 15
19 23
115 0
19 38
91 41
34 30
26 20
98 3
70 3
8 3
25 37
52 18
85 24
55 40
31 2
13 15
61 2
45 37
85 13
16 1
91 2
19 12
78 44
65 2
45 17
12 44
52 2
25 14
26 16
117 34
61 3
18 40
59 14
67 19
43 8
53 34
101 75
73 29
15 33
24 13
45 8
113 69
106 65
37 42
89 3
88 22
28 3
60 39
51 2
76 5
85 23
60 41
24 20
75 15
13 5
25 34
117 15
120 101
104 87
101 98
27 36
82 3
21 29
36 10
98 43
67 27
102 88
2 3
73 20
106 24
65 37
85 22
58 32
104 108
32 38
41 5
58 34
113 73
45 43
8 7
104 77
95 44
108 80
120 47
12 40
36 3
32 2
52 19
18 16
60 38
35 7
95 29
29 44
59 15
58 9
65 33
68 17
58 13
73 26
91 15
110 83
114 94
41 2
17 36
47 3
40 41
38 8
96 34
102 73
27 40
18 33
45 14
99 20
1 8
27 34
93 2
33 42
92 16
26 27
8 9
90 40
16 38
116 85
60 36
21 37
85 14
95 13
23 43
94 14
24 2
88 24
88 19
15 8
3 34
57 5
53 13
108 73
107 73
37 32
31 42
21 43
103 33
113 97
91 35
33 1
115 68
20 2
32 41
69 18
21 19
34 2
29 32
106 56
91 42
22 35
19 2
107 50
92 22
18 42
2 9
13 3
49 12
99 16
79 2
32 3
65 39
114 79
22 41
106 39
29 40
29 35
37 39
91 33
120 119
53 39
50 2
37 30
31 35
31 5
53 44
24 12
68 23
35 9
58 37
90 32
11 15
45 38
53 35
19 43
73 23
39 30
90 37
99 37
18 32
45 36
72 5
101 44
16 8
23 17
90 10
114 33
116 54
31 34
23 39
55 31
14 32
6 1
31 39
95 37
75 16
20 31
99 32
69 24
58 44
16 41
12 32
20 40
116 111
68 12
22 39
113 28
43 1
73 17
6 5
22 17
27 44
99 2
70 1
119 49
116 82
65 13
55 37
75 21
95 20
52 17
48 18
108 101
91 14
16 3
58 2
114 19
23 41
113 78
53 30
119 61
91 3
23 2
43 31
75 22
38 42
39 7
99 13
68 20
13 30
27 41
110 54
45 16
98 12
64 20
98 33
33 5
15 44
58 5
43 41
119 30
75 26
113 112
24 31
32 8
49 18
108 59
27 43
14 1
17 29
10 7
25 43
106 21
116 105
103 49
43 9
96 33
56 2
94 17
23 15
38 31
23 38
69 49
17 2
37 10
94 40
78 2
42 41
101 26
5 8
15 41
95 2
15 14
90 7
107 69
20 30
18 17
118 47
74 32
110 46
103 20
68 26
32 36
20 32
18 38
65 12
14 35
55 44
99 21
115 96
32 44
104 107
95 32
60 37
29 5
29 41
