33 2
51 7
32 8
47 7
69 17
24 7
3 17
46 10
46 2
54 6
55 7
23 9
35 4
72 10
0 5
81 3
43 9
59 3
33 5
21 14
25 8
39 7
75 8
32 5
34 7
27 14
57 9
75 14
25 14
53 2
43 14
13 4
54 8
81 86
81 6
52 2
13 5
22 17
62 9
77 5
13 10
81 82
26 12
32 11
53 9
65 8
78 79
30 10
81 1
81 78
38 7
46 7
64 9
24 8
63 9
26 8
57 2
47 2
13 7
77 12
44 8
23 14
27 1
43 8
77 8
47 10
13 2
43 11
33 12
0 3
63 4
70 5
76 14
0 10
73 3
70 1
81 5
77 7
61 11
54 2
43 4
30 9
39 1
23 8
78 1
35 12
60 2
23 2
42 11
75 5
45 1
4 17
62 7
38 6
45 7
67 29
81 14
20 1
59 9
37 2
27 2
45 2
74 11
65 1
54 1
31 8
81 4
63 14
47 14
39 9
66 8
41 3
33 11
36 9
52 11
36 12
75 1
70 7
55 5
67 1
14 17
70 2
59 6
34 8
34 2
46 4
32 9
19 2
72 2
13 6
43 3
53 11
13 3
81 85
72 4
77 4
75 12
32 7
0 6
0 11
64 8
48 2
43 10
73 4
74 8
21 9
63 5
54 12
76 1
37 9
76 7
76 8
38 11
75 10
24 9
21 8
66 11
39 3
21 6
77 11
77 10
51 2
34 4
19 6
0 12
54 3
38 10
45 8
42 5
81 9
76 2
39 11
47 4
41 10
21 7
23 11
55 1
46 12
27 10
42 4
65 4
27 3
24 1
54 11
39 8
54 7
73 1
71 10
45 9
18 17
62 3
73 10
38 8
76 11
10 17
54 14
43 12
55 8
23 1
55 4
0 7
34 3
24 11
55 10
56 9
21 11
70 14
66 9
0 8
34 1
63 1
13 9
42 2
39 4
38 5
12 17
35 9
1 17
54 4
38 9
32 4
27 6
77 3
32 10
54 5
27 4
5 29
70 10
23 10
81 11
32 12
76 3
16 9
63 8
76 10
25 11
51 4
36 8
55 11
30 5
47 12
26 10
55 12
32 1
57 4
21 3
0 2
23 4
30 2
24 3
70 3
58 11
21 10
26 9
23 12
65 14
52 12
46 9
77 9
37 14
26 1
51 1
45 10
13 11
38 3
46 11
52 1
38 1
63 11
64 12
5 17
81 2
53 8
47 11
76 4
63 3
77 1
23 6
37 1
51 14
13 8
30 3
32 2
70 9
28 9
35 1
65 3
76 9
19 5
40 9
75 3
54 9
21 12
27 5
21 4
26 4
59 2
68 17
75 11
81 87
42 9
39 2
27 8
49 17
45 14
0 1
72 11
41 7
81 83
60 8
0 9
80 1
65 10
62 2
30 8
73 8
38 14
19 1
64 4
61 8
60 12
45 12
46 14
15 11
72 8
27 12
47 3
46 8
47 5
19 11
43 5
26 11
23 7
75 9
47 8
52 9
34 14
44 11
54 10
37 3
62 12
66 4
72 9
23 5
20 17
43 6
26 3
70 4
74 3
62 4
19 8
13 1
36 3
47 9
41 2
51 12
75 7
19 12
28 10
27 9
55 2
62 11
52 3
21 2
81 10
55 3
55 9
60 3
64 2
65 11
81 8
26 2
36 1
53 5
66 1
66 14
46 3
19 3
53 10
6 17
66 2
63 10
60 9
43 1
11 17
13 14
13 12
35 2
81 12
33 4
65 9
70 11
47 1
43 2
21 1
81 67
61 14
21 5
77 2
30 1
40 3
56 8
23 3
46 1
38 12
80 17
73 11
75 2
76 12
50 17
43 7
32 3
27 7
75 4
2 17
39 10
15 4
24 2
81 7
81 84
0 4
70 8
63 2
