17 19
62 14
53 35
59 33
30 21
16 1
27 21
81 0
1 3
34 15
32 34
30 22
70 22
68 26
79 41
11 9
35 17
29 22
20 11
16 7
67 29
79 49
21 17
79 57
53 34
73 22
11 6
13 12
15 4
67 23
26 36
70 64
77 15
7 3
48 24
75 70
67 31
88 48
23 1
29 31
21 15
36 34
79 69
29 23
35 29
62 27
80 51
41 27
87 33
25 4
10 3
35 23
14 6
23 11
68 70
67 64
57 32
11 3
80 40
30 12
22 1
41 30
19 7
32 23
82 45
58 10
53 33
26 24
32 22
64 36
18 4
23 21
36 21
29 27
21 20
79 55
14 20
79 56
70 41
82 80
88 2
16 12
35 36
82 72
26 31
64 22
52 30
34 4
58 1
19 6
34 12
82 54
1 5
50 21
34 24
2 3
63 30
28 23
71 49
64 31
45 36
46 4
34 17
17 15
70 40
74 38
38 42
71 73
36 16
15 12
79 59
57 29
67 35
21 6
67 51
30 16
26 30
6 9
51 30
59 36
9 8
86 82
70 62
73 33
62 33
19 1
29 24
82 37
21 18
80 61
48 29
79 13
67 32
82 43
73 63
48 31
44 29
37 10
34 16
11 1
18 6
6 3
61 21
32 24
46 8
48 21
1 8
29 30
22 14
20 5
27 15
62 20
13 20
44 32
87 30
13 16
34 19
44 31
33 22
27 1
73 35
24 22
27 24
1 4
51 34
81 46
53 29
50 22
79 42
13 18
2 7
31 18
75 67
51 16
21 4
79 39
23 14
67 39
24 11
15 1
39 1
21 7
82 55
36 29
35 33
47 24
13 15
51 24
82 49
70 29
57 34
49 27
47 33
22 4
27 18
28 27
79 58
87 63
21 1
70 30
80 30
26 14
17 20
74 45
52 33
79 38
35 14
67 34
5 1
3 4
19 11
19 3
75 57
44 36
1 12
55 10
22 12
61 15
79 40
82 56
87 52
59 27
35 30
51 27
79 15
20 10
13 19
57 36
4 8
45 31
12 5
70 14
73 40
44 34
49 33
67 50
51 32
77 79
16 11
52 27
2 4
26 32
87 22
31 34
32 17
34 1
80 33
61 23
30 18
25 6
31 22
13 10
61 20
30 15
45 27
54 10
23 7
68 69
12 9
23 22
3 8
49 34
16 4
63 27
36 14
71 59
47 22
14 19
70 27
22 17
73 51
68 67
45 24
31 17
17 5
34 21
51 21
75 49
13 6
62 23
87 51
73 28
70 23
86 67
33 34
82 66
82 53
28 14
46 1
22 7
30 11
70 28
80 50
14 1
34 5
80 67
51 22
67 33
14 5
73 14
65 48
87 36
26 28
49 24
13 17
16 6
43 1
26 34
70 76
87 40
34 11
18 3
31 14
59 32
80 63
29 20
59 31
38 41
85 15
77 38
29 32
82 76
36 23
87 42
15 10
7 8
52 34
27 17
5 4
49 16
64 32
47 17
25 10
0 1
36 20
67 40
80 76
6 4
57 33
24 20
11 5
41 29
6 10
12 10
39 4
35 32
30 33
73 29
48 22
20 3
57 35
18 12
49 30
45 34
33 12
80 31
48 33
3 9
87 39
63 29
62 18
31 20
27 34
19 5
14 12
6 1
28 24
35 28
52 36
43 4
73 31
46 10
79 83
68 49
24 15
12 6
2 12
24 19
45 29
61 30
24 12
81 49
62 22
57 30
31 19
50 17
57 23
23 10
33 24
82 39
61 34
45 23
77 69
33 19
47 31
15 5
48 30
18 15
64 14
47 32
50 23
80 27
63 36
52 35
53 28
10 6
10 7
18 5
13 11
35 24
11 10
7 1
18 9
70 61
79 66
20 18
27 23
49 17
77 37
32 14
34 7
87 28
22 20
17 18
21 19
31 23
73 34
35 22
62 15
53 31
80 14
80 70
73 50
64 27
12 4
31 16
85 67
26 35
87 31
77 71
80 64
1 11
64 33
70 35
79 26
61 33
20 12
30 20
7 6
16 5
13 1
12 7
62 34
79 84
65 56
80 22
16 15
82 84
75 26
35 31
64 23
73 62
47 27
1 6
32 30
17 4
48 36
41 33
62 16
19 9
20 6
79 54
32 31
70 42
5 6
82 67
82 60
15 6
14 16
50 14
80 28
57 28
67 41
82 15
49 22
30 14
36 17
24 7
73 52
17 16
60 1
41 36
71 53
82 40
62 30
87 67
21 10
23 17
26 17
10 4
48 16
71 67
1 7
64 16
87 14
77 78
61 17
82 26
62 1
44 21
19 12
17 10
77 60
21 5
44 14
35 21
73 27
15 9
70 67
21 14
19 15
24 21
77 67
86 71
67 52
23 12
12 3
29 34
27 14
82 13
75 45
44 28
47 29
25 9
12 11
77 56
17 11
71 75
45 32
10 8
30 34
61 27
22 6
38 11
51 17
12 8
74 49
82 38
44 23
27 19
25 1
15 11
5 9
13 21
53 32
51 23
87 41
19 18
61 14
49 32
80 41
48 27
48 23
52 31
60 10
70 34
24 18
24 16
2 9
14 7
47 21
22 19
12 1
56 1
81 59
23 18
67 14
27 16
31 30
38 15
80 52
80 62
87 35
28 34
71 55
82 83
16 3
87 76
79 76
67 28
49 31
37 4
81 47
67 63
32 33
32 16
56 10
70 52
53 30
34 18
68 57
61 16
33 14
27 33
87 64
36 22
73 39
61 18
20 1
20 19
50 27
73 61
87 23
57 31
14 10
62 21
33 23
13 14
73 64
74 70
88 15
20 7
51 31
67 61
88 25
82 59
85 25
53 27
18 10
31 24
31 33
24 5
49 20
55 1
48 34
65 66
45 28
79 60
15 3
27 22
44 30
51 14
63 35
23 20
47 36
38 39
67 36
47 14
44 22
4 6
10 9
26 33
28 31
45 33
70 36
64 34
32 19
24 1
18 11
60 4
28 30
86 87
30 23
82 57
79 72
87 62
29 21
70 51
81 53
5 8
51 33
70 50
79 43
33 15
79 37
36 33
63 23
14 15
77 66
51 20
64 29
70 31
25 8
26 27
57 27
87 27
16 19
71 74
74 67
71 68
23 15
61 22
2 6
2 10
62 17
63 28
24 10
44 35
71 46
80 23
53 36
63 33
52 29
44 24
67 70
24 17
73 36
47 23
52 28
7 9
80 32
80 39
50 32
74 69
17 6
14 18
2 8
79 45
73 67
14 4
34 23
88 87
32 20
5 3
22 5
24 4
50 31
79 67
67 30
50 16
22 21
11 7
13 4
34 14
29 14
63 32
19 8
48 14
33 16
33 20
23 19
36 31
44 33
63 22
33 21
59 29
71 45
49 14
44 17
28 36
2 5
16 18
81 44
80 35
1 9
35 34
27 20
11 4
27 12
36 32
49 23
13 5
20 15
21 12
28 32
28 29
61 19
23 5
80 36
73 76
75 69
87 32
24 14
62 19
21 16
82 41
63 34
22 18
20 4
64 30
26 23
45 35
50 30
13 7
18 8
17 1
50 20
29 17
27 11
73 70
38 16
88 14
11 8
46 6
81 48
87 70
65 15
25 3
67 76
29 16
73 23
33 18
43 10
31 27
50 24
36 24
15 7
39 10
5 7
87 29
30 19
74 26
77 58
38 40
86 38
23 24
22 11
19 10
59 34
31 21
65 67
50 33
30 1
28 21
75 38
79 53
67 22
87 34
54 1
41 28
34 20
62 24
88 82
70 32
28 22
73 41
70 39
23 16
73 30
71 26
82 58
22 10
77 54
80 42
1 10
14 17
45 30
63 31
61 24
46 3
18 7
48 32
7 10
36 30
67 27
68 38
36 27
28 17
34 22
44 27
2 11
33 17
70 33
49 21
47 30
59 15
35 27
57 24
71 57
47 34
37 1
82 46
7 4
17 7
80 34
15 8
30 27
53 15
59 30
22 16
68 45
17 12
65 38
19 4
48 17
77 41
26 22
30 17
74 57
30 24
16 10
63 14
22 15
33 1
85 48
2 1
67 42
26 29
26 21
70 63
71 38
73 42
14 11
82 42
13 22
50 34
18 1
32 27
80 29
79 46
23 4
52 32
67 62
28 33
73 32
6 8
4 3
46 9
21 11
16 20
29 33
87 61
5 10
71 72
79 80
4 9
88 67
32 21
33 11
58 4
87 50
