35 13
39 22
56 24
38 29
56 19
52 32
40 31
39 24
15 3
48 14
40 3
5 1
54 13
55 1
54 29
19 1
35 27
38 26
36 0
49 50
28 31
34 8
24 8
41 26
43 1
52 47
41 9
37 16
36 19
11 4
36 2
41 19
56 5
35 25
11 27
39 0
33 21
16 22
55 12
0 4
37 29
55 0
56 16
41 24
29 4
27 3
33 3
44 10
55 9
41 12
38 4
52 45
52 34
35 5
11 2
40 18
22 2
49 52
40 14
49 7
37 3
33 30
41 27
22 3
37 31
37 24
43 53
36 30
16 4
33 20
40 0
40 12
35 23
21 3
40 21
54 16
39 14
55 23
36 21
9 10
43 2
52 57
29 6
33 2
33 12
16 1
14 1
39 16
49 30
46 1
15 2
56 18
38 20
35 22
41 17
38 30
36 17
56 27
18 1
36 28
54 30
36 24
41 14
21 22
41 18
28 1
43 31
37 23
11 15
56 23
41 5
56 13
46 8
54 0
33 14
55 31
5 4
45 1
39 17
55 17
55 2
37 21
41 30
33 15
52 4
36 18
39 19
16 43
35 0
35 12
41 0
11 9
52 3
33 1
56 29
51 12
54 27
11 28
48 47
29 1
11 19
37 20
40 27
39 18
33 18
38 24
3 2
39 12
36 1
56 4
11 0
11 31
40 28
11 29
37 1
28 3
38 3
40 25
40 13
40 24
33 25
38 21
38 13
37 9
37 27
56 1
49 51
37 25
55 5
36 25
11 18
52 43
41 28
29 12
55 20
49 6
35 29
55 22
54 4
39 27
55 19
41 22
3 4
39 3
37 19
35 14
39 29
43 3
39 9
36 3
55 14
40 2
32 8
41 4
33 4
37 0
35 26
54 17
37 28
29 3
38 22
0 3
56 9
36 26
52 46
56 20
38 17
16 6
41 31
55 4
43 12
38 31
40 26
33 13
36 27
39 26
11 16
56 0
29 22
28 12
52 7
56 22
28 4
38 16
35 15
40 15
38 2
54 5
36 4
15 1
35 28
39 31
37 2
0 2
52 51
54 12
54 23
56 2
38 5
28 6
22 12
52 16
54 26
49 32
16 2
35 20
46 43
33 17
38 1
36 5
37 17
49 14
55 18
33 16
56 25
11 23
41 20
36 23
15 10
14 6
54 19
36 14
35 19
35 4
11 14
40 4
46 2
41 16
40 20
38 14
54 28
47 12
11 21
38 0
38 18
11 30
37 22
38 19
41 2
33 5
49 34
40 17
36 12
37 18
54 22
52 6
25 8
39 21
33 29
39 2
39 13
40 30
52 44
36 13
35 9
36 15
36 20
54 25
41 13
33 27
54 2
41 29
40 5
39 1
55 16
38 25
56 21
55 28
33 24
39 15
56 15
37 4
33 19
40 19
39 23
17 3
39 5
56 26
52 50
49 45
22 10
35 1
55 24
52 1
2 10
40 23
11 12
39 25
56 30
55 29
52 21
33 28
55 21
54 9
38 27
13 3
40 9
14 4
11 13
56 12
33 0
11 5
55 26
38 28
41 3
49 46
54 20
17 2
55 25
52 12
35 18
40 1
19 4
35 31
56 3
54 31
2 3
16 3
7 8
18 4
38 23
35 16
55 15
44 8
54 18
45 2
33 26
40 29
28 22
54 24
40 22
43 4
11 20
11 24
0 1
18 2
43 47
33 9
43 21
41 23
55 30
47 6
35 17
39 4
39 20
55 13
25 10
37 13
33 23
37 26
56 28
35 30
56 14
36 22
35 2
41 1
38 9
11 26
35 3
40 16
16 42
36 16
11 25
55 27
45 8
37 30
37 14
33 31
56 17
5 6
47 1
11 1
41 15
36 9
54 1
3 10
37 5
54 15
36 31
18 3
52 48
11 17
41 25
54 21
56 31
55 3
11 3
41 21
54 3
37 12
37 15
36 29
33 22
19 6
43 22
39 28
38 15
35 21
39 30
54 14
11 22
38 12
35 24
