34 20
34 23
29 14
37 16
50 19
30 16
52 19
7 20
7 12
46 19
10 2
14 35
53 25
50 48
7 2
46 47
33 17
34 14
11 2
31 26
7 9
50 15
33 14
54 15
29 25
37 23
46 1
38 8
7 14
29 24
31 17
37 18
53 23
7 26
34 0
53 13
7 11
53 2
30 27
50 44
34 15
36 11
26 1
22 6
27 1
46 48
52 2
39 40
37 26
52 13
37 25
34 8
29 18
30 8
30 26
37 14
37 8
31 10
54 22
54 21
40 3
14 1
52 9
33 9
34 17
25 1
50 1
43 6
46 11
7 19
31 11
54 19
50 49
15 1
53 24
33 13
30 21
36 51
33 16
50 36
27 2
31 27
33 20
25 2
54 23
30 18
31 24
25 15
12 1
34 21
50 28
53 16
31 22
36 0
33 15
7 24
33 24
54 26
34 2
54 0
30 19
52 26
47 6
46 42
14 2
52 24
52 25
37 10
52 12
52 11
34 13
50 14
7 0
53 22
12 2
46 50
53 19
43 40
7 16
34 19
34 11
33 22
22 40
30 22
54 17
42 41
30 0
53 21
50 43
53 10
11 1
36 2
53 18
10 1
50 39
54 16
37 27
33 18
31 12
29 20
30 23
33 25
45 12
33 23
53 9
34 16
50 11
52 15
15 2
54 24
37 9
34 25
31 21
52 20
17 1
34 18
53 27
29 0
52 0
34 26
37 15
31 19
7 15
30 9
37 21
44 1
33 11
0 2
37 13
54 2
29 21
54 25
34 22
31 18
29 9
52 16
54 20
32 2
29 11
3 4
34 27
28 6
34 24
33 10
53 20
7 10
30 15
5 6
31 0
31 2
29 12
33 27
54 13
30 24
31 16
7 13
34 10
33 26
37 19
43 41
46 5
52 17
52 8
36 44
54 27
30 10
29 23
37 20
46 49
0 1
36 1
29 19
30 25
29 15
7 17
7 18
53 8
50 12
30 11
53 17
37 2
52 14
33 12
42 40
33 21
30 17
46 39
30 2
37 24
54 14
42 6
54 11
33 2
39 36
33 0
52 21
47 41
37 22
52 27
29 27
30 14
7 8
49 6
32 1
54 12
53 12
29 10
39 41
54 8
34 12
53 15
30 13
19 2
31 14
29 22
50 2
39 6
53 26
50 42
37 0
53 0
52 22
29 2
30 20
29 8
29 17
52 10
46 28
38 16
7 25
36 10
50 47
50 45
31 13
14 36
33 8
45 44
46 12
31 20
26 2
34 9
52 23
7 23
31 15
29 16
7 21
17 2
7 27
29 26
37 11
41 3
37 17
52 18
31 23
31 8
37 12
53 11
7 22
54 18
33 19
29 13
53 14
50 27
31 25
30 12
54 10
31 9
54 9
