38 1
23 3
34 11
32 24
23 49
36 24
25 3
20 7
59 26
35 15
31 21
0 1
39 25
12 21
58 19
40 17
39 22
0 2
36 22
9 0
42 2
14 3
36 11
59 10
20 2
58 24
32 20
40 10
2 4
54 27
59 28
57 2
57 27
46 3
27 2
39 20
35 2
35 4
57 25
39 19
44 0
55 52
39 13
35 0
9 17
39 15
55 19
57 15
40 26
42 17
32 21
34 23
57 10
32 22
38 14
42 27
3 2
31 3
39 8
36 3
29 2
40 14
36 28
9 12
41 7
45 3
9 4
39 12
34 14
36 25
59 24
34 10
34 15
37 7
9 23
32 12
35 27
42 10
32 28
38 28
51 52
35 28
38 4
35 11
38 22
21 1
16 1
34 24
34 22
38 8
14 2
34 0
45 24
40 20
26 21
9 13
8 7
58 18
39 1
34 18
36 14
55 27
21 7
19 1
57 0
51 33
36 23
39 0
36 4
58 3
32 11
26 17
38 21
47 48
59 23
42 21
36 8
59 12
57 12
12 2
38 16
29 31
58 13
34 3
42 0
3 7
35 12
36 19
26 1
39 16
42 1
34 19
9 14
57 3
32 2
38 2
58 1
46 30
58 20
31 1
36 26
35 24
39 24
59 14
58 2
38 15
36 18
58 14
19 3
58 10
40 16
40 0
38 23
57 20
57 21
35 26
57 22
42 16
55 46
9 24
38 19
36 27
32 27
58 27
34 17
32 8
14 4
40 21
35 25
57 17
55 21
44 11
57 18
29 30
35 3
57 11
34 25
9 25
38 13
55 29
35 22
33 4
51 19
59 2
42 25
12 20
40 4
40 12
57 19
58 4
36 17
31 4
38 25
25 2
9 18
58 15
55 50
16 3
9 11
15 3
20 21
40 18
38 18
38 0
12 3
24 2
32 25
11 2
7 6
32 10
39 11
55 47
32 14
38 24
14 31
9 15
51 46
58 28
14 43
59 3
51 55
40 3
57 26
31 24
36 13
27 3
12 4
36 15
15 2
55 12
38 20
34 8
31 20
40 28
55 53
1 7
27 4
27 20
21 2
39 21
0 3
39 28
36 12
40 22
42 15
38 12
33 30
40 13
46 31
42 28
57 14
9 10
39 4
26 3
35 23
5 6
59 21
40 24
26 4
13 17
2 43
42 26
58 23
42 12
38 10
34 1
58 26
32 26
39 18
32 0
58 8
51 28
33 2
35 18
13 7
36 10
38 26
35 10
11 3
42 4
38 27
55 31
10 4
55 33
46 24
9 28
51 54
59 1
15 4
14 21
39 26
51 53
42 24
59 16
59 19
57 8
42 3
40 15
42 23
19 21
20 1
59 17
58 12
40 23
9 1
42 20
42 8
51 12
55 1
27 1
15 1
58 16
55 14
9 16
44 16
1 20
26 2
38 3
42 18
0 4
34 26
38 17
58 21
51 45
57 13
9 26
42 19
35 19
25 4
4 43
9 27
40 2
42 22
44 15
40 27
32 18
32 13
31 56
34 28
57 28
14 1
28 3
59 11
35 13
34 2
34 4
50 49
13 1
9 22
10 3
59 18
59 25
3 43
13 4
40 25
40 19
2 7
3 4
39 10
16 2
9 2
11 1
36 1
35 16
59 8
39 2
32 3
33 31
40 1
32 17
10 2
6 7
57 4
32 23
35 1
11 4
12 1
9 21
58 11
35 8
51 29
32 19
4 7
21 20
39 23
34 27
32 4
26 20
59 20
58 0
34 20
9 19
29 3
13 3
58 17
39 17
42 11
36 0
58 25
14 20
32 1
58 22
55 24
13 2
42 14
40 8
34 21
30 3
2 3
29 4
57 16
9 20
33 3
34 12
57 24
45 30
39 27
36 20
54 41
19 20
59 0
36 2
55 45
35 21
59 15
9 3
59 4
31 2
27 21
9 8
35 14
38 11
40 11
31 17
34 16
55 48
59 22
35 17
39 14
16 4
36 16
36 21
57 1
32 16
57 23
35 20
34 13
19 2
59 27
59 13
42 13
32 15
39 3
55 5
