42 13
45 15
83 6
60 20
90 36
0 11
57 14
97 5
45 13
89 36
89 31
59 38
60 10
60 29
69 19
59 41
37 40
100 18
43 40
89 20
79 1
72 6
7 10
57 5
81 7
28 19
71 3
72 13
1 42
83 33
72 41
109 19
92 18
26 6
100 16
90 18
34 40
94 14
7 43
72 17
97 42
96 1
60 9
38 8
83 13
0 12
90 78
94 38
87 39
95 3
44 6
3 54
59 12
80 6
72 10
104 22
86 18
44 19
95 2
59 7
58 9
3 7
1 4
94 43
86 1
16 34
30 49
45 36
26 20
94 30
85 17
57 10
82 29
69 8
82 10
80 8
57 23
81 78
69 21
91 9
88 21
60 8
82 39
84 43
69 15
14 19
58 34
61 10
39 50
6 48
80 34
90 3
107 15
95 38
96 6
57 12
84 7
95 30
24 13
28 43
84 32
74 17
92 41
42 43
108 17
83 32
10 19
73 1
18 51
37 19
7 29
3 34
99 9
95 6
5 42
77 78
85 16
27 9
24 18
98 33
87 30
40 54
73 30
18 29
29 52
67 20
107 8
37 43
59 9
92 78
40 4
88 22
6 33
87 32
67 2
0 17
84 15
86 5
80 33
88 30
77 7
92 12
61 19
60 42
3 41
41 42
80 14
20 46
29 50
44 31
65 22
67 5
77 40
61 14
37 46
28 40
67 22
18 52
0 7
108 1
73 4
90 17
86 38
1 43
77 33
6 19
95 16
80 12
81 29
41 48
100 39
71 32
69 11
81 32
72 33
104 5
89 2
77 23
87 38
34 19
92 3
55 19
86 35
61 1
69 16
99 15
61 5
0 8
90 43
98 11
99 23
18 37
24 14
61 6
87 41
20 4
7 34
72 38
28 12
28 8
7 48
40 43
71 42
45 37
92 32
57 2
82 14
83 1
107 22
68 7
97 9
73 41
25 5
92 15
71 1
1 52
20 19
61 35
20 37
57 40
16 51
39 43
86 7
72 4
55 54
106 11
42 10
58 37
90 11
81 8
82 9
77 16
16 50
0 1
16 33
91 18
37 13
96 37
89 12
58 2
58 30
98 43
44 42
71 33
97 30
97 21
86 43
7 8
73 7
59 40
109 23
109 11
73 34
89 1
85 7
20 49
82 5
54 19
85 2
96 2
31 36
26 7
72 14
104 17
72 9
94 34
84 16
45 40
20 40
97 33
92 2
98 15
65 19
87 34
1 19
58 43
107 1
0 2
29 47
67 12
81 16
84 10
95 7
39 51
98 3
29 49
60 17
25 6
26 15
84 8
69 6
73 43
81 23
57 8
107 11
85 37
53 48
63 17
42 47
66 11
96 21
8 54
72 43
45 30
85 14
27 19
28 34
59 36
60 7
28 37
1 50
96 15
72 12
75 7
16 8
77 2
58 31
94 2
17 48
20 41
65 15
94 18
83 17
108 16
44 9
109 22
95 32
39 48
6 52
91 15
97 43
83 5
41 33
31 19
92 39
93 31
25 16
71 8
82 43
21 36
34 13
17 54
9 54
97 8
33 54
82 36
3 49
100 40
91 29
11 19
109 5
88 20
87 18
96 8
30 19
24 19
3 53
73 9
61 11
90 29
28 15
84 42
48 54
98 2
91 41
88 32
60 3
37 7
80 39
68 31
60 15
66 15
65 20
77 12
82 42
3 48
58 42
96 11
57 20
71 43
42 53
41 40
91 33
34 53
99 39
108 11
86 40
91 20
81 31
86 34
106 38
28 17
12 54
55 4
60 19
83 12
43 29
79 11
38 48
57 15
91 3
83 40
92 19
107 12
71 21
84 31
82 33
84 40
100 42
73 29
87 21
101 19
14 54
3 19
82 22
86 42
45 42
81 33
77 39
87 78
1 13
28 2
3 10
98 1
86 32
44 12
29 4
100 41
59 35
91 19
94 12
65 3
100 29
16 42
80 7
24 6
25 20
20 34
35 8
42 7
84 12
86 8
81 39
30 34
58 41
28 21
80 36
29 13
82 40
81 41
24 8
0 10
0 18
95 37
104 8
67 21
87 3
36 8
68 18
68 9
7 52
73 16
1 55
43 53
34 51
43 42
89 6
100 20
106 2
76 48
93 22
99 7
29 46
16 49
45 16
88 13
5 19
80 38
43 51
42 40
92 10
69 12
104 12
68 10
5 54
82 1
96 34
81 15
84 1
24 10
96 17
43 34
84 38
98 7
100 31
58 21
58 23
69 20
59 39
83 29
70 17
66 17
81 6
72 31
66 9
3 50
16 40
37 53
29 32
59 20
81 34
106 10
83 19
45 6
68 14
68 21
29 48
97 2
72 16
45 43
39 4
18 4
79 22
79 4
6 4
86 22
89 11
73 39
91 2
106 23
92 17
80 19
98 12
1 8
67 1
87 2
98 14
24 5
65 1
83 18
94 11
85 18
60 39
67 6
34 55
45 10
41 55
73 35
69 31
7 54
37 50
42 52
85 42
45 7
44 16
106 31
1 49
3 8
89 29
100 43
27 4
92 33
93 5
69 2
100 34
57 31
1 32
106 6
82 6
24 16
72 8
88 38
44 18
93 18
91 7
83 38
67 19
58 33
66 23
22 54
79 20
85 6
39 36
30 43
45 29
85 34
59 14
89 40
30 8
45 20
77 5
0 13
86 37
104 15
85 29
39 34
69 10
58 7
73 13
28 41
6 54
58 18
100 7
98 34
92 35
89 14
106 14
102 52
1 10
20 50
80 30
86 29
81 22
43 4
97 11
86 12
5 34
93 39
90 34
92 29
6 50
99 3
109 15
93 35
96 29
81 3
66 1
90 40
89 18
104 19
35 54
45 33
89 22
15 8
66 20
51 19
10 54
109 8
106 22
73 42
95 40
82 12
109 14
0 20
39 46
86 21
3 51
88 14
95 34
66 8
27 18
86 6
85 21
58 1
43 7
84 78
26 11
73 2
18 10
89 38
95 18
106 33
68 8
30 42
67 11
68 2
108 37
36 48
44 32
83 34
44 7
48 19
69 18
94 41
107 19
27 14
25 13
83 31
61 17
80 13
107 21
85 3
44 41
29 42
100 19
81 11
97 12
71 35
6 29
7 42
27 13
68 40
99 38
107 20
6 49
88 31
34 49
84 21
94 7
98 31
91 21
45 1
81 36
43 49
83 23
20 53
0 21
41 29
95 1
65 21
71 5
20 10
45 9
23 48
93 40
90 39
39 10
90 5
98 17
39 47
95 20
69 22
4 40
96 7
41 4
88 11
90 21
87 36
72 22
91 6
84 35
28 23
59 5
65 11
20 42
58 35
57 11
38 52
93 15
73 8
86 16
88 33
59 23
86 3
42 4
68 11
79 17
98 20
71 20
94 10
14 10
30 10
85 20
105 54
97 19
60 2
61 2
81 20
26 12
106 13
58 5
72 37
59 22
45 14
85 13
106 18
97 39
57 1
90 22
73 12
92 20
94 9
95 9
58 11
80 40
94 8
88 7
85 12
53 40
6 37
56 17
108 5
6 32
61 16
44 21
59 30
98 16
71 15
100 23
81 9
87 19
108 15
34 36
106 9
100 8
29 8
26 10
84 5
41 52
97 29
84 6
65 18
81 40
89 34
58 14
39 8
81 12
93 37
85 40
88 39
26 16
86 17
106 21
16 32
91 23
96 12
76 54
88 18
80 9
80 31
91 42
18 19
92 14
72 42
59 1
28 29
26 1
73 36
100 21
1 36
89 33
73 21
81 21
27 8
86 15
45 39
83 8
96 20
91 34
45 8
36 19
90 14
71 4
95 31
106 3
94 37
25 17
25 14
85 30
71 19
67 10
18 48
91 5
106 32
45 19
91 40
27 22
94 17
106 7
6 41
97 10
94 16
18 43
59 10
82 8
84 33
88 34
89 41
100 35
3 29
1 48
97 34
99 43
102 48
3 40
87 17
67 38
34 4
88 40
108 41
25 18
61 18
57 21
3 42
27 15
57 19
34 33
96 31
92 1
87 9
6 55
29 40
24 22
109 9
72 21
87 35
44 15
66 16
108 19
29 33
93 23
68 12
67 23
1 34
91 13
85 23
29 43
87 6
83 21
34 29
98 37
25 12
92 5
43 46
98 40
27 7
95 8
107 37
27 21
6 10
18 32
74 7
60 30
100 6
80 42
86 14
28 39
96 32
18 8
73 31
16 52
20 7
77 41
94 5
96 19
43 32
85 36
69 5
58 8
62 54
41 34
9 19
82 78
20 33
77 15
83 3
81 19
30 29
77 42
59 6
3 46
95 10
85 19
82 38
98 29
96 33
87 20
89 5
92 37
27 10
79 2
60 18
60 32
61 23
97 1
108 23
93 30
98 35
57 30
37 4
18 42
104 2
77 22
57 3
24 2
77 34
99 35
85 32
16 37
96 3
82 16
21 48
72 2
95 17
83 39
92 7
72 35
85 15
28 9
96 30
88 29
57 32
102 53
26 21
3 13
45 31
66 14
86 78
81 38
17 19
30 54
99 29
88 10
72 39
94 39
96 41
80 43
83 35
89 42
73 38
94 1
83 37
45 2
97 32
87 16
90 10
81 37
59 3
89 8
91 17
81 18
39 49
58 15
71 13
28 20
87 31
104 14
91 36
92 6
24 7
25 4
13 54
88 8
93 19
24 9
26 22
60 21
89 30
67 31
85 5
100 5
18 50
91 16
0 9
77 19
57 9
0 3
28 16
89 21
96 16
39 55
98 21
99 2
60 12
67 15
3 47
59 18
5 29
65 16
84 22
71 7
30 7
84 37
90 23
106 17
58 32
45 41
85 39
20 48
17 29
45 38
85 78
69 9
29 34
73 3
80 2
58 10
80 20
45 32
17 34
34 8
109 10
97 15
86 33
59 43
68 38
73 18
82 13
93 43
60 36
3 52
20 29
91 39
29 10
39 32
3 37
5 36
28 35
71 23
91 35
37 55
84 13
97 16
9 48
73 32
96 35
82 30
37 52
65 2
35 48
69 3
0 15
98 39
87 12
24 12
17 43
57 43
60 40
24 1
0 14
82 3
93 17
30 48
83 2
108 2
79 15
81 13
89 16
44 34
66 21
89 39
95 43
104 10
88 78
6 53
24 3
44 14
41 10
107 14
4 48
88 35
28 31
77 21
58 22
96 10
106 39
87 42
1 51
51 8
89 7
97 6
73 37
44 39
37 47
90 12
34 43
67 3
91 31
88 3
69 40
57 39
57 42
65 5
100 33
35 52
103 48
71 16
83 36
44 37
77 32
0 5
88 23
59 19
90 41
102 54
59 8
86 39
68 20
27 3
99 10
106 12
72 1
18 46
100 38
97 17
99 1
58 3
71 30
80 15
87 1
39 7
16 4
91 32
95 42
88 2
83 42
12 19
44 2
99 33
101 29
98 32
80 1
84 2
101 54
90 8
87 33
92 36
1 40
85 9
43 36
45 18
44 30
93 12
31 54
91 78
90 30
86 9
42 19
3 4
72 29
82 21
34 10
91 10
26 3
51 48
69 7
69 30
107 18
77 3
90 19
92 16
80 11
95 39
100 15
16 47
99 34
73 14
77 43
87 37
93 11
77 11
97 14
27 12
41 32
6 8
42 51
39 53
57 33
45 12
27 17
90 35
3 32
57 35
96 38
89 13
42 50
79 6
107 3
76 7
84 19
98 22
59 11
16 13
95 5
25 21
89 35
90 6
20 32
80 21
3 43
57 36
44 22
103 54
39 54
45 34
101 48
37 42
57 41
71 14
73 17
81 17
39 42
60 11
83 16
66 18
27 11
108 20
73 15
71 38
80 29
55 48
71 22
61 15
57 37
86 20
94 31
100 32
99 16
99 5
59 29
20 43
100 10
20 52
65 12
84 17
43 8
90 1
34 46
24 11
27 2
93 7
77 6
84 39
100 37
14 48
0 19
79 23
20 13
27 16
66 6
57 6
41 47
94 23
92 9
77 38
90 9
65 23
59 21
28 42
58 16
94 42
1 29
41 13
94 35
100 11
82 34
4 54
44 17
21 54
13 40
31 48
98 18
67 7
1 47
60 23
59 31
97 40
93 33
59 42
88 1
45 3
85 43
101 34
44 43
87 15
91 37
16 55
34 7
60 22
82 31
25 3
82 15
106 16
28 30
99 8
93 29
82 20
68 4
94 32
81 43
80 78
28 22
0 4
16 43
58 17
104 23
81 35
106 19
92 34
28 18
39 29
73 22
71 17
84 9
26 23
18 7
83 30
49 40
73 19
89 78
58 39
41 19
69 4
37 49
81 30
57 18
43 50
60 38
37 8
72 34
72 3
65 17
73 20
97 23
42 54
2 54
45 5
92 23
98 38
92 31
95 22
59 32
45 11
99 31
68 1
80 5
42 34
36 40
58 40
3 33
29 53
93 21
59 2
73 6
39 13
72 15
104 9
26 17
15 54
89 9
72 19
79 16
0 22
6 7
42 32
83 78
18 55
28 3
77 9
16 10
83 22
77 8
12 48
82 11
37 33
94 20
61 9
43 33
94 33
67 17
16 7
71 31
10 8
39 19
67 4
96 9
90 33
100 12
2 19
83 11
59 33
26 4
41 50
38 54
95 35
79 14
107 9
37 48
1 46
87 5
94 15
27 23
61 3
26 14
77 20
81 14
44 29
30 52
83 10
65 14
107 10
71 37
106 5
80 41
93 41
24 21
93 32
92 42
25 15
86 10
13 36
4 7
61 22
86 2
40 29
96 39
44 20
66 22
57 7
60 5
71 34
58 38
41 49
6 47
95 21
89 17
84 30
95 15
88 9
82 37
18 49
99 40
30 36
27 6
15 48
1 41
100 14
67 14
24 17
100 9
101 43
95 23
98 19
61 30
60 14
85 35
79 3
107 41
108 12
107 5
93 2
81 2
24 4
25 10
107 16
16 46
58 20
41 53
104 11
69 1
98 8
32 54
99 30
18 13
82 41
11 8
43 48
59 34
28 38
108 18
79 10
29 51
84 34
65 8
34 42
98 5
77 36
43 54
36 54
42 46
7 19
42 55
28 36
85 31
91 38
1 33
80 23
92 22
21 19
80 10
77 1
37 54
99 17
45 23
94 40
98 23
71 29
77 17
28 11
20 55
85 8
84 11
100 2
45 22
27 5
35 19
87 43
17 42
88 19
43 47
86 23
44 11
26 8
16 41
88 12
40 42
25 22
68 23
57 38
87 11
79 9
80 17
64 54
6 51
99 20
72 18
16 48
77 29
3 36
99 41
26 9
108 22
95 33
66 5
84 41
97 41
91 30
18 54
71 36
109 21
7 53
106 35
85 41
92 11
107 2
40 36
17 8
42 29
108 3
91 11
87 22
99 18
84 14
0 16
35 53
57 17
42 48
95 12
59 16
93 1
93 8
42 33
60 31
71 39
71 12
100 1
75 17
25 2
108 10
80 3
82 18
82 23
80 35
84 18
29 36
95 19
87 14
93 10
89 19
10 48
16 36
68 5
85 10
29 54
67 18
93 34
25 1
100 22
83 9
82 32
28 13
58 36
99 12
89 3
71 41
6 46
93 6
92 13
99 21
44 5
84 23
69 38
38 53
88 37
26 13
59 15
3 55
28 32
83 20
100 3
98 9
0 23
41 7
18 53
73 23
102 8
77 31
19 54
25 23
60 37
83 43
44 3
44 33
20 36
72 5
24 20
58 12
27 1
81 42
43 19
90 7
6 43
5 48
66 10
96 22
7 36
28 10
58 6
25 8
80 18
97 31
85 11
99 14
71 18
97 22
45 17
108 8
97 38
96 23
37 34
37 10
44 23
88 41
106 20
88 43
29 19
61 8
68 22
37 51
11 54
60 41
22 48
72 30
94 29
43 55
73 5
93 42
16 53
42 49
86 30
92 43
99 22
107 23
72 20
61 20
82 7
68 30
82 2
68 3
28 14
67 8
60 1
98 42
86 31
108 21
1 37
107 17
34 54
28 1
6 13
87 10
69 23
88 42
85 33
39 33
97 20
88 15
72 7
66 3
98 6
95 29
91 22
84 29
71 10
41 8
83 41
28 5
51 40
41 54
92 40
71 11
106 15
60 34
25 19
28 33
20 51
67 9
68 19
30 53
93 16
77 14
82 17
89 10
17 40
72 23
87 40
53 19
109 12
87 8
29 55
69 14
96 40
20 47
87 13
71 2
93 20
101 42
44 36
85 38
87 7
107 6
95 14
26 18
108 9
88 16
45 21
86 13
6 42
91 14
71 6
28 6
34 50
92 30
82 19
92 38
34 32
5 43
89 23
90 32
79 21
41 36
67 16
6 36
18 36
44 10
89 37
83 14
57 29
16 54
83 7
45 35
65 10
60 33
17 36
80 22
96 42
90 38
81 1
1 7
72 32
1 53
59 37
94 6
97 18
69 17
44 35
34 48
91 12
93 9
44 1
86 19
41 43
58 29
99 6
86 11
44 13
90 20
81 5
90 15
100 17
60 35
86 36
83 15
72 11
61 12
20 8
95 11
65 6
73 33
68 17
68 6
57 16
98 30
27 20
1 54
59 17
66 12
26 19
87 29
90 16
18 47
96 18
37 32
51 54
79 5
60 43
6 34
44 38
90 2
90 42
89 43
39 40
67 30
96 43
66 2
88 17
42 36
60 6
89 32
18 33
73 10
80 16
42 8
58 19
82 35
109 17
43 10
100 30
94 3
37 29
77 35
92 8
96 14
97 37
94 22
67 40
29 7
92 21
88 36
99 11
16 29
65 9
79 18
80 37
108 6
2 48
77 10
106 8
57 22
26 2
24 15
77 37
86 41
99 19
44 40
68 15
97 35
88 5
43 13
20 54
73 11
87 23
90 13
93 38
79 19
91 1
91 8
91 43
26 5
98 10
16 19
99 37
25 9
99 32
79 12
90 37
41 46
23 54
18 41
97 3
81 10
43 52
61 21
95 41
68 16
98 41
94 21
89 15
60 16
77 18
34 47
25 7
85 22
106 30
72 36
41 51
84 20
37 36
34 52
104 21
108 14
109 2
79 8
97 7
4 19
94 19
84 3
44 8
24 23
93 14
99 42
57 34
25 11
6 40
28 7
18 40
90 31
39 52
84 36
106 1
71 9
0 6
93 3
66 19
96 5
40 34
85 1
80 32
88 6
18 34
