30 5
24 19
28 10
11 3
7 3
34 35
31 1
4 5
18 1
19 1
24 21
10 1
12 3
32 10
16 23
29 5
24 7
28 12
15 5
8 4
20 4
13 10
32 12
24 17
16 8
16 11
4 1
15 2
6 1
33 12
19 3
17 2
23 5
0 3
32 11
24 18
10 3
13 12
13 11
18 3
0 4
22 4
10 5
27 12
16 14
14 5
14 3
17 6
34 1
14 6
7 2
23 2
31 2
6 5
2 4
19 2
22 5
0 1
29 2
14 1
18 6
14 2
12 5
16 15
25 11
2 1
24 11
16 7
0 5
8 3
31 6
15 3
17 4
24 14
7 1
24 20
23 4
16 12
14 4
16 22
15 4
7 4
31 4
22 6
20 1
36 3
31 5
18 4
16 18
26 12
15 1
28 11
25 12
33 10
26 11
25 10
30 4
20 2
24 23
24 12
29 4
4 2
16 10
19 5
34 0
24 22
17 1
36 5
16 20
30 2
24 10
31 3
8 5
16 19
5 3
22 3
22 2
9 11
11 2
27 11
24 8
19 6
26 10
18 2
0 2
22 1
16 17
27 10
9 10
23 1
2 5
6 3
2 3
16 21
20 6
23 3
11 1
34 5
20 3
7 5
24 15
17 3
8 1
33 11
29 6
19 4
17 5
11 4
18 5
11 5
15 6
20 5
36 1
30 6
4 3
9 12
8 2
12 1
5 1
