14 1
16 19
8 5
23 1
26 17
20 8
20 14
26 18
20 18
25 0
26 10
25 5
24 25
26 5
9 1
25 10
9 6
3 4
26 9
24 6
26 11
7 6
20 22
25 17
19 1
3 6
18 6
16 15
8 0
12 0
24 7
20 17
9 14
26 7
3 5
20 9
9 19
24 13
0 1
18 4
21 6
20 5
9 4
7 9
7 11
23 22
26 15
25 9
20 6
7 17
20 3
24 3
5 2
7 14
7 16
12 10
23 13
24 10
13 1
20 21
7 12
24 14
13 2
18 5
24 9
25 11
23 9
21 5
12 6
25 12
23 2
23 6
20 13
5 1
12 5
24 16
8 6
17 5
21 14
26 25
23 19
7 15
10 4
26 13
14 2
24 8
24 26
7 8
17 19
26 16
26 0
0 2
17 6
25 15
12 4
19 2
16 10
23 5
24 12
26 21
8 14
24 5
16 4
12 14
6 0
12 1
17 4
21 4
17 0
20 10
7 10
9 5
16 11
26 22
23 21
17 14
23 8
16 5
7 5
24 18
26 3
26 14
20 23
7 13
8 19
26 6
24 23
23 17
16 14
9 0
9 2
23 14
24 22
26 12
12 2
24 21
24 17
26 8
