107 85
74 7
43 50
79 12
18 30
6 8
65 1
63 24
20 35
92 24
92 64
105 98
49 5
50 3
101 21
104 73
99 24
103 95
9 1
106 90
78 50
106 17
17 28
85 34
32 29
21 23
66 20
49 33
107 110
86 28
105 47
21 18
104 65
61 1
33 1
86 7
22 28
115 78
18 32
79 29
52 35
23 13
33 29
23 19
10 4
9 8
91 79
54 21
111 66
30 9
44 5
49 28
25 24
28 4
77 12
44 50
75 20
112 78
80 22
24 28
74 3
30 2
92 45
106 21
5 1
23 32
31 33
32 2
93 97
70 13
12 2
80 21
69 3
93 63
114 20
111 81
115 61
92 51
61 34
111 41
92 68
69 4
99 47
114 23
36 3
32 3
105 60
92 23
28 30
105 95
64 17
107 81
50 1
7 3
45 12
111 27
42 52
89 33
104 69
111 11
90 15
46 12
105 68
111 87
3 2
78 33
24 33
99 59
57 4
87 7
63 15
106 22
16 34
80 17
35 7
19 18
86 33
106 99
91 78
63 20
99 40
114 17
24 19
52 3
5 7
80 19
103 63
101 51
8 4
101 88
66 24
55 23
104 79
62 20
28 5
114 64
14 23
22 52
2 7
42 30
16 5
56 5
23 24
48 22
48 24
13 4
60 1
31 7
8 7
29 3
23 17
93 25
33 2
100 87
61 3
0 5
20 50
72 19
61 29
105 94
111 86
101 22
11 12
61 33
52 29
79 32
37 2
105 79
107 57
101 89
44 13
3 9
91 69
49 35
1 8
19 16
101 48
35 3
23 15
8 2
61 5
107 86
33 30
58 12
90 50
102 72
106 88
29 1
66 19
4 3
0 2
107 60
25 17
18 28
111 26
105 72
82 12
81 23
86 18
88 12
54 17
52 32
92 20
111 58
104 83
31 5
2 1
33 5
43 17
28 2
85 4
93 94
55 16
13 33
18 52
18 35
49 16
103 99
100 92
34 33
20 18
85 50
92 42
99 15
52 28
13 3
59 13
20 22
101 46
73 13
81 24
105 39
99 23
26 13
90 24
20 13
44 35
112 55
101 20
6 9
64 19
21 24
52 50
85 9
23 34
4 1
11 13
52 2
104 48
51 13
103 97
33 4
100 103
92 46
75 24
35 30
67 17
73 12
62 17
106 48
101 19
14 16
41 51
102 97
44 29
19 30
115 55
17 34
69 13
106 51
5 4
16 2
85 1
32 33
41 49
78 22
102 95
114 19
17 13
87 30
65 13
32 4
92 48
105 87
111 63
53 3
56 2
4 29
92 17
36 7
54 12
34 35
13 5
115 114
101 49
92 22
103 92
105 71
24 3
29 4
106 20
43 28
111 106
35 1
44 52
106 19
106 89
34 2
44 32
89 17
72 15
106 23
107 54
15 24
100 101
17 16
56 34
43 18
48 12
79 33
103 14
72 23
15 13
45 13
99 45
100 38
106 46
28 7
46 13
13 34
66 16
18 29
64 24
74 1
90 20
44 34
87 4
102 96
99 44
44 28
48 19
31 8
111 0
55 19
68 13
44 16
86 29
100 14
44 30
0 4
23 52
19 34
50 5
111 60
20 19
42 34
102 25
102 63
50 4
102 99
29 8
17 50
25 21
63 52
105 46
31 2
105 14
79 18
52 33
104 11
15 52
114 59
16 18
63 16
37 1
86 12
87 29
104 82
114 99
31 28
50 8
85 3
105 66
0 3
62 19
17 52
54 20
62 23
12 18
106 42
30 4
78 20
102 98
63 18
38 22
81 22
21 19
12 34
111 51
3 7
49 52
42 29
115 92
13 12
16 4
22 30
106 68
99 68
21 20
99 43
32 28
61 28
43 30
66 17
101 90
104 92
105 11
18 2
106 40
111 53
50 32
17 30
3 1
111 45
16 12
104 97
7 2
85 12
32 35
115 111
24 12
111 92
28 1
73 3
5 3
16 33
20 12
35 2
64 16
61 4
57 3
13 35
18 7
104 105
115 10
5 2
100 53
83 13
92 59
31 34
99 90
6 1
63 23
111 69
35 9
73 2
99 92
66 15
113 79
16 9
80 12
85 18
53 4
24 34
106 43
79 9
19 32
106 64
42 28
51 12
19 4
24 18
47 12
43 12
56 4
90 17
107 87
40 13
6 7
100 75
27 12
13 29
101 59
14 21
36 8
42 3
102 14
100 86
88 34
106 58
87 5
61 9
100 25
71 12
42 4
21 15
5 8
9 2
112 36
74 4
115 74
105 25
12 33
104 78
102 66
64 12
16 35
80 24
86 35
115 79
50 28
10 3
24 32
103 41
111 47
89 4
19 29
86 9
91 55
62 12
44 18
111 14
99 88
8 1
52 7
21 13
111 76
85 35
14 22
111 79
10 8
22 12
93 41
73 4
50 2
86 5
114 43
62 18
105 45
111 71
28 9
89 22
4 5
38 23
10 1
42 18
107 56
79 28
50 9
92 49
10 9
105 38
41 33
103 66
54 16
100 0
92 40
102 94
66 32
114 21
22 24
30 8
86 3
22 29
111 25
72 21
93 14
101 45
29 9
114 42
62 16
93 95
16 52
89 13
114 48
67 22
66 18
36 4
114 15
7 1
34 9
92 44
49 50
88 13
60 4
115 36
75 23
105 27
103 96
88 50
113 41
100 41
75 19
113 111
52 9
60 3
103 25
64 18
17 18
43 16
61 8
55 21
34 29
25 19
81 17
9 4
41 47
34 4
105 97
25 23
99 48
43 13
99 22
25 15
80 15
113 78
42 16
53 12
55 24
18 9
105 73
106 59
79 34
93 96
16 30
50 29
111 38
38 15
112 92
24 52
32 9
28 29
101 15
112 74
106 24
80 16
23 16
114 58
105 63
15 33
111 78
111 68
56 50
88 17
105 53
105 69
25 16
105 92
20 33
87 8
24 4
32 5
105 48
41 42
47 13
19 12
99 20
14 18
113 92
104 96
38 20
114 68
65 2
99 21
22 32
44 33
50 34
6 3
84 12
78 12
50 30
31 35
93 66
53 13
13 9
83 12
89 12
63 19
31 9
114 24
22 35
104 98
38 19
104 100
43 52
34 8
54 19
105 59
101 92
43 33
28 8
102 41
65 4
112 39
54 15
99 89
54 22
105 77
67 24
35 29
19 17
59 12
99 17
12 3
99 42
111 77
18 4
114 47
114 44
24 17
99 19
48 21
85 33
114 88
43 19
72 22
25 22
19 33
13 2
66 12
69 12
62 52
54 18
78 19
64 52
38 17
111 67
85 30
49 9
101 24
79 4
4 9
22 18
9 3
85 32
101 44
86 52
65 3
107 109
34 1
114 22
79 50
87 9
115 80
100 66
114 51
19 28
43 29
22 4
55 15
14 20
107 63
92 89
87 3
48 15
86 30
17 29
66 23
4 30
101 99
49 18
33 28
112 79
75 15
62 15
78 32
114 40
31 3
56 3
14 17
41 46
4 2
3 5
100 93
63 50
22 34
89 34
105 41
40 12
88 33
87 2
25 20
36 2
30 7
49 13
66 50
61 18
90 12
38 24
29 7
78 34
31 4
101 40
86 1
21 22
99 64
67 15
101 43
5 9
35 5
15 34
72 24
63 17
16 28
107 108
105 81
81 19
33 35
43 3
18 12
54 23
104 76
32 30
55 20
66 34
70 4
17 32
4 8
60 2
23 50
17 4
91 41
7 4
19 52
12 4
36 1
12 35
111 40
75 17
43 35
12 30
1 7
93 98
92 58
100 67
13 8
19 35
90 13
16 29
106 92
85 29
33 7
44 3
105 76
43 32
29 2
61 32
34 30
3 8
15 18
34 5
101 58
100 63
42 12
13 52
41 29
105 26
79 35
25 18
103 98
62 22
81 15
34 32
79 2
101 42
80 20
93 92
58 13
50 35
42 13
107 0
33 9
92 15
16 50
15 20
55 17
87 28
92 88
52 4
91 92
104 41
61 12
31 30
72 12
107 66
20 52
64 23
33 3
24 16
49 29
18 8
99 49
6 4
9 7
90 22
105 106
101 23
114 92
92 47
14 19
14 15
24 30
28 3
21 17
100 72
22 33
64 50
107 55
81 20
85 28
105 0
105 75
23 12
18 5
13 50
100 81
72 20
61 50
23 22
49 34
35 8
89 50
92 90
24 35
61 2
93 72
74 2
92 99
55 12
32 8
13 7
86 32
12 52
23 20
17 5
63 12
43 4
78 35
24 13
66 52
18 1
75 22
15 32
111 73
16 3
79 3
10 7
76 12
107 62
30 1
103 94
113 100
80 23
85 52
42 33
33 8
41 50
41 44
56 12
34 7
19 13
63 22
67 19
64 15
30 3
89 24
13 32
92 21
104 95
105 86
37 7
107 80
106 47
104 77
22 13
15 16
23 18
8 3
65 12
107 67
99 51
111 70
42 5
100 70
20 34
2 5
12 29
79 1
88 22
72 17
6 2
19 3
20 16
54 24
111 46
44 9
67 20
115 37
85 2
34 28
18 33
101 64
90 19
42 32
12 5
15 17
71 13
79 30
87 35
44 4
64 22
105 51
101 47
93 99
82 13
19 50
67 23
35 28
114 46
15 12
79 5
57 1
61 30
88 19
13 30
26 12
22 50
20 32
87 33
68 12
104 84
55 22
66 22
42 50
42 35
41 48
78 18
99 46
15 50
106 45
61 7
61 52
21 16
73 1
86 2
15 19
22 17
57 2
78 16
105 58
106 49
17 35
41 43
34 3
89 19
4 7
112 80
86 8
105 70
78 24
90 23
10 5
114 45
16 1
52 34
112 37
56 29
64 20
104 94
12 28
43 24
50 7
32 1
88 15
18 34
106 15
103 72
2 8
113 114
20 24
105 96
31 29
24 50
41 45
56 1
114 89
22 19
74 8
0 1
37 3
39 5
52 30
114 90
29 5
111 72
99 58
25 12
62 24
85 5
31 32
13 1
111 59
69 2
31 1
79 52
32 7
100 102
102 92
104 39
14 12
43 34
78 17
91 80
70 12
78 52
86 34
86 4
92 19
10 2
17 33
12 50
52 1
49 30
18 3
35 4
87 1
114 49
30 5
39 29
30 29
37 8
100 79
72 16
20 17
91 39
86 50
37 4
50 33
111 75
107 38
115 6
22 16
16 32
27 13
61 35
15 22
101 17
52 8
53 2
56 33
107 75
100 60
18 50
101 68
52 5
105 67
105 40
106 44
13 28
24 29
49 4
111 48
92 43
88 24
100 78
21 12
14 24
88 20
49 32
105 78
