58 37
36 10
25 17
84 37
22 6
47 3
51 3
40 8
35 41
18 14
104 52
36 18
2 24
39 43
47 28
77 12
2 13
0 2
49 11
40 41
83 25
106 74
30 5
80 42
7 2
36 15
35 8
91 30
8 26
104 57
83 13
29 15
29 3
82 5
3 36
104 73
3 1
24 11
59 7
83 22
107 49
88 29
41 4
44 7
63 40
82 1
97 64
18 5
1 12
4 5
50 51
43 18
82 12
79 43
18 27
2 21
18 20
49 4
27 2
41 11
49 1
7 14
26 5
21 23
82 4
82 28
66 18
21 13
9 10
58 3
99 54
73 7
19 1
73 27
20 2
99 35
83 37
86 2
47 26
105 68
82 3
69 19
15 6
57 35
103 65
37 21
65 40
60 12
21 2
28 1
22 10
91 15
67 40
109 51
85 38
92 1
104 64
89 8
95 70
21 14
93 7
76 14
29 14
23 20
74 3
83 5
6 14
98 82
108 95
44 24
106 81
26 6
69 43
99 38
76 12
45 8
13 2
3 11
18 2
15 10
47 11
26 11
103 70
8 10
43 27
93 6
39 42
60 5
29 30
63 3
103 9
28 11
27 12
3 12
44 19
82 21
68 38
97 92
2 29
27 19
25 14
47 6
3 5
29 10
39 41
105 66
74 42
38 43
22 17
63 35
95 61
87 30
109 44
38 19
52 3
53 57
21 4
7 29
31 7
55 5
94 20
18 10
19 14
62 8
56 37
18 28
34 36
91 14
58 35
63 7
99 90
106 82
34 41
88 3
69 2
38 3
4 20
56 43
18 12
1 17
93 2
106 59
98 79
16 6
30 6
37 27
38 24
38 29
65 37
31 3
103 91
104 51
56 57
41 28
31 4
104 39
24 14
6 16
77 4
36 25
87 24
57 36
41 21
66 3
7 41
74 40
32 8
19 10
43 37
106 63
28 22
36 11
30 4
82 37
109 73
103 95
80 38
96 34
99 40
2 19
23 2
42 7
18 21
83 7
7 6
63 43
88 41
11 15
78 11
83 6
16 5
90 18
83 23
82 36
1 26
25 10
36 13
84 40
49 5
91 13
106 54
56 3
72 3
82 26
64 41
96 50
78 8
38 18
57 39
36 3
44 8
76 5
4 17
95 88
109 62
5 26
3 10
43 36
41 12
102 48
39 3
38 23
80 40
49 12
83 27
65 38
91 1
31 2
6 15
43 24
87 3
43 25
24 28
93 20
5 14
97 71
103 77
91 6
24 12
109 32
90 19
14 17
83 21
7 25
55 1
87 27
77 11
73 18
98 65
11 16
100 97
3 30
82 41
109 97
38 27
73 3
26 4
2 20
9 15
105 91
24 15
63 39
2 16
7 26
103 61
67 44
37 29
57 41
67 37
41 20
105 85
7 11
65 64
104 44
23 26
74 44
82 30
40 3
34 39
45 2
76 10
36 21
83 2
18 17
41 16
29 12
40 44
22 26
106 50
27 17
103 72
109 52
18 30
12 15
106 75
3 21
79 42
84 44
42 19
110 84
44 21
27 20
43 19
28 12
34 44
88 24
18 29
82 29
55 3
26 15
82 19
29 2
20 6
37 3
56 39
44 38
21 28
46 7
40 27
66 41
27 26
89 35
92 13
37 2
24 13
21 10
95 92
27 14
82 7
103 31
62 7
23 30
24 1
13 4
82 14
4 14
95 52
93 3
0 5
107 83
29 6
25 13
3 13
18 3
29 20
102 81
41 22
96 65
41 23
4 26
38 37
58 36
90 27
26 10
5 15
19 6
83 18
26 1
6 22
19 22
85 41
97 44
103 82
23 15
68 7
21 17
9 2
49 14
87 6
0 8
109 40
36 7
79 40
103 33
70 7
86 10
16 11
94 48
88 37
45 7
55 8
7 30
2 14
22 11
66 38
28 5
74 7
106 33
79 20
19 28
92 10
13 15
106 45
91 3
52 2
43 6
36 6
18 4
0 7
41 26
42 41
98 91
61 3
52 7
109 92
36 30
99 73
103 69
29 26
25 22
94 84
16 14
100 65
28 13
93 43
41 27
2 1
34 43
106 9
16 4
96 69
73 44
64 57
100 74
50 28
64 38
88 8
54 8
103 80
90 43
87 21
74 43
101 74
51 8
80 44
91 10
98 80
89 7
23 13
3 14
25 2
102 20
103 59
88 2
39 35
98 95
110 49
102 83
42 36
43 28
8 16
97 90
39 38
18 7
8 20
106 72
37 5
69 44
43 3
83 20
98 34
59 4
89 27
83 14
13 10
36 24
95 54
69 36
17 6
5 12
48 3
103 52
2 28
65 35
20 22
21 26
22 5
24 2
41 29
37 28
76 7
40 37
9 6
97 38
64 35
21 1
1 11
70 3
108 106
9 12
19 15
5 17
21 11
83 4
35 44
103 83
30 15
88 25
103 50
63 38
83 12
36 2
105 58
25 6
74 41
22 15
68 36
97 51
37 22
95 93
73 38
20 4
95 35
19 26
24 17
83 10
42 38
25 12
1 13
92 20
87 36
21 25
14 15
56 41
30 11
19 25
86 11
87 25
65 41
41 5
25 11
54 3
92 25
47 16
37 24
102 53
91 18
105 69
86 5
17 1
43 1
3 23
101 63
36 1
27 24
105 60
27 11
64 44
52 8
101 34
105 0
47 10
101 65
101 95
47 15
29 22
77 8
6 28
104 87
49 17
67 7
102 82
82 24
1 15
42 8
86 4
15 17
42 27
25 23
79 38
23 22
77 10
67 38
20 14
28 26
37 15
43 21
27 4
90 8
98 74
97 87
7 36
98 83
61 8
35 7
92 5
99 95
91 17
41 13
59 2
3 6
87 29
73 2
96 74
87 2
36 19
47 22
86 7
57 3
85 35
71 7
0 1
94 95
90 38
106 79
57 7
80 20
82 13
97 73
16 10
42 24
82 6
37 1
65 43
55 7
106 32
9 1
38 25
46 8
90 3
59 12
40 43
106 76
18 1
44 36
109 90
91 7
105 9
77 14
25 20
100 95
88 21
37 12
97 39
2 11
64 42
31 8
7 18
25 26
94 55
29 13
49 15
109 89
6 1
3 18
39 44
38 8
38 30
3 2
1 14
68 37
22 16
63 42
66 42
109 57
13 11
96 95
88 4
66 35
94 82
77 5
99 44
82 20
84 42
24 3
87 37
7 13
9 11
104 42
47 20
7 3
41 2
7 23
95 42
59 10
91 29
69 3
7 12
94 33
25 1
86 3
89 43
103 48
47 25
69 7
24 25
49 2
14 12
42 37
98 50
57 38
82 15
4 28
99 97
10 11
27 7
93 8
21 30
56 36
15 12
18 16
27 13
10 16
99 57
43 4
106 70
90 21
91 21
40 42
76 3
30 3
106 91
92 18
74 38
92 3
98 69
37 26
42 21
36 22
34 7
42 44
90 2
109 71
47 24
103 71
55 10
99 87
2 26
97 70
78 2
24 16
103 32
85 44
37 25
63 64
66 37
34 42
50 20
19 11
95 51
56 40
95 39
8 1
102 55
102 75
68 35
68 44
3 15
90 25
13 26
103 79
108 83
99 92
95 53
66 36
29 1
34 37
58 57
103 76
20 11
15 4
97 89
58 7
94 50
23 1
41 7
21 6
16 2
23 28
97 93
20 3
66 44
64 37
37 11
83 1
46 3
2 5
47 30
73 37
71 3
23 3
89 40
106 46
19 7
8 6
78 3
9 13
6 5
93 24
4 15
44 29
99 53
5 13
103 46
83 3
62 2
106 34
19 29
38 7
68 3
98 9
72 7
35 18
104 71
9 5
4 11
106 61
84 3
26 12
7 37
28 2
29 11
24 10
35 3
19 3
0 4
106 52
43 8
88 36
2 6
24 26
25 5
105 67
28 17
80 35
16 15
98 99
91 22
68 42
94 83
61 7
97 88
47 7
95 40
53 43
98 48
57 42
87 23
103 104
58 38
28 14
41 18
7 5
93 28
110 95
3 27
99 70
95 43
67 42
25 30
7 28
3 29
30 22
74 35
60 4
87 19
75 8
97 35
58 40
91 23
109 70
106 80
20 28
15 1
20 13
56 42
7 1
1 10
2 12
73 42
19 24
104 70
20 10
77 1
47 23
78 10
50 53
104 38
48 7
73 43
8 23
29 17
47 12
92 14
55 14
28 10
21 5
40 38
30 28
103 20
28 6
89 41
60 14
61 2
99 62
33 7
12 16
44 43
42 3
36 12
26 17
67 35
65 39
83 36
43 41
24 5
78 1
3 24
33 8
19 13
104 32
30 20
69 37
95 57
35 36
90 37
34 35
60 2
103 74
97 40
103 63
19 2
27 30
2 25
90 29
2 23
36 17
21 24
37 13
89 37
18 15
19 17
82 2
7 4
88 43
91 5
18 25
87 18
64 7
92 4
79 35
72 8
95 32
85 37
7 19
41 36
82 18
27 23
69 21
108 50
20 26
98 100
37 36
82 23
49 26
0 3
90 7
20 1
20 12
107 95
102 78
103 45
100 63
28 16
10 26
69 27
109 54
98 63
107 22
42 43
84 38
36 20
102 50
85 7
59 3
4 1
4 12
82 22
12 17
68 41
91 36
109 53
64 39
3 20
35 27
23 11
38 41
43 22
29 23
105 56
2 22
24 29
22 4
68 43
10 17
49 10
86 8
56 38
97 62
88 20
95 62
99 89
110 85
10 15
3 16
25 15
97 32
102 103
2 17
84 57
49 16
35 2
3 4
74 37
60 15
87 43
93 4
76 2
50 18
27 10
39 40
90 41
87 8
21 12
97 61
13 5
91 4
12 11
25 28
47 29
8 30
55 6
34 38
22 13
76 1
37 19
106 65
34 40
109 61
91 28
18 24
18 22
85 39
1 5
65 42
27 25
104 40
8 12
99 42
6 11
106 55
30 10
19 12
77 3
37 10
99 43
84 7
17 5
38 4
8 24
81 3
23 4
68 40
102 98
103 53
13 1
4 6
109 87
15 11
22 1
89 38
89 42
30 26
106 31
92 7
49 6
53 42
63 44
90 23
88 19
8 29
7 24
65 3
8 25
41 1
36 29
44 37
40 7
97 42
44 18
47 17
97 53
24 23
24 20
87 7
22 14
83 24
92 24
7 27
89 18
26 16
50 32
90 36
85 57
39 8
35 37
107 85
82 11
99 51
87 20
101 50
77 7
41 25
66 43
23 10
76 4
27 6
19 30
29 28
104 89
60 11
18 11
8 21
91 19
8 15
8 27
73 36
59 1
24 6
98 101
66 7
103 62
7 21
109 95
8 2
8 4
13 16
78 14
86 6
83 41
90 24
97 54
17 14
50 54
30 16
95 89
6 17
37 4
3 28
91 20
13 6
89 36
86 1
44 3
78 7
34 3
108 82
37 20
43 7
27 15
106 48
3 25
23 6
102 33
55 2
20 15
58 39
19 23
41 15
92 2
43 30
93 25
106 62
60 10
48 8
38 21
8 36
37 14
27 5
85 40
28 4
69 41
67 43
106 104
23 12
69 18
104 90
35 40
32 3
74 39
69 42
21 3
109 38
8 17
106 71
89 44
9 14
8 19
37 16
89 3
73 40
92 22
25 4
8 13
91 16
67 3
86 14
88 18
58 41
101 69
47 2
17 12
104 61
57 8
47 13
38 2
94 85
8 5
29 5
109 88
13 17
110 20
27 21
6 26
25 3
19 20
36 16
64 40
104 35
35 43
17 11
29 16
104 95
76 8
78 4
19 16
57 43
45 3
42 18
97 57
88 30
4 16
11 17
44 27
7 10
21 29
41 10
67 41
83 28
109 43
106 95
36 26
106 77
108 98
18 19
84 35
18 26
99 64
36 27
20 16
19 4
82 10
77 6
55 4
97 95
66 40
20 5
99 61
62 4
77 2
104 43
39 37
88 27
87 41
75 3
41 30
37 23
19 5
78 12
69 38
67 18
53 38
58 43
16 17
81 7
41 6
2 30
27 16
109 93
60 1
43 23
23 5
37 7
103 51
44 2
79 44
76 6
24 7
18 13
109 39
110 109
103 81
30 13
51 7
8 7
39 36
21 20
43 5
102 76
84 41
109 42
95 71
105 79
36 4
8 11
26 2
2 4
58 44
21 16
82 25
10 14
8 22
83 30
71 8
65 7
60 6
95 73
110 106
95 87
3 26
37 6
55 12
13 12
41 19
109 35
3 19
47 1
4 22
62 3
97 52
14 11
28 15
24 4
75 2
38 20
59 11
96 63
41 3
64 3
63 37
27 29
110 83
21 19
15 14
36 28
95 44
58 42
99 39
91 2
53 35
6 10
85 43
30 17
30 2
92 8
95 64
63 41
5 11
57 37
30 14
38 36
110 82
26 14
27 3
2 15
74 57
105 84
29 4
5 10
3 22
103 34
64 43
39 7
7 22
35 42
105 80
10 12
106 51
8 18
45 4
106 20
100 34
8 28
99 32
104 92
4 13
107 82
107 20
40 21
100 69
50 52
47 14
80 43
109 64
35 38
91 12
43 2
22 2
18 6
104 53
107 84
27 22
25 29
21 22
27 1
96 97
69 40
76 11
36 23
33 3
17 10
27 28
74 64
47 4
53 40
87 4
67 36
0 6
95 97
23 14
102 95
99 52
37 18
104 62
56 44
41 14
24 30
100 50
43 20
68 18
83 19
98 96
56 7
57 40
44 41
36 5
23 17
23 16
84 39
9 4
65 44
16 1
24 22
83 29
18 23
30 1
36 14
102 31
102 77
91 11
88 7
30 12
104 54
73 41
57 44
82 16
104 93
15 5
56 35
97 43
103 75
99 88
41 24
91 26
32 7
6 13
20 17
22 12
59 6
47 5
88 23
40 36
92 28
2 10
82 27
86 12
40 18
91 27
95 90
4 10
21 15
25 16
8 3
103 86
63 57
59 5
43 29
93 18
99 71
99 93
40 19
75 7
106 86
106 83
59 8
6 12
78 5
103 55
7 20
65 57
21 7
13 14
101 97
85 42
95 38
37 30
106 69
54 7
103 54
44 25
16 12
8 14
7 16
106 53
91 24
84 43
108 109
104 97
92 6
59 14
85 3
91 25
78 6
46 2
104 88
