17 7
70 47
52 14
109 66
14 16
110 69
72 51
2 17
64 50
11 7
109 110
36 21
20 24
0 21
42 56
5 7
107 103
51 12
73 19
36 25
85 44
71 10
91 18
114 65
52 0
61 3
102 63
42 44
42 48
41 1
96 6
51 44
101 47
96 23
71 45
28 16
25 14
42 45
43 18
14 24
19 3
96 1
108 99
62 6
112 33
109 33
24 23
66 38
10 27
98 43
49 5
71 27
20 27
58 14
101 104
116 85
113 70
110 42
16 15
3 23
104 71
3 14
50 13
34 15
4 3
60 23
18 9
67 44
67 14
37 3
53 56
65 29
111 21
2 25
49 7
12 22
19 25
30 11
20 11
72 20
45 2
49 38
105 84
117 41
89 79
38 25
101 69
53 46
9 23
12 13
5 14
81 46
73 9
99 53
25 7
114 41
22 32
73 13
3 29
18 7
91 15
34 13
65 32
84 0
0 25
84 36
48 55
30 20
12 4
47 20
12 25
94 18
110 88
112 64
97 44
105 92
36 12
53 45
70 44
24 31
75 18
1 7
48 36
71 36
116 12
24 7
52 49
109 70
36 38
60 22
54 18
30 22
85 0
17 22
36 1
42 36
38 13
100 33
38 4
60 29
76 48
106 46
94 23
56 43
108 83
106 47
56 50
60 9
10 6
104 76
110 74
18 15
84 37
38 20
80 8
48 44
97 51
106 69
61 26
60 2
111 97
35 19
117 34
71 37
36 17
49 45
12 2
46 18
27 13
117 35
97 43
102 84
49 27
0 13
41 22
108 104
4 29
21 3
116 76
44 17
54 12
19 16
5 15
116 70
104 68
111 98
9 7
42 14
61 16
14 21
80 43
44 45
44 16
110 99
13 2
113 64
89 18
101 67
13 11
18 36
99 46
41 32
27 3
7 24
108 101
113 111
72 26
37 21
8 3
26 4
8 26
77 32
60 14
66 2
61 2
53 52
13 7
110 90
71 21
47 2
47 18
84 38
96 17
56 52
17 25
81 43
55 52
81 51
20 21
56 47
48 51
100 2
15 7
50 0
113 90
62 17
113 58
43 22
64 44
55 43
26 5
72 19
30 15
105 101
75 51
28 14
113 101
110 87
37 12
98 51
6 29
12 1
20 22
46 43
85 49
45 11
18 16
79 56
89 76
75 50
106 104
45 38
30 21
44 8
102 42
12 9
52 12
50 12
19 15
106 74
52 13
16 11
98 38
19 1
39 13
44 37
14 0
36 20
115 101
78 79
9 22
67 36
10 14
38 17
80 45
81 49
20 5
52 44
15 11
72 18
67 38
54 21
111 79
78 55
39 18
16 23
30 3
101 46
15 1
30 14
75 44
104 73
116 73
99 48
102 101
25 11
96 24
101 87
84 10
61 27
85 45
82 51
97 38
25 15
104 51
63 29
16 25
43 26
85 12
43 13
75 56
18 17
43 27
0 18
81 38
80 50
76 51
36 5
76 52
38 9
55 36
14 22
51 19
26 15
42 47
71 12
67 50
106 51
60 16
110 94
12 26
18 54
82 36
111 76
46 55
18 12
71 8
101 74
23 6
36 11
50 36
80 10
101 70
5 4
102 66
14 13
115 116
93 7
82 46
66 69
44 49
47 51
116 98
8 19
37 11
35 12
82 0
49 17
79 52
22 6
107 63
24 16
50 45
101 12
12 5
116 97
82 45
111 85
82 52
50 10
21 24
14 2
107 66
20 4
49 2
89 45
106 36
37 8
36 14
12 27
111 101
14 11
49 24
81 14
75 37
54 36
0 26
104 87
110 101
60 27
88 13
14 15
85 37
38 16
71 17
35 3
10 5
25 3
19 2
72 37
79 45
104 69
23 7
8 27
20 25
0 20
66 8
44 38
82 54
110 57
101 48
109 101
49 13
73 10
101 79
15 29
110 33
107 84
110 2
0 4
72 5
66 73
75 43
45 10
67 55
21 25
106 97
111 49
91 16
98 50
54 0
48 45
5 23
50 20
22 13
89 48
47 8
111 56
54 27
111 53
51 26
45 7
116 52
34 17
84 44
9 1
37 26
73 36
26 11
106 72
81 55
5 6
49 4
20 3
52 27
45 24
23 1
4 23
82 55
113 39
85 26
47 12
26 16
100 101
52 43
60 17
3 16
113 86
54 3
84 54
36 27
12 18
42 51
93 6
73 38
44 5
72 10
67 10
47 0
48 56
30 4
55 0
28 29
12 16
68 23
108 84
30 17
0 19
99 49
43 10
45 16
18 20
96 7
8 24
14 26
71 38
45 25
108 66
50 38
99 76
82 38
38 8
73 11
57 18
60 4
78 45
109 88
0 9
65 16
81 52
52 5
28 3
74 14
99 44
10 11
106 56
16 22
46 45
43 19
66 68
30 2
73 17
18 23
9 11
61 5
0 3
106 98
24 13
47 38
99 45
76 50
26 13
8 12
51 21
30 16
18 21
4 11
19 6
78 52
13 1
45 17
79 49
42 54
93 18
38 6
56 18
36 0
108 89
62 15
72 13
26 24
47 43
10 2
21 9
72 27
53 36
104 48
13 22
43 11
27 6
30 24
16 3
79 36
70 52
106 12
89 49
1 23
37 2
2 13
49 26
112 63
41 7
73 5
3 24
61 17
79 48
45 5
34 32
19 23
43 4
101 98
104 55
49 15
26 18
100 88
11 1
116 87
48 18
27 2
38 1
115 105
72 52
26 6
32 31
75 36
46 51
49 22
13 6
24 17
30 1
110 70
97 46
35 11
78 76
65 1
78 49
55 38
25 9
51 38
12 23
82 50
75 46
73 21
0 2
8 2
97 18
16 29
54 20
101 97
64 2
18 49
14 3
38 19
101 51
27 29
45 26
104 52
37 6
73 27
44 18
49 36
110 64
51 49
13 16
110 83
49 23
37 15
90 23
11 6
20 14
55 18
113 78
81 37
27 14
0 6
10 17
113 92
56 51
39 14
111 52
3 22
112 82
35 8
17 3
12 20
13 29
14 27
111 36
110 111
28 17
30 7
85 51
37 23
91 7
43 17
80 49
101 73
98 44
36 16
109 105
67 0
75 76
45 22
47 37
52 37
94 6
38 7
17 11
106 76
50 52
13 25
82 18
47 27
52 36
3 9
36 4
48 50
101 36
35 26
64 46
54 11
111 87
60 15
110 40
98 47
104 12
0 23
41 29
43 25
10 16
96 16
112 92
91 14
116 46
84 43
101 53
63 32
79 76
109 40
116 51
21 16
73 25
61 12
53 51
110 93
15 22
45 37
45 23
49 14
114 3
2 29
20 23
97 47
21 1
41 15
47 13
65 31
89 44
14 10
56 46
37 24
61 4
37 16
101 49
49 3
71 25
106 24
12 19
73 49
68 13
84 26
107 78
88 16
30 19
34 29
116 79
8 20
89 51
49 19
38 12
45 14
21 14
51 27
30 13
101 55
105 108
84 52
0 8
30 23
45 4
18 6
61 10
47 14
91 13
14 9
116 47
41 24
35 5
13 23
30 6
17 6
28 6
51 25
67 47
4 7
98 0
52 8
54 6
10 12
61 11
111 104
50 2
54 4
38 27
13 3
44 54
20 13
19 21
45 21
98 14
92 50
61 45
49 8
12 6
92 47
61 15
68 6
111 24
6 1
3 6
51 45
16 17
102 78
113 84
113 89
112 75
98 52
104 47
17 29
47 44
28 7
17 15
43 37
73 6
13 15
48 46
26 9
5 9
45 9
105 66
79 47
19 11
82 37
0 12
97 36
79 43
93 14
55 50
50 27
104 72
61 22
44 4
49 54
105 99
67 8
59 23
54 9
99 43
109 86
72 12
90 15
37 38
67 52
116 53
38 11
43 7
61 14
27 17
97 52
7 29
11 13
47 36
43 5
86 18
93 17
82 43
54 5
106 85
84 47
12 3
92 2
73 16
72 43
8 18
21 22
14 8
70 76
80 14
0 11
50 8
36 10
52 26
113 91
71 26
34 16
8 15
114 96
109 2
36 9
50 47
99 47
59 1
51 5
111 54
2 11
52 45
3 11
75 55
109 95
111 70
117 2
76 49
102 99
66 71
26 25
27 11
56 54
116 21
53 43
117 113
4 1
106 87
62 16
10 3
26 27
110 68
94 15
9 29
38 18
54 25
71 54
44 20
104 44
5 21
21 11
44 10
34 7
30 27
58 18
90 14
12 17
40 18
101 44
55 26
90 18
97 54
83 31
106 71
55 8
24 1
26 23
114 2
28 13
93 23
28 23
107 101
80 12
61 24
101 56
36 24
35 6
54 7
21 7
44 25
71 19
106 67
92 46
89 52
66 43
96 31
102 83
0 5
52 19
76 44
72 54
8 13
35 14
106 44
9 13
38 24
59 15
10 25
10 9
61 38
72 0
10 19
5 11
62 14
37 25
101 52
101 71
98 54
61 23
13 17
35 16
28 9
81 54
113 94
108 78
41 17
44 19
37 17
84 14
67 43
5 19
110 89
116 24
64 51
66 70
9 16
85 52
51 14
25 16
54 8
89 53
17 24
0 15
19 29
93 13
83 32
86 14
21 29
19 14
102 104
78 56
111 51
18 13
99 52
12 14
54 37
4 17
104 36
68 16
106 21
36 18
61 13
27 21
44 21
111 71
105 106
46 50
61 21
85 14
65 17
1 31
28 11
14 25
10 7
107 99
111 73
71 18
101 54
5 29
79 54
11 14
55 45
90 16
108 42
72 45
53 44
54 2
56 44
29 32
48 49
44 13
5 17
102 89
110 66
68 15
26 19
116 101
51 2
20 16
80 18
8 22
56 36
43 38
85 43
113 68
8 9
35 20
56 45
51 20
116 50
10 23
40 14
105 64
54 26
50 14
20 15
52 16
113 88
52 38
11 16
2 15
97 50
78 44
37 4
59 31
101 72
66 67
72 36
107 89
26 21
81 18
45 0
73 37
38 3
19 9
35 17
88 18
66 25
101 76
2 14
22 17
14 20
28 24
92 55
21 6
6 22
111 46
35 25
37 27
98 18
43 0
67 45
44 36
8 7
28 22
33 31
114 33
2 16
75 49
36 3
42 43
37 18
16 6
18 14
80 36
8 6
22 15
41 23
18 2
11 24
0 16
5 16
84 45
110 39
57 14
2 7
36 8
53 14
34 1
28 1
94 14
22 31
75 52
97 14
108 63
110 103
89 50
76 54
17 23
54 38
85 38
78 18
25 24
43 36
116 49
42 53
45 18
1 29
51 36
82 14
105 42
71 4
3 13
61 6
4 25
4 14
91 17
17 1
73 26
110 86
56 49
44 14
14 38
54 15
79 50
52 51
48 14
50 37
35 7
90 6
70 51
50 26
67 18
44 0
1 32
97 49
25 29
51 43
98 8
84 8
43 20
37 14
4 9
12 7
95 18
111 69
80 47
89 47
80 37
71 0
73 14
27 15
38 22
113 93
72 8
60 1
81 0
62 18
47 54
46 38
49 21
25 22
0 17
20 2
44 2
104 46
60 25
23 24
72 38
18 38
15 3
64 55
116 72
42 18
111 72
35 2
5 27
47 52
14 4
11 15
98 36
45 43
4 15
84 18
85 36
20 17
0 24
112 80
27 23
44 12
79 44
45 12
44 26
51 18
60 21
96 32
46 49
72 44
61 8
14 1
113 69
45 19
71 49
107 104
18 22
43 3
8 5
13 24
18 25
84 51
78 47
12 11
101 50
52 54
55 49
33 32
27 9
101 68
26 20
49 20
73 8
41 16
76 53
53 18
47 19
16 4
79 46
73 3
49 16
45 6
79 18
21 4
106 70
7 1
8 14
24 6
22 23
10 18
73 54
7 32
111 48
93 15
36 6
113 87
99 56
44 27
49 43
10 26
43 24
27 1
52 18
104 67
8 25
47 10
49 25
111 44
51 16
21 13
9 6
10 8
80 54
72 14
99 51
42 55
37 9
62 23
0 10
16 24
24 29
99 55
6 32
5 13
28 25
54 24
111 12
70 55
53 55
3 1
35 18
10 22
85 10
26 17
94 17
19 17
106 48
59 32
60 19
107 42
81 36
47 26
41 6
79 53
19 24
84 12
10 1
54 19
54 17
15 23
110 92
42 49
9 14
5 2
81 50
18 0
85 18
104 98
110 58
70 46
59 7
73 0
0 27
53 47
10 21
11 23
63 31
8 21
72 49
51 37
10 4
38 10
2 21
26 3
20 6
106 55
116 48
67 54
113 74
19 13
111 74
110 91
15 24
38 2
117 116
109 83
104 53
84 50
61 25
106 54
38 5
80 52
38 0
73 20
54 13
99 79
82 49
96 15
109 103
106 52
45 8
27 7
19 4
36 13
36 22
10 20
83 29
81 45
18 37
92 52
45 36
55 44
76 55
117 36
117 61
116 44
24 15
116 68
65 23
22 24
69 14
48 52
89 55
55 47
80 44
25 13
96 29
47 5
109 62
27 22
37 19
45 13
3 17
99 50
45 20
60 18
51 8
42 46
36 23
12 15
26 1
11 29
27 25
112 81
2 23
10 24
111 68
73 12
46 36
116 74
14 12
35 24
21 23
43 2
66 10
2 3
104 74
62 7
49 11
0 1
116 56
53 37
38 26
86 13
14 6
37 1
37 5
107 83
23 29
76 47
37 0
19 7
88 23
4 22
50 19
45 15
94 16
85 8
49 6
14 23
73 4
108 103
26 2
43 6
117 30
8 11
53 54
113 57
76 56
75 53
90 17
96 22
2 9
35 4
76 43
105 102
5 3
52 4
38 23
104 101
79 51
104 49
78 46
81 47
38 21
51 17
113 62
27 4
67 37
43 9
35 22
48 47
14 7
96 13
111 47
100 66
6 7
76 45
41 13
36 37
20 1
14 19
104 24
67 49
18 19
60 24
52 10
97 55
104 54
51 10
61 36
18 3
97 0
117 96
111 50
71 16
62 13
50 5
46 37
101 24
60 3
13 19
15 6
43 21
50 44
117 65
8 1
50 49
99 18
10 13
61 54
82 44
1 6
60 5
71 2
111 67
49 10
61 9
18 27
116 67
43 54
95 14
98 10
49 0
73 43
73 45
2 6
111 55
18 11
11 17
34 23
110 84
76 37
81 44
109 93
94 13
13 21
56 14
7 31
78 50
113 66
94 7
26 7
80 26
113 99
6 24
52 2
36 19
66 74
90 7
46 54
61 20
61 49
72 47
26 22
59 29
85 47
54 23
30 5
104 21
36 15
16 1
35 10
116 36
50 54
85 50
55 37
36 2
9 24
47 49
35 23
61 37
84 49
23 22
43 23
9 17
25 17
105 89
71 14
78 53
27 19
76 36
77 31
43 14
14 17
110 62
4 16
37 13
92 44
47 45
87 18
24 32
65 15
80 51
113 40
53 48
21 15
60 13
69 18
42 50
35 13
51 4
18 10
35 15
88 14
13 4
68 17
106 101
35 21
115 113
2 1
56 37
0 22
0 14
116 69
51 13
44 43
34 6
109 91
54 16
110 63
101 85
116 71
105 107
116 104
76 18
104 85
71 43
61 19
38 14
54 22
75 48
60 11
50 51
38 15
4 6
106 79
76 46
0 7
60 6
66 0
71 44
20 7
34 31
8 16
73 2
80 38
25 1
110 78
46 44
88 17
45 54
19 22
8 23
27 16
105 78
5 25
8 17
67 51
51 54
92 51
78 51
22 16
106 73
109 39
50 43
117 101
54 14
45 27
115 66
73 18
114 101
91 6
30 18
71 13
20 9
102 103
3 7
89 46
60 20
71 20
16 7
43 12
35 27
46 47
78 48
66 72
53 50
18 26
64 52
79 55
61 0
90 13
71 5
35 1
55 12
74 18
65 7
112 84
106 68
36 26
2 24
42 52
100 40
55 54
28 15
106 49
46 14
18 4
43 8
18 45
21 17
60 7
52 20
109 90
85 54
37 20
18 8
48 54
42 37
64 47
116 54
48 37
55 10
49 9
88 15
5 1
4 24
106 50
46 52
18 24
113 2
20 29
53 49
9 15
75 47
37 22
25 23
98 49
5 24
104 56
61 7
72 50
75 45
91 23
46 0
93 16
98 12
104 79
89 56
61 43
101 21
49 12
109 77
52 21
30 25
18 5
43 15
56 55
80 0
116 55
22 1
22 7
12 24
37 7
48 43
104 50
25 6
49 37
75 54
50 18
68 14
61 18
45 3
26 14
17 9
68 18
104 70
35 9
55 51
12 21
29 31
51 0
54 10
55 14
4 13
10 15
18 43
117 28
36 7
30 9
86 16
106 53
3 15
8 4
59 6
65 6
104 97
11 22
113 42
43 16
27 24
37 10
20 19
22 29
5 22
2 22
82 47
49 18
