25 7
25 0
20 8
24 13
30 12
20 0
27 1
15 3
24 3
22 16
24 8
21 12
16 3
22 0
0 1
21 13
5 6
22 7
20 12
19 0
7 9
10 11
24 4
24 17
19 16
23 17
23 15
30 18
27 16
22 17
1 4
8 9
20 3
19 17
19 18
20 13
25 4
23 0
25 15
30 7
20 18
19 12
25 8
18 1
23 6
10 18
10 13
22 3
16 4
7 8
20 7
26 2
24 7
23 18
20 4
23 3
30 13
23 8
15 1
10 15
15 16
23 4
25 3
24 16
24 12
26 8
21 7
21 15
1 3
19 3
30 0
27 9
25 14
30 3
24 6
27 28
28 1
27 18
30 6
30 17
15 14
19 14
20 17
24 0
10 17
16 14
22 8
22 4
30 15
23 7
24 18
23 13
28 29
25 12
21 3
23 16
28 3
22 13
20 14
21 0
25 11
6 9
30 8
2 3
27 3
28 14
10 6
19 15
30 11
22 14
22 18
27 15
27 8
6 16
22 11
25 6
27 2
25 18
22 15
19 6
19 8
6 3
20 15
24 15
26 5
26 27
27 6
25 16
21 16
10 12
19 7
10 8
23 14
10 3
21 14
22 12
21 17
10 0
27 14
21 11
10 16
19 13
10 7
20 11
30 14
16 1
30 4
24 11
21 6
20 16
28 16
19 11
21 8
10 14
24 14
20 6
3 4
25 13
8 16
25 17
19 4
23 11
21 18
10 4
23 12
21 4
30 16
