10 6
20 1
12 9
11 4
4 17
11 1
4 15
12 7
11 6
21 2
28 3
21 3
13 6
28 5
22 1
1 16
10 8
14 7
9 3
28 6
14 4
6 17
25 5
21 9
28 1
20 5
5 16
21 1
0 6
13 9
27 9
23 4
19 2
10 3
0 2
27 7
2 15
19 9
14 6
21 8
24 8
20 4
7 3
11 7
9 17
13 1
24 7
5 17
19 4
29 15
22 5
25 4
20 8
2 17
24 6
28 9
10 5
23 7
19 7
0 5
25 6
20 2
25 2
18 5
12 6
0 7
5 3
24 2
1 15
21 4
0 3
25 7
1 17
10 7
27 1
20 3
27 4
24 5
24 1
0 1
12 1
19 8
25 3
10 2
22 7
12 4
25 9
10 4
28 8
18 9
18 4
18 6
24 3
0 4
12 5
22 9
28 7
1 3
23 5
11 8
13 7
20 9
20 6
25 8
18 1
13 5
10 1
14 1
23 8
6 16
9 15
4 16
0 9
4 3
27 6
23 9
12 8
22 6
25 1
10 9
14 9
14 3
24 4
8 16
2 3
11 9
12 3
19 3
28 4
19 6
26 15
22 8
11 5
28 2
23 1
6 15
27 8
18 7
27 3
18 2
14 5
19 5
19 1
0 8
22 2
21 6
11 2
27 2
6 3
22 4
24 9
18 8
21 5
8 15
23 6
13 2
9 16
11 3
27 5
14 15
12 2
2 16
18 3
5 15
20 7
21 7
13 8
23 2
13 4
