74 1
70 8
4 48
62 24
37 31
47 28
61 5
71 42
50 48
121 115
117 39
101 30
88 40
43 27
61 22
48 36
65 49
88 29
37 35
44 26
70 31
57 45
112 44
35 15
70 3
61 7
68 13
107 63
131 115
75 23
8 14
27 12
83 63
63 29
99 66
124 99
4 28
83 40
61 43
113 4
49 23
44 22
32 18
46 43
107 46
118 94
46 39
128 55
51 36
66 43
17 14
38 39
127 30
113 42
22 9
4 20
48 4
50 35
127 94
16 19
31 28
48 30
117 50
30 4
19 1
110 43
78 46
128 17
39 9
56 48
87 41
3 23
80 43
100 62
19 13
4 19
31 19
9 10
41 38
119 28
112 29
48 19
111 34
100 47
28 19
84 14
61 50
50 5
51 4
66 40
62 3
37 27
33 8
61 23
29 19
111 49
22 7
73 64
125 28
107 47
71 7
123 102
84 3
40 35
58 40
26 5
130 115
101 28
50 18
60 31
17 0
112 4
62 35
50 33
110 38
40 44
98 5
42 50
23 4
104 23
125 62
130 77
127 82
103 45
57 60
8 20
29 26
126 88
59 60
75 77
101 39
98 13
104 31
28 27
65 25
106 27
33 30
32 19
70 12
125 50
60 22
33 32
115 64
125 113
35 6
96 59
83 62
103 43
42 3
8 7
20 10
104 29
31 10
51 20
103 38
31 24
126 81
113 40
37 22
125 58
60 43
10 5
37 23
41 23
117 113
118 116
101 32
36 12
126 90
16 23
43 6
66 30
64 58
125 40
112 39
125 112
127 101
19 0
73 58
58 20
36 5
6 12
31 11
86 50
39 31
35 25
35 26
113 66
39 14
87 61
38 26
34 3
65 34
46 34
32 22
74 5
16 21
90 43
70 18
89 50
125 65
42 32
31 27
32 11
124 53
61 21
18 9
32 5
90 29
66 4
52 15
29 4
30 19
37 13
8 12
101 24
110 47
78 4
86 57
106 37
43 32
30 13
124 73
51 17
11 10
104 39
88 46
43 8
119 39
111 42
49 28
50 32
17 5
41 50
33 31
48 27
68 5
62 48
50 3
51 21
60 6
20 14
62 38
62 60
81 59
107 57
35 28
39 13
74 11
68 14
78 30
8 18
44 38
101 8
86 41
127 95
50 9
57 41
104 8
99 61
55 13
36 37
47 39
103 26
87 42
49 24
20 4
34 11
4 33
51 23
89 60
130 76
100 40
18 19
88 66
96 64
40 42
84 5
84 8
27 17
42 18
85 60
50 36
117 32
53 4
40 18
35 34
101 9
87 4
31 9
61 41
30 24
78 3
71 6
109 12
41 39
89 47
58 41
35 5
6 10
98 8
16 5
23 8
9 13
4 6
44 25
64 40
66 48
44 18
49 45
33 28
40 48
16 14
43 35
118 99
62 65
124 83
26 7
63 39
32 27
40 31
40 22
85 50
51 14
77 62
20 21
107 41
49 7
57 44
55 21
101 7
46 8
41 13
124 82
30 3
74 8
23 17
36 34
61 17
47 25
31 18
39 11
35 17
50 27
64 62
24 21
81 42
63 49
21 13
20 3
50 23
24 3
50 38
127 84
27 24
23 19
106 6
47 45
70 20
104 7
106 7
21 1
125 66
103 57
90 63
47 21
103 66
57 38
85 43
30 18
82 7
96 65
106 31
45 10
34 30
126 73
46 18
51 19
125 39
20 12
87 57
106 19
125 111
55 6
6 22
13 0
118 90
2 6
120 90
96 44
124 79
123 95
101 38
65 19
126 109
71 39
49 4
3 20
42 39
60 42
36 6
108 7
95 6
115 122
42 8
89 48
40 5
60 20
51 32
123 104
104 46
129 75
44 37
100 33
119 64
36 35
81 66
21 5
90 46
109 0
46 37
17 15
25 11
91 33
10 0
103 65
48 24
47 35
4 22
49 15
62 36
58 49
18 10
80 62
49 9
116 90
61 28
81 60
80 42
71 15
66 47
107 49
95 3
117 77
36 3
55 5
92 3
75 29
36 32
71 22
75 30
27 7
26 17
31 14
68 7
7 12
33 35
28 25
71 33
39 28
130 117
124 104
115 28
119 63
96 40
111 38
87 58
85 62
72 5
35 13
130 122
110 50
57 39
85 48
115 79
104 50
43 13
101 18
101 25
127 77
111 62
26 19
21 11
102 8
26 18
103 39
9 14
111 60
131 127
104 6
60 5
47 37
90 38
46 31
129 104
124 90
29 5
57 35
127 56
86 66
3 34
66 25
108 13
47 48
47 15
4 29
125 19
50 14
29 36
131 71
45 37
39 34
65 40
64 46
46 7
62 39
99 46
94 13
38 27
39 4
89 42
33 24
45 35
43 11
61 42
37 4
24 9
80 59
4 14
34 23
128 109
57 47
62 33
3 13
127 102
9 12
91 57
65 4
102 14
82 4
124 103
42 19
22 8
80 49
46 36
130 57
49 5
130 64
88 44
89 33
112 35
56 4
57 33
85 42
110 65
63 50
5 14
40 45
45 8
25 17
75 19
115 19
103 36
119 91
118 73
111 33
72 6
38 35
130 49
90 65
65 36
90 41
61 27
90 45
78 34
17 21
35 32
45 14
41 18
26 24
41 14
62 4
36 15
81 65
48 39
117 111
47 23
22 3
46 24
106 18
55 8
33 23
49 6
84 7
98 9
78 60
104 27
4 25
36 25
111 3
51 37
60 40
106 26
115 110
103 4
46 9
107 62
44 23
25 8
59 41
39 22
97 10
48 20
118 119
51 34
63 38
32 30
50 21
89 43
38 32
73 61
15 0
13 10
104 47
118 75
34 26
8 17
42 21
23 11
100 49
106 36
120 117
48 35
94 3
126 99
110 42
85 49
44 13
60 27
62 23
25 23
88 50
33 34
43 33
21 9
35 7
50 34
33 37
74 15
41 35
117 49
29 23
40 29
110 4
16 22
41 36
90 50
46 4
4 24
36 27
59 64
71 41
123 124
55 9
43 38
33 21
119 66
131 51
36 31
65 35
83 64
5 10
69 4
61 31
108 14
78 50
26 15
23 21
47 41
104 60
97 0
116 83
30 12
88 65
124 102
13 21
123 75
45 27
70 22
47 26
37 3
32 20
91 39
38 15
57 8
85 33
32 7
78 33
60 36
39 7
113 62
85 40
73 66
26 13
52 7
87 63
111 43
113 57
64 60
58 23
62 61
66 37
127 109
45 7
71 13
66 36
125 79
102 7
45 25
38 6
50 26
23 5
13 12
71 30
99 57
61 47
15 9
112 57
19 14
127 115
98 0
80 64
103 61
129 130
8 13
129 106
44 7
91 48
30 8
63 4
112 62
119 110
61 26
58 27
115 117
103 35
103 46
60 23
108 3
111 58
30 28
40 13
60 18
38 18
115 32
130 61
106 32
40 41
8 22
38 7
51 9
41 49
103 49
29 22
37 17
125 63
41 3
46 20
130 111
85 58
62 34
39 36
39 18
117 60
38 4
111 65
92 4
29 20
41 8
130 63
22 19
104 35
100 4
66 41
90 42
65 39
63 41
20 5
101 31
38 37
35 18
22 14
116 115
16 3
94 21
29 33
66 39
18 6
8 19
4 8
85 65
119 61
47 42
111 50
31 32
40 14
38 13
23 12
47 24
50 37
50 7
64 66
81 61
37 34
49 3
25 6
106 5
36 23
41 29
58 31
104 36
11 6
50 13
33 27
6 11
70 32
29 38
83 57
36 7
42 25
87 50
39 30
119 117
38 36
37 5
103 58
42 43
6 19
84 0
71 35
25 3
60 32
71 38
7 17
117 59
109 6
71 14
15 5
57 31
40 19
3 11
64 50
62 50
110 30
56 64
3 25
45 34
73 46
104 22
26 25
65 14
83 59
70 26
66 35
5 17
111 57
123 118
78 36
110 46
115 49
48 26
78 32
36 30
50 39
15 10
53 3
106 23
55 7
111 35
63 60
112 50
65 46
59 42
127 90
41 34
16 13
28 14
100 41
44 31
77 58
9 7
131 55
111 4
64 61
119 77
117 64
124 94
2 7
57 26
90 57
49 30
32 10
113 50
47 43
104 28
75 41
112 58
125 60
60 41
124 72
40 15
125 76
51 30
28 17
64 42
50 25
55 11
110 41
34 15
65 33
45 18
28 6
17 3
42 5
34 6
113 41
107 50
125 117
23 22
88 48
88 47
28 4
23 3
110 36
50 20
6 13
43 48
97 5
127 67
19 10
9 8
33 22
90 4
96 57
62 28
61 35
124 115
90 58
13 14
22 12
50 4
10 7
124 77
106 14
29 37
33 17
42 6
103 62
106 13
103 33
61 18
34 19
35 24
87 46
55 12
62 40
127 99
43 23
104 49
56 42
101 15
103 30
32 9
80 65
47 20
39 10
26 9
43 20
18 12
63 3
50 15
40 7
3 12
60 17
3 14
131 32
127 72
51 38
57 37
80 46
29 13
43 25
104 34
7 6
41 15
27 6
58 8
121 75
47 22
62 44
70 4
129 127
127 73
30 26
110 34
110 33
110 32
62 42
112 31
4 3
103 50
48 31
62 46
121 83
123 92
78 47
74 6
106 15
32 26
25 7
119 115
109 15
44 9
111 39
112 60
49 13
87 62
116 96
106 9
47 3
128 97
100 60
78 24
36 18
4 36
16 20
18 22
4 21
37 9
58 35
27 4
115 57
124 109
65 32
125 46
48 25
117 112
115 59
4 18
29 9
91 49
120 75
41 30
61 3
16 11
44 3
21 12
65 8
101 5
35 4
32 28
5 13
126 87
30 20
49 26
81 58
86 46
131 98
43 10
125 77
66 44
90 49
71 29
21 15
102 4
96 42
57 23
62 43
18 3
66 49
56 61
34 27
60 21
45 29
101 26
56 58
121 96
66 50
45 32
88 58
78 48
112 49
8 10
118 56
39 23
42 17
88 60
15 8
38 34
64 44
60 34
62 47
37 7
15 3
127 103
42 36
41 19
112 46
7 14
50 31
115 46
48 23
59 62
103 31
27 3
3 22
58 38
115 100
118 115
31 4
20 13
40 26
86 58
94 19
65 30
52 3
125 78
123 115
86 43
64 47
82 13
5 19
99 63
111 36
124 92
9 0
24 11
111 61
91 58
109 4
112 37
57 46
128 103
23 7
66 8
81 64
39 5
29 17
17 10
71 34
63 43
51 31
115 58
70 30
57 43
37 14
127 93
29 3
70 11
9 5
93 4
97 1
18 0
88 4
10 14
48 22
29 30
56 65
58 24
106 22
80 47
6 0
31 8
90 44
27 23
38 3
87 64
118 104
51 18
119 111
78 31
78 27
40 24
60 33
100 57
110 58
47 6
85 29
102 13
102 5
49 17
96 61
104 20
125 61
19 21
107 40
74 14
61 6
103 34
42 29
17 11
125 100
46 15
42 33
45 22
36 26
45 6
36 14
82 14
29 21
29 25
51 6
124 54
29 31
41 20
68 3
98 15
8 21
28 22
130 60
36 8
45 17
46 22
91 42
30 9
33 20
123 109
3 27
26 3
78 45
91 47
30 25
58 30
56 41
34 32
114 103
42 30
4 30
40 39
3 32
115 65
36 11
88 61
49 34
50 49
39 6
97 6
27 25
29 11
60 24
58 34
17 18
103 29
119 32
43 36
81 41
86 63
87 29
20 17
10 12
49 43
46 33
116 117
42 14
85 47
88 43
18 21
55 3
107 64
71 36
83 46
58 32
66 32
130 62
49 37
33 18
46 48
35 12
36 24
16 4
99 60
120 115
40 30
82 3
43 22
61 8
37 6
125 57
33 14
33 10
48 11
78 43
125 122
90 48
93 3
98 11
17 19
80 40
25 20
66 46
106 30
33 4
42 44
40 17
48 37
104 48
52 9
87 66
87 45
46 45
34 25
47 31
45 30
131 107
50 8
27 20
59 50
61 20
71 46
34 17
91 63
103 48
20 8
97 7
78 17
127 53
106 20
82 6
22 6
42 23
58 28
49 38
28 8
40 47
130 78
59 63
81 46
112 65
60 25
103 44
96 58
37 10
40 23
71 27
123 53
131 89
80 63
39 17
56 63
66 34
91 44
110 45
106 24
43 14
48 5
88 57
115 113
23 13
85 63
34 10
36 22
47 46
71 25
17 9
17 22
71 23
97 11
7 11
51 22
84 6
96 62
39 27
74 9
117 100
71 37
52 11
27 13
35 21
20 18
41 26
23 9
48 29
71 49
43 30
43 29
116 56
91 41
46 49
4 11
113 64
30 22
73 60
110 25
28 3
91 46
64 57
91 38
28 15
130 113
6 21
33 5
9 6
39 35
35 9
97 14
44 32
26 11
27 21
74 7
17 4
123 72
37 18
107 42
49 19
55 19
59 46
70 28
18 11
112 34
125 59
31 7
87 44
60 29
31 22
130 112
38 11
34 7
70 37
61 29
124 68
55 14
98 14
124 75
31 34
63 31
87 65
60 7
9 1
62 20
4 38
27 22
124 101
130 79
113 46
114 54
117 65
37 19
88 45
48 6
104 45
40 20
115 111
83 47
29 35
3 26
70 17
89 65
39 20
39 8
131 74
36 21
110 29
18 5
39 21
48 45
125 110
60 45
4 13
94 12
108 5
49 21
57 48
72 3
103 47
24 12
62 49
131 30
84 15
106 34
29 8
61 60
46 38
29 27
86 4
23 14
16 12
61 30
100 66
61 32
109 11
24 8
109 19
25 22
130 50
78 23
18 14
31 15
33 19
107 60
91 29
28 10
101 10
108 4
107 61
36 10
65 26
114 115
62 27
127 108
22 15
63 36
19 12
103 41
111 32
45 4
46 50
20 0
14 0
118 96
59 57
118 103
48 3
41 31
127 76
71 24
46 41
66 24
123 77
44 8
109 21
111 44
70 34
27 8
126 89
56 44
63 40
44 39
101 6
90 62
119 46
99 65
43 34
115 61
9 11
29 15
102 3
11 7
65 48
116 75
104 37
111 66
32 14
131 106
39 12
4 32
130 110
39 26
78 26
37 28
3 6
115 112
100 46
60 37
85 45
19 15
48 32
24 10
11 13
47 49
44 48
57 30
117 63
111 37
101 13
112 43
45 39
60 4
58 65
78 35
114 89
14 10
50 17
11 0
60 39
70 23
101 11
50 29
28 11
57 50
70 21
72 13
8 23
45 11
74 0
48 7
33 11
63 62
43 37
104 24
104 44
41 25
16 10
103 40
27 5
81 43
49 22
56 57
21 0
111 48
26 14
59 4
38 23
20 7
80 61
126 86
63 48
120 96
75 42
123 103
38 21
42 34
22 5
29 32
94 6
27 19
64 48
51 27
44 21
129 103
117 76
10 6
64 63
78 42
97 13
80 50
101 20
30 10
100 43
89 61
48 38
21 6
22 10
115 60
39 32
41 24
15 14
127 75
11 1
78 29
91 43
57 36
40 32
62 30
82 5
91 40
112 61
36 19
34 12
52 10
130 100
125 91
20 19
97 8
114 30
65 38
29 6
28 5
32 25
124 96
80 60
3 24
113 45
26 10
40 46
16 24
112 45
65 37
48 17
100 61
118 83
56 43
43 45
3 10
68 6
87 49
29 39
34 28
48 8
47 14
114 95
115 77
119 49
25 4
8 5
65 3
8 6
121 90
19 5
73 30
126 94
31 21
99 62
36 28
80 57
43 24
40 38
57 25
44 45
41 6
110 60
42 48
35 14
90 66
58 61
119 112
33 3
32 6
52 0
47 44
110 61
130 40
44 50
28 7
38 20
61 48
71 21
70 5
43 21
66 42
130 59
61 25
78 8
113 61
42 45
16 8
24 23
111 26
111 47
95 5
4 27
110 26
112 47
58 37
78 41
113 63
19 7
60 35
106 39
51 24
78 25
40 3
33 6
5 22
105 1
104 33
26 20
19 9
121 117
128 89
5 6
32 4
40 8
109 3
49 48
62 7
29 14
124 122
106 10
46 29
100 29
24 13
38 14
127 54
104 41
49 39
43 3
112 42
40 4
5 12
96 63
88 42
29 34
61 38
38 8
110 39
81 40
64 49
45 28
81 50
109 5
112 41
105 0
107 58
57 34
59 58
23 20
4 23
46 23
45 26
37 25
65 45
118 120
60 44
65 60
54 4
50 19
89 57
130 28
51 5
126 80
4 34
28 13
63 44
111 29
121 56
95 7
24 5
34 24
130 32
45 38
46 35
45 24
81 62
101 35
40 27
112 66
40 25
130 58
44 28
57 24
47 30
8 24
30 7
57 27
34 13
89 44
60 49
50 43
6 14
63 57
45 31
58 50
47 29
38 9
49 32
104 30
51 33
24 18
75 78
131 103
44 24
124 95
26 6
119 58
130 46
36 9
50 6
100 48
63 45
2 3
24 22
52 8
21 14
44 43
44 33
98 10
110 44
62 8
38 10
37 30
61 49
78 28
28 24
65 41
131 109
48 13
66 27
106 21
101 37
101 3
65 23
117 58
71 31
114 107
101 14
58 48
41 7
11 14
56 47
55 0
45 5
59 47
66 31
43 5
64 65
40 36
43 15
72 8
119 59
48 18
63 65
123 54
100 50
70 15
51 3
44 30
74 12
4 45
70 24
6 5
74 3
113 49
58 60
73 57
35 27
127 83
74 13
10 13
110 40
112 32
41 5
108 6
51 28
42 27
34 14
30 5
113 47
43 39
108 8
61 36
35 23
39 19
104 18
110 66
58 47
3 17
87 47
70 7
29 18
90 60
41 21
44 36
23 18
117 79
30 14
47 36
44 49
43 28
41 37
71 5
41 27
41 32
49 18
31 20
119 78
30 17
120 56
16 6
42 15
115 40
51 13
27 10
65 29
100 45
100 42
65 20
37 24
86 45
91 60
65 47
4 39
68 4
17 7
57 28
18 15
3 30
65 44
115 91
30 11
73 62
28 20
60 19
90 39
40 49
42 20
98 3
56 46
131 52
86 42
66 29
71 28
43 7
71 19
24 19
48 33
70 13
89 45
46 17
110 62
71 4
130 19
42 49
81 49
45 9
62 41
81 57
128 98
61 37
47 27
83 61
42 37
60 46
0 1
103 60
16 15
51 8
59 40
23 10
44 41
75 39
75 34
24 20
13 19
46 5
46 21
49 31
46 19
127 69
87 48
91 4
38 28
65 7
36 20
17 13
98 12
47 4
44 14
75 45
47 50
84 12
51 11
89 63
37 20
55 10
106 4
125 64
104 4
44 27
64 29
119 65
131 97
124 56
104 32
22 13
34 21
66 33
117 19
13 11
109 9
85 57
44 15
86 64
14 21
115 76
113 58
119 79
4 37
26 27
88 63
62 29
61 40
119 50
117 46
118 121
57 32
34 22
65 28
18 13
101 22
39 24
85 4
90 47
91 45
71 45
85 38
43 26
19 8
19 11
52 12
89 49
58 43
33 39
124 84
65 21
15 13
63 33
71 20
62 32
35 3
72 14
84 9
94 8
14 19
38 31
36 4
96 66
45 15
78 38
129 118
47 19
47 33
61 34
48 9
78 20
65 24
106 25
57 3
60 48
51 35
127 79
61 39
44 35
51 10
60 50
59 43
24 17
80 66
38 25
85 61
42 46
48 34
74 10
71 17
51 7
26 8
31 17
42 35
42 26
26 21
25 15
40 28
25 5
103 3
3 19
43 31
70 10
109 10
56 62
57 49
28 21
32 8
115 39
33 36
15 6
115 62
124 76
117 91
106 35
42 41
75 33
45 36
51 39
86 40
66 38
110 57
2 8
60 47
66 61
124 93
57 58
125 49
91 62
94 9
27 9
106 28
73 65
107 66
30 15
130 39
119 76
98 6
61 4
45 23
84 13
27 11
50 30
101 19
100 65
83 60
14 12
32 17
19 6
16 18
131 16
56 59
36 13
35 22
126 85
115 66
71 44
58 17
42 4
58 44
131 104
101 17
59 66
37 26
25 19
124 67
58 18
47 13
52 5
23 15
3 21
61 44
96 47
109 8
3 35
25 14
85 66
31 25
127 122
42 24
83 44
113 65
104 25
41 17
40 37
37 32
65 50
33 7
7 19
96 60
68 8
131 130
117 40
12 0
119 60
38 24
102 6
49 20
111 40
77 57
45 20
43 4
84 19
91 66
2 4
127 68
115 50
33 26
3 8
91 65
31 5
42 7
45 19
45 21
44 19
107 65
39 3
107 44
80 58
115 78
106 17
19 3
99 30
64 43
14 11
104 65
72 4
15 11
63 42
86 61
42 9
40 43
31 35
43 9
7 13
44 17
34 5
104 26
67 4
18 4
3 7
20 22
60 3
71 48
28 9
79 4
56 50
30 6
41 22
50 24
109 22
125 115
88 41
31 23
34 4
94 15
39 25
70 6
81 47
127 104
63 46
52 21
101 4
37 12
60 30
48 15
119 113
78 40
49 35
89 41
32 3
58 46
48 14
101 36
59 48
87 40
117 62
26 12
11 12
42 38
56 60
126 84
33 9
29 24
128 30
85 46
63 66
5 11
29 10
7 21
16 7
5 0
119 100
41 45
72 7
49 27
99 58
81 63
110 48
78 39
36 17
94 7
55 15
117 110
15 12
46 6
100 44
17 8
61 24
98 1
50 45
120 83
66 57
52 13
38 17
62 58
111 46
34 8
89 46
66 26
103 32
37 8
12 1
128 107
32 21
104 42
119 19
38 22
31 13
26 23
32 23
85 44
117 61
89 4
128 115
70 35
111 41
57 42
113 29
31 12
64 4
21 10
89 58
88 49
124 108
89 62
63 61
6 17
114 75
32 15
44 4
4 26
110 37
57 62
60 15
100 63
30 21
20 11
17 6
104 40
32 13
101 27
20 15
95 13
101 23
62 31
65 31
16 9
61 45
112 48
38 30
58 26
50 28
18 8
75 79
71 32
78 37
48 28
56 49
80 44
86 48
25 12
66 23
59 61
127 96
62 37
70 14
47 7
43 19
110 3
40 6
50 22
110 35
59 44
34 20
127 125
127 92
103 37
35 30
71 43
126 107
64 45
65 18
104 14
119 62
33 25
40 50
110 28
58 39
104 3
27 14
78 22
95 8
34 9
44 5
66 28
83 65
47 18
60 28
117 66
78 44
80 41
26 22
99 64
44 34
78 61
31 6
111 30
40 34
60 38
5 21
106 3
26 4
59 65
71 18
48 21
106 8
104 5
119 122
70 25
90 40
30 27
41 4
42 31
8 11
41 43
24 7
86 62
59 49
123 30
70 27
88 62
61 19
22 11
86 29
23 6
117 28
47 38
51 26
60 13
46 32
86 65
43 17
62 26
73 63
29 7
64 41
15 1
49 33
46 28
21 7
57 4
130 65
20 6
42 28
86 44
85 41
35 20
13 22
26 28
20 9
49 36
106 11
25 21
4 35
27 18
65 42
41 9
52 14
83 42
125 32
42 13
130 91
49 14
47 17
66 58
126 2
47 32
110 27
66 45
49 8
40 21
114 104
32 24
49 29
81 44
78 18
90 61
18 7
112 40
41 48
30 23
45 13
22 21
48 10
65 27
33 38
128 104
16 17
104 13
130 66
83 58
71 26
57 29
27 15
52 19
58 3
7 0
95 4
117 122
37 11
82 8
78 65
39 37
124 69
62 45
98 7
63 58
58 25
4 5
56 66
40 33
21 8
35 10
109 7
46 27
129 115
89 29
31 26
35 11
46 25
97 12
70 9
111 45
47 34
75 76
7 22
28 18
37 21
52 6
25 10
104 61
46 3
117 57
57 61
89 40
41 33
71 50
70 36
63 37
38 19
49 25
57 65
86 49
61 65
88 64
58 4
65 43
86 60
35 19
107 59
47 8
28 12
43 18
21 3
111 31
104 17
38 5
24 15
7 5
44 6
104 43
86 47
11 5
94 0
101 34
51 25
29 28
66 3
32 12
7 10
62 25
65 17
4 17
103 42
113 60
33 15
24 6
39 15
10 1
28 23
115 63
90 33
118 84
33 13
51 15
112 38
58 33
100 58
66 65
58 45
3 5
87 43
124 125
109 13
4 10
110 8
70 19
101 21
3 28
17 12
124 30
25 13
65 22
66 60
15 7
58 42
119 57
37 15
61 46
46 30
91 61
22 0
31 3
78 49
2 5
45 33
44 20
4 7
71 8
47 5
56 40
24 14
94 14
91 50
119 40
110 49
112 3
112 33
66 62
35 8
89 66
71 3
41 28
63 47
24 4
117 78
46 26
58 36
57 40
76 4
83 66
25 9
31 30
45 3
61 33
104 38
110 31
25 24
34 18
87 60
58 29
84 21
60 26
109 14
94 5
44 29
42 22
112 36
117 115
