44 3
36 1
27 21
21 7
45 1
13 15
6 11
13 21
42 2
29 21
5 12
24 7
20 1
19 8
49 3
48 15
34 3
5 10
25 8
34 2
25 7
43 1
36 2
48 16
7 11
27 19
47 1
27 26
9 10
49 4
32 16
0 1
48 1
32 9
6 10
49 19
20 8
48 24
23 6
3 8
27 23
49 18
29 16
35 2
3 10
14 8
3 11
38 1
19 7
13 20
22 6
31 3
15 7
32 3
27 4
48 19
9 5
37 16
8 11
34 1
30 16
27 14
4 1
39 1
7 5
21 8
16 12
46 3
4 8
13 24
27 20
28 14
46 2
48 3
29 24
29 26
29 1
46 17
8 5
2 10
27 22
27 3
26 6
4 7
46 20
8 10
9 12
17 6
48 25
49 15
13 26
29 18
22 7
49 26
23 7
13 17
19 6
4 6
3 7
37 9
18 6
49 1
49 22
29 3
49 2
3 12
2 12
44 2
49 23
48 14
27 17
14 6
48 22
49 16
14 5
9 11
27 9
48 17
1 12
21 6
31 2
32 2
19 5
46 23
27 18
41 16
27 24
48 4
2 11
20 7
29 25
24 8
26 5
30 2
29 9
46 1
0 3
13 16
46 9
46 15
37 2
49 17
13 4
32 1
8 7
20 5
22 5
29 20
29 17
30 9
6 7
48 21
29 15
1 10
13 2
41 1
29 14
46 22
41 3
29 2
49 14
31 16
46 25
46 4
49 24
38 2
46 21
28 1
26 7
23 5
15 6
25 5
29 19
13 23
13 9
15 8
13 1
24 6
6 12
39 2
7 12
27 25
25 6
40 1
49 20
36 3
4 5
13 14
18 7
29 23
48 23
29 22
46 26
48 26
13 19
17 5
17 7
37 3
46 14
49 9
20 6
27 2
15 5
16 11
29 4
30 3
28 15
23 8
16 5
5 11
46 18
44 16
46 16
8 6
3 6
33 1
30 1
37 1
36 9
13 18
37 5
1 5
44 1
27 16
48 2
22 8
46 19
44 9
24 1
0 2
46 24
13 25
17 8
10 12
18 8
49 25
13 22
26 8
3 5
27 1
48 9
49 21
18 5
16 10
8 12
11 12
36 16
42 1
13 3
6 8
48 20
35 1
31 1
48 18
6 5
34 16
1 11
24 5
41 2
21 5
14 7
27 15
7 10
39 3
