0 6
8 9
28 6
18 8
2 9
17 8
19 5
12 5
26 10
26 5
17 3
0 1
12 3
13 1
6 3
20 23
13 9
6 9
24 23
8 6
15 9
28 9
7 9
28 1
0 7
28 4
27 5
14 3
13 8
26 8
9 2
12 10
29 1
19 9
5 9
8 2
26 6
19 1
0 3
19 4
25 10
20 6
24 4
25 6
25 8
11 2
0 2
6 8
14 10
17 9
14 7
27 6
16 1
29 7
0 9
27 8
19 6
13 6
19 2
16 6
11 4
29 4
14 4
18 3
13 7
12 1
24 22
20 9
29 5
19 10
18 4
16 8
11 3
18 9
12 2
24 2
18 10
11 1
27 3
7 6
25 5
16 5
25 3
13 5
18 1
20 24
18 2
17 6
24 5
28 8
11 5
11 7
18 7
26 3
6 1
27 2
27 1
7 3
6 2
12 7
26 2
28 7
20 7
14 8
16 9
29 9
29 8
20 15
2 1
19 7
17 10
25 9
28 10
25 7
16 10
28 3
24 3
17 5
24 30
11 6
19 8
0 5
14 1
17 2
27 9
14 9
4 9
14 5
16 4
12 6
29 6
26 1
11 9
27 10
17 4
13 10
13 3
25 4
4 2
0 10
16 2
27 4
5 2
15 2
28 2
17 7
24 6
12 8
24 15
20 22
24 9
26 4
0 8
29 10
29 3
20 21
16 7
16 3
14 2
7 8
18 6
25 2
0 4
11 10
11 8
12 4
19 3
29 2
14 6
17 1
27 7
26 7
12 9
28 5
18 5
13 4
13 2
26 9
25 1
