32 6
85 3
13 8
7 8
18 33
18 35
18 20
92 9
87 50
81 5
42 3
12 3
6 3
62 16
11 9
84 5
10 2
76 5
0 2
39 4
62 52
62 67
18 30
82 3
58 50
77 7
18 45
42 8
62 9
42 7
45 6
41 7
57 9
18 29
62 68
77 1
44 1
82 7
91 7
39 7
76 1
17 4
90 6
77 2
0 7
81 4
86 8
41 2
79 7
59 50
11 7
78 9
6 5
10 6
55 1
62 70
43 3
22 1
55 5
14 3
39 6
73 1
76 7
90 4
40 5
78 8
74 50
41 6
47 2
85 1
23 3
23 1
57 4
85 7
58 9
75 3
57 2
23 5
52 9
80 51
87 51
17 9
45 4
83 8
53 1
60 7
62 64
62 71
92 1
28 5
18 42
86 9
29 2
9 50
81 9
46 2
49 9
56 6
83 9
15 6
49 51
2 5
46 4
86 7
18 22
79 5
78 7
70 51
77 3
18 23
1 5
48 4
82 1
40 3
78 5
82 9
17 1
7 3
32 1
0 9
76 8
93 8
46 1
85 2
45 3
16 4
53 2
82 2
79 3
15 1
62 73
44 3
90 5
48 3
83 2
91 9
62 55
22 7
16 9
23 9
55 3
45 9
40 52
53 6
13 7
13 6
73 9
57 1
57 8
44 5
91 8
10 4
85 5
75 6
62 7
28 2
47 9
0 3
43 5
91 1
29 4
53 8
84 6
54 3
61 9
18 21
60 4
62 2
78 2
40 4
83 6
0 1
79 6
51 9
48 2
22 8
18 36
10 5
18 13
28 1
46 5
75 4
83 4
11 6
75 9
92 8
46 52
14 4
18 40
75 2
86 59
22 9
18 47
62 74
55 9
93 6
80 9
86 1
42 5
70 50
1 3
41 1
12 6
11 5
57 7
16 2
28 9
18 31
12 1
22 3
81 2
60 3
76 3
84 3
43 6
76 6
62 61
41 4
54 8
86 5
10 7
40 8
48 8
10 1
79 4
88 51
46 3
62 49
62 0
43 4
62 69
43 9
74 51
45 7
48 1
7 4
11 3
91 3
77 4
49 50
56 1
53 5
46 59
1 4
32 58
39 8
93 7
86 3
16 3
18 39
62 59
22 6
18 32
18 11
77 5
17 2
62 63
59 9
40 59
46 6
42 1
71 51
54 5
18 25
13 5
93 3
14 5
15 7
71 50
29 7
75 5
44 7
22 5
55 4
12 8
30 4
54 1
56 8
48 7
60 2
86 52
90 1
73 4
30 5
81 8
15 5
46 58
11 2
84 9
60 1
44 9
23 2
15 9
17 8
11 4
32 59
18 34
88 9
56 9
0 6
81 3
32 8
62 65
84 4
55 8
93 2
62 17
73 5
0 4
91 4
32 3
62 6
29 59
16 8
72 50
45 1
39 2
47 5
73 6
18 15
47 3
42 9
17 5
42 4
18 44
13 4
39 3
23 6
82 8
54 4
76 2
18 46
43 8
32 2
15 8
81 6
84 1
55 7
90 8
44 2
77 9
48 9
18 26
85 4
88 50
84 8
11 1
61 50
56 3
28 4
83 3
16 1
62 66
11 8
32 52
1 8
32 7
52 50
62 72
92 7
75 7
22 2
17 7
15 2
53 7
43 7
18 14
62 58
29 5
23 4
18 41
73 2
28 7
89 51
86 2
41 5
91 2
28 3
58 51
79 9
89 9
10 3
12 9
78 6
10 9
52 51
32 5
60 9
93 5
13 3
17 6
82 4
54 6
2 4
62 51
74 9
18 19
16 5
90 2
14 2
92 6
72 51
16 6
60 8
60 6
77 6
80 50
41 8
13 9
47 6
87 9
40 58
12 5
92 5
93 9
84 2
73 8
45 8
85 9
18 37
72 9
92 3
29 52
73 7
76 9
29 3
2 3
78 3
18 28
39 1
42 2
83 1
79 1
44 6
46 7
61 51
32 4
54 9
46 9
93 4
39 5
75 1
12 2
84 7
57 3
85 6
92 4
29 9
71 9
55 2
91 6
83 5
45 2
55 6
81 7
91 5
56 5
30 2
45 5
22 4
7 5
41 9
73 3
53 3
43 1
15 4
17 3
86 58
90 9
29 58
75 8
18 10
48 5
15 3
62 54
79 8
86 4
10 8
90 3
56 7
93 1
54 7
42 6
18 27
30 3
90 7
13 1
54 2
48 6
28 6
78 4
47 7
56 2
41 3
18 24
39 9
6 8
28 8
12 4
29 6
44 8
57 5
16 7
86 6
53 4
62 1
23 8
76 4
81 1
83 7
56 4
60 5
23 7
43 2
89 50
18 48
47 1
29 8
18 43
29 1
9 51
32 9
82 6
70 9
6 4
82 5
51 50
85 8
0 8
47 4
2 8
59 51
53 9
12 7
44 4
92 2
0 5
78 1
47 8
46 8
18 38
57 6
13 2
77 8
79 2
