22 18
37 4
37 1
33 9
32 10
20 3
21 2
46 4
43 3
33 11
28 7
51 10
17 9
24 6
38 3
52 12
34 30
28 12
26 10
32 8
37 3
9 11
10 14
9 10
26 6
34 31
2 9
34 2
34 32
38 10
29 11
22 24
18 7
21 3
29 9
18 11
29 6
32 7
49 39
20 4
48 4
33 10
34 28
29 12
41 3
46 1
48 2
26 8
4 8
24 11
42 3
15 2
44 4
19 2
50 3
39 8
9 6
48 1
18 8
33 8
28 11
34 18
18 6
27 6
22 26
43 2
33 7
31 8
27 10
3 6
22 23
33 12
35 1
49 4
40 1
0 1
31 9
0 3
22 30
7 8
17 8
44 3
41 4
13 14
45 4
35 4
47 1
6 11
24 10
38 1
46 3
22 27
38 4
30 9
18 9
11 9
24 12
41 12
49 10
2 8
29 7
17 10
24 9
34 5
31 11
16 6
22 1
27 11
27 12
3 12
18 10
39 10
3 11
22 3
23 10
34 26
30 11
22 17
19 1
34 17
2 6
35 2
1 10
32 12
22 4
8 14
28 9
28 6
32 11
41 39
17 11
1 8
36 4
26 7
19 4
38 12
50 2
50 4
6 10
26 11
30 10
25 7
49 3
22 5
15 3
19 3
42 4
30 8
5 10
34 33
33 6
34 25
21 4
2 11
9 8
34 29
22 32
7 10
45 3
22 33
25 10
40 2
5 12
25 9
34 24
16 12
22 28
43 1
42 2
6 12
16 7
34 1
11 6
34 27
22 16
4 10
36 3
3 8
41 10
39 12
17 7
49 1
44 1
31 7
43 4
11 10
25 6
32 6
3 10
35 3
6 9
40 4
22 29
15 1
15 4
5 6
47 4
27 8
25 8
9 12
49 12
51 8
23 12
48 3
3 9
25 12
18 12
41 2
44 2
22 31
20 2
45 1
0 4
2 10
51 13
30 7
23 8
28 8
5 9
51 39
16 10
46 2
25 11
2 12
26 12
0 2
17 6
16 9
12 14
51 12
47 3
11 12
34 4
37 2
30 12
31 6
32 9
16 11
22 25
21 1
47 2
1 12
50 1
24 8
36 1
20 1
29 8
27 7
5 8
49 2
38 2
28 10
34 3
42 1
31 12
41 1
27 9
26 9
24 7
5 7
30 6
45 2
38 8
16 8
34 16
6 8
17 12
34 23
7 12
40 3
31 10
36 2
22 2
4 12
11 8
5 11
29 10
