78 4
22 33
54 31
80 37
1 39
39 7
61 40
86 40
27 38
66 27
58 3
84 55
87 38
18 4
84 24
56 29
62 25
76 14
75 25
27 29
58 49
79 5
69 37
62 1
55 36
15 4
1 6
1 4
52 32
44 21
44 52
67 52
62 50
31 20
44 45
56 30
26 7
84 74
43 37
48 38
87 21
55 50
87 25
44 47
27 1
90 40
69 5
31 40
27 40
43 4
62 26
84 69
48 25
79 40
44 2
65 1
70 11
21 7
67 68
84 87
90 4
26 12
44 19
62 72
67 25
86 31
22 8
67 5
90 25
31 37
62 47
40 1
84 13
70 39
55 33
31 14
69 4
56 37
74 4
21 12
22 10
69 21
67 4
70 40
76 47
67 20
79 26
63 4
13 4
48 46
79 52
44 49
4 34
65 26
48 26
27 4
80 27
58 60
18 10
42 25
84 56
83 14
37 32
64 4
31 11
22 9
31 52
79 1
87 26
84 16
20 12
58 48
58 62
69 31
75 40
76 52
31 19
65 25
67 11
84 76
79 31
67 39
0 2
44 31
42 4
67 33
84 44
67 50
43 1
27 36
31 1
79 41
48 11
83 37
48 2
84 83
4 32
79 34
27 31
90 31
44 1
5 6
62 27
31 53
20 6
71 4
61 1
80 49
49 27
18 35
62 31
24 25
5 8
49 4
58 61
66 49
24 26
84 64
44 50
84 65
86 1
5 7
82 1
44 4
70 38
62 36
84 80
18 34
67 19
5 4
5 10
22 4
22 32
70 1
75 38
56 27
77 25
44 27
75 5
67 53
48 4
44 40
55 47
87 1
70 37
27 30
48 31
1 7
87 39
84 75
27 20
87 20
44 46
4 6
69 40
48 14
83 26
22 34
70 33
42 34
69 1
55 52
55 41
83 31
86 38
75 27
84 62
89 4
87 23
87 27
58 55
27 32
48 52
48 68
84 78
76 4
17 5
84 43
69 23
21 6
67 21
44 38
69 70
27 39
48 33
48 50
55 2
75 37
17 18
72 4
57 4
58 27
18 8
24 4
22 35
79 37
77 4
55 45
48 47
75 1
84 67
75 11
48 51
84 71
31 25
31 38
43 14
21 32
11 7
79 27
84 79
44 35
84 0
44 39
83 2
84 89
58 4
67 1
76 73
62 5
0 1
16 4
62 52
91 4
27 33
88 4
80 48
55 32
48 39
83 39
44 11
44 26
48 37
84 82
84 48
87 19
76 2
62 49
17 19
79 38
67 45
48 35
42 27
84 77
38 8
44 51
55 30
3 4
62 4
17 22
4 33
80 31
67 38
31 9
58 2
70 31
77 38
17 23
31 41
67 26
70 4
67 37
54 55
84 85
87 31
67 40
66 48
76 30
44 20
67 35
44 48
31 26
31 4
87 5
44 25
79 29
18 9
84 90
67 14
27 14
76 27
37 6
87 37
48 36
70 20
86 5
84 57
70 5
58 56
13 1
31 21
48 19
26 6
69 25
4 35
18 33
70 25
84 15
85 4
42 2
42 32
17 20
48 27
70 35
79 2
44 37
31 39
27 34
27 37
48 73
86 25
70 68
87 4
79 47
62 48
84 86
58 59
58 37
43 40
84 49
84 17
27 6
75 26
54 56
27 2
55 68
65 31
17 21
20 4
39 6
11 6
37 12
65 38
86 26
65 40
5 9
56 14
48 40
25 4
13 14
27 41
26 8
62 2
79 32
86 4
79 4
27 28
86 63
84 42
4 7
48 1
48 81
69 26
62 40
77 1
27 35
69 38
62 29
62 14
67 28
11 9
55 4
79 14
70 19
84 88
18 32
79 25
48 21
1 20
44 33
11 12
62 73
86 91
44 14
