110 100
65 37
94 35
98 95
31 8
68 44
42 21
65 8
16 3
47 3
27 20
50 4
109 48
35 7
103 78
38 22
71 33
6 10
10 7
38 11
3 1
93 39
1 15
14 7
26 29
113 63
82 6
32 44
59 39
105 22
38 46
107 100
17 6
38 35
33 16
19 2
60 9
112 85
111 30
31 19
20 1
3 46
43 31
76 37
39 11
105 61
32 6
97 50
9 10
5 15
105 36
38 15
110 57
69 28
76 33
32 22
66 3
65 16
8 7
42 39
60 22
46 3
47 7
104 98
39 3
97 48
71 34
81 32
61 7
92 19
70 28
31 1
23 26
56 13
46 18
26 32
2 10
95 27
19 10
25 47
14 13
65 19
74 36
65 29
89 3
30 38
113 85
45 32
51 3
111 71
22 3
93 37
28 30
60 47
28 46
43 25
41 37
65 44
73 35
30 29
75 30
72 27
27 3
93 3
97 58
95 26
32 38
92 29
14 3
105 108
98 43
73 44
92 46
30 47
8 2
3 20
68 28
88 20
58 60
113 91
86 27
2 13
29 3
42 37
16 6
25 39
50 2
86 42
14 9
53 7
85 29
42 26
39 15
42 29
105 30
98 59
92 31
69 33
44 1
95 43
117 113
15 7
33 4
24 31
49 1
9 12
47 21
76 29
19 6
95 28
73 33
105 59
80 21
37 19
1 13
73 70
43 24
110 75
87 3
86 30
44 10
22 2
73 32
2 6
5 8
116 43
116 63
83 7
30 46
24 27
20 10
55 8
27 30
68 33
27 32
87 4
16 13
73 43
74 43
93 25
24 39
37 9
47 6
69 31
88 29
58 62
31 6
5 10
3 47
28 33
86 36
27 19
99 100
75 29
3 10
111 98
65 31
34 40
38 21
53 2
116 66
21 13
92 3
17 21
25 20
47 22
39 20
113 51
18 10
47 10
59 32
110 56
98 41
33 44
30 33
14 15
111 76
4 9
35 21
20 4
41 36
59 2
73 27
17 18
34 38
78 35
52 14
22 11
16 7
3 8
19 7
95 37
74 3
98 92
25 31
31 14
24 35
117 53
97 18
114 53
59 38
36 33
35 18
6 15
35 46
53 3
64 33
93 32
82 4
86 37
11 6
106 81
22 7
31 39
33 20
35 16
64 34
113 89
110 88
41 25
44 14
103 45
60 38
78 28
46 22
67 30
74 29
35 44
105 92
116 98
37 44
60 2
76 38
11 12
74 45
78 30
95 36
40 3
103 33
80 18
72 25
80 20
73 41
116 34
43 28
74 25
105 34
76 25
93 47
104 99
68 34
115 98
41 3
112 100
112 23
25 21
58 18
18 13
35 29
92 18
82 1
24 21
42 33
60 3
74 44
16 4
32 16
40 4
32 18
116 26
54 10
76 30
110 101
70 3
105 28
17 15
21 2
86 45
116 37
92 39
88 38
98 70
109 87
30 3
39 47
39 4
70 26
71 37
116 27
32 9
38 47
98 36
17 4
2 12
116 45
17 7
40 2
72 24
25 18
43 29
3 22
68 37
46 7
111 92
72 43
86 28
52 13
31 10
88 46
113 75
34 36
34 30
88 3
46 1
18 7
113 81
5 6
81 28
110 77
71 44
55 37
71 45
110 82
106 98
98 30
69 35
59 16
5 1
33 22
68 35
72 33
75 32
15 6
8 1
113 82
103 71
36 47
107 103
29 19
70 29
54 13
73 26
59 19
116 61
36 46
71 35
7 13
68 32
47 8
81 40
105 64
95 45
94 42
40 19
28 24
45 33
71 28
18 1
3 14
107 101
32 12
25 16
41 26
40 44
99 101
26 19
111 63
19 14
44 18
105 103
28 34
45 34
111 27
19 18
12 1
69 36
47 16
37 6
117 55
65 9
69 43
88 25
3 2
23 44
59 20
103 93
58 59
17 16
50 3
29 16
4 12
28 36
94 41
16 10
55 1
60 46
17 13
95 34
95 44
53 1
19 13
99 103
99 75
61 2
19 15
106 102
35 2
53 8
116 44
68 40
85 44
86 41
52 19
71 29
12 10
98 71
37 35
60 18
67 29
22 6
9 6
116 40
60 37
18 6
27 39
98 60
76 24
20 21
95 30
70 37
113 79
8 15
43 38
82 7
47 12
29 31
93 34
8 4
35 39
78 36
73 34
34 18
65 35
29 7
41 34
93 19
4 11
20 15
72 37
54 12
46 47
117 17
4 2
41 44
43 32
105 65
98 103
23 31
93 31
81 24
32 39
37 18
42 47
110 83
32 1
64 70
92 37
32 2
3 15
111 70
72 42
78 43
67 36
32 3
103 26
26 3
39 12
49 15
107 98
33 39
95 42
55 38
23 41
105 78
3 9
42 32
32 14
31 3
116 64
20 12
113 84
75 47
27 31
23 29
72 73
20 11
111 28
93 40
52 12
39 18
28 29
71 43
45 26
24 37
111 43
112 0
103 13
116 108
40 22
107 75
93 30
49 13
72 32
67 37
111 36
98 62
111 108
103 34
116 13
1 6
25 19
19 9
44 4
41 30
88 26
14 4
21 18
22 12
104 105
65 32
88 39
93 46
37 22
81 70
33 29
41 40
18 22
42 44
55 29
4 7
31 47
115 113
29 39
103 94
26 37
31 2
65 4
54 7
23 38
26 22
29 14
52 15
5 13
70 39
103 108
68 30
2 7
116 95
5 14
107 81
104 86
71 24
36 38
32 20
68 25
30 19
36 40
27 40
70 42
34 31
116 33
113 87
109 57
59 3
0 1
67 38
57 14
115 104
74 27
46 9
97 98
11 7
72 34
12 15
55 46
68 38
71 36
75 41
104 107
59 31
84 7
71 38
81 71
44 8
113 86
24 38
31 12
69 26
34 35
42 46
64 27
88 18
3 6
110 64
78 71
31 18
58 35
94 37
98 13
78 41
3 18
94 27
111 78
21 6
113 48
72 40
70 36
99 56
88 19
58 14
69 25
47 13
33 38
53 6
23 43
52 18
70 32
53 13
40 47
27 34
59 9
35 4
32 46
32 11
39 19
73 25
111 34
110 63
71 32
43 42
70 30
32 31
27 26
29 10
68 42
16 1
111 40
25 35
111 73
83 6
18 8
32 47
109 110
92 40
111 60
30 37
111 66
21 16
21 15
89 7
114 57
3 12
55 3
3 4
103 64
116 62
76 34
38 12
37 47
11 1
17 20
49 2
9 8
36 32
77 3
105 27
30 25
37 2
49 6
17 1
76 27
38 9
31 46
81 30
28 37
31 22
34 20
17 22
33 14
98 40
59 25
81 43
54 2
88 42
115 58
21 19
94 40
59 35
25 2
28 26
27 29
96 7
45 31
32 21
11 10
15 1
43 41
116 103
104 84
42 25
78 24
68 3
29 46
23 35
54 1
103 37
25 3
112 91
92 26
92 25
111 26
113 88
112 86
58 64
59 4
27 37
25 11
24 20
107 58
46 4
27 25
26 16
71 40
38 8
74 24
94 36
58 65
86 40
35 9
37 10
110 111
35 20
67 45
23 34
78 38
103 70
93 38
31 11
112 80
18 15
29 2
104 58
55 47
7 12
25 10
4 1
26 21
44 31
74 34
75 36
72 26
105 63
34 32
39 6
11 2
6 7
72 36
37 3
72 70
88 30
36 42
29 15
113 72
14 10
63 3
28 39
7 15
35 8
37 7
105 42
97 79
28 42
83 2
87 7
80 13
80 14
39 2
109 79
40 14
109 83
2 9
65 21
55 39
98 42
46 12
60 19
113 83
113 18
98 28
31 7
23 42
83 1
116 36
24 47
103 63
20 16
114 23
45 37
84 2
17 3
36 29
116 29
9 11
21 7
37 12
73 29
110 91
94 34
58 66
103 62
60 16
12 2
68 29
114 18
105 37
103 73
43 30
105 13
24 29
19 3
41 20
69 29
41 31
96 4
46 13
36 30
83 3
23 39
114 50
26 20
61 6
78 32
26 38
111 62
26 4
78 25
103 92
110 18
109 77
105 98
111 29
30 31
28 44
38 16
70 31
93 35
52 10
67 3
40 20
75 42
65 20
60 44
75 35
91 15
112 56
89 2
38 14
116 73
57 13
109 88
103 98
88 32
70 45
94 3
40 38
67 34
67 33
47 14
74 39
81 26
32 4
115 88
18 2
95 33
42 20
71 26
64 45
81 45
46 8
52 3
67 42
44 3
42 35
78 70
29 22
42 18
41 21
27 38
29 6
65 39
59 14
78 27
55 6
103 41
24 34
105 41
68 45
6 13
112 101
22 4
95 35
65 14
59 18
20 14
1 12
104 91
78 40
40 18
85 18
110 84
110 85
43 35
16 14
41 38
116 78
14 11
68 39
18 16
74 37
88 21
22 1
85 21
73 71
70 33
17 11
111 41
38 6
109 96
5 16
44 22
37 21
67 24
17 10
52 16
116 70
75 25
38 3
71 41
111 25
30 26
98 63
55 44
15 13
71 42
42 19
74 40
98 76
39 8
40 35
28 27
9 3
3 11
38 10
34 37
23 27
43 44
23 40
45 38
87 1
98 27
6 12
34 3
88 47
103 95
110 51
53 9
116 30
73 36
41 39
105 76
16 9
43 33
86 18
55 20
47 15
9 2
54 4
116 93
36 44
59 8
84 15
27 44
29 9
21 9
3 39
46 11
110 62
111 61
104 75
69 42
75 3
64 40
111 93
70 38
71 3
76 46
64 42
32 29
44 47
103 42
70 40
31 21
45 40
37 8
98 78
76 32
110 89
22 10
20 6
75 33
1 9
52 9
3 21
105 26
42 38
21 10
69 71
29 21
75 39
109 18
95 25
28 40
58 46
26 18
33 19
40 16
34 44
9 13
41 35
86 33
106 58
25 7
19 11
47 1
44 20
55 2
70 27
78 26
38 4
13 7
98 33
55 32
93 20
25 37
21 22
106 72
98 22
49 10
94 33
37 16
80 11
19 1
69 34
105 94
0 2
113 50
73 24
91 10
35 12
9 7
26 40
110 66
52 8
71 39
105 71
110 58
41 46
116 71
20 2
111 37
14 2
2 1
69 38
20 3
60 31
104 85
109 104
73 37
71 27
23 30
116 65
3 16
44 2
29 12
117 116
45 46
20 22
28 31
94 24
55 7
47 18
92 44
35 15
81 73
78 34
52 22
117 98
103 76
52 2
92 38
82 3
92 4
5 11
35 19
25 44
103 44
68 36
38 18
69 30
98 93
111 59
11 13
45 41
105 33
87 2
8 10
65 25
8 3
52 7
60 20
31 15
65 46
27 46
67 43
67 32
114 98
104 88
40 37
75 24
105 70
116 28
103 22
68 43
55 16
96 1
24 33
110 86
60 4
110 72
70 41
4 10
65 22
12 13
67 26
25 22
45 30
38 39
41 32
103 29
55 21
55 14
28 32
33 3
67 44
107 102
76 31
28 3
106 100
54 15
33 18
111 33
18 4
93 44
37 39
67 40
85 25
72 28
39 16
89 1
15 4
33 31
76 3
88 33
111 44
35 3
104 106
48 3
44 16
39 7
74 28
40 31
33 26
96 6
69 37
19 16
38 20
30 42
44 9
24 41
34 25
36 26
16 12
25 14
25 29
69 27
103 28
60 8
98 44
18 11
65 47
88 44
78 42
65 18
96 3
116 59
34 39
44 29
117 5
23 32
99 98
64 26
45 29
22 16
8 13
37 31
45 24
98 66
60 14
105 43
74 35
44 46
45 35
0 3
69 44
39 13
33 25
76 44
55 10
67 39
117 88
29 8
38 19
98 73
5 4
18 9
103 59
85 3
43 26
45 3
34 46
24 3
36 21
53 12
74 38
93 36
88 36
109 102
55 4
41 42
103 60
75 27
67 28
94 26
105 95
106 103
10 13
46 10
111 95
99 72
85 35
25 32
36 31
112 67
110 61
18 3
8 12
53 10
61 1
23 37
37 20
55 11
114 49
11 15
3 19
37 14
43 27
73 30
73 40
0 4
69 41
27 36
28 38
68 31
33 21
49 7
53 15
55 18
26 14
75 38
78 33
49 4
25 8
24 26
113 62
23 28
64 24
36 35
39 9
9 4
105 44
111 42
45 36
24 36
23 25
116 92
93 33
30 40
44 15
106 56
38 2
40 29
111 94
83 4
74 32
76 42
81 42
111 45
95 41
59 37
109 98
113 108
70 25
34 47
75 40
25 9
10 4
110 98
29 18
15 2
88 35
21 12
11 4
20 9
31 16
40 32
106 75
4 6
14 6
31 9
22 14
10 15
65 3
74 33
105 29
93 21
72 41
21 4
71 30
17 8
31 4
4 14
5 9
72 30
70 43
105 62
116 60
88 40
110 48
106 101
34 26
42 40
64 28
22 8
36 19
116 24
26 31
9 1
23 33
67 35
76 36
34 42
24 44
52 20
46 19
29 1
12 6
30 18
111 65
71 25
94 44
32 19
38 31
116 94
40 39
55 35
12 7
30 32
43 34
22 9
60 32
13 6
69 32
39 21
36 37
84 1
47 20
41 27
70 71
70 34
33 47
114 88
61 4
95 29
17 2
99 58
75 31
10 2
36 18
90 3
85 46
98 25
95 3
39 46
32 7
98 45
59 21
44 7
112 84
75 46
44 19
67 31
14 1
91 6
88 31
116 22
38 7
2 15
35 6
113 58
110 50
104 81
117 50
43 39
60 11
46 16
98 94
74 26
24 46
117 49
55 9
98 64
98 29
26 39
52 4
27 33
59 46
46 6
38 1
86 26
30 20
73 45
27 47
70 44
87 6
42 22
76 39
53 11
5 7
50 1
103 65
39 10
68 41
43 37
52 11
19 4
29 47
27 21
19 22
46 2
30 44
86 34
44 11
111 64
24 25
54 6
112 69
103 27
38 44
75 26
40 25
116 41
93 42
49 12
98 108
99 102
64 73
12 4
22 15
45 39
29 20
40 46
81 41
76 47
92 47
43 3
5 2
28 41
74 30
25 6
32 8
117 23
25 12
103 24
20 13
21 8
35 47
34 33
45 27
80 22
59 22
103 43
94 25
21 14
109 82
68 27
17 19
9 15
1 10
36 39
37 1
84 6
35 31
46 14
26 44
69 40
103 36
46 21
20 8
91 13
73 38
55 31
67 27
94 30
30 35
98 61
3 13
8 11
113 61
31 13
75 34
62 3
110 108
98 65
76 40
19 8
17 14
69 24
105 93
35 10
24 40
5 12
93 26
95 24
116 42
89 4
41 33
16 8
29 11
94 29
30 39
97 88
81 34
4 16
70 35
32 10
91 2
25 4
46 15
60 35
105 73
70 24
2 11
113 66
23 36
92 35
47 2
25 1
75 44
30 21
20 19
20 7
74 31
74 41
55 12
93 29
29 4
22 13
92 22
105 60
47 11
23 3
33 32
59 47
50 7
109 58
109 64
24 32
7 10
92 32
60 29
47 4
112 75
67 41
34 21
34 19
98 24
50 6
52 21
37 11
69 70
1 7
19 12
116 76
103 25
55 22
71 31
110 87
91 4
26 47
45 25
65 11
113 111
35 11
27 42
78 37
107 56
117 18
35 1
47 19
61 3
65 38
39 14
107 72
111 24
26 25
73 28
89 6
105 40
17 12
82 2
21 1
43 40
44 12
41 29
92 21
40 21
110 79
67 25
4 8
115 50
73 42
72 45
111 103
26 35
24 42
28 45
72 71
14 12
103 30
47 9
99 81
65 2
36 20
86 43
4 15
112 74
4 13
40 9
45 42
110 81
81 33
103 40
24 30
58 61
31 20
16 11
26 46
97 57
113 77
105 24
95 40
115 116
55 19
110 102
33 37
41 47
113 98
81 25
111 22
69 45
60 25
112 68
91 1
8 6
60 39
93 18
59 29
37 38
33 46
75 37
25 46
74 42
37 46
79 3
39 22
98 34
28 25
35 22
45 47
44 39
94 46
104 72
91 7
1 11
59 44
88 34
111 13
96 2
116 25
92 33
16 15
88 37
81 27
21 3
76 41
25 38
10 1
78 29
28 35
43 45
105 66
23 24
18 12
5 3
97 23
81 36
44 6
18 14
42 31
117 54
37 4
45 44
32 35
17 9
86 24
21 11
84 4
44 21
34 29
33 40
30 22
109 90
105 25
85 20
3 7
37 29
35 14
27 35
46 20
14 8
60 21
78 44
53 4
98 26
76 35
52 6
38 29
36 25
16 2
57 11
78 45
103 66
103 61
23 45
98 37
39 1
43 36
52 1
105 45
10 6
68 24
36 3
33 35
42 3
113 64
20 18
58 63
76 26
68 26
92 20
84 13
