111 102
55 2
105 101
104 50
13 15
108 103
27 19
52 10
112 54
39 10
39 28
14 27
47 39
75 4
2 11
50 1
112 51
76 4
49 39
2 22
96 46
115 42
29 25
28 18
104 31
47 14
35 5
31 11
59 9
48 51
51 31
11 25
93 12
104 67
3 13
25 12
10 34
57 25
24 18
91 46
61 34
113 90
3 20
30 22
73 12
115 3
50 4
15 12
112 30
111 55
22 2
35 6
5 4
23 12
95 4
44 1
96 39
46 6
27 17
51 21
97 36
39 21
52 20
111 3
19 33
51 28
95 31
39 19
105 73
19 12
6 2
18 19
13 9
20 9
28 21
32 29
14 21
18 33
94 28
94 36
22 23
54 51
44 10
49 51
28 33
4 20
57 12
111 85
15 2
4 25
10 22
75 36
8 23
21 18
118 81
52 38
47 17
38 12
9 2
106 47
16 20
31 8
31 29
112 38
82 7
96 44
113 0
86 47
52 46
51 10
86 50
57 7
104 38
32 19
27 34
20 1
115 82
62 33
100 52
13 1
78 4
10 12
86 49
27 33
2 33
44 25
8 21
39 36
96 1
60 1
6 14
4 12
82 29
68 9
118 38
51 8
108 100
14 1
35 26
75 46
14 13
115 92
13 29
100 67
21 34
50 39
45 14
30 10
111 93
100 49
3 22
17 29
82 22
86 54
118 67
10 25
66 49
39 8
4 9
3 9
8 12
118 50
38 39
96 10
119 94
7 15
38 19
13 12
106 36
25 22
118 47
46 9
9 1
13 28
39 23
104 21
58 25
49 5
46 5
115 94
3 30
19 11
4 28
105 91
85 2
47 38
88 4
47 30
20 37
52 50
113 75
41 12
111 58
117 105
104 30
38 1
74 25
86 38
31 17
36 20
72 39
109 66
76 24
4 34
88 1
44 14
111 86
88 26
117 115
80 45
68 23
2 15
116 100
119 62
9 26
18 15
63 6
95 21
36 18
112 98
118 5
98 52
72 46
6 17
72 54
38 13
96 16
5 26
39 7
6 13
8 9
20 29
9 23
39 14
32 34
80 6
115 43
35 29
53 45
36 13
31 33
16 26
29 15
88 14
26 11
27 28
17 18
51 14
101 86
5 21
115 112
94 1
115 86
100 54
66 51
115 68
115 60
46 38
100 50
94 5
76 39
98 47
84 45
47 36
100 81
86 53
109 6
38 4
53 4
5 28
95 24
79 51
31 37
16 2
43 47
84 53
3 31
74 36
14 20
96 6
94 31
112 65
111 81
6 34
46 28
83 7
117 94
94 50
36 25
27 12
24 34
106 97
39 30
35 8
36 23
78 5
26 23
4 30
9 11
106 54
107 76
19 23
45 20
6 22
39 1
39 5
62 2
35 21
91 45
100 79
2 34
97 6
63 13
112 48
100 45
22 12
25 23
16 14
8 34
108 43
32 22
27 18
116 94
45 10
76 47
94 51
100 66
111 73
8 1
111 6
46 15
94 24
108 63
83 21
1 5
46 1
47 27
44 27
61 33
14 19
66 46
41 25
68 28
71 25
111 112
36 9
51 13
30 2
14 23
75 49
106 100
69 25
9 22
50 51
69 12
19 15
117 100
53 14
104 95
106 67
4 21
14 2
7 12
14 12
29 11
16 15
50 13
100 65
87 2
57 17
57 11
34 12
45 8
16 37
27 24
48 54
28 25
39 15
20 26
39 22
46 20
59 13
13 2
51 4
39 6
4 24
52 13
98 1
37 2
39 26
30 13
16 29
50 8
24 37
21 9
4 26
38 14
52 27
5 30
78 1
79 1
105 43
54 49
104 96
14 10
44 20
72 44
73 25
57 15
106 81
68 25
32 15
54 39
3 25
49 4
78 51
74 31
43 54
14 31
113 58
48 36
107 100
89 25
46 4
112 81
96 45
68 33
82 9
106 104
47 16
15 22
106 84
48 49
1 13
116 7
10 21
2 29
83 18
113 80
106 65
118 51
32 2
59 8
97 1
44 31
43 50
47 8
35 12
35 13
50 5
7 23
53 50
6 18
24 29
7 33
54 16
118 53
27 9
44 38
116 6
37 12
111 66
13 22
16 24
44 6
30 8
45 38
82 17
86 44
1 12
76 13
25 34
44 37
3 29
13 23
77 25
36 12
5 24
44 22
106 21
3 6
79 52
17 34
74 7
28 34
104 65
95 1
38 22
51 30
10 1
106 96
28 19
44 9
106 49
76 46
51 27
38 37
57 20
8 19
88 12
21 23
44 26
94 20
57 1
88 21
35 31
35 11
111 77
96 28
57 28
18 26
109 40
88 5
118 78
15 25
58 12
17 22
1 28
59 14
10 23
72 53
68 10
118 48
82 1
35 16
31 7
50 27
72 48
48 47
28 29
51 29
78 24
36 31
115 63
17 2
73 2
29 34
53 27
100 30
98 53
51 18
36 10
60 25
38 24
16 21
106 79
45 16
13 26
109 100
50 20
20 2
59 17
2 23
44 15
57 22
57 37
14 18
17 23
32 33
68 1
27 37
14 9
32 7
95 27
8 17
83 26
74 21
30 14
75 1
78 36
119 5
31 20
4 22
118 65
45 46
118 104
70 2
52 24
115 40
5 17
49 36
82 18
79 39
20 7
31 22
99 42
30 31
55 12
47 1
46 8
111 71
59 21
3 26
36 1
36 8
6 25
104 81
82 19
9 18
38 29
43 36
6 28
34 33
107 72
50 46
104 97
51 24
107 86
54 5
74 12
11 2
76 45
21 22
50 10
68 22
100 38
39 17
38 9
63 14
111 103
78 46
4 7
76 6
54 46
9 7
113 89
35 20
59 26
24 7
54 44
115 35
27 11
21 7
95 47
6 26
75 52
74 22
113 83
44 18
35 9
77 12
32 25
31 34
109 71
57 34
19 22
95 20
112 104
31 21
95 6
38 16
68 8
13 25
112 45
6 12
4 15
75 51
3 18
95 2
97 47
94 6
46 18
96 36
115 6
17 26
54 45
76 30
3 7
75 50
95 10
13 17
98 30
27 23
63 26
6 10
35 1
75 38
79 54
45 30
113 76
1 15
51 38
21 1
2 12
39 27
76 5
1 4
38 25
45 1
117 118
22 25
44 4
70 25
100 97
20 8
11 23
20 19
6 1
20 15
95 17
94 16
25 11
112 36
95 44
95 9
95 5
43 44
91 53
84 44
8 37
9 12
38 18
38 23
36 19
16 18
50 14
46 39
97 50
5 20
4 11
28 22
111 82
3 16
97 14
100 53
53 39
53 44
119 61
29 19
27 8
59 27
6 19
1 6
75 16
35 10
109 94
20 18
108 72
72 49
59 31
118 49
49 38
4 10
28 26
38 6
115 100
13 34
75 53
5 29
96 4
98 6
35 23
16 34
111 35
31 2
109 82
14 15
57 10
45 47
68 12
35 2
46 30
96 5
35 15
78 50
80 54
106 31
46 29
30 18
6 23
7 34
92 1
47 9
18 2
66 84
99 40
104 46
94 38
21 19
111 72
4 18
8 29
53 38
105 58
80 52
70 1
44 13
59 1
1 25
75 6
49 47
5 18
100 48
113 77
30 1
47 10
59 6
21 37
10 11
115 66
88 6
45 13
115 74
49 44
11 12
7 11
115 85
109 93
82 21
48 5
55 1
51 2
39 11
58 2
75 45
94 8
99 100
109 111
28 2
45 31
1 2
116 61
66 45
91 50
78 38
38 2
47 51
88 2
118 96
100 36
61 2
100 47
20 22
18 22
37 28
108 104
87 12
52 1
29 2
118 30
17 15
1 23
3 12
16 4
100 95
16 8
54 50
53 46
112 79
111 56
50 47
106 66
88 22
29 23
12 23
6 15
5 16
29 12
9 33
44 28
105 74
19 34
8 11
26 25
28 15
105 89
16 12
96 47
39 29
105 85
43 39
16 7
79 36
98 5
43 52
1 7
87 1
13 18
96 31
53 5
16 31
20 21
43 53
24 8
105 94
76 27
46 31
111 42
111 69
51 46
1 36
14 11
111 60
6 20
96 27
78 52
31 12
44 5
14 28
2 18
15 23
16 25
36 29
115 76
45 6
39 9
12 34
8 33
44 2
78 13
59 20
5 1
50 16
38 28
41 23
94 30
39 12
119 59
44 11
39 25
84 50
75 39
35 25
14 17
0 2
84 48
25 33
46 14
31 18
98 4
112 96
95 36
20 34
46 13
97 45
1 18
27 31
95 8
94 39
105 86
21 25
113 73
27 25
101 63
51 36
115 72
41 2
88 20
104 66
84 54
63 64
44 7
90 12
26 34
48 53
3 28
30 29
23 2
80 48
6 7
18 34
105 77
29 22
2 7
16 11
59 30
72 51
54 36
46 17
14 8
75 44
4 14
51 20
95 38
86 52
96 20
38 11
100 78
100 31
36 26
8 26
96 30
78 30
98 45
105 72
3 14
115 65
59 36
51 16
35 28
1 31
95 14
1 11
78 39
74 2
64 12
39 20
17 9
1 21
35 30
7 22
49 30
5 22
47 44
51 9
13 19
90 22
57 31
88 18
6 21
20 33
116 41
118 46
112 50
39 4
5 27
76 51
59 28
116 18
1 8
107 43
14 7
74 6
99 6
60 2
57 9
16 28
74 14
49 50
43 16
107 63
96 14
45 44
105 71
35 36
63 4
63 67
21 12
76 44
72 52
4 23
118 31
115 71
106 51
10 17
79 5
30 7
94 47
48 46
19 25
4 17
79 38
44 30
44 39
17 25
68 17
119 115
107 104
20 25
38 36
18 25
3 11
24 31
115 70
27 21
62 12
94 13
14 25
96 51
31 23
115 88
44 36
52 30
5 6
91 49
113 88
86 46
10 26
100 96
17 12
31 28
46 26
118 45
13 31
79 45
105 80
9 25
8 7
68 15
51 1
30 19
4 2
90 25
53 36
94 4
30 26
31 25
94 45
38 5
97 30
88 25
12 33
26 15
64 1
118 98
7 25
74 5
19 2
2 25
37 15
44 29
43 38
49 13
72 47
49 6
8 28
5 2
36 17
82 15
31 26
8 2
17 11
90 7
14 29
99 94
97 46
3 8
5 9
16 30
50 30
26 19
74 4
97 5
51 5
36 28
8 18
10 19
36 22
47 29
74 20
93 1
88 31
45 24
100 64
97 38
29 26
27 22
118 64
59 18
112 97
3 15
49 46
98 36
100 84
3 27
40 1
118 21
56 1
80 53
79 49
95 16
104 98
18 23
105 88
90 2
54 38
35 4
47 24
84 47
95 13
86 51
28 23
82 25
45 36
38 17
9 34
18 7
101 104
66 47
7 2
28 7
115 81
30 23
21 15
38 15
70 12
78 14
1 22
5 10
112 64
62 34
94 10
26 12
112 31
80 51
111 40
49 45
52 4
0 1
112 95
57 2
36 16
106 48
27 1
30 20
82 2
29 7
26 2
31 15
24 21
21 11
94 27
30 6
58 26
24 2
16 19
106 64
4 19
47 4
16 17
21 29
35 18
75 47
57 33
105 63
9 15
111 63
31 10
106 5
17 19
47 6
115 55
44 17
5 12
4 6
111 68
79 44
37 22
24 25
18 12
104 78
45 4
50 44
71 1
14 24
111 76
68 26
13 20
37 34
72 38
111 74
62 25
100 51
20 23
111 90
57 18
118 36
112 78
57 26
38 7
94 44
32 18
13 37
39 2
57 21
1 19
95 51
24 12
30 17
43 48
76 38
30 12
50 28
30 28
78 47
47 2
74 1
5 15
98 50
48 45
46 44
104 36
49 1
53 51
58 7
20 28
46 16
3 24
13 24
13 21
59 29
52 36
74 13
20 10
23 33
36 30
53 16
44 24
98 46
119 100
36 27
68 18
75 30
47 21
104 51
101 100
6 8
22 11
118 100
46 2
101 76
95 30
21 33
23 34
100 104
100 98
21 17
83 22
89 22
106 53
84 38
35 22
117 63
96 38
36 21
91 51
27 20
54 47
30 27
112 47
13 11
16 9
38 20
111 70
57 8
8 22
2 19
45 5
13 10
47 46
3 2
80 49
32 23
5 34
113 74
74 18
31 9
106 50
5 14
30 21
27 7
84 52
14 22
78 45
68 20
106 98
5 25
57 19
106 52
106 46
16 1
13 27
54 1
44 21
104 48
72 50
35 17
41 34
47 20
66 53
1 26
94 46
50 45
35 7
64 2
1 10
101 103
49 27
108 102
93 2
11 34
67 1
105 76
85 1
68 2
5 13
36 11
4 27
105 106
1 14
96 50
46 36
29 33
111 65
82 12
106 78
109 105
59 10
104 53
4 29
57 29
46 10
32 1
4 37
55 25
9 19
3 23
1 17
47 5
17 33
118 97
47 28
87 25
38 21
101 102
36 4
59 19
46 24
86 45
117 71
51 26
94 14
24 23
69 2
96 8
48 50
99 63
112 66
38 8
15 33
71 2
18 11
13 7
69 1
38 10
45 27
2 37
48 38
1 29
91 47
78 6
79 48
63 65
88 30
47 19
84 51
48 52
10 15
118 66
35 19
115 80
101 43
59 7
68 11
1 30
115 77
52 51
76 14
112 5
28 11
75 5
65 1
61 25
16 13
2 26
50 36
52 31
59 39
32 11
16 22
26 7
1 20
59 11
47 13
68 19
47 26
11 33
46 19
105 100
59 5
14 26
5 31
27 2
104 64
105 108
118 52
108 86
36 15
112 67
82 11
3 5
3 21
43 5
38 27
38 26
54 52
59 22
104 45
109 92
118 84
105 107
49 53
84 46
72 45
43 51
5 19
47 31
4 31
106 30
39 18
98 49
27 26
58 18
54 53
95 28
30 11
105 90
16 10
59 2
26 22
48 39
115 89
28 1
6 29
111 80
115 90
17 7
49 14
24 20
30 25
59 12
119 32
59 4
37 25
82 34
86 48
4 1
53 47
106 38
20 11
101 72
84 49
43 1
27 10
51 39
95 46
10 2
36 14
28 17
115 93
46 7
19 7
43 49
53 6
61 12
39 31
79 53
41 33
21 26
44 16
109 110
112 46
98 38
111 91
50 31
111 43
111 94
36 5
112 53
76 52
119 118
109 60
74 26
97 51
109 63
59 16
78 27
16 6
68 34
25 15
95 39
53 52
74 30
111 67
111 92
107 103
97 13
36 7
48 1
76 50
26 33
45 39
112 100
50 6
24 10
64 25
53 1
104 100
111 100
88 13
93 25
22 33
38 30
112 49
38 31
104 49
27 15
104 47
88 7
32 12
63 66
107 102
57 23
79 50
46 21
10 8
45 51
35 14
53 13
104 79
82 23
52 14
36 2
24 22
23 25
115 73
49 52
49 16
6 11
3 10
46 27
16 23
58 1
16 27
3 19
98 51
6 9
30 9
52 44
115 67
115 91
32 26
30 34
21 2
59 23
100 21
96 13
68 7
17 1
52 47
22 34
13 8
39 16
14 37
52 39
82 33
20 17
104 84
66 50
35 27
10 29
1 9
53 30
68 29
78 44
59 25
111 88
6 31
20 12
54 4
82 26
79 47
68 31
106 45
5 23
115 64
51 19
10 33
80 50
52 45
26 37
109 87
78 16
118 79
52 16
118 95
51 44
42 1
108 76
76 16
10 7
10 18
44 12
5 8
8 15
34 25
4 8
51 17
14 34
106 95
51 6
48 44
118 54
52 6
111 64
28 9
24 26
113 91
80 46
81 1
79 46
80 47
48 16
4 13
119 41
10 28
58 22
5 7
52 5
8 25
91 52
9 29
112 84
44 19
76 36
59 15
91 6
104 54
100 46
97 4
112 21
29 18
115 56
10 9
112 52
119 6
88 36
113 114
104 5
68 21
45 28
3 1
104 52
43 45
115 58
36 6
111 89
50 38
100 5
15 11
60 12
54 30
31 19
89 2
15 34
39 13
24 15
113 103
97 52
44 8
115 69
47 18
28 12
76 1
31 1
89 12
30 15
5 11
113 102
27 29
3 17
3 4
43 46
