id met_invertebrate met_primary_producer met_heterotrophic_bacteria met_dead_organic_material met_heterotrophic_fungi mov_walking mov_sessile mov_other mov_other_nonliving log_mass mass_missing
0 1 0 0 0 0 1 0 0 0 -4.301029995663981 0
1 1 0 0 0 0 1 0 0 0 -2.3712032290698377 0
2 1 0 0 0 0 1 0 0 0 -3.0216888946833835 0
3 1 0 0 0 0 1 0 0 0 -2.4751695410084738 0
4 1 0 0 0 0 1 0 0 0 -2.4444896022018225 0
5 1 0 0 0 0 1 0 0 0 -4.386158178123931 0
6 1 0 0 0 0 1 0 0 0 -3.8040146036420306 0
7 1 0 0 0 0 1 0 0 0 -1.9183594083992683 0
8 1 0 0 0 0 1 0 0 0 -1.0621838360812237 0
9 1 0 0 0 0 1 0 0 0 -2.1759224164714857 0
10 1 0 0 0 0 1 0 0 0 -2.2286715563815633 0
11 1 0 0 0 0 1 0 0 0 -1.832869599823864 0
12 1 0 0 0 0 1 0 0 0 -2.184607364320054 0
13 1 0 0 0 0 1 0 0 0 -2.155065471614301 0
14 1 0 0 0 0 1 0 0 0 -1.8907862178815167 0
15 1 0 0 0 0 1 0 0 0 -0.7159022393149707 0
16 1 0 0 0 0 1 0 0 0 0.5212816257008909 0
17 1 0 0 0 0 1 0 0 0 -0.7598960893830824 0
18 1 0 0 0 0 1 0 0 0 -5.292429823902063 0
19 1 0 0 0 0 1 0 0 0 -4.657577319177793 0
20 1 0 0 0 0 1 0 0 0 -4.505845405981558 0
21 1 0 0 0 0 1 0 0 0 -4.283162276700476 0
22 1 0 0 0 0 1 0 0 0 -5.189767482004916 0
23 1 0 0 0 0 1 0 0 0 -5.213248577854439 0
24 1 0 0 0 0 1 0 0 0 -4.621602099051862 0
25 1 0 0 0 0 1 0 0 0 -4.798602875679548 0
26 1 0 0 0 0 1 0 0 0 -3.9932858603536165 0
27 1 0 0 0 0 1 0 0 0 -4.316052869248488 0
28 1 0 0 0 0 1 0 0 0 -4.292429823902064 0
29 1 0 0 0 0 1 0 0 0 -4.913640169325252 0
30 1 0 0 0 0 1 0 0 0 -2.3305910624808894 0
31 1 0 0 0 0 1 0 0 0 -2.304265613143428 0
32 1 0 0 0 0 1 0 0 0 -2.224247674090414 0
33 1 0 0 0 0 1 0 0 0 -2.075893638925886 0
34 1 0 0 0 0 1 0 0 0 -1.9919594065974493 0
35 1 0 0 0 0 1 0 0 0 -4.603800652904264 0
36 1 0 0 0 0 1 0 0 0 -1.9741636362976545 0
37 1 0 0 0 0 1 0 0 0 -5.148130399270234 0
38 1 0 0 0 0 1 0 0 0 -2.1397848712220413 0
39 1 0 0 0 0 1 0 0 0 -5.2247537402597635 0
40 1 0 0 0 0 1 0 0 0 -3.2840843592981983 0
41 1 0 0 0 0 1 0 0 0 -4.447331783887806 0
42 1 0 0 0 0 1 0 0 0 -4.701146923590294 0
43 1 0 0 0 0 1 0 0 0 -4.931814138253839 0
44 1 0 0 0 0 1 0 0 0 -2.913335202351533 0
45 1 0 0 0 0 1 0 0 0 -2.3975497533263126 0
46 1 0 0 0 0 1 0 0 0 -2.813708321529019 0
47 1 0 0 0 0 1 0 0 0 -2.7924520693142263 0
48 1 0 0 0 0 1 0 0 0 -2.504042377514516 0
49 1 0 0 0 0 1 0 0 0 -2.523344413765398 0
50 1 0 0 0 0 1 0 0 0 -2.7074039382755846 0
51 1 0 0 0 0 1 0 0 0 -2.6546139172227323 0
52 1 0 0 0 0 1 0 0 0 -2.497839137701057 0
53 1 0 0 0 0 1 0 0 0 -2.2151810105179957 0
54 1 0 0 0 0 1 0 0 0 -3.6636823857539413 0
55 1 0 0 0 0 1 0 0 0 -5.078833949362261 0
56 1 0 0 0 0 1 0 0 0 -5.073143291050307 0
57 1 0 0 0 0 1 0 0 0 -5.292429823902063 0
58 1 0 0 0 0 1 0 0 0 -4.393618634889395 0
59 1 0 0 0 0 1 0 0 0 -2.9759504876666605 0
60 1 0 0 0 0 1 0 0 0 -2.990823280690591 0
61 1 0 0 0 0 1 0 0 0 -2.9369873190377906 0
62 1 0 0 0 0 1 0 0 0 -2.109484866312901 0
63 1 0 0 0 0 1 0 0 0 -2.398241296378829 0
64 1 0 0 0 0 1 0 0 0 -4.931814138253839 0
65 1 0 0 0 0 1 0 0 0 -1.529034572502839 0
66 1 0 0 0 0 1 0 0 0 -1.961657668750236 0
67 1 0 0 0 0 1 0 0 0 -1.3747125089595138 1
68 1 0 0 0 0 1 0 0 0 -4.11690664142431 0
69 1 0 0 0 0 1 0 0 0 -4.324221658325915 0
70 1 0 0 0 0 1 0 0 0 -5.245651664288981 0
71 1 0 0 0 0 1 0 0 0 -5.046240308266771 0
72 1 0 0 0 0 1 0 0 0 -4.801342913045577 0
73 1 0 0 0 0 1 0 0 0 -4.818156412055227 0
74 1 0 0 0 0 1 0 0 0 -6.133122185662502 0
75 1 0 0 0 0 1 0 0 0 -4.217527375833714 0
76 1 0 0 0 0 1 0 0 0 -5.046240308266771 0
77 1 0 0 0 0 1 0 0 0 -5.209714835966758 0
78 1 0 0 0 0 1 0 0 0 -5.431798275933005 0
79 1 0 0 0 0 1 0 0 0 -5.318758762624412 0
80 1 0 0 0 0 1 0 0 0 -3.1701869536922556 0
81 1 0 0 0 0 1 0 0 0 -2.7825794937343344 0
82 1 0 0 0 0 1 0 0 0 -4.060480747381382 0
83 1 0 0 0 0 1 0 0 0 -5.266802734893431 0
84 1 0 0 0 0 1 0 0 0 -0.8702939992536782 0
85 1 0 0 0 0 1 0 0 0 -4.600326278518962 0
86 1 0 0 0 0 1 0 0 0 -5.485452247339714 0
87 1 0 0 0 0 1 0 0 0 -2.2097148359667584 0
88 1 0 0 0 0 1 0 0 0 -5.046240308266771 0
89 1 0 0 0 0 1 0 0 0 -4.268411234813262 0
90 1 0 0 0 0 1 0 0 0 -2.245559310071698 0
91 1 0 0 0 0 1 0 0 0 -4.818156412055227 0
92 1 0 0 0 0 1 0 0 0 -4.835647144215563 0
93 1 0 0 0 0 1 0 0 0 -5.416801226031377 0
94 1 0 0 0 0 1 0 0 0 -0.9030482932487593 0
95 1 0 0 0 0 1 0 0 0 -2.858379991445851 0
96 1 0 0 0 0 1 0 0 0 -2.659836184774452 0
97 1 0 0 0 0 1 0 0 0 -3.7264616930744143 0
98 1 0 0 0 0 1 0 0 0 -5.175223537524454 0
99 1 0 0 0 0 1 0 0 0 -1.776813782740086 0
100 1 0 0 0 0 1 0 0 0 -4.835647144215563 0
101 1 0 0 0 0 1 0 0 0 -5.617982957425132 0
102 1 0 0 0 0 1 0 0 0 -3.9070584054529816 0
103 1 0 0 0 0 1 0 0 0 -5.0589857562944305 0
104 1 0 0 0 0 1 0 0 0 -5.568636235841013 0
105 1 0 0 0 0 1 0 0 0 -2.944548655180057 0
106 1 0 0 0 0 1 0 0 0 -3.6344764493449366 0
107 1 0 0 0 0 1 0 0 0 -3.435863221722991 0
108 1 0 0 0 0 1 0 0 0 -5.321481620959886 0
109 1 0 0 0 0 1 0 0 0 -5.3585258894959 0
110 1 0 0 0 0 1 0 0 0 -3.3340439705460434 0
111 1 0 0 0 0 1 0 0 0 -2.0187862031517048 0
112 1 0 0 0 0 1 0 0 0 -4.431798275933005 0
113 1 0 0 0 0 1 0 0 0 -4.616184634019569 0
114 1 0 0 0 0 1 0 0 0 -4.935542010773082 0
115 1 0 0 0 0 1 0 0 0 -4.716698771296451 0
116 1 0 0 0 0 1 0 0 0 -1.6977179809107674 0
117 1 0 0 0 0 1 0 0 0 -3.3934122865412446 0
118 1 0 0 0 0 1 0 0 0 -2.7587494584242336 0
119 1 0 0 0 0 1 0 0 0 -4.068542129310995 0
120 1 0 0 0 0 1 0 0 0 -4.403402904373539 0
121 1 0 0 0 0 1 0 0 0 -5.101823516502323 0
122 1 0 0 0 0 1 0 0 0 -5.453457336521869 0
123 0 1 0 0 0 0 1 0 0 -15.022276394711152 1
124 1 0 0 0 0 1 0 0 0 -4.220403508742176 0
125 1 0 0 0 0 0 0 1 0 -7.552841968657781 0
126 1 0 0 0 0 1 0 0 0 -0.5726156569199612 0
127 1 0 0 0 0 1 0 0 0 -0.6824009024383398 0
128 1 0 0 0 0 1 0 0 0 -0.6582829158492703 0
129 1 0 0 0 0 1 0 0 0 -1.066454865751787 0
130 1 0 0 0 0 1 0 0 0 -0.8696662315049939 0
131 1 0 0 0 0 1 0 0 0 -0.42219554946870064 0
132 1 0 0 0 0 1 0 0 0 -5.448550002027125 0
133 0 0 1 0 0 0 0 1 0 -15.022276394711152 0
134 1 0 0 0 0 1 0 0 0 -6.0695604052333 0
135 1 0 0 0 0 0 0 1 0 -8.580044251510243 0
136 1 0 0 0 0 0 0 1 0 -6.440093374963888 0
137 0 0 0 1 0 0 0 0 1 -15.022276394711152 1
138 0 0 0 0 1 0 0 1 0 -15.022276394711152 1
139 1 0 0 0 0 1 0 0 0 -6.2716462179787715 0
140 0 0 0 1 0 0 0 0 1 -15.022276394711152 1
141 0 0 0 0 1 0 0 1 0 -15.022276394711152 1
142 0 1 0 0 0 0 1 0 0 -15.022276394711152 1
143 0 1 0 0 0 0 1 0 0 -15.022276394711152 1
144 1 0 0 0 0 1 0 0 0 -6.628932137728263 0
145 0 1 0 0 0 0 1 0 0 -15.022276394711152 1
